656.0000000000
50
  3.2472410479 -11.0540777666  -9.9692881879 0.1836720448 0.0009244988 1.0000000000
  1.1509407573 -10.2123186378  -8.6858474995  0.0895674266 -0.2310934131  1.0000000000
  1.5959725266 -11.5116561996 -11.2267253301 -0.0290494393 -0.1558460079  1.0000000000
  1.4815506656 -11.1831647474  -8.7768286140  0.0937551812 -0.0431151015  1.0000000000
  0.5732075802 -11.1004374269  -9.0004944821 -0.0642038759 -0.1549664564  1.0000000000
  3.2294205760 -13.2470250394  -9.8677156857 0.1064535700 0.1196696414 1.0000000000
  0.8705012660 -12.5904459256 -10.1100702949 -0.0792727451 -0.0212697818  1.0000000000
 2.0904837901 -9.5327821181 -8.0514582131  0.3107693246 -0.2072194303  1.0000000000
  2.2111386497 -14.4221850262 -10.0490893003 -0.0927088974  0.1595941457  1.0000000000
  2.2350440240 -11.0279153401 -10.2386644216  0.1124531531 -0.1574916732  1.0000000000
  0.9960796712 -10.0158550914  -8.0462806449  0.1175193401 -0.2096908993  1.0000000000
  1.1290733192 -12.7592452621  -7.5282808442 -0.0378363541  0.2121964993  1.0000000000
  1.4410775861 -10.8326390207  -8.8457430451  0.1187768708 -0.1175461428  1.0000000000
  2.4098165340 -13.4669306584  -9.0227302399 0.0353484748 0.1843245736 1.0000000000
  3.2345803424 -11.1974562728 -10.6839520040  0.1715030711 -0.0819470765  1.0000000000
  1.3752803274 -14.4754652458  -9.2008599353 -0.1165209322  0.2137629280  1.0000000000
 -0.6461858706 -11.3549087946  -8.7218925709 -0.2242600608 -0.1620623861  1.0000000000
  1.9634452219 -10.1622536873  -8.7504101667  0.2082804227 -0.1838007300  1.0000000000
  2.6675908389 -11.0466238956  -7.8086140951  0.2725929631 -0.0093188093  1.0000000000
  2.5048680990 -10.4396566450  -9.0917774516  0.2448036182 -0.0991198101  1.0000000000
  2.5651370612 -13.3364228012  -8.6395001949 0.0471213063 0.2043504319 1.0000000000
  1.6995573835 -11.0293749512  -8.9809710866  0.0810500885 -0.0907138238  1.0000000000
  3.5072645720 -13.1730735165  -8.6129054062 0.1088165325 0.1930002235 1.0000000000
  0.3964561729 -12.6548551793  -9.5301009610 -0.1503576899 -0.0133760431  1.0000000000
  3.0535031041 -11.4823764947 -10.1388486923  0.1145493914 -0.0386019002  1.0000000000
  2.9942632023 -12.2548301860  -9.7645223199 0.1079965905 0.0223944446 1.0000000000
  1.0138138853 -12.0922402271  -7.1010862318 -0.0066674459  0.1519299777  1.0000000000
  1.6068430349 -11.4713725508  -7.9358280542 0.0810653720 0.0205682639 1.0000000000
  3.3280448039 -11.4282897206  -9.6705626055  0.2292268617 -0.0718541662  1.0000000000
  0.8554561018 -12.7415377883 -11.3028026772 -0.0974880688 -0.0539882561  1.0000000000
  3.0342891640 -13.8628672633  -9.4824634455 0.0559608968 0.2128722616 1.0000000000
  0.2114813465 -12.4747102655  -8.0510929391 -0.1725520675  0.0639458601  1.0000000000
  1.3265130569 -11.1614488737  -7.8400769139  0.1331179710 -0.0626398326  1.0000000000
  1.0742143499 -12.9677621401  -9.4813778525 -0.0736389705  0.0692761463  1.0000000000
  3.3309860671 -12.0462767743 -10.6571158264  0.1666122837 -0.0365768653  1.0000000000
  1.7688933137 -11.0304530521  -9.7730224731  0.0703686586 -0.1445955851  1.0000000000
  1.1960306490 -12.5841434676  -8.0032160589 -0.0351501902  0.1532791335  1.0000000000
  1.5754330349 -12.0638881526 -10.4502044192  0.0146870966 -0.0662500626  1.0000000000
  1.3987582700 -10.7388598329  -8.4835368389  0.1172215471 -0.1260722528  1.0000000000
  1.1535025062 -12.2447032305  -9.5458512836 -0.1072282354  0.0118453874  1.0000000000
  0.5027644171 -10.9489262908 -10.0989504796 -0.0346280679 -0.2128863565  1.0000000000
 -0.2486531290 -11.3556429401  -8.4334878983 -0.1376399962 -0.1188232764  1.0000000000
  1.8177016204 -13.6914933860  -8.6903053258 -0.0572542040  0.2110154569  1.0000000000
  0.8148698292 -10.5494073767  -8.5622893186  0.0807175860 -0.1786665435  1.0000000000
 -0.0848341785 -11.2605085240 -10.7796838222 -0.1671337154 -0.2201140849  1.0000000000
  1.0242947350 -13.6872123253 -10.4065616656 -0.1300865624  0.0604361279  1.0000000000
  1.9132258547 -10.3697774918 -10.0160969238  0.1300835511 -0.1991882460  1.0000000000
  0.4283203141 -13.5987371499 -10.9756661246 -0.1841183866  0.0213205194  1.0000000000
  1.7440497028 -10.0584414520  -8.5398597648  0.2179968446 -0.1863516579  1.0000000000
  0.2052144546 -13.2738356236 -10.0309097068 -0.1966887850 -0.0102933328  1.0000000000
50
  3.0804968997 -13.0624800520  -8.5634247336  -1.0602220889 -11.0491963396  -8.9058736266  0.1445452600  0.1945265730  1.0000000000 -0.2299396313 -0.2516279413  1.0000000000
  2.8335068188 -10.9923617124  -7.8990475703   0.2611945618 -11.6467931624 -11.3762713800  0.2609843307  0.0342267941  1.0000000000 -0.1674436990 -0.2333727287  1.0000000000
 -0.6745884263 -11.0044045106  -8.2642923131   2.7328740683 -11.2535820286  -9.7171794651 -0.1959726437 -0.1419524931  1.0000000000  0.1039163179 -0.0732479866  1.0000000000
  2.4707757945 -10.0371863502  -9.7293166091   0.1809939894 -10.3054946300  -8.6674111917  0.2025151511 -0.1856328682  1.0000000000  0.0003599373 -0.2216158807  1.0000000000
  1.6607762500 -12.5670776994  -6.8502751237   0.4236782763 -13.7801973285  -7.9202199455  0.0734153844  0.2717021888  1.0000000000 -0.1764433676  0.2386925362  1.0000000000
  0.5511941567 -13.6056698031 -11.0912161820   0.7618575237 -13.5197108551  -9.9224544385 -0.2027959835  0.0103846589  1.0000000000 -0.2048653982  0.0525328005  1.0000000000
  2.9911646155 -13.5635225841  -9.2123035562   2.9306097499 -12.8820355858  -9.3370055921 0.0774004172 0.1886022819 1.0000000000 0.0933791909 0.1198264382 1.0000000000
  3.9184469518 -12.8207646857  -9.6717950029   0.0468893529 -11.7131082780  -7.9185569170  0.2219944800  0.0838148626  1.0000000000 -0.1499067474 -0.0561410457  1.0000000000
  2.2092735538 -14.5162197326  -9.7019262576   1.2682689620 -11.3409154830 -10.8879199090 -0.0390618981  0.1975235716  1.0000000000  0.0026599466 -0.1570762067  1.0000000000
  0.0696470237 -10.9753315116  -8.8471686018   0.9602477164 -12.9012025522 -10.4096916271 -0.1085358545 -0.1637650869  1.0000000000 -0.1116602100  0.0242223963  1.0000000000
  2.9306649831 -12.0826886314 -10.5014493972   1.3992616645 -11.8273841123 -11.3416930169  0.1060938058 -0.0204700080  1.0000000000 -0.0637064179 -0.1267302968  1.0000000000
  0.8141848879 -13.3903757338  -6.9627848542   0.5841404480 -13.8757161209  -9.8825585725 -0.1217856985  0.3168148610  1.0000000000 -0.1589743099  0.0586231992  1.0000000000
  2.7777843872 -11.7922001169  -8.4394949642   0.8194014747 -12.8913511122  -8.4323476319  0.1934355822  0.0512160849  1.0000000000 -0.1090445539  0.1194977996  1.0000000000
  1.0749543145 -12.9421926277  -9.5589328657   1.7807323815 -12.5393289983 -11.0548474779 -0.0860827607  0.0345347356  1.0000000000 -0.0113742274 -0.0168003264  1.0000000000
  1.9032418479 -12.1480037374  -8.5498669703   0.2874465245 -12.8221937376 -10.4000011193  0.0902441322  0.0395470005  1.0000000000 -0.1567213990 -0.0247726797  1.0000000000
  2.1153139238 -12.1007748325 -10.9390850946   2.3231283281 -11.2538832976  -9.9787982639  0.0232101565 -0.0515070151  1.0000000000  0.1241679927 -0.0999803813  1.0000000000
  1.4293416312 -10.7475429257  -7.7314168352   0.5438181554 -10.7875751262  -9.4895370473  0.1179127036 -0.0593928687  1.0000000000 -0.0540478992 -0.2172501083  1.0000000000
 -0.1580526018 -13.0110989209  -9.1665336254   2.4977657061 -12.7679148931  -7.3951312164 -0.2294352751  0.0020035813  1.0000000000  0.1178368241  0.2427116786  1.0000000000
  1.0406881953 -12.6412601651  -9.3848925267   2.8224811195 -12.2885163018 -10.0843906631 -0.0663574203  0.0153743740  1.0000000000  0.0923925540  0.0403255191  1.0000000000
  1.1229959986 -13.5482007858  -7.5662739710   3.1161128999 -12.7592889922  -9.8185491504 -0.0559913201  0.2587394771  1.0000000000  0.1097224144  0.0728950975  1.0000000000
  0.8705930281 -13.8590669855 -10.7035324222   0.8455016505 -11.6766017776  -9.4367436959 -0.1515929750  0.0839140124  1.0000000000 -0.0480927212 -0.0596886122  1.0000000000
  1.8683493430 -10.8944964344  -8.0280277202   3.7528836312 -12.9137991235  -9.6200958366  0.1862813323 -0.0024730255  1.0000000000  0.1753438490  0.1352634770  1.0000000000
  0.6479032445 -11.0009020460  -8.9339562690   0.7473738590 -12.0946980847  -8.5679300018 -0.0240169550 -0.1710266347  1.0000000000 -0.0408500170 -0.0230477431  1.0000000000
  1.7369439267  -9.2984556061  -7.9698706124   1.6215892663 -13.3627179354  -7.8670649168  0.2564877184 -0.2730966807  1.0000000000 -0.0535293603  0.2265506614  1.0000000000
  0.1245141384 -10.5711951506  -8.2756183565  -0.6790665040 -11.0887783384  -9.9071957633 -0.0727006680 -0.2169310860  1.0000000000 -0.1924905306 -0.2361832012  1.0000000000
  2.3552407812 -12.7355645299  -6.7706218619  -0.5314982602 -12.2731641892  -8.5457642502  0.1253127021  0.3077958732  1.0000000000 -0.2264879018 -0.0538670419  1.0000000000
  1.6970595687 -12.7284585208  -9.1695672335   0.4678164000 -12.3741128548  -8.6960877821 -0.0088959022  0.0705988215  1.0000000000 -0.1261294375  0.0444293728  1.0000000000
  1.4566075937 -12.7566060120  -7.5332993243   3.0207303036 -10.1802970686  -9.8941220906  0.0215414794  0.1512165323  1.0000000000  0.2148420660 -0.1520369830  1.0000000000
  0.3215136737 -12.3949266150 -11.7731233893   3.8548040567 -11.8200197298 -10.0725520902 -0.1853920547 -0.1536947449  1.0000000000  0.2068146833 -0.0517709318  1.0000000000
  0.2310793549 -12.6946911475  -8.6574857579   1.4120718549 -14.4675766666  -9.2853593716 -0.1993302600  0.0474968957  1.0000000000 -0.0925132703  0.2031490610  1.0000000000
  0.3571916582 -11.7211607519 -11.2033175603   1.7927923634 -11.2478448353  -9.5076721598 -0.1281611814 -0.1397872992  1.0000000000  0.0582732599 -0.0711017112  1.0000000000
  1.3515642751 -13.8851025534  -8.8886169504   1.6146290593 -10.0245721629  -7.8258777029 -0.1513831195  0.2255518626  1.0000000000  0.2086809494 -0.1274751560  1.0000000000
  1.6183518729 -11.3894531233  -8.4544754179   2.3564601462 -10.6349396916 -10.6892526599  0.0548864770 -0.0102151546  1.0000000000  0.1045943738 -0.1620159609  1.0000000000
  2.9385980448 -10.3159048579 -10.5495900679   2.4711068157 -14.2365009955  -9.5077704823  0.2219211959 -0.1627699641  1.0000000000 -0.0136144519  0.2482066407  1.0000000000
  0.1721565355 -12.7500378710 -11.0204987044  -1.4672872630 -10.7709762387  -8.6542929289 -0.1875885784 -0.0634026842  1.0000000000 -0.3019216431 -0.2846689503  1.0000000000
  0.1883159668 -13.5974314147  -7.7782334948   0.9514736165 -11.7773297357  -9.0050260883 -0.2131858725  0.2167793608  1.0000000000 -0.0247474764 -0.0256635176  1.0000000000
 -0.4773640620 -10.0995976991  -8.5526463524   0.8026008530 -10.2514933123  -9.2186654684 -0.1489812068 -0.2865948720  1.0000000000  0.0716006819 -0.2382601798  1.0000000000
  2.4592857125 -10.2324730557  -7.6273053040  -0.0960696661 -12.0029634234 -10.8870585216  0.2939414982 -0.1423232820  1.0000000000 -0.1764935114 -0.0978270613  1.0000000000
  0.8241453719 -14.1558588485  -8.5409830136   0.4771411846 -13.6237727638  -8.5765032691 -0.1647015267  0.2366815539  1.0000000000 -0.1838775727  0.1904258152  1.0000000000
  2.0631810234 -13.1862505587 -10.1670867851   2.3186574797 -13.2014454820 -10.2126013473 -0.0467187504  0.0165853453  1.0000000000  0.0128637458  0.0708263143  1.0000000000
  2.1431780373 -14.1749633295  -9.9266453033   1.5307425757 -10.2325287181  -7.6091371760 -0.0356418270  0.1564149092  1.0000000000  0.1983634279 -0.1171647409  1.0000000000
  2.1661252198 -10.8874329034  -8.9764958045   3.1744401923 -12.2077270075  -9.4214267264  0.1355480559 -0.0828532600  1.0000000000  0.1641035855  0.1160146658  1.0000000000
  0.3923122043 -13.0291153556  -8.1072846280   0.5787482177 -11.8295341492  -8.3989420531 -0.1205742117  0.1242333923  1.0000000000 -0.0627993616 -0.0172834400  1.0000000000
  1.0964062046 -13.6476699353  -7.7527407644  -0.0944410566 -12.2686094148  -9.4711008148 -0.0828785293  0.2601762546  1.0000000000 -0.2023016363 -0.0569765848  1.0000000000
  2.2289800185 -10.8786322902  -9.6268185169   0.1535361713 -10.3800859313  -8.1256342638  0.1356630919 -0.1089893696  1.0000000000 -0.0245940304 -0.2515612220  1.0000000000
  0.3936986209 -10.9618771962 -10.0844806428   1.9777838188 -11.0101260638 -11.0867960345 -0.0482901855 -0.2132861372  1.0000000000  0.0423552232 -0.1581500922  1.0000000000
  3.3104625861 -11.5596354683  -9.2645020276   1.3228119629 -11.0076669176  -9.2796408415  0.2505913190  0.0055406890  1.0000000000  0.0357740614 -0.0965988306  1.0000000000
  0.4512051377 -12.1209866570  -8.4214752827   2.6495978202 -12.3805086421  -8.2939008314 -0.1131337032  0.0089927306  1.0000000000  0.1028585426  0.1312113086  1.0000000000
  2.1302375424 -10.6288287864 -10.8344247807  -0.5240335026 -12.2436091851  -8.0677107891  0.0719640227 -0.1841479750  1.0000000000 -0.2632179135 -0.0189558110  1.0000000000
 -0.0258494201 -10.5319477696  -9.0191375120   1.6518949261 -11.3562071320 -11.4904356032 -0.0927110285 -0.2575257292  1.0000000000  0.0075177524 -0.1581581758  1.0000000000
