328.0000000000
50
-10.3590357512  -4.4464596396   0.7129026381 -0.1355170340 -0.0914372314  1.0000000000
-7.5174430040 -2.8003266796  1.6659569880 -0.0145840080  0.2057217105  1.0000000000
-6.7603784476 -3.4135386909  0.4570369188 0.0543949870 0.1856718976 1.0000000000
-9.2280347006 -3.7393759092  1.4681997008 -0.0550465777  0.0313932989  1.0000000000
-6.1463596642 -4.0845872174  2.1084452519 0.2295105293 0.2353522660 1.0000000000
-9.2836272064 -2.9967525443  0.5281472217 -0.1768418519  0.0365619175  1.0000000000
-9.8706787473 -3.6434201451  2.3674203188 -0.0777713986  0.1146495661  1.0000000000
-7.1644289305 -5.6561855993 -1.1799085226  0.0824685832 -0.3042221538  1.0000000000
-7.9511549625 -4.2094326309  3.5517442891 0.1403385440 0.1765985477 1.0000000000
-6.7330212193 -4.6490611328  2.2556601867 0.2025195869 0.1293917995 1.0000000000
-9.3750537256 -1.8607933241  1.8598453557 -0.2349628985  0.2184069666  1.0000000000
-7.8209730174 -5.6271112494  1.8063093346  0.1621327328 -0.0023071185  1.0000000000
-7.6547249064 -2.1658855028  1.3305037978 -0.1049841122  0.2772806102  1.0000000000
-10.0360205933  -4.8225201437   1.3159546914 -0.0247547625 -0.0397390713  1.0000000000
-10.4333543274  -4.1830328031   0.3624900697 -0.1618368822 -0.1252076661  1.0000000000
-8.3612033198 -4.2393810082  0.0401571531  0.0050025805 -0.1053811503  1.0000000000
-5.7668477419 -4.5127095911  1.0949927020 0.2930469827 0.1368333461 1.0000000000
-6.2268571747 -5.3629827474  0.2568265181  0.2915355210 -0.1567171978  1.0000000000
-6.1786154236 -5.8796718592 -0.2068704159  0.3045814713 -0.2011290082  1.0000000000
-8.8503860752 -6.3317080000  1.3309674610  0.1197853843 -0.1391054952  1.0000000000
-10.0260511612  -4.6814342865   0.4098309201 -0.1240707339 -0.1672535184  1.0000000000
-6.7973125432 -6.3105246398 -0.0213413067  0.3056324706 -0.2148643457  1.0000000000
-7.2094961452 -4.4750065454  0.0239163927  0.0815687027 -0.0837670558  1.0000000000
-6.8787094981 -4.5619351615  2.3841056595 0.2573118561 0.1920143532 1.0000000000
-7.6428295483 -4.2446351363  3.1547490367 0.1708608759 0.2104211481 1.0000000000
-6.9626155924 -4.7756501185 -0.3736040767  0.1436440204 -0.1041644809  1.0000000000
-10.5256685136  -3.8814272857   0.0958585286 -0.1969309367 -0.1160125521  1.0000000000
-8.5449641238 -3.6814660000 -1.5716865784 -0.2364168260 -0.1766595197  1.0000000000
-8.9807847157 -4.1658341658 -1.0031143016 -0.1760251857 -0.2051360195  1.0000000000
-8.3028155357 -2.0925976494  1.5254108759 -0.1338673985  0.2422600472  1.0000000000
-7.9542776981 -6.4643794483  1.5383035134  0.2494839122 -0.1440986736  1.0000000000
-8.8530670145 -6.0036344840  1.3163279985  0.1532412006 -0.0994185329  1.0000000000
-5.8265527102 -4.2697791511  1.6949646681 0.2927555033 0.1619797445 1.0000000000
-10.2044276028  -2.9760992400   2.0455193164 -0.1304234591  0.0698535368  1.0000000000
-8.9595793623 -4.6287769311  2.2707453320 0.0470651254 0.0503415569 1.0000000000
-7.9831873594 -4.2186923653 -0.8564768712 -0.0753557408 -0.1121541625  1.0000000000
-8.4889662837 -4.6069977255 -0.0323187146 -0.0358917345 -0.1373417809  1.0000000000
-9.4443633879 -3.8454874485  0.2406594899 -0.1572159867 -0.0848259349  1.0000000000
-9.3604480754 -3.8046167227  1.2761586239 -0.1072941472 -0.0136479487  1.0000000000
-8.2388801218 -4.0517371509  2.2805822686 0.0786131710 0.1464407562 1.0000000000
-10.1872111589  -2.8427881593   1.9314578015 -0.1541866400  0.0950524171  1.0000000000
-6.5663955350 -4.5486934669  0.4909460272 0.1328960124 0.0110711461 1.0000000000
-9.5623872346 -4.8081671735  2.0359494562  0.0745245121 -0.0356410144  1.0000000000
-8.2323647759 -4.6470951243  2.0172153819 0.0703531410 0.0489358305 1.0000000000
-7.6165898701 -5.1954611245 -0.0700022866  0.1579941753 -0.1586318231  1.0000000000
-8.2077459666 -4.0567881221  1.1872740895 0.0354067213 0.0632230914 1.0000000000
-9.3345632544 -6.3227409117  0.6844148226  0.0643056881 -0.1954956346  1.0000000000
-8.6100608841 -3.5758038072 -1.4726037991 -0.1907814382 -0.1968456159  1.0000000000
-8.4322311662 -4.7866833233  1.7164878654  0.0797822365 -0.0035869282  1.0000000000
-8.8170366236 -4.8422548693 -0.3400252878 -0.0745853814 -0.2014406708  1.0000000000
50
-8.1529707033 -3.6661433591 -1.3357978328 -7.0215235159 -5.6314427604 -1.2237874803 -0.1720824327 -0.1625628315  1.0000000000  0.1302731991 -0.2978280305  1.0000000000
-7.9701089514 -2.8344728537 -0.4517840532 -6.7520045222 -5.2417019427 -0.2919314172 -0.1752209131  0.0193889395  1.0000000000  0.1579848124 -0.1538892224  1.0000000000
-7.3967929497 -4.6611658786  3.5142807109 -6.8806100794 -4.1814041631 -0.2980583203  0.2208311902  0.2183900290  1.0000000000  0.0596371642 -0.0341648279  1.0000000000
-8.7934415193 -5.6014005851  0.1914024352 -7.5481659817 -5.7071812165  0.2002116024  0.0794933015 -0.1975954042  1.0000000000  0.2002369538 -0.1766355097  1.0000000000
-8.2563363541 -2.6776713755  1.4025020558 -7.7568795256 -4.4746585104 -0.6987011607 -0.0957086642  0.1525565068  1.0000000000 -0.0010058117 -0.1665988343  1.0000000000
-8.3444440652 -5.3178530251  1.0391858874 -8.8399944383 -5.4978929612  1.5395365568  0.0677008709 -0.0574921298  1.0000000000  0.0933649417 -0.0478364132  1.0000000000
-8.8256436318 -3.5937832433  0.3252955440 -8.6122527279 -4.1957918449  1.3937983926 -0.1339496088  0.0102367681  1.0000000000  0.0275779741  0.0283283541  1.0000000000
-8.4466717146 -4.3773723002  0.0568553115 -7.3675484404 -5.3984680941  0.8961601581 -0.0311894898 -0.0875903973  1.0000000000  0.2060259327 -0.0443852295  1.0000000000
-8.0965896288 -4.6554610047  3.9386275298 -9.6482557433 -3.9109921491 -0.2545418567  0.1707305216  0.1768052512  1.0000000000 -0.1532331044 -0.1252632624  1.0000000000
-6.3875481657 -4.6669893346  1.9066752155 -8.8732943316 -2.4524523894  1.7309534917  0.2731930395  0.1431308243  1.0000000000 -0.1127064077  0.2096790890  1.0000000000
-7.0007477589 -3.9376284244 -0.1462951623 -8.5553833107 -6.1234531041  1.6008739326  0.0090173642  0.0005061226  1.0000000000  0.1551798013 -0.0962100951  1.0000000000
-8.3391600838 -3.1120596829  1.1127097776 -8.2481470816 -5.8776123255  1.7742352239 -0.1207380427  0.1118130136  1.0000000000  0.1332456502 -0.0937969630  1.0000000000
-7.8735757652 -2.4552301928  0.3454316799 -9.0058493565 -5.5221741258  0.4695364269 -0.1733898748  0.1245130679  1.0000000000  0.0238013987 -0.1110428883  1.0000000000
-8.7528315587 -5.2529355078 -0.1787256888 -7.2558223987 -4.3620959875  1.5008678350  0.0212098182 -0.1989768320  1.0000000000  0.1326798026  0.0669678418  1.0000000000
-7.8228624680 -2.8336506094  2.1708792362 -8.4665671309 -3.5456209708  0.9455017125 -0.0099406013  0.2413879836  1.0000000000 -0.0698158003  0.0503115932  1.0000000000
-7.8391438570 -4.8344764244  2.5028956697 -8.5143574599 -3.0236939361 -0.5955094611  0.1276289434  0.1024273189  1.0000000000 -0.2273809870 -0.0308116026  1.0000000000
-5.7862182913 -3.5159218352  1.5164903886 -8.6569663586 -2.8457053406  0.4946681651  0.2289187144  0.2791654762  1.0000000000 -0.1680027734  0.0792447328  1.0000000000
-6.2436204133 -4.1268625916  2.0878041543 -9.3453937584 -3.0200464609  0.1603040353  0.2225375435  0.1852439926  1.0000000000 -0.2189450858  0.0424803989  1.0000000000
-7.2079106983 -1.5787773128  0.4548211907 -7.8699015253 -5.4552435180  1.3098190328 -0.2469947465  0.2823878457  1.0000000000  0.1981941168 -0.0899406650  1.0000000000
-6.4846559747 -3.6830768855  1.9687309926 -9.4708212247 -4.4851013922  1.1816739696  0.2017895297  0.2291246660  1.0000000000 -0.0502053916 -0.0442605124  1.0000000000
-8.7371333144 -3.8573763215 -1.7488454769 -9.8821493899 -5.2311136582  1.7592477953 -0.3003228564 -0.2309405941  1.0000000000  0.0031629564 -0.0785249906  1.0000000000
 -7.3054490829  -3.9129059124  -0.4312021657 -10.0405254125  -2.5594399714   2.0726293623 -0.0161545650 -0.0315971618  1.0000000000 -0.1332252666  0.1545721864  1.0000000000
-6.4356597619 -6.0707427791 -0.2967338126 -9.6816184210 -4.1977752883  2.4265530406  0.3442409654 -0.2364072375  1.0000000000  0.0067110382  0.0552918931  1.0000000000
-6.8819784875 -3.0432406924  0.1773754935 -7.0450433150 -5.4691530272  0.1229401395  0.0088778222  0.1426183834  1.0000000000  0.2459883981 -0.1228233489  1.0000000000
 -6.3412144581  -4.2073198473   0.2524808141 -10.4033288530  -3.9755182752   0.6197337114  0.1894776650  0.0499514555  1.0000000000 -0.1405728386 -0.0921247763  1.0000000000
-8.2198230948 -3.2924216018 -0.3672260148 -7.7031586695 -4.3022112820  0.3738855371 -0.1358507034 -0.0463075575  1.0000000000  0.0480154144 -0.0284263055  1.0000000000
-8.1719123509 -5.6924799530  2.6554797535 -7.0620127301 -4.9836615855  0.7202857807  0.1934676902 -0.0316660672  1.0000000000  0.1750929441 -0.0095767802  1.0000000000
-6.9219836654 -5.2171827824  1.3607881740 -7.6759057343 -4.2061927052  0.5770779045  0.2691361141 -0.0081167144  1.0000000000  0.0460447121 -0.0194575561  1.0000000000
-9.6762687667 -3.6871350723  1.3323008075 -7.1150721827 -3.2281256039  0.8920607488 -0.0818926937  0.0257383523  1.0000000000  0.0280123113  0.1587725907  1.0000000000
-7.5764050996 -1.7476832665 -0.2962673205 -9.1467925137 -3.7880930657  1.6323591055 -0.2250359686  0.2010609049  1.0000000000 -0.0570160483  0.0474375933  1.0000000000
-8.1022587106 -4.5095708198  3.3103392728 -7.9900530085 -4.1977060000 -1.4190820512  0.1509990486  0.1356154252  1.0000000000 -0.0872388131 -0.1881378518  1.0000000000
-7.2634446556 -3.8031633564  3.0200953102 -9.4079330931 -4.2304066005  0.0888825677  0.1594767403  0.2145592309  1.0000000000 -0.1143010915 -0.1114989094  1.0000000000
-7.1119238617 -4.3530225141  1.4041776755 -7.6511684307 -1.9979460522  1.1613417856  0.1596075598  0.0829992596  1.0000000000 -0.1842893323  0.3080714144  1.0000000000
-8.2644337894 -4.5944434452  2.9722742311 -6.3393770915 -2.6353014843  1.2212617057 0.1495153692 0.0855675158 1.0000000000 0.0222258606 0.3029243914 1.0000000000
-9.5746356423 -5.2766815265 -0.3527438259 -7.3194105784 -4.9292817947  2.7770745080 -0.0967039605 -0.2189532092  1.0000000000  0.2627219375  0.1892760344  1.0000000000
-6.0399399320 -4.3230961654  0.5758616179 -8.0698694569 -5.3356658493  3.1519714697 0.2331794075 0.0675967912 1.0000000000 0.1676907270 0.0847401199 1.0000000000
-6.4806444385 -5.7073894219  0.3453913810 -9.8685412929 -2.9197116304  2.5918944951  0.2880984176 -0.1214295687  1.0000000000 -0.1251450316  0.1239185111  1.0000000000
-6.9271361434 -5.7306723527  0.2033894548 -8.8361833250 -5.5846030227  2.7921318686  0.2493039781 -0.1989855626  1.0000000000  0.1597486888 -0.0124319096  1.0000000000
-7.3836192123 -4.6829286579  0.0659681652 -6.7055353718 -4.1822489105 -0.2548369108  0.1133356301 -0.0944101342  1.0000000000  0.1000212663 -0.0322455969  1.0000000000
-8.8512162386 -5.8591804648  0.1319559999 -9.6377583817 -3.6914032587  2.2472433249  0.0938495592 -0.2001661759  1.0000000000 -0.0372766345  0.0593986715  1.0000000000
-8.0657282256 -5.2073047230  3.3234039648 -8.4421679297 -4.5124053096  1.9719572538 0.1779257195 0.0487194757 1.0000000000 0.0748910143 0.0427916818 1.0000000000
-7.4465873411 -4.8237712543  2.8178301652 -7.6716929177 -4.4912161147  2.4137297151 0.2001203459 0.1100345630 1.0000000000 0.1198207045 0.1154439253 1.0000000000
-9.8964271581 -2.0120856981  2.2161190663 -8.3526999506 -3.3626524964  2.7553097392 -0.2013376580  0.2156729913  1.0000000000  0.0724489184  0.1766249964  1.0000000000
-8.0909474395 -6.3559875086  1.0302468257 -8.2633205079 -4.4495858993 -0.8583532484  0.1664877745 -0.1885671393  1.0000000000 -0.0613009730 -0.1222329821  1.0000000000
-9.2022901687 -3.5297523534  2.2003734602 -8.8683413779 -2.5463238712  0.4833008390 -0.0682779614  0.1384722523  1.0000000000 -0.1756706745  0.0637095005  1.0000000000
-8.3383541323 -5.1517931608  2.3984693490 -9.5519342432 -4.8629345905  0.8713735799  0.1732346520  0.0479018507  1.0000000000 -0.0254688527 -0.0970420016  1.0000000000
-8.1881745430 -1.9985296794  1.2908510753 -6.7190942117 -4.9573496941  1.4999720639 -0.1603012304  0.2413857526  1.0000000000  0.2287311033  0.0463293681  1.0000000000
-6.3987977482 -5.0395759570  0.5986027058 -6.9731608393 -5.6062800119 -0.0723480809  0.2439347201 -0.0234249820  1.0000000000  0.2112433939 -0.1302688715  1.0000000000
 -7.4399923866  -4.8696775000   3.1420708958 -10.1054066802  -4.7195596676  -0.5270351176  0.2046423349  0.1175740084  1.0000000000 -0.1664449445 -0.1929578518  1.0000000000
-8.2939562989 -4.7686541312  3.7884652983 -7.9922466841 -4.8884048493  0.2372273042  0.1710345587  0.1683758987  1.0000000000  0.0725811378 -0.1007935721  1.0000000000
