893.6000000000
50
-0.9101177032 10.3123210051 19.0783737462 0.1666219839 0.0483858729 1.0000000000
-4.1765234543  9.6785399371 16.2866476532 -0.0325560141 -0.1106017106  1.0000000000
-3.8165900569 10.9576300840 16.3191641820 -0.1806333802  0.0277763935  1.0000000000
-2.6256721512  9.1775753400 16.4354159848 0.1343838004 0.0256251920 1.0000000000
-3.4835538744 10.6367880406 18.3323340921 -0.0713957078 -0.0970662608  1.0000000000
-1.5577190855  9.1988264884 15.9726182061 0.1263285503 0.1799150596 1.0000000000
-3.4468963133  9.6916295161 16.3191401646 -0.0112434094 -0.0444970561  1.0000000000
-5.0679737004 10.4813907015 15.7770202947 -0.3057566268 -0.1250456129  1.0000000000
-2.7168905964  9.8559340267 18.0482183631  0.0674814902 -0.0665360204  1.0000000000
-2.8411131851 10.4769973508 16.2550477354 -0.0877156220  0.0383221728  1.0000000000
-2.6265542183 12.0703535314 18.1541082341 -0.1166083113  0.0096095706  1.0000000000
-2.5839066317 10.9903545460 15.3385698491 -0.1976315566  0.1969264769  1.0000000000
-4.3129600190 10.9130002049 18.8703165163 -0.1015900923 -0.2345731210  1.0000000000
-2.3408705210  9.7456469957 16.4259776947 0.0398861915 0.1345078989 1.0000000000
-3.4164982007  9.0456616004 18.7195400718  0.1508670819 -0.1987120493  1.0000000000
-2.0309424104 10.6071476967 16.0560978345 -0.0606088338  0.1771780551  1.0000000000
-2.5917402672 10.4038193380 19.0166539078  0.0657437524 -0.0820215425  1.0000000000
-3.2628921897  8.4008290746 17.0074679603  0.1716105336 -0.1171575420  1.0000000000
-0.7145278717  9.8494256774 16.5928575489 0.1630785793 0.2141025492 1.0000000000
-4.1084401609  9.7950390017 16.4880360253 -0.0542050889 -0.0890402997  1.0000000000
-2.0109901731 10.1551884360 17.8804392633 0.0875486729 0.0525687583 1.0000000000
-1.7618836351 10.4045014403 16.8289830288 0.0684431065 0.1264604698 1.0000000000
-3.4454493486  8.9532698996 18.8040141059  0.1685674774 -0.2121054845  1.0000000000
-2.7539639253  9.7565797093 16.0799265634 0.0119011306 0.0800495704 1.0000000000
-2.7493593678  8.7763358657 17.2309376809  0.1954004645 -0.0386681641  1.0000000000
-2.6934644612 10.4066733115 15.1409754132 -0.0965977423  0.2126420612  1.0000000000
-2.6514349671  9.4705009099 17.3268987388  0.1044079408 -0.0082486206  1.0000000000
-3.1666590972 10.4677840403 18.5853200361  0.0065019863 -0.1041966517  1.0000000000
-3.6305659297  9.7707378223 19.1396888045  0.0570092645 -0.1965185076  1.0000000000
-3.0893655449 12.4689980595 18.6260285237 -0.1167236741 -0.0399243802  1.0000000000
-4.5568899835 10.6962239529 18.2423011510 -0.1344687325 -0.2230583448  1.0000000000
-1.8841556366  8.6951876797 17.0498219164 0.2582444019 0.0558676714 1.0000000000
-3.4455238251 10.1728061761 17.0863452636 -0.0148032814 -0.0977873241  1.0000000000
-1.4040462396  8.2622381422 15.4983370044 0.2953310735 0.2558832903 1.0000000000
-3.0848786240 11.5402695192 16.1759918392 -0.2066116805  0.0902469544  1.0000000000
-1.8627864264 10.6404278394 15.3012575345 -0.0712346881  0.2790447703  1.0000000000
-1.9485766590 10.9687057150 17.5755470422 0.0121021804 0.0735615807 1.0000000000
-2.2985797724  9.7449773505 19.9446638719  0.1446934084 -0.1584640427  1.0000000000
-0.9216681502 11.3810846176 18.1685698011 0.0632688093 0.1052257052 1.0000000000
-2.1845288692 11.1984604652 15.6169340942 -0.0885201497  0.2188696208  1.0000000000
-4.4183905437 10.5285522945 17.4742375308 -0.1484081129 -0.1583174637  1.0000000000
-2.6890603531 10.0013312087 20.1738579017  0.1205225809 -0.1716014296  1.0000000000
-3.7976015055 11.3093233883 16.5027021477 -0.2033718477  0.0236196533  1.0000000000
-3.4542981195  9.8358901363 16.8085518961 -0.0262405265 -0.0309848356  1.0000000000
-2.0574962384 11.4178012149 18.5737040718 -0.0498832069 -0.0073556471  1.0000000000
-0.0778781400 10.4501737878 18.1666741267 0.1487160082 0.1779052404 1.0000000000
-3.7442240983 11.5685325508 17.3946666869 -0.1442989846 -0.0034483161  1.0000000000
-2.4499860782  9.5310145825 19.0793252522  0.1732969811 -0.1320478372  1.0000000000
-1.1066773957  9.8428270774 17.0327330115 0.1136750545 0.1587233766 1.0000000000
-3.6040536309  8.9663108735 18.4942801614  0.1464590962 -0.2127487128  1.0000000000
50
-3.6609419930  8.8711197153 16.7034250562 -3.5728852154  9.2785982969 18.4493779882  0.0991518419 -0.1097232456  1.0000000000  0.1215788916 -0.2051158703  1.0000000000
-4.3771686367 11.0064667796 17.5298056546 -1.5752135996 10.9970824342 18.0946853405 -0.1823521438 -0.1450953876  1.0000000000  0.0051628789  0.0549443640  1.0000000000
-5.3671179055 10.3779629780 16.5589724215 -0.9514730394  8.2998423518 15.4802172052 -0.2367454233 -0.2726725575  1.0000000000  0.3284209220  0.2676933605  1.0000000000
-3.5067711639 11.4023356559 19.5123565341 -1.1220212163 10.5566828395 16.6415972133 -0.0375950289 -0.1366485355  1.0000000000  0.0554692154  0.2003613744  1.0000000000
-2.5858706914 10.3221067283 16.1854817986 -2.4025762082 10.9849260461 18.4699744671 -0.0064542508  0.1155440017  1.0000000000  0.0090527500 -0.0061446961  1.0000000000
-2.3228571904  8.8530990478 17.0043793545 -2.7520736129  9.3139969235 20.1774620797  0.1495176309 -0.0113403836  1.0000000000  0.1664754742 -0.2133037596  1.0000000000
-3.4489280163 11.6623784216 17.1057286901 -2.3505221370  9.7677698596 18.7821380001 -0.1874320314  0.0065598991  1.0000000000  0.1519613968 -0.0653014376  1.0000000000
-2.4706045239  8.5801060484 17.3774675131 -2.2322721236  8.8678311658 17.4812743849  0.2692044330 -0.0307666583  1.0000000000  0.2088120470 -0.0124079733  1.0000000000
-2.1434997995  8.4702988451 17.5915704810 -3.1215888911  9.0190579347 19.5794398186  0.2812100547 -0.0239932318  1.0000000000  0.2190933537 -0.2844320747  1.0000000000
-3.4569950174  9.4195179655 17.2862822873 -4.4805762941 11.9533412049 18.2127279907  0.0768323994 -0.1196994143  1.0000000000 -0.1733630874 -0.1379477722  1.0000000000
-3.3343332412  9.4376864419 16.7278183860 -3.9477108218  8.8703631418 16.4431695471  0.0070434731 -0.0871617193  1.0000000000  0.0397911481 -0.1164004208  1.0000000000
-1.8505937895 13.1117156007 17.1757120163 -3.3918155321  9.8701765102 15.5871082148 -0.1879766390  0.1207456430  1.0000000000 -0.0865620214  0.0533703138  1.0000000000
-0.4278296192 10.4709888672 17.7262715732 -3.6050303631 11.2202715441 18.1590368864  0.1221334166  0.1494252746  1.0000000000 -0.0798345485 -0.0810975541  1.0000000000
-1.8220303696  9.8214946267 17.4900889532 -2.7887695529  9.3863697598 18.0768763464  0.0922342912  0.0772787242  1.0000000000  0.1310231890 -0.1121486956  1.0000000000
-3.4822300209 11.6402565496 16.1444004681 -3.1870273207 12.1553662306 18.7036685653 -0.2240293824  0.0415517274  1.0000000000 -0.1198609829 -0.0481577160  1.0000000000
-1.6871510331 11.0718937562 18.7843800726 -1.7248041802  9.1286642484 17.7676890922 0.0215010829 0.0175855196 1.0000000000 0.2073620347 0.0061864032 1.0000000000
-2.8839518389  8.5033542934 16.4333088751 -3.5064468377  9.9094644826 15.9153963765  0.1911558571 -0.0029798317  1.0000000000 -0.0614055517  0.0310916177  1.0000000000
-3.7471180853 10.8409490541 17.2826940590 -4.4825176202  9.2040156759 17.7208376856 -0.1074985289 -0.0664313927  1.0000000000  0.0072605373 -0.2806584342  1.0000000000
-3.1768440661 11.5684185886 16.7440516498 -4.4850193427  9.4311587680 17.4824714628 -0.1628555025  0.0486948518  1.0000000000 -0.0061779828 -0.2546445406  1.0000000000
-2.9716090736 12.6502038295 18.2643077469 -3.9153846484  9.4635366939 15.9151333183 -0.1352315256 -0.0273590388  1.0000000000 -0.0209703150 -0.0323712312  1.0000000000
-2.6405022527  8.1127399449 17.1906338285 -1.0720445396 11.3632462737 17.1738199037  0.2881411125 -0.0619684125  1.0000000000  0.0074041964  0.1931890704  1.0000000000
-0.0400547045  9.6550908048 17.3125388179 -4.1211174588  9.7104018449 18.1162322715  0.2058383177  0.2664972037  1.0000000000  0.0297749496 -0.1853385727  1.0000000000
-1.4436811278  9.8746843529 18.5506180405 -1.7656879798  8.3988431291 15.7888945055 0.1546543425 0.0020616594 1.0000000000 0.2516319813 0.2338384257 1.0000000000
-3.3111712908 10.3759929924 17.9454410190 -2.2076337624 10.6572612353 17.9134096591  0.0220373188 -0.0887759662  1.0000000000  0.0351252521 -0.0031278982  1.0000000000
-4.2490709208 11.1426665490 15.6982652947 -3.2660163752  9.9455053578 16.4423455099 -0.2817123675  0.0423049769  1.0000000000 -0.0268521328  0.0103163548  1.0000000000
-1.2948762185  9.7394080350 17.7110256012 -2.2959946621  9.6509773007 17.9321650364  0.2210717705  0.0988133124  1.0000000000  0.1487116893 -0.0164822498  1.0000000000
-4.1817667227  8.2576101103 17.1532846662 -2.7674703868  8.3780558751 16.1544478062  0.1254247762 -0.2229257021  1.0000000000  0.2350419593  0.0317330115  1.0000000000
-3.5963633890 10.7188236282 17.5478854993 -4.1504594223 11.1003577976 16.7088446989 -0.0636201017 -0.0844017293  1.0000000000 -0.2001752918 -0.1139567408  1.0000000000
-1.9994730479 10.4499637417 15.4007135911 -1.1168768368  9.4254686065 18.1387039569 -0.0854911771  0.2657337534  1.0000000000  0.2230096736  0.0504619189  1.0000000000
-2.3682345725 10.1781595528 15.7532416689 -3.7032815465  7.7872813473 18.2135860924 -0.0105320032  0.1662869171  1.0000000000  0.2776930007 -0.2544323770  1.0000000000
-1.7709081999 10.3832796261 17.6072494990 -4.5229931569 11.2933850615 17.4097686840  0.0709747636  0.0474020775  1.0000000000 -0.2285001273 -0.1479585701  1.0000000000
-4.5788436190 10.3846685944 16.6457902596 -2.3589225187 10.2069790503 19.4040401062 -0.1494265607 -0.1314991537  1.0000000000  0.1260665658 -0.1356044512  1.0000000000
-2.5166520942 12.4033254267 16.7008579086 -4.8114056459  9.0748558714 16.6661086594 -0.1984226442  0.1163639014  1.0000000000 -0.0631272529 -0.2848754078  1.0000000000
-4.0980640311  9.7582437146 16.3598496744 -3.1568721341  8.2953619919 19.1215995403 -0.0472857882 -0.0771662328  1.0000000000  0.2787225972 -0.2528658019  1.0000000000
-3.0048935857  9.0610759928 18.1650672054 -1.6022071655 10.1892060009 18.9803215376  0.1464984595 -0.1264686577  1.0000000000  0.1190288214 -0.0017750919  1.0000000000
-3.4902084919 10.8322049885 19.1825369368 -2.2039028406  9.8412195974 17.2193047543 -0.0104024326 -0.1667590611  1.0000000000  0.1087030764  0.0128973692  1.0000000000
-0.9667769528  9.4158286203 17.2895677216 -2.4912921700 12.0920836226 17.1318897027  0.1838459662  0.1313825702  1.0000000000 -0.1711110495  0.1030989497  1.0000000000
-2.3152087585  8.7245421794 18.0371983824 -4.0324746968 11.6631003676 17.0643989581  0.2294481512 -0.0390206386  1.0000000000 -0.2427791707 -0.0545915124  1.0000000000
-2.3508520017 11.5981732884 18.5021630880 -1.7284873701 10.6392984534 15.3968750969 -0.0583242770 -0.0333885794  1.0000000000 -0.0802249628  0.2289596451  1.0000000000
-2.9333111629  9.2668142637 16.9387714684 -4.7000429262 10.3750493179 15.8313710207  0.0662246293 -0.0059876895  1.0000000000 -0.2393939807 -0.1114043066  1.0000000000
-3.7384188003 11.5719145489 18.7204683421 -1.9886446838  8.9595289079 16.7143604172 -0.0957189279 -0.1151765974  1.0000000000  0.2005721074  0.0819129714  1.0000000000
-2.8550532225 10.5748249447 19.4516949940 -1.4332328718 12.0876140989 17.0399445545  0.0180836734 -0.1178812948  1.0000000000 -0.0990752400  0.1716948875  1.0000000000
-2.1211317893 10.6676565316 19.2577775083 -1.9769764825 13.0088552783 17.0369230639  0.0469767081 -0.0332058848  1.0000000000 -0.1816184780  0.1214277045  1.0000000000
-1.1634815852 11.4717672300 17.9333968520 -4.3525267795  9.3873168843 17.7739375117  0.0496795244  0.1255809518  1.0000000000  0.0120348015 -0.2753036217  1.0000000000
-2.0107419856  9.0981686670 18.9318944795 -3.7936995201 10.4532808806 16.9562402983  0.2333647266 -0.1163633974  1.0000000000 -0.0280950401 -0.0568547334  1.0000000000
-3.7782195223  9.9337133314 17.9166163525 -3.3374356562 11.8350792882 17.4989034140  0.0215729463 -0.1650263901  1.0000000000 -0.1695885189 -0.0324323110  1.0000000000
-3.5275607198 10.7555911358 17.3609433199 -4.9385181922  9.9789957621 16.4788615964 -0.0867270823 -0.0448612583  1.0000000000 -0.1502431314 -0.1894666762  1.0000000000
-3.8939147865  9.4193060246 17.8610496476 -5.0811635077  8.9899745089 16.9307185102  0.0348506557 -0.1961785026  1.0000000000 -0.0361568821 -0.3173168681  1.0000000000
-2.6614230854 10.6830529067 14.5886223200 -3.9079852600 10.8697000921 17.8411433976 -0.1762221249  0.2910853132  1.0000000000 -0.0817075961 -0.1130472303  1.0000000000
-1.8677583884  9.4808967498 15.1426592820 -3.2225094933  7.5614676347 17.0084417479  0.0643112005  0.2725210030  1.0000000000  0.3363995108 -0.1152534704  1.0000000000
