527.2000000000
50
 8.4291425507  6.7139599077 17.0713001630 0.1923287531 0.1168990277 1.0000000000
 7.2360992842  4.7452456988 13.8846049902  0.0462078029 -0.1011143612  1.0000000000
 6.0274301839  4.2458652362 14.0541998042 -0.1472619624 -0.1423355636  1.0000000000
 8.1885185961  7.0169840855 16.6381246809 0.1674165065 0.1873530955 1.0000000000
 5.8541847239  5.9421042286 15.0934816518 -0.1699756186  0.0769312665  1.0000000000
 7.0754471038  6.3324287758 15.6803884162 0.0726339212 0.1601534754 1.0000000000
 8.4974248279  5.5170304770 17.3073277080 0.1522328881 0.0349174370 1.0000000000
 8.1825489089  6.6341460399 16.5039944593 0.1816341883 0.1578538127 1.0000000000
 7.2413992300  5.6112295513 14.9079601689 0.0818474272 0.0183415981 1.0000000000
 7.1482042721  5.1418897417 15.0655155613  0.0345764100 -0.0064986340  1.0000000000
 6.2866896947  4.7138883673 14.6109044310 -0.1098067694 -0.0894000292  1.0000000000
 5.4299171269  6.8787761547 16.1462658894 -0.1873496845  0.2133501563  1.0000000000
 5.4965622863  3.8684663211 16.9639718029 -0.1033518263 -0.1500947824  1.0000000000
 5.9595294731  7.1336213978 17.0337965563 -0.1040420201  0.1920137580  1.0000000000
 8.7202473206  4.0380544523 15.7173080698  0.2320865651 -0.1449219485  1.0000000000
 6.1693327381  6.2469236127 14.8379546486 -0.0773160857  0.1537274726  1.0000000000
 7.9215787046  5.7339892798 17.3317603174 0.1551420956 0.0640323288 1.0000000000
 7.4083054166  5.0336270508 16.7691190795  0.0977852028 -0.0235377342  1.0000000000
 6.0954967441  3.4040023303 15.0043064552 -0.1121634310 -0.2548661760  1.0000000000
 7.1674068855  5.4758802949 17.0844558830 0.0568859774 0.0031248433 1.0000000000
 8.6296706263  6.8891202426 14.6781110355 0.2483307505 0.2585529018 1.0000000000
 5.5277439583  3.4562204069 14.0409798724 -0.2017962254 -0.3178827085  1.0000000000
 7.8964890082  4.0312131603 14.9069973356  0.1540730728 -0.1450874388  1.0000000000
 7.2707062711  5.1032213514 14.9195527871 0.0452986529 0.0027486210 1.0000000000
 6.4706373038  4.8819473208 15.7457971240 -0.0278829465 -0.0009164789  1.0000000000
 8.4818495289  6.0769392470 14.8999645115 0.2080292209 0.0736402385 1.0000000000
 5.4298266122  5.0585383745 17.3429399933 -0.1307325826 -0.0163178166  1.0000000000
 5.0259851787  3.7033777885 15.1531950231 -0.2492690414 -0.1873114551  1.0000000000
 8.0431739097  4.8058065450 15.5231336738  0.1726159996 -0.0752105071  1.0000000000
 5.5566104822  7.2265538635 13.8711754185 -0.2497834976  0.3226890202  1.0000000000
 8.6839705311  6.6103175475 17.6719616968 0.2025953638 0.1334970666 1.0000000000
 5.4053728391  3.2110114084 17.5077915964 -0.1155196321 -0.1877390432  1.0000000000
 6.0640115736  6.3017925434 14.4992122023 -0.1778433269  0.1478737636  1.0000000000
 7.1254388610  4.4962513622 16.3444865684  0.0927525716 -0.0865319458  1.0000000000
 8.4305012843  6.1361940352 14.1690135188 0.2297716196 0.1390081003 1.0000000000
 6.3300332023  5.5260780247 16.9091374318 -0.0544593765  0.0255374001  1.0000000000
 7.4828129247  6.1922675166 14.9195055702 0.0777648329 0.1611306720 1.0000000000
 7.1426962050  6.2726205197 15.3658183559 0.0465977478 0.1327390728 1.0000000000
 8.6302319006  5.2772858660 17.0154323310  0.2090222329 -0.0298185688  1.0000000000
 6.3938159702  5.8243825697 16.8526850477 -0.0312796590  0.1278983714  1.0000000000
 6.5183990352  5.6679569148 16.3897436465 -0.0473445006  0.0422663016  1.0000000000
 6.2964139173  6.2649404844 16.4971794289 -0.0635137783  0.1204812829  1.0000000000
 6.2372500027  3.3754841706 15.3858208960 -0.0836369862 -0.2611031149  1.0000000000
 6.9550335436  5.5322243074 16.8697977671 0.0345257242 0.0426440707 1.0000000000
 5.6314921788  5.0193752253 15.6653802409 -0.1503998945 -0.0285114271  1.0000000000
 6.0459095067  6.5445333352 14.1412348251 -0.1625338928  0.2145487325  1.0000000000
 5.0602869536  4.9126924200 16.9877814928 -0.1738586105 -0.0290121235  1.0000000000
 6.2432966695  7.1145345350 16.2169467959 -0.0666228389  0.2051764197  1.0000000000
 7.8919318126  6.9374738375 14.4599177380 0.1568506359 0.2962964020 1.0000000000
 6.9114132023  4.3328389386 16.9710650468 -0.0056036609 -0.0882263202  1.0000000000
50
 6.7569799083  6.0527100746 14.9344014691  5.6917259040  3.3294337697 17.4012838953 -0.0027142277  0.1037388733  1.0000000000 -0.0951205983 -0.1558964814  1.0000000000
 5.9326753103  4.7107493965 16.2130827219  8.4670547361  6.8517952209 14.2080703316 -0.0971860719 -0.0724474899  1.0000000000  0.2416207419  0.2140458952  1.0000000000
 6.0757952833  3.4458334294 17.0415948773  5.4496769484  4.5738267415 15.0603310776 -0.0509730992 -0.1785056710  1.0000000000 -0.2273304095 -0.1156595607  1.0000000000
 7.1888492103  4.7244384628 15.5376377025  7.1750646478  6.0618876816 14.9524194231  0.0717894954 -0.0450754594  1.0000000000  0.0810608913  0.1140081851  1.0000000000
 6.7357229809  4.8214765585 17.2925450601  8.1357963804  7.0223115759 14.0528545725 -0.0283161412 -0.0327448153  1.0000000000  0.2067518018  0.2960815523  1.0000000000
 6.7540915732  4.0501708596 17.1194850289  7.0660601336  3.9662097593 14.9009531213 -0.0042629576 -0.0667686778  1.0000000000  0.0095739817 -0.1708866241  1.0000000000
 8.5882633579  6.4395292370 15.9762458660  8.1481411283  6.7116446190 17.0073744828 0.2061238941 0.1430212855 1.0000000000 0.1197850032 0.1388247680 1.0000000000
 8.4770423457  6.1619016786 16.4300227057  5.7108864430  3.5762137184 17.4116461190  0.1709192744  0.1426952071  1.0000000000 -0.1057651004 -0.1839320968  1.0000000000
 7.4352389710  5.5286010316 14.0849738216  6.1778551251  6.5974573575 16.3396989439  0.0998755075  0.0753506130  1.0000000000 -0.0518168529  0.1340153360  1.0000000000
 7.9638709527  6.2351539351 14.5991810248  7.6373581337  6.3161312725 16.4807321390 0.1534974122 0.1637226791 1.0000000000 0.1017798339 0.1011129255 1.0000000000
 8.5997122622  5.7874428975 15.5934947084  5.2658600226  6.9654294747 17.4043140927  0.2428136557  0.0675610712  1.0000000000 -0.1741200600  0.2053559915  1.0000000000
 8.6093840643  5.0988570728 15.5906938176  8.2144831046  4.2556779216 15.1772467774  0.2366053952  0.0026046058  1.0000000000  0.1341548209 -0.1322045186  1.0000000000
 7.3170335677  6.8717589419 14.5133733375  7.7882590994  6.6934247876 14.0904138100 0.0668728222 0.2201223298 1.0000000000 0.1706300256 0.2281171305 1.0000000000
 6.0142268823  6.9879883881 14.9123942696  5.2993782652  5.4489620528 17.2285707487 -0.1606028670  0.2826613973  1.0000000000 -0.1432998001  0.0693365154  1.0000000000
 8.4428806138  6.2926452753 14.6735009605  7.4504954632  4.8142905752 17.5210235980  0.1686059475  0.1649687031  1.0000000000  0.0742343862 -0.0387297999  1.0000000000
 6.1537329931  6.6421860127 16.2688299159  5.9970072570  6.3189825214 15.8966787948 -0.1162080282  0.1836138562  1.0000000000 -0.1128919071  0.1009163003  1.0000000000
 7.8685718012  4.0447447192 16.2680156935  4.9666263536  5.5317395180 15.8711001918  0.1288860383 -0.1328690638  1.0000000000 -0.2151702755  0.0687746673  1.0000000000
 8.6312097678  6.1811613177 15.3547468113  7.9543295386  6.3181453851 17.6344331252 0.2497254285 0.0972516447 1.0000000000 0.0615833851 0.1285407465 1.0000000000
 7.7144470781  3.5201088774 16.2363469829  6.0271910508  7.0480726467 17.3457893165  0.0974655399 -0.2165188698  1.0000000000 -0.0361168764  0.1549829930  1.0000000000
 5.0300429794  3.8560430018 17.5821432035  6.7723088680  3.6253834562 17.0977142190 -0.1234270987 -0.1503832551  1.0000000000 -0.0114550116 -0.1476654727  1.0000000000
 6.3422350780  6.1949500540 15.8133322473  5.3773663833  4.3005714563 16.9034423236 -0.0451460267  0.0872324476  1.0000000000 -0.1333720685 -0.0898923682  1.0000000000
 6.4533649997  6.9640613117 14.1383606858  8.5966162260  4.9926740350 17.1383964459 -0.0798597420  0.2822116626  1.0000000000  0.1824324503 -0.0286249227  1.0000000000
 7.6128237222  6.4910056390 17.2053061428  6.8624830326  6.3066155999 16.8240724938 0.0786095395 0.1168123985 1.0000000000 0.0409632544 0.1381958154 1.0000000000
 7.2530082407  4.8863484806 15.8685031792  7.2253814496  4.5018485281 14.6832388930  0.0844254080 -0.0338738805  1.0000000000  0.0639864972 -0.1295342394  1.0000000000
 7.8994386735  4.4308589517 15.8617380656  8.3822853603  3.8526657859 16.0736517191  0.1212662756 -0.0727704865  1.0000000000  0.1663119707 -0.1657114987  1.0000000000
 7.5130418275  6.0221604585 14.0689814649  8.5788544805  5.2167267264 15.4865794227  0.1139909540  0.1400560659  1.0000000000  0.2551678258 -0.0174380595  1.0000000000
 8.2433645828  5.5362711543 16.0096317576  6.0631716349  4.8280659780 17.2896996826  0.1642480078  0.0444142525  1.0000000000 -0.0450428822 -0.0219881070  1.0000000000
 5.4492863816  4.2184199634 16.9661915401  8.6607232836  3.2593779079 15.8062401525 -0.0949183059 -0.0999094976  1.0000000000  0.2600910921 -0.2509957057  1.0000000000
 6.5019536553  5.5236664311 13.7741420274  7.6641694375  6.3529561635 16.2134330244 -0.1322266578  0.0304089971  1.0000000000  0.0590202016  0.1191270196  1.0000000000
 8.9820214973  4.5317751342 14.4423590856  5.5758577020  6.7671353241 17.3807902373  0.3347850904 -0.1088390450  1.0000000000 -0.1165648795  0.1669578690  1.0000000000
 8.3572147984  7.0098772991 17.0193020580  6.4375103003  4.7868608548 15.3018076864  0.1876087727  0.1835525254  1.0000000000 -0.0847447544 -0.0192137580  1.0000000000
 8.8623186573  6.9503518528 15.1621285355  6.5953875564  6.6308576758 14.3541666393  0.3007321290  0.2220399704  1.0000000000 -0.1023725964  0.1992233077  1.0000000000
 7.5933828496  5.8987731314 15.5873653310  7.6359833415  3.9475209458 16.0940493286  0.0524414169  0.0586394501  1.0000000000  0.1200040871 -0.1379755525  1.0000000000
 5.8792807543  4.0340066579 15.7779212294  5.0382307514  6.3532530531 17.3278869797 -0.0990961670 -0.1558306792  1.0000000000 -0.1860613579  0.1438656722  1.0000000000
 6.4155156965  7.0304244506 16.1639011019  6.0469216958  6.6646070712 16.1277736737 -0.0589882324  0.2054664329  1.0000000000 -0.0475764622  0.1704394080  1.0000000000
 5.9012852574  5.7518152154 16.7793804773  7.4588414095  3.3630017258 16.1954158429 -0.0874368795  0.0425349858  1.0000000000  0.0770843528 -0.1760081504  1.0000000000
 7.3572464115  4.7321262702 13.7473910449  6.5412803546  5.1174740774 17.6094215826  0.1257920795 -0.0854224066  1.0000000000 -0.0246450932 -0.0039208151  1.0000000000
 5.3973788128  7.0376301550 15.2179811686  6.2257996571  5.4735409972 13.8237333572 -0.2031196544  0.2300525198  1.0000000000 -0.0889737430  0.0166475148  1.0000000000
 6.8947690447  3.4748654231 16.5104175201  6.1136041515  7.0570570560 17.6242083797 -0.0180289054 -0.1991123838  1.0000000000 -0.0790658154  0.2491594869  1.0000000000
 5.9326119352  5.4129941707 17.7045053660  5.5115209434  3.9069239234 15.0811154915 -0.0866256427  0.0437332009  1.0000000000 -0.1641482061 -0.1583907017  1.0000000000
 8.0956337624  6.8653371256 16.4694463192  8.2294058697  5.3333995357 17.4184582669 0.1438135873 0.1613491399 1.0000000000 0.1644584922 0.0285005450 1.0000000000
 5.7519816198  5.4612260881 15.8827997099  7.8434719452  5.3972444799 14.3187539777 -0.1573954772  0.0218701052  1.0000000000  0.1451703530  0.0354072461  1.0000000000
 7.5780261542  6.7806932134 16.0827955416  5.7389496319  6.9017119824 16.4140806246  0.1038956562  0.1925618948  1.0000000000 -0.0836148671  0.1764828379  1.0000000000
 5.9874742452  5.6945925992 17.5714083402  6.0273158333  5.6217616486 15.5981901882 -0.0840159933  0.0208132285  1.0000000000 -0.1298156583  0.0414965676  1.0000000000
 8.2686056727  5.5207442092 16.9520160851  5.1016155865  7.1940511259 13.9683330068  0.1976574465  0.0538591072  1.0000000000 -0.3091310651  0.3423747661  1.0000000000
 8.7739337901  5.6943706541 14.6519648693  6.8602408990  5.1747281759 17.7128069396 0.2336765269 0.0663742876 1.0000000000 0.0327862406 0.0207519836 1.0000000000
 5.1268316701  3.4255749638 16.9185236737  7.4365333494  4.0721767766 13.8838025723 -0.1325776012 -0.1787965130  1.0000000000  0.1230546413 -0.1576749264  1.0000000000
 6.9451453583  6.1705018874 16.8115803867  6.7175609164  4.8921320381 15.3729902557  0.0029119784  0.1519090702  1.0000000000 -0.0321301460 -0.0670275900  1.0000000000
 5.2580151308  4.7265425077 16.1109452590  7.6370818547  6.5102414892 17.4584202783 -0.2058053522 -0.0515861606  1.0000000000  0.0876843933  0.1120784442  1.0000000000
 6.1789522353  5.8098323305 14.4316833210  6.0983969591  6.0668071403 13.8304839472 -0.1247988497  0.0664112082  1.0000000000 -0.1298079210  0.1607739545  1.0000000000
