797.2000000000
50
10.8307712941 11.7696866881 -4.2117263092  0.2731568724 -0.0212377210  1.0000000000
12.1786536719 12.3785455310 -3.1972623038 0.1040734737 0.0786339218 1.0000000000
12.3254113775 11.1309439863 -4.9177518302  0.1438827515 -0.1809668853  1.0000000000
13.0851490245 10.5501634345 -3.8850789743 -0.0120944517 -0.2276708261  1.0000000000
11.9739164072 11.4408238587 -1.5026461274 -0.1412620160  0.1722069620  1.0000000000
14.9643210940 11.1930272592 -4.3544047058 -0.0600924402 -0.2077475959  1.0000000000
12.7829104465 11.5827926598 -1.8638986556 -0.1253783193  0.0847501541  1.0000000000
14.1369329818 13.2911130694 -1.7673302652 -0.1337026987  0.1865311602  1.0000000000
13.8625403656 12.9510001720 -3.3244167021 0.0293895555 0.0397722866 1.0000000000
12.5895890462  9.3010573625 -3.4552552326 -0.0711611691 -0.2601569174  1.0000000000
12.1410956837 13.9634034338 -3.5708117790 0.1278043808 0.2049901285 1.0000000000
13.2948209995 11.0169748436 -1.5862694448 -0.2255408664  0.0186097362  1.0000000000
13.1166789566 11.4957598472 -3.7274752826 -0.0340663379 -0.0753013689  1.0000000000
12.0567708200 13.9492081296 -4.4235026182 0.2421239128 0.1279303607 1.0000000000
13.3095290968 10.2889375622 -4.1560039175  0.0051784010 -0.2431957206  1.0000000000
12.7623338361 11.8468318366 -4.0502324484  0.0726394972 -0.0499835213  1.0000000000
11.5338369077 11.7300142269 -3.0925457538 0.0691443606 0.0540148629 1.0000000000
12.3809723184 11.1787073835 -0.7715416546 -0.2861427047  0.1528654164  1.0000000000
13.2480633213 12.0091256498 -5.5025877296  0.1852371775 -0.0904061865  1.0000000000
13.1065630239 12.9847335200 -4.4603661783 0.1286413911 0.0352428150 1.0000000000
12.7829938095 12.5412865883 -5.3520934000  0.2315526750 -0.0439599753  1.0000000000
11.9549257503 11.3135329284 -3.8188343117  0.1121662135 -0.0750537692  1.0000000000
13.8018063795 12.8768529517 -1.2980403063 -0.1604312621  0.2151724840  1.0000000000
12.0322949931 13.3026764821 -2.9490873147 0.1271493780 0.1865412225 1.0000000000
13.3826601424 11.4349309205 -3.4349743140 -0.0583652159 -0.1121374474  1.0000000000
10.8967771527  9.8053484117 -5.0403526163  0.2861079345 -0.2829898079  1.0000000000
12.9885409670 12.4946504075 -3.2207308276 0.0314249998 0.1032041455 1.0000000000
11.6856609038 12.3733104818 -3.7151116570 0.1765320553 0.0863092780 1.0000000000
12.1607381830 12.6887972776 -4.7855013769 0.2526677947 0.0227704074 1.0000000000
11.4160431510 10.8473410553 -4.1718901435  0.1941400650 -0.1008543843  1.0000000000
13.0031524213 11.2985026639 -4.2547543318  0.0404527356 -0.1043107562  1.0000000000
13.9422958878 13.9669786221 -2.6729814319 -0.0298480382  0.1828690214  1.0000000000
12.8774061041 14.4583101590 -3.5101235609 0.1007452419 0.2104321440 1.0000000000
13.6180610100 12.8101477969 -3.2669083549 -0.0150918740  0.0390817610  1.0000000000
13.3097096765  9.0683853360 -2.3651020334 -0.2778065310 -0.3096634666  1.0000000000
10.9860194002 12.8294993350 -2.3094441232 0.1162356447 0.2816738595 1.0000000000
13.5373966827 12.6977043532 -4.2963783016 0.0760356229 0.0243240340 1.0000000000
13.4390131897 10.7934735111 -3.2863484904 -0.0657710852 -0.1188881592  1.0000000000
11.1269822200 10.2024206778 -4.1330402299  0.1358861898 -0.2118085318  1.0000000000
11.9480107017 12.7822525598 -1.7438460361 -0.0171914059  0.2001632171  1.0000000000
12.8278080103 12.4017427492 -3.5698370100 0.0408042509 0.0340727431 1.0000000000
13.0235975630 12.9729513151 -1.3246587682 -0.1092698192  0.2535210720  1.0000000000
13.3318700984 12.1729865651 -1.8557373141 -0.1682149761  0.1510191303  1.0000000000
13.0587631691  9.6526181789 -2.3177091126 -0.2421046999 -0.1599950207  1.0000000000
11.4868970510 10.9492018843 -4.9361047156  0.2180750077 -0.0964990910  1.0000000000
12.3735765493 11.8252440144 -1.0750370963 -0.1787421525  0.1557296204  1.0000000000
13.8536466827 12.1284303997 -3.1554213310 -0.0563971756 -0.0160186668  1.0000000000
11.4115226838 11.4450146689 -1.1472963142 -0.1562681894  0.2230235443  1.0000000000
11.2609454257 11.7986721350 -3.6140416478 0.1894409465 0.0848198621 1.0000000000
10.6005565560 13.0547678508 -2.9357382028 0.2042009801 0.3397850073 1.0000000000
50
10.9467532269 11.7011021170 -3.7817392055 12.7738511707 13.5952792190 -4.1824768030 0.2138018018 0.0650471498 1.0000000000 0.1435099439 0.1008588030 1.0000000000
11.7749369749 12.9097415879 -2.4634638580 14.2532869069 11.5343038827 -5.8103550259  0.0362137283  0.2240684862  1.0000000000  0.1049658748 -0.2144373747  1.0000000000
10.2361884378 13.0874459212 -3.5304676056 12.5391037005 10.7479380393 -5.3515063883  0.2926679969  0.2405239316  1.0000000000  0.1936876981 -0.2434667290  1.0000000000
14.0234816194 11.7915989505 -3.4315978701 13.3760699982 11.8311725212 -2.1449394755 -0.0672206344 -0.0277793123  1.0000000000 -0.1442891039  0.0932416183  1.0000000000
12.5584921726 11.9560590649 -4.5399313247 13.6400902662 11.8950776889 -5.1659059354  0.1355249536 -0.0481526593  1.0000000000  0.1450069460 -0.1081088610  1.0000000000
11.9100319187 10.3217262608 -2.4287106781 15.2668171721 11.1924174935 -3.0432720673 -0.1066313925 -0.1229759772  1.0000000000 -0.1593853059 -0.1455166506  1.0000000000
12.2432557524 13.3394222946 -4.7818050828 10.8508547909 12.3927707010 -4.2854599307 0.1947867124 0.0404471225 1.0000000000 0.2582603901 0.0801824244 1.0000000000
10.0131583505 12.4781211467 -3.2920505098 10.4685330182 10.9757130619 -4.4917045850  0.2865681353  0.2608043013  1.0000000000  0.2942345080 -0.0725076906  1.0000000000
14.6601630161 11.2609188349 -4.1541716118 10.6026866004 12.5236536877 -4.0824416143 -0.0725276706 -0.1568412462  1.0000000000  0.3036505101  0.1295606078  1.0000000000
12.9913801532 10.8842824639 -3.2973452707 12.0087288615 10.2785048769 -3.9861048537 -0.0715440061 -0.0640776276  1.0000000000  0.0959071972 -0.2172437478  1.0000000000
15.5381621812 11.3651438331 -2.8867003644 12.9607338551 10.0277996607 -2.9461302732 -0.1820206869 -0.1133235861  1.0000000000 -0.1212783444 -0.1600347748  1.0000000000
10.8815469518 13.3728921765 -3.4452845794 12.4369216248 10.6833838606 -3.8209206280  0.2243014912  0.2103973331  1.0000000000  0.0586827127 -0.1045325518  1.0000000000
12.6430885007 10.7052540161 -3.2084417004 11.5450075253 11.2169018882 -4.1076732862 -0.0174624583 -0.1237787925  1.0000000000  0.1711821354 -0.0470004555  1.0000000000
11.2412216868 11.0384356997 -4.7509322517 12.7087846419 12.2288895647 -3.7634246991  0.2538940714 -0.1565433675  1.0000000000  0.0623681949  0.0569250730  1.0000000000
11.4846340503 14.0761666107 -3.7680159154 12.2263488683  9.3039882862 -2.1149467777  0.2244511915  0.2348632123  1.0000000000 -0.2044608841 -0.1603644011  1.0000000000
13.5687890287 10.9041336450 -3.7705297788 12.8142649238 12.1652095337 -3.7435998341 -0.0125556962 -0.1298459323  1.0000000000  0.0496367861  0.0000223847  1.0000000000
13.2941251482 13.7955549049 -3.0839369053 13.2485855610 11.9319070457 -5.1412946607  0.0551470766  0.1538437691  1.0000000000  0.1617042396 -0.0785971387  1.0000000000
12.8445713845 11.1915938030 -1.6940606743 12.9854902042 13.4146117985 -2.7991998083 -0.2319677802  0.0798440271  1.0000000000  0.0357460329  0.1477750964  1.0000000000
12.5660028798 10.9364038036 -5.0353141605 12.5596202051 12.0647305036 -2.1769009074  0.2032193833 -0.1959150489  1.0000000000 -0.0924915613  0.0612423111  1.0000000000
11.8810219233 10.0641133161 -2.5395166777 11.2412187962 10.2724057056 -3.1807933810 -0.0684111957 -0.1058972358  1.0000000000  0.0360184117 -0.0810782394  1.0000000000
10.4697596879 12.7396951929 -2.6937981363 13.2366633654 11.7664004405 -2.5493460588  0.2191553576  0.2521086402  1.0000000000 -0.1461354422  0.0067983583  1.0000000000
12.3718496608 10.4233399376 -1.9967805426 13.8416211629 11.2554129442 -3.9505505177 -0.1756765049  0.0101411142  1.0000000000 -0.0258478812 -0.1022259741  1.0000000000
13.6499004093 11.3772622287 -1.7484103454 12.4770648957 12.0195596375 -5.2089077882 -0.2124497319  0.0631740147  1.0000000000  0.2051379413 -0.0805255625  1.0000000000
12.1660924839 11.4252338038 -0.7475291466 13.7860482284 12.2891953237 -5.2639954088 -0.2783974768  0.1961867323  1.0000000000  0.1063499830 -0.1097460691  1.0000000000
12.9829647543 10.2174789862 -2.2338485151 13.2493427974 11.4144230577 -3.6809964616 -0.1704010959 -0.0820740590  1.0000000000  0.0004369850 -0.0897755724  1.0000000000
11.7469789632 10.8804044813 -2.6438385287 15.6079237149 10.5267645876 -3.2512449885 -0.0452792354  0.0060236771  1.0000000000 -0.2116093969 -0.1935340598  1.0000000000
12.1904641573 10.1672868003 -3.3900767470 11.3939020440 13.1320369690 -2.7940768642  0.0121748743 -0.1703318902  1.0000000000  0.1153152263  0.2739586246  1.0000000000
14.2495964359 11.9906741176 -3.0609297201 14.1292879051 11.4192704938 -4.8704890273 -0.0703448683 -0.0442930093  1.0000000000  0.0677373875 -0.1588156356  1.0000000000
14.0621505404 11.5414345206 -3.9134038889 13.7177448987 11.8493821648 -4.9174357710 -0.0170946308 -0.1116173326  1.0000000000  0.0494605616 -0.1294618342  1.0000000000
14.1234727798 11.3862922924 -1.9636444919 14.2656379692 10.8884649768 -4.0812025330 -0.2234463018 -0.0272564211  1.0000000000 -0.0155673877 -0.1905928987  1.0000000000
11.3575585140 10.9492656715 -4.6374165631 12.6910702824 11.6783049918 -5.5354602104  0.2413258529 -0.1519923604  1.0000000000  0.2095245977 -0.1594472213  1.0000000000
14.1043473857 11.3033850710 -2.6807537992 12.0251458808 11.3221443723 -0.9782488190 -0.1562884327 -0.0708135953  1.0000000000 -0.1965136614  0.1782311289  1.0000000000
13.4250981670 12.8719669150 -3.7018837781 11.0071354084 11.1146218601 -3.4421991501  0.0351703649  0.0599445852  1.0000000000  0.1167801757 -0.0082584596  1.0000000000
12.5161854989 12.1033357448 -5.5059053418 12.5057696578  9.4039672036 -2.7152702493  0.2196497845 -0.0963034907  1.0000000000 -0.1527252870 -0.2000980214  1.0000000000
12.8341392504 13.5356698720 -3.7989562196 12.9403627808 13.0156944661 -4.6983769260 0.1064469724 0.1232281396 1.0000000000 0.1768577432 0.0413388434 1.0000000000
12.2181776375 11.4982410931 -1.1120263354 11.8045626529 10.4755556437 -2.2601998420 -0.2253420101  0.1959202308  1.0000000000 -0.0868419442 -0.0475139589  1.0000000000
11.1256397929  9.8690483937 -4.1194046814 11.9082667254 10.3494863470 -3.3789232674  0.1349113949 -0.2507349222  1.0000000000  0.0171033469 -0.1382781434  1.0000000000
13.2568540776  9.5336454778 -2.7007946460 13.9179931574 11.7276561469 -4.7449831536 -0.2030731876 -0.2228645726  1.0000000000  0.0722539494 -0.1552928636  1.0000000000
11.5218166093 13.6729500582 -3.7726910061 14.3624425867  9.7315033178 -3.0136937695  0.2127499483  0.1874472815  1.0000000000 -0.2002359761 -0.2590025409  1.0000000000
12.4204339975 13.7727846785 -3.9633223587 12.7339995640 12.0847398961 -2.5879382014  0.1477144706  0.1400805534  1.0000000000 -0.0250103416  0.1493970725  1.0000000000
12.4466835612 12.1450274915 -1.3052904701 11.7338038237 13.2878322141 -2.7360469083 -0.1902330129  0.2119089795  1.0000000000  0.0877857619  0.2478683149  1.0000000000
12.3927426687 14.1949284825 -3.5586136846 14.0059122690 10.0542455976 -2.7650300127  0.1233419003  0.2444366963  1.0000000000 -0.1954869838 -0.1798967482  1.0000000000
11.8614161507 10.0610559942 -1.8861254647 11.9688375940 10.1847261883 -3.0249342016 -0.1578128305 -0.0764355475  1.0000000000 -0.0255164523 -0.1175212607  1.0000000000
13.4444336861 13.1339038436 -2.3043051474 13.6500844411 11.5846019407 -3.2585913076 -0.0108461635  0.1380195658  1.0000000000 -0.0326577745 -0.0698173155  1.0000000000
14.4560533436 10.7679970472 -3.3229290414 11.9169546679 12.9068323509 -4.1071761419 -0.1377277502 -0.1722303589  1.0000000000  0.1511504150  0.0773851939  1.0000000000
14.1875717831 11.5275446976 -5.6251135223 11.1152349989 11.2514475549 -3.4359017251  0.0933524458 -0.2282723594  1.0000000000  0.1537040765  0.0359734379  1.0000000000
13.4821002637 11.9203727893 -4.6477867849 11.9192267720 13.2829686959 -3.7727270748  0.0530021948 -0.0837574243  1.0000000000  0.2209668889  0.1367055629  1.0000000000
13.3772966570 12.7324892838 -2.0964165442 13.2125495777 13.9773523659 -2.9669522746 -0.0933729625  0.1342303982  1.0000000000  0.0220757248  0.1842223083  1.0000000000
11.9532275137 11.8121017646 -2.3189698188 12.5069148269 12.0206380650 -4.7257431446 -0.0363474675  0.1525850421  1.0000000000  0.1563325930 -0.0488636176  1.0000000000
15.6979983299 10.8212177703 -3.2201776195 10.9970507973 11.8342649428 -3.0916281338 -0.2202020980 -0.1501001897  1.0000000000  0.1050505864  0.1471787105  1.0000000000
