125.1000000000
50
 -2.9763880446 -19.5058025791  -0.2121207979  0.1256647112 -0.1224200960  1.0000000000
 -1.2558755355 -16.5602391481  -3.5907187665 -0.0436080961  0.3034872569  1.0000000000
 -2.6023583214 -19.3474210202  -1.5251875897  0.0340486874 -0.0213184603  1.0000000000
 -0.1720030103 -17.4320416133  -0.9976428561 -0.1277161301 -0.2143082233  1.0000000000
 -1.9057263304 -20.3046293941  -2.3053744230 -0.1033553446  0.0497209933  1.0000000000
 -3.1426917015 -15.7545101555  -2.6182350189 0.3239669061 0.2393821360 1.0000000000
 -1.3890294307 -19.1605030978  -0.5101424494 -0.0301036809 -0.1880588249  1.0000000000
 -0.5903546335 -18.2285680843  -1.7353021985 -0.1235872404 -0.0635642321  1.0000000000
 -1.9231599101 -16.7777623188  -1.9493051552 0.1427414994 0.0595095393 1.0000000000
 -1.3332154184 -19.4945674676  -1.4091643723 -0.0464802847 -0.0678128485  1.0000000000
 -0.9228515478 -20.5681417392  -0.6979903554 -0.1381504755 -0.1342939791  1.0000000000
 -1.0657230704 -20.1762361550  -2.2606927615 -0.1551229314 -0.0057405994  1.0000000000
  0.4306194071 -18.4664723042  -0.8428889324 -0.1992580988 -0.2221458402  1.0000000000
 -3.0558737265 -17.6226017177  -0.6962972896  0.2441394776 -0.0908598620  1.0000000000
  0.1029890098 -17.3525629353  -3.1327158785 -0.2444842585  0.1195142923  1.0000000000
 -1.1209195156 -20.6546935321  -2.7844367862 -0.2131624825  0.0296189212  1.0000000000
  1.0478593245 -17.7002054558  -0.9382573852 -0.2991982438 -0.2722200802  1.0000000000
 -2.1472633383 -17.8150644666  -0.7278550369  0.1268823819 -0.1038562972  1.0000000000
 -0.3321028294 -17.0830235802  -4.2919062291 -0.2611524016  0.2470553264  1.0000000000
 -0.3302443946 -18.3113232461  -1.4383775523 -0.1565611127 -0.1330300407  1.0000000000
 -3.1449754111 -17.3928334294  -0.9640583610  0.2698239559 -0.0542212447  1.0000000000
 -3.8811996259 -19.1891297172  -1.3212223237 0.1466363784 0.0476039409 1.0000000000
 -3.5917260264 -19.6165625181  -1.9886777731 0.1261946363 0.0679193759 1.0000000000
 -0.1853884126 -18.5416779852  -2.9957161872 -0.2493260673  0.0567167225  1.0000000000
 -2.9681050539 -20.0314371907  -2.2895917579 -0.0047841397  0.0781693651  1.0000000000
 -2.4788398799 -18.4506543217  -2.3697783900 0.0339347752 0.0942561568 1.0000000000
 -2.4164086106 -18.6691634123  -2.6648136122 -0.0052040741  0.0861388425  1.0000000000
 -2.7143249957 -19.7466048155  -1.4451967904  0.0449598771 -0.0261198526  1.0000000000
 -0.8958312390 -20.4823626710  -2.6064611522 -0.1830511576  0.0438696696  1.0000000000
 -0.0810327618 -17.7065760382  -3.6072099107 -0.3132264703  0.2103944876  1.0000000000
 -1.8994922091 -18.8232624748  -2.7300924007 -0.0841423140  0.1449402376  1.0000000000
 -2.4219329432 -16.5688035556  -1.6985185518 0.2208903192 0.0198513636 1.0000000000
 -2.8319649534 -19.2766706639  -0.5672526790  0.1096617569 -0.1119139605  1.0000000000
 -2.1100803995 -17.8826315194  -0.7854025026  0.1308995876 -0.1047221434  1.0000000000
 -0.2299546192 -17.5331555704  -3.7529574893 -0.2466869583  0.1569382737  1.0000000000
 -0.6882048200 -20.2175576192  -1.9580054405 -0.1698734647 -0.0401629916  1.0000000000
 -2.9494643936 -18.1040468410  -2.9139003054 0.0349492097 0.1517432076 1.0000000000
 -0.1422580789 -16.9645086351  -2.0756049197 -0.1300580859 -0.0139888258  1.0000000000
 -0.7769819991 -19.0196321365  -2.0670955176 -0.1410888796 -0.0367530284  1.0000000000
  0.0028064858 -18.3365630613  -2.4106653255 -0.2482545934 -0.0076718608  1.0000000000
 -0.5447446359 -16.8611022032  -3.6076919532 -0.2005721918  0.1924751290  1.0000000000
 -3.2003513887 -18.0504668220  -1.7873135674 0.1513518480 0.0560545548 1.0000000000
 -3.8009064103 -18.9324342814  -0.4442764317  0.1945158353 -0.0680957762  1.0000000000
 -1.6475926395 -16.8037480059   0.2090816522  0.1970550967 -0.2494032279  1.0000000000
 -1.2747903739 -20.6223997534  -0.6486475814 -0.0564535441 -0.1579283518  1.0000000000
 -0.6906708487 -18.1249090561  -0.8256657116 -0.0059537514 -0.2171665836  1.0000000000
 -0.8178259032 -17.6803972787  -3.5087561342 -0.1778735018  0.1508247728  1.0000000000
 -2.1992870945 -18.6737552852   0.1811103869  0.1244307866 -0.1804676471  1.0000000000
 -1.5712330423 -16.5381366719  -0.6274745475  0.1593311354 -0.1489849434  1.0000000000
 -0.9265274385 -18.9254071400  -1.4420282822 -0.0905561584 -0.1039585876  1.0000000000
50
 -1.5941599758 -18.8276181505  -2.0374580457  -0.0979377910 -19.5210738637  -1.9115028965 -0.0424229649  0.0154781201  1.0000000000 -0.2612518943 -0.0860006288  1.0000000000
 -0.5397372140 -17.4239940156  -1.3562622480  -0.2297995420 -16.9238665321  -0.6171557730 -0.0826109534 -0.0879111573  1.0000000000 -0.0305479578 -0.2596721201  1.0000000000
 -1.3044811600 -17.2373370361  -1.3399584319  -2.4169189159 -16.7259535327  -2.4677330688  0.0185538439 -0.0856000621  1.0000000000  0.1233218491  0.1772480075  1.0000000000
 -2.6617171917 -18.2351053853  -3.3547786968  -2.8424174775 -19.0270335386  -2.2062600276 0.0222397651 0.2412291671 1.0000000000 0.0594091032 0.0821539707 1.0000000000
 -2.6884338776 -17.4635055177  -0.9618557708  -1.0157866764 -18.7906243920  -3.0744565327  0.1800757536 -0.0498119018  1.0000000000 -0.1520088526  0.1305386121  1.0000000000
 -1.3015567508 -16.4873274909  -0.8622685469  -3.8934610426 -17.0524833121  -2.3967004552  0.0790439133 -0.1303404504  1.0000000000  0.2797141028  0.1982006641  1.0000000000
 -0.3000762339 -18.6006974828  -0.4686726109  -1.3315102173 -19.7387772877  -0.3222670339 -0.0897525051 -0.2308321388  1.0000000000 -0.0530052271 -0.1603176965  1.0000000000
 -1.9107150493 -16.9734826392  -0.6481238387  -2.2970435241 -19.2782281967  -1.5803611928  0.1297001744 -0.1187709359  1.0000000000 -0.0268453006 -0.0233883627  1.0000000000
 -0.8934169129 -18.5529769643  -0.0756847905  -0.1790286997 -17.0351948941  -3.5075772341  0.0136327741 -0.2404738476  1.0000000000 -0.2186775766  0.2119362542  1.0000000000
 -1.6076028298 -18.7609483733  -0.5266432260  -1.1223474492 -18.4771267282  -2.8728589334  0.0021716741 -0.1272840694  1.0000000000 -0.0861230268  0.0907234510  1.0000000000
 -2.3754774947 -18.5574521318  -2.5466106948  -0.4854582892 -17.8329487795  -0.7150964836 -0.0072220061  0.1170416654  1.0000000000 -0.0430365215 -0.1962414828  1.0000000000
 -1.2491134239 -17.5561789980  -2.2148051156  -1.6434407434 -18.5657615324  -1.2635985784 -0.0488345261  0.0464155869  1.0000000000 -0.0187129573 -0.0558057989  1.0000000000
 -3.5645583909 -19.4446323760  -1.5259538070  -1.0582516198 -19.5764761745  -1.5898974861  0.1505937892  0.0105376801  1.0000000000 -0.1247984005 -0.0822286802  1.0000000000
 -1.0133279737 -17.6049776931  -3.4837503177  -4.2840242807 -17.9865153742  -2.1663255273 -0.1401699060  0.1935992134  1.0000000000  0.2511772727  0.1673762139  1.0000000000
 -1.1422957340 -19.9595937729  -1.9720286077  -3.2412927471 -16.9738071070  -2.6544638232 -0.1181334275 -0.0401709690  1.0000000000  0.2289285597  0.1569045346  1.0000000000
 -2.0611917416 -18.4498767673  -1.5672822010  -2.0856914285 -16.3446553242  -2.4683227111  0.0532952842 -0.0232683921  1.0000000000  0.1395252589  0.1286364151  1.0000000000
 -1.6636298032 -18.3314866676  -4.0103694344  -2.7995728268 -19.4602458245  -1.6706990534 -0.1076666513  0.2491149948  1.0000000000  0.0568499889 -0.0101125618  1.0000000000
 -0.4382974566 -18.3316928497  -2.2717196455  -0.7027821050 -17.0509702102  -0.7199328180 -0.2123550963 -0.0238825384  1.0000000000  0.0075166138 -0.1972099351  1.0000000000
 -0.8509852333 -18.0797293619  -1.7500228844  -0.1748821427 -19.3590311880  -0.7640865502 -0.0907805473 -0.0743246419  1.0000000000 -0.1410997058 -0.2411498682  1.0000000000
 -2.7994647707 -18.3083381563  -2.9988981439  -1.6018901895 -19.4403802766  -0.7000683931  0.0832984608  0.1705588023  1.0000000000 -0.0166243699 -0.1512726744  1.0000000000
 -3.7150901771 -17.8581363835  -2.0462645513  -2.1801167938 -16.6603162687  -2.8445755512 0.2348696110 0.1364903398 1.0000000000 0.0999318759 0.1945755683 1.0000000000
 -2.4251298131 -19.4094409697  -0.6456140288   0.6046870973 -17.4989447811  -1.0904071544  0.0640465934 -0.0856394363  1.0000000000 -0.2003418861 -0.2471880766  1.0000000000
 -2.4682798995 -18.7185304396  -1.4515949355  -3.4913447819 -18.9732962762  -1.5376582889  0.0671232735 -0.0160744736  1.0000000000  0.1353157661  0.0403472295  1.0000000000
 -1.2095548913 -18.0139739091  -3.8857762756  -1.3348243932 -19.2613457296  -2.1381768650 -0.1662296721  0.2116079556  1.0000000000 -0.1266112722  0.0148515342  1.0000000000
 -0.4941858083 -20.2231100456  -0.7592551609  -1.5778164258 -18.0526441637  -3.3061686849 -0.1235220443 -0.1708846479  1.0000000000 -0.0852208660  0.1912608442  1.0000000000
 -0.8574196640 -20.2550292115  -2.0709266953  -3.5980117510 -18.5169517456  -1.3205208124 -0.1834307158 -0.0426651745  1.0000000000  0.1908795097  0.0280732944  1.0000000000
 -0.2915198831 -18.4871329535  -1.9633023388  -1.8401253775 -20.5094827781  -1.8543159880 -0.1885492595 -0.0324353342  1.0000000000 -0.0566067788 -0.0212393913  1.0000000000
 -1.4308321777 -16.8181839384  -0.1073840459  -2.3736788398 -19.3976489615  -3.6220057286  0.1927052739 -0.2261209783  1.0000000000 -0.0444982958  0.1696931322  1.0000000000
 -0.7365329934 -19.0839949961  -1.3414333640  -3.7197376982 -18.6787108916  -2.8865257343 -0.1477062574 -0.1181176987  1.0000000000  0.1555939967  0.1525957937  1.0000000000
 -2.4423719231 -15.9756120977  -2.2618345873  -1.1322022483 -17.0064879210  -0.2543661364  0.2261896658  0.1571357195  1.0000000000  0.0740293442 -0.2195065001  1.0000000000
 -1.0292973584 -18.7798066981  -4.1364675037  -2.5581335072 -18.2470105852  -2.2743044716 -0.2092851990  0.2151005487  1.0000000000  0.0319000616  0.1155512674  1.0000000000
 -2.6454416715 -17.4884528284   0.5968490055  -1.0796897253 -18.9290857241  -0.2129587445  0.2343106169 -0.2361388210  1.0000000000 -0.0078959522 -0.2339980073  1.0000000000
 -2.1252792417 -19.6550361049  -0.4954412158  -2.6685115006 -18.4705002395  -3.4791359229  0.0249128704 -0.1569319790  1.0000000000  0.0019227740  0.2206145677  1.0000000000
 -3.3960952172 -19.3743282514  -1.3768224371  -1.4809573085 -16.8599485254  -0.8336425703  0.1238325987 -0.0011402798  1.0000000000  0.1304384941 -0.1241824884  1.0000000000
 -1.8602850173 -19.9795499900  -1.1514248499  -2.1609048342 -19.0676596968  -1.5919221238 -0.0585255344 -0.1397532519  1.0000000000 -0.0410702480 -0.0209197462  1.0000000000
 -2.1095450217 -17.6581235461  -3.5347850231  -0.4445895876 -18.5782279260  -2.3837294842  0.0058061284  0.1949475445  1.0000000000 -0.1759534500 -0.0153235027  1.0000000000
 -0.6287297903 -16.8807180341  -4.0138453551  -1.7872235287 -20.5651470552  -2.1509624149 -0.2266281052  0.2958346301  1.0000000000 -0.0964562341  0.0301545920  1.0000000000
 -1.2442896632 -18.2809642827  -1.4704733770  -2.9467146687 -20.0820901967  -3.5490841574 -0.0241779445 -0.0599124965  1.0000000000 -0.0506443805  0.1866594003  1.0000000000
 -3.6624329294 -17.4058521589  -2.5262423161   0.4318989833 -18.0607263963  -0.6163743152  0.2112566514  0.2139847372  1.0000000000 -0.1434485977 -0.2298157810  1.0000000000
 -3.0763212050 -19.5991429917  -3.1972631074  -3.1232982620 -16.7883175613  -1.5562567030 -0.0061456636  0.1708168083  1.0000000000  0.2590320070  0.0438076748  1.0000000000
 -4.3161273075 -18.5784421202  -2.7857001916  -0.7888176052 -17.6885769605  -1.5583095441  0.1676846005  0.1841500222  1.0000000000 -0.0267576832 -0.1190846852  1.0000000000
 -0.7756238737 -18.2700271733  -1.6706486078  -2.7490962212 -18.0780390241  -0.7944031596 -0.0703865255 -0.0465725936  1.0000000000  0.1430962403 -0.0413164712  1.0000000000
 -1.7135653208 -19.7368310012  -3.3280760621  -0.5646920988 -17.6904680581  -3.5000657995 -0.1173606822  0.0762521270  1.0000000000 -0.1469070106  0.1343132494  1.0000000000
 -3.2108541219 -17.8466368794  -0.0862902804  -0.1429290252 -18.9874960762  -2.4980398020  0.2531693759 -0.1204693233  1.0000000000 -0.2651923268 -0.0115302922  1.0000000000
 -3.2391424340 -18.1919773545  -0.6298154758  -1.5384745214 -16.8348931221  -2.4623767637  0.1979849452 -0.0395401300  1.0000000000  0.0285355292  0.0654553275  1.0000000000
 -0.9916247852 -16.7905367285  -1.8166329827  -4.0365271799 -19.2899481962  -1.9212648726 -0.0106856219 -0.0208342441  1.0000000000  0.1555012807  0.0958021845  1.0000000000
  0.0596922321 -18.3286337870  -0.8271041864  -2.4960560799 -18.5702874008  -2.2098057453 -0.1478926759 -0.2104816562  1.0000000000  0.0275307494  0.0538719295  1.0000000000
 -1.1692886467 -18.3134526427  -1.7816199420  -1.0446934246 -19.2265567596  -2.7912666592 -0.0710275458 -0.0413471514  1.0000000000 -0.1423414200  0.0431450706  1.0000000000
 -1.4210400235 -19.4860554868  -0.7651998305  -3.6931995954 -18.5009383069  -1.6981251934 -0.0672628791 -0.1456050773  1.0000000000  0.1763714223  0.0675018575  1.0000000000
 -1.0816247614 -19.7425360428  -1.3685057044  -3.2967720469 -18.2983630200  -0.7835425035 -0.1271300079 -0.1292226221  1.0000000000  0.2185792429 -0.0660958013  1.0000000000
