981.7000000000
50
-2.3740564901 12.2727822455 -1.2716596026 0.0084238747 0.2527861145 1.0000000000
-2.6610902048 13.4071739527  2.2271860088  0.2032086261 -0.1948144945  1.0000000000
-5.1847535687 14.4508531376 -0.9892051271 0.1132708598 0.1700961160 1.0000000000
-2.5536746660 11.7878396266  1.7400797072  0.0150989385 -0.2078362403  1.0000000000
-5.6944098821 13.9018971820 -0.8224890393 0.0380289412 0.1146272320 1.0000000000
-3.2855944325 14.1419228714  0.3972318823 0.1911156677 0.0506942012 1.0000000000
-4.5654603270 13.1351255247  0.0551105442 0.0414687892 0.0773748213 1.0000000000
-5.5532430992 12.6248854915  2.0383702408 -0.0314983531 -0.1311405356  1.0000000000
-3.5147307109 11.8649702394 -1.4463859032 -0.1154959128  0.2352750569  1.0000000000
-3.9999068475 12.1538587152  2.3025190426 -0.0077362463 -0.2184924855  1.0000000000
-4.3184461996 11.4612429479  0.1354783718 -0.1488894173  0.0743859705  1.0000000000
-4.6581855854 11.7358771025  0.8608398684 -0.1180908464 -0.0329602264  1.0000000000
-4.0294970480 12.7073342806  2.0851410726  0.0571310734 -0.1602006856  1.0000000000
-4.9485398587 12.9528248860  0.2777794076 0.0154582784 0.0267657994 1.0000000000
-4.4236671170 13.0136742625  2.0770865862  0.0641766443 -0.1271805429  1.0000000000
-3.0222437004 12.2332531296  2.3507894771  0.0462941562 -0.2186381737  1.0000000000
-6.4374553293 11.7596719777  0.3659609070 -0.1908954742  0.0301945599  1.0000000000
-2.4257140659 13.0302340832 -1.0878770098 0.1358643675 0.2498653048 1.0000000000
-2.4277033742 12.2238703618  1.6279922605  0.0189644914 -0.1948723545  1.0000000000
-2.3677944523 13.5180891540  0.1309649765 0.1844674208 0.0604527151 1.0000000000
-5.3993251750 12.7542072016 -0.4978714713 -0.0741545451  0.1619259699  1.0000000000
-2.4302760315 12.9857359372  2.5624412202  0.1851176097 -0.2630890386  1.0000000000
-3.8135156756 11.9577223473  0.3431653356 -0.1083609464 -0.0062416148  1.0000000000
-1.6014123851 13.5850973827 -1.3329800994 0.2820376762 0.3427783582 1.0000000000
-2.5607226508 12.6738577100  0.3736632952 0.0979768370 0.0698462075 1.0000000000
-3.2157961835 11.3274597803  2.0980575682 -0.1126751762 -0.2699885888  1.0000000000
-4.8375627692 13.2953573310  2.3741565526  0.0282860651 -0.1533536202  1.0000000000
-4.7820526794 13.4112929529 -0.3882537011 0.0556006249 0.1199910992 1.0000000000
-5.2914680075 14.0476790679  1.4436950188  0.0485704326 -0.0716463867  1.0000000000
-3.7443965714 13.8395774808  2.0030657724  0.1504846641 -0.1229190466  1.0000000000
-4.4390707876 10.8503726847  0.2810305913 -0.2585662363  0.0205317470  1.0000000000
-3.1446482912 13.6582293156  1.5306962494  0.1859850648 -0.0975202278  1.0000000000
-6.5046838632 11.9648490730  0.1000770260 -0.1784308530  0.0716023945  1.0000000000
-5.8341073991 13.2817179869  0.6925875169 0.0026567113 0.0012268071 1.0000000000
-4.1399369968 12.3614883105  1.9704484003 -0.0725729965 -0.1325844436  1.0000000000
-4.2452089711 13.2979938652  0.8788501585  0.0939879316 -0.0229809836  1.0000000000
-4.1852319935 14.0754791444  2.6554098979  0.1239729283 -0.1951782644  1.0000000000
-3.8883930524 13.3419086908  0.3283009338 0.0817101757 0.0581408270 1.0000000000
-5.6277533955 12.8004263697  1.6151213291 -0.0595736377 -0.0929016461  1.0000000000
-2.7817453398 11.2631895658  2.0050180525 -0.0456390809 -0.2361340029  1.0000000000
-3.7438269935 14.3207431281  2.4003363197  0.2329705289 -0.1134794316  1.0000000000
-6.0208631636 13.1543931384 -0.9734511794 -0.0350871831  0.1758719696  1.0000000000
-3.8292740293 13.6261852064  2.8089626278  0.1044593973 -0.2538280902  1.0000000000
-2.2651124985 13.0787836380  0.8875373272  0.1721558395 -0.0961373994  1.0000000000
-2.9967365780 13.5432716920 -0.7807198443 0.1966612745 0.2275818176 1.0000000000
-5.4019317665 12.4324843877  0.7658887698 -0.0984580941 -0.0217344451  1.0000000000
-4.5411514240 14.7196378818  1.6967539679  0.2134359523 -0.0725041673  1.0000000000
-3.6727318995 13.5068420345 -1.1160956991 0.0978967943 0.2144819777 1.0000000000
-5.3702636814 11.9681249208  1.2905380629 -0.0567946183 -0.0673988180  1.0000000000
-5.9664224465 12.0105970579 -0.0152945923 -0.1429460828  0.0645603183  1.0000000000
50
-2.2059632800 14.1232582940  0.3588949492 -4.7580597290 15.2022283957 -0.7480478552 0.3178412170 0.0562406167 1.0000000000 0.1555456845 0.1505786700 1.0000000000
-4.6030076190 15.0407498101  0.1190280573 -4.1067924784 12.2646162651  0.6484998980  0.2119434134  0.0495797097  1.0000000000 -0.0587518376 -0.0164403069  1.0000000000
-4.8388351775 11.9377768563  1.6476590198 -5.2846007690 14.3903522429  0.8387036792 -0.0696636590 -0.0929018855  1.0000000000  0.0882286412 -0.0158775661  1.0000000000
-5.6737544124 11.5859564133  0.7810306911 -5.1631975618 11.0567632206  2.0406958385 -0.1666903593 -0.0146886859  1.0000000000 -0.2087008618 -0.1494952429  1.0000000000
-2.7141137596 11.5383786567  1.1595209002 -6.0507830229 11.6535912988  0.8770212651 -0.0412058477 -0.1160865445  1.0000000000 -0.1960230378 -0.0442072533  1.0000000000
-4.6127783957 13.7567946440  0.1370671852 -4.6561519026 13.5050621734  0.5172884132 0.0264719146 0.0773492324 1.0000000000 0.0701913772 0.0528938276 1.0000000000
-4.8783443002 12.3527628354  0.8973865362 -3.9628553412 14.3181238966 -0.8486222561 -0.1003908398  0.0073547314  1.0000000000  0.1815146617  0.2254348049  1.0000000000
-2.9124397847 10.3908193217 -0.0296290516 -2.9670034186 12.7339896290  0.3990157100 -0.2732735497  0.0505357527  1.0000000000  0.0858767113  0.0313044463  1.0000000000
-2.9075425234 10.2368778762  0.9393012322 -3.1007167480 11.1452246097 -1.5193338525 -0.2760564473 -0.1126765071  1.0000000000 -0.1512489537  0.3217742039  1.0000000000
-2.5225719685 11.8824658737  2.1468849054 -3.3457513411 14.5732004104 -0.9657174302  0.0299696104 -0.2741304189  1.0000000000  0.2366560822  0.2198675869  1.0000000000
-4.0126882062 13.3466477001 -0.0573739586 -3.4130092907 11.1064534945  0.6662560095  0.0309424470  0.0934994368  1.0000000000 -0.1332105505  0.0018777950  1.0000000000
-4.8036552876 13.5132413253  2.3754476083 -2.6130082942 12.5323017655 -0.4037503900  0.0771556305 -0.1579362729  1.0000000000  0.0623911361  0.1295298066  1.0000000000
-6.3054279980 12.3565696082 -0.2764913159 -1.8445922691 12.4480032247  2.4556082922 -0.1383546702  0.1222118638  1.0000000000  0.1215597443 -0.2841111985  1.0000000000
-5.1419701459 11.0326635943  2.3536792696 -5.4126400429 11.0953509506  2.0120872152 -0.1930800421 -0.1769528180  1.0000000000 -0.2327638343 -0.2083895503  1.0000000000
-5.9416178498 11.7787136095  1.6141237041 -4.3004016772 11.1190035799 -0.6170964305 -0.1756581786 -0.0718750798  1.0000000000 -0.1988651915  0.1439954622  1.0000000000
-2.8309125904 13.3229723562  1.4034625012 -6.0592199489 12.4219679875  0.5782929918  0.1567501780 -0.1042267466  1.0000000000 -0.0421221348  0.0649081520  1.0000000000
-2.9034558930 11.4429150055  1.0131243085 -5.6848962982 11.6361253437  0.5812721354 -0.0650545633 -0.0910730269  1.0000000000 -0.2086063746 -0.0021575121  1.0000000000
-2.8748101983 13.6477505404  0.8292393376 -3.3978386148 14.0027548229  0.7428992332  0.1946096836 -0.0217534830  1.0000000000  0.1642813972  0.0134308560  1.0000000000
-2.1978797848 13.4818384496  2.0522625222 -3.9440771961 10.8061715968 -1.0725040075  0.2553931996 -0.1918333454  1.0000000000 -0.2897858306  0.1782893171  1.0000000000
-3.5622671482 11.7155251254 -0.4820114687 -4.2199068317 10.7130903202  1.9054020102 -0.1230006014  0.1509462054  1.0000000000 -0.2513683186 -0.1667628931  1.0000000000
-4.0059889329 12.1924215094  0.7853590120 -2.2830060852 13.7526349562  1.1353119495 -0.0972505545 -0.0286271178  1.0000000000  0.2550337771 -0.0651924969  1.0000000000
-4.1604536234 11.8636054651  0.3946902055 -4.4837187254 14.1179426425  1.6137992125 -0.0784215937  0.0241796234  1.0000000000  0.1249527840 -0.1080219115  1.0000000000
-5.6988962545 12.5626462558  0.0273150892 -4.1135271436 13.8939180187  2.1303751588 -0.0804507168  0.0756621385  1.0000000000  0.1520949348 -0.1557629048  1.0000000000
-3.3523623878 14.3673993178  1.2883619484 -3.2471667986 13.8550655374  0.1640303676  0.2453968559 -0.0487406475  1.0000000000  0.1883130485  0.0986943235  1.0000000000
-3.8228794168 13.1372387961 -1.0384997658 -4.5262945001 13.7314824784  1.5511101278  0.0299711033  0.2172059356  1.0000000000  0.0990794709 -0.0735668449  1.0000000000
-5.7284485566 12.1102740049 -0.4825638867 -2.6626228855 12.1328675765  2.4448021585 -0.1570522924  0.1221005257  1.0000000000  0.0491349345 -0.2870384138  1.0000000000
-3.2364409053 10.6065823303  0.4261302678 -3.6785551440 12.1141052246  1.5227918240 -0.2048776812 -0.0014801485  1.0000000000 -0.0085591823 -0.1374892604  1.0000000000
-3.4228549146 10.5301759049  1.8371040825 -4.2410361471 12.0168626242 -0.7169754752 -0.2369578187 -0.1989552256  1.0000000000 -0.0740579325  0.1620905021  1.0000000000
-2.7274053490 12.8644902315  1.1565466658 -3.2237258826 11.7977752177 -0.7552882820  0.0750203324 -0.0557384992  1.0000000000 -0.0584544191  0.1750869207  1.0000000000
-2.5676350280 10.9815141651  1.2455306705 -4.0337812096 12.9431964586  2.5850325958 -0.1433550753 -0.1471226221  1.0000000000  0.0566936141 -0.2163093575  1.0000000000
-3.4486262125 12.1354508097 -0.8411153401 -3.7909590472 12.0250435718  2.4216246669 -0.0334891970  0.1927955564  1.0000000000  0.0092507655 -0.2978207926  1.0000000000
-5.0249719678 14.7171828830  2.3916034993 -3.0381353345 10.8180077518  0.1277139380  0.1834641568 -0.1363746395  1.0000000000 -0.2028753463  0.0446845303  1.0000000000
-4.3797755611 12.0706145368 -0.3876330079 -4.9087173130 11.2859777770  1.7205704708 -0.0514879939  0.1483115257  1.0000000000 -0.1543182151 -0.1568320267  1.0000000000
-5.3558297793 13.2156280702  1.0071289791 -4.5354696243 12.1270026092 -0.0138531658  0.0163992379  0.0024613256  1.0000000000 -0.0874343951  0.0475494870  1.0000000000
-5.2860402487 13.6973072574  0.1474163071 -2.4914647681 12.4188531432  1.4774636727  0.0810223172  0.0686831598  1.0000000000  0.1088526021 -0.1562399852  1.0000000000
-4.9696054110 12.9982558560  0.5257429626 -2.7532861638 12.3959101670 -1.4471531154 -0.0621967610  0.0194073517  1.0000000000  0.0285398195  0.3003288765  1.0000000000
-3.9770187298 13.6307360319 -1.1730815619 -4.1229126973 11.3431249235  2.2111855783  0.0996189567  0.2138144720  1.0000000000 -0.1088033797 -0.2374834983  1.0000000000
-3.5497630073 14.5701963893  0.5983480049 -5.8264930106 11.9329551663  1.9663416409  0.2563243050  0.0469283523  1.0000000000 -0.1550772516 -0.1478628417  1.0000000000
-5.4424810121 13.6788443080  2.6869122332 -4.2333289236 11.9041390041  0.1317201032  0.0366137622 -0.1874315538  1.0000000000 -0.0887384599  0.0586068605  1.0000000000
-4.1361256048 14.7780999221  0.9828660463 -3.8245275785 11.5444669851 -0.1309246596  0.1791142217 -0.0097866578  1.0000000000 -0.1602485543  0.0952883256  1.0000000000
-5.0567970504 14.4193189372  1.3265236610 -3.1173387721 13.6106181684  0.5465681154 0.1737256415 0.0047080585 1.0000000000 0.1462907365 0.0369299471 1.0000000000
-4.8579227453 14.1310792578  2.5296111894 -3.5830956252 14.0913108101  0.6815418645  0.1209922094 -0.1819897336  1.0000000000  0.1969742997  0.0430922649  1.0000000000
-4.9860516185 12.6924891708  2.1976838428 -4.5278553015 13.2047532732  2.7337425245 -0.0165619916 -0.1547168735  1.0000000000  0.0728374929 -0.1816388151  1.0000000000
-5.0361236116 13.6665012407  2.8734268317 -4.3967844203 11.8982231941  0.7021203543  0.0593873699 -0.1898775505  1.0000000000 -0.0867363413 -0.0392623493  1.0000000000
-4.5234856715 14.0118894821  1.9826052325 -5.0091475585 12.8882912791  0.5107056321  0.1112377894 -0.1402892280  1.0000000000 -0.0195626176  0.0262781904  1.0000000000
-5.1494150781 14.7192845600  1.0176770969 -5.2137954647 12.9827580113 -0.8315280662  0.1574781034 -0.0206275199  1.0000000000 -0.0056442949  0.1887064081  1.0000000000
-4.2551115575 12.9524147192 -0.4690622421 -4.1192163441 10.6878754490  1.0027457144  0.0159991358  0.1204091985  1.0000000000 -0.2081120979 -0.1085405742  1.0000000000
-3.3105130943 10.8126465948  1.9020585385 -4.9997622993 11.9757173299 -0.8138465338 -0.1643607882 -0.2470873990  1.0000000000 -0.1831184020  0.1923593608  1.0000000000
-3.5505746004 11.2965743098 -0.5773178575 -5.0798686220 13.8051569923  1.8025263959 -0.1855644781  0.0953801293  1.0000000000  0.0841777469 -0.1176545360  1.0000000000
-2.0167116811 13.3397183774  2.4085233266 -5.7030537892 13.4206898506 -0.4348538573  0.2343998208 -0.2952383974  1.0000000000 -0.0005149035  0.1492559797  1.0000000000
