667.4000000000
50
 -3.1635704956   0.3594974651 -10.7400589801 -0.1714130846  0.1776516450  1.0000000000
-4.4210975945  2.2801800862 -9.9925088455 -0.1833564724 -0.1487551940  1.0000000000
 -2.0947589823   2.5946385934 -12.1428170037 0.1513757423 0.0525014097 1.0000000000
 -3.2175883644   0.3567314499 -11.0554590808 -0.1327311223  0.1444557205  1.0000000000
 -3.4931123183   3.8114381691 -11.5225937341  0.0412469480 -0.1654819365  1.0000000000
-2.1386960211  0.6929616607 -9.7185400424 -0.2804487607  0.2177219837  1.0000000000
 -3.2342276547   1.5849495728 -10.4011049360 -0.1582835083  0.0452426972  1.0000000000
 -2.5159562982   1.4726560936 -11.5113804305 -0.0116964467  0.1035529157  1.0000000000
-2.0587811555  2.8039330706 -9.6129222348 -0.1674251347 -0.0792942760  1.0000000000
 -1.8484635104   2.1392884036 -12.8086181659 0.2386591104 0.0812470358 1.0000000000
 -1.4776985578   1.5952744912 -12.2405781705 0.1959832030 0.1617104727 1.0000000000
 -2.9032714761   0.9695961695 -11.9971008850 -0.0248409188  0.1629810960  1.0000000000
 -2.1584331871   2.0822175776 -10.0834374738 -0.1297290661  0.0102653712  1.0000000000
 -0.4696496571   2.2614831442 -11.8936691229 0.2295333917 0.1501364877 1.0000000000
 -1.8222119863   3.5329799673 -11.0938424243  0.0792881788 -0.1017977792  1.0000000000
-1.7721368323  3.0330479194 -9.8709950292 -0.0418350388 -0.0374781398  1.0000000000
 -2.7484131152   2.4228353904 -12.4527597416  0.1083826852 -0.0022682440  1.0000000000
 -1.8077420199   0.5069293908 -10.9599871280 -0.0672565646  0.2213644062  1.0000000000
 -3.0084983586   3.8388804587 -13.3698120113  0.2208468469 -0.1063629309  1.0000000000
 -3.5892979301   3.5882408771 -10.0206412703 -0.1361164934 -0.1869571507  1.0000000000
 -0.7456395698   1.9296908835 -12.2687027219 0.2447205879 0.1891863223 1.0000000000
-1.7893658466  3.3712354311 -9.9456063064 -0.0587540160 -0.1431051063  1.0000000000
 -3.5310440814   1.6809018531 -10.6980001778 -0.1548890962  0.0034043596  1.0000000000
 -2.3213774517   2.9809457459 -11.1818771698  0.0579367793 -0.0649567436  1.0000000000
 -3.4118183924   4.3936641312 -12.3330632038  0.1276395411 -0.2206406141  1.0000000000
-2.0416839916  2.8444186586 -8.9779824794 -0.2517248948 -0.0847147180  1.0000000000
 -3.8340042994   3.6787271664 -10.5036289989 -0.0879171391 -0.1940727583  1.0000000000
-3.6878179718  2.1185663491 -9.9166022796 -0.1853750310 -0.0497390943  1.0000000000
 -3.5288319879   2.6151236927 -11.9593091818 -0.0409670350 -0.0209324229  1.0000000000
 -3.7091858400   1.5892401972 -11.7888955147 -0.0191767934  0.0413194003  1.0000000000
 -2.3348533996   3.0259204683 -13.0760290338  0.2125564505 -0.0360325700  1.0000000000
-0.6021119016  1.4334222541 -9.6882727864 -0.1249408776  0.1649849128  1.0000000000
 -3.2358169789   4.1146669689 -10.8887144451 -0.0036892196 -0.2440675181  1.0000000000
 -4.1496790675   1.4258824147 -11.1774212039 -0.1262255715  0.0408895486  1.0000000000
 -3.6420184820   2.8803266333 -12.6025132138  0.0661721816 -0.0558778634  1.0000000000
 -1.7574610204   2.7864120434 -10.5000367818 -0.0275721107 -0.0372508356  1.0000000000
 -1.2557856734   1.8572528658 -11.2373917676 0.0707104672 0.2114232480 1.0000000000
 -3.0866019046   0.8291477250 -10.9649061798 -0.1207411494  0.1218043897  1.0000000000
 -0.6328426738   3.9441082316 -11.4163676431  0.2184917783 -0.1146004851  1.0000000000
 -2.2589089293   1.7538387516 -12.4446035922 0.1443383294 0.0598540141 1.0000000000
 -0.7085835197   2.3843674795 -10.9448725075 0.1374413617 0.1069522179 1.0000000000
 -3.4478598599   0.1813289717 -12.0193767593 -0.0878790253  0.2055724382  1.0000000000
 -4.2753287679   2.1010591882 -11.7518575518 -0.0722958030  0.0127992139  1.0000000000
 -1.5552693042   2.5079544538 -12.7966908024 0.1883829652 0.0602545177 1.0000000000
 -3.2551619189   3.2830282784 -13.0874544533  0.2105852999 -0.1078375305  1.0000000000
 -0.9003269362   2.0742413510 -12.0046276279 0.1620819016 0.1190390421 1.0000000000
-1.9622137909  2.8849746994 -8.7667816716 -0.2633039342 -0.1131458142  1.0000000000
 -3.5965632844   1.7710451989 -11.7052822769 -0.0032329253  0.0062200826  1.0000000000
-2.1034731535  2.5245165552 -9.2514218859 -0.2282688404 -0.0480443208  1.0000000000
 -4.6812184268   3.0854320281 -10.9443042087 -0.0819927649 -0.1432432807  1.0000000000
50
 -3.2248093461   1.2410522185 -12.5211584294  -1.5106287686   4.3195944632 -10.0849454504  0.0322220176  0.1485660894  1.0000000000  0.0402527871 -0.2540743976  1.0000000000
 -0.1306545315   3.5785164516 -11.6821003848  -0.9130436359   3.3623410881 -10.3889257855  0.2991965333 -0.0293999359  1.0000000000  0.0280760999 -0.0481334435  1.0000000000
 -2.4059936323   3.7848984117 -12.5018766457  -2.8373492751   4.2894400781 -11.3313632622  0.1596151774 -0.1028770457  1.0000000000  0.1020959384 -0.2242560478  1.0000000000
 -3.2643537288   4.1445708744 -13.2188719948  -3.7309523223   1.9961294794 -12.2162312153  0.2340393380 -0.1441472461  1.0000000000 -0.0026229871 -0.0018631439  1.0000000000
 -2.3725614171   2.2111526519 -13.4211780476  -0.9872671191   0.9039860444  -8.9733619484  0.1949525234  0.0459707398  1.0000000000 -0.2592272931  0.2601013586  1.0000000000
 -2.7119841077   1.3064676271 -13.3711020992  -1.0044665168   1.5221626912 -12.8424443998 0.1237864461 0.1536255695 1.0000000000 0.1795367602 0.2361254520 1.0000000000
 -0.3081561069   1.0155421663 -10.0887182122  -4.0642011973   4.1080819665 -12.7434535012 -0.0521059639  0.3248116929  1.0000000000  0.0909000202 -0.1704236313  1.0000000000
-3.0982739031  1.2095675048 -9.7431821611 -3.3198698211  3.1148796542 -9.2711119713 -0.2440019006  0.0119112002  1.0000000000 -0.2112592006 -0.1721787868  1.0000000000
 -2.0865111907   4.0779076486  -8.7528965150  -4.3266017492   4.0626980923 -12.4779229042 -0.1873289267 -0.3064472835  1.0000000000  0.0833466274 -0.1607766359  1.0000000000
 -2.1557933760   1.0027768678 -10.8315131388  -2.1142192894   0.8058866880 -10.3147468342 -0.1071286311  0.1642988094  1.0000000000 -0.1533206147  0.1756333502  1.0000000000
 -2.7192634476   0.7145256381  -9.8017938198  -1.1926035469   3.8908662617 -12.0493753748 -0.2080077072  0.1498175615  1.0000000000  0.2518770819 -0.1533505180  1.0000000000
 -0.9123240005   3.8130857786 -11.7664241999  -2.1260605911   3.6028409400 -12.6414605822  0.2334942307 -0.0781322682  1.0000000000  0.2102517118 -0.0951313021  1.0000000000
 -1.1868150340   1.3692247018 -11.3453132101  -1.7663187890   3.7373455540 -11.5322727969  0.0441424292  0.2041062206  1.0000000000  0.1214522115 -0.0852526912  1.0000000000
 -1.7749578248   3.6158876100 -11.8071555131  -2.2968389581   3.4963809542 -12.1464796306  0.1784220479 -0.1092675719  1.0000000000  0.1978432122 -0.0928992511  1.0000000000
 -0.7953475115   1.7122897130 -11.2370884541  -2.9236132553   3.2669135686 -11.0666904879  0.0735007401  0.1742863366  1.0000000000  0.0006078749 -0.1437570232  1.0000000000
 -3.1991330868   0.9840925750 -11.1795791933  -3.7259664885   3.9106028052 -11.7819065710 -0.1071130502  0.0999563278  1.0000000000  0.0530349632 -0.1806513476  1.0000000000
 -2.5379130338   3.6456286959 -12.9078375167  -2.5308960227   0.6518320224 -10.8231788597  0.2030913363 -0.0920019723  1.0000000000 -0.0933755921  0.1848217540  1.0000000000
-3.4688665468  2.8798934485 -9.7376168341 -1.0296202746  2.3107023506 -9.9600966529 -0.1883555064 -0.1692394680  1.0000000000 -0.0410278708  0.0736122734  1.0000000000
 -3.7498190868   4.2040319155 -12.1695579005  -1.6628812093   2.7332459509 -13.1076393905  0.1031271803 -0.2444351868  1.0000000000  0.2610005518  0.0021356089  1.0000000000
 -0.9477028017   1.7812080302 -12.1959977831  -1.6922270907   2.7104198578  -8.6050341940  0.1359594802  0.1793747456  1.0000000000 -0.2925665948 -0.0902892536  1.0000000000
 -2.2250927156   4.1440367500 -11.9505863953  -1.8381399439   1.1028848600 -13.2814421779  0.2041156405 -0.1650797070  1.0000000000  0.1383071588  0.1949748913  1.0000000000
-2.2136036190  1.5640479871 -9.8173720087 -2.7995295569  2.9114348273 -8.9819024256 -0.2044807949  0.0890373039  1.0000000000 -0.2484257765 -0.1074743364  1.0000000000
 -2.4131142514   1.1009043402 -10.6396069984  -1.5506884806   1.4959618512 -12.9046099577 -0.0792936477  0.1770584539  1.0000000000  0.1624142557  0.1815665594  1.0000000000
  0.2336893816   2.7110500356 -11.4831948449  -3.3362685238   2.9252393482 -11.2975498754  0.2376413034  0.1389828363  1.0000000000 -0.0326661904 -0.1063382770  1.0000000000
 -3.0389035121   1.2326095827 -10.9700837710  -1.6794346060   1.8734744443 -11.8454026160 -0.1034671341  0.1122352637  1.0000000000  0.0666397129  0.1411211101  1.0000000000
 -2.3388316726   3.8886686843 -12.1296271895  -0.6908352673   1.1912976733 -12.0533388834  0.1797240465 -0.1080224672  1.0000000000  0.1547772985  0.2194798628  1.0000000000
 -1.8571860275   3.2107477937 -10.1853900153  -1.4748605708   2.3904975462 -11.5490917327 -0.0169277621 -0.0911037253  1.0000000000  0.0773198649  0.1000300913  1.0000000000
 -2.6650127437   3.7857202063 -10.5415116868  -2.8203034544   1.0478192234 -11.0789015339 -0.0031201563 -0.1932090158  1.0000000000 -0.1224819047  0.1500984102  1.0000000000
 -1.1051083695   2.0680779724 -13.0644761393  -2.3769790129   2.3439406178 -10.2673784624  0.2709235587  0.0770553694  1.0000000000 -0.0983800816 -0.0158108197  1.0000000000
 -3.0227570959   4.0073583718 -13.3344130780  -0.4176462906   2.4849794737 -11.1803541348  0.1971681125 -0.1866982153  1.0000000000  0.1053280391  0.0756433479  1.0000000000
 -2.8389048481   3.7992550946 -12.9769543179  -1.7359236111   2.6148567754 -12.7406111380  0.2253064662 -0.1367706470  1.0000000000  0.2113660939  0.0257222161  1.0000000000
 -1.8014196450   1.0773353855 -10.1446051126  -2.9430201838   3.7688731674 -12.6034827038 -0.1373426201  0.1244438828  1.0000000000  0.1653068512 -0.1089953248  1.0000000000
 -0.9917659663   2.7546773765 -12.6117244657  -3.3173179519   3.2357773159 -12.5621910531  0.2955006894  0.0741149777  1.0000000000  0.1342003121 -0.0846608001  1.0000000000
 -0.6524047543   1.6378560501 -10.7016158129  -0.6476398724   4.4860813476 -11.8548004666  0.0087943043  0.2093423425  1.0000000000  0.2714566172 -0.1980444640  1.0000000000
 -3.3159361909   3.6598706663  -9.6351694725  -1.9248237522   4.1441893111 -11.9109461871 -0.1587222260 -0.2495226209  1.0000000000  0.1868540653 -0.1534718276  1.0000000000
 -1.2491233460   0.5310136934  -9.2491522466  -0.5663169563   2.9035228808 -10.7288019934 -0.2209060743  0.2447689950  1.0000000000  0.1305298929  0.0455658618  1.0000000000
 -3.3159449692   0.5943722575 -12.2792735507  -0.8084121527   2.5051523450 -11.1122467438 -0.0047852324  0.1414217985  1.0000000000  0.1098236373  0.1181748638  1.0000000000
 -1.8315429240   4.2976580327  -9.0712481987  -3.2057792198   0.7057751491 -12.6744908606 -0.1271838949 -0.3393649870  1.0000000000  0.0421022276  0.1036298402  1.0000000000
 -3.9365517531   3.8141719165 -10.9259929987  -1.7661925271   4.0478901034 -10.7079872821 -0.0613109850 -0.2003679007  1.0000000000  0.0421400962 -0.1568189557  1.0000000000
 -0.9977206439   2.5671171194 -11.2093975322  -2.0680964946   4.7584003716 -11.7712495880  0.1138576712  0.0236762634  1.0000000000  0.1921198427 -0.2318654875  1.0000000000
 -1.4097499762   4.3429912938 -11.3600661348  -2.3282633422   3.4445066385  -9.9968483068  0.1604395228 -0.1981592764  1.0000000000 -0.0293591020 -0.1909423093  1.0000000000
 -4.6827042480   2.8399948814 -10.9339764330  -1.5145603142   3.5069705648 -11.9575287226 -0.1091209407 -0.1451138755  1.0000000000  0.1749766953 -0.0406411900  1.0000000000
 -0.3153296470   3.8036755760 -11.3424542306  -1.4370641241   3.4497948932 -11.5152545906  0.2613356726 -0.0531072435  1.0000000000  0.1460644425 -0.0082587191  1.0000000000
 -3.6169308178   3.9952995327 -12.6117219060  -0.9428578806   3.9242314724 -11.9893530108  0.1169112869 -0.1592083268  1.0000000000  0.2418050046 -0.0889153521  1.0000000000
 -3.2613124416   1.9826774257 -12.0912020644  -1.5279844198   0.8611634955 -11.7102194638 0.0413994978 0.0282080285 1.0000000000 0.0343787821 0.2412668323 1.0000000000
 -1.8598327115   4.0150022633 -11.3743356617  -0.3675642009   3.4394397868 -11.8675735462  0.0770200163 -0.1743406272  1.0000000000  0.3045810737  0.0080633911  1.0000000000
 -3.0335645221   2.2852641962  -9.8283022017  -2.4978873056   1.1817821208 -11.7593008101 -0.2134550311 -0.0275313047  1.0000000000  0.0250543240  0.1308962630  1.0000000000
 -1.2174527325   1.6984130362 -12.7056076434  -2.9492955366   3.4739796459  -9.8626536147  0.2077007657  0.1990427412  1.0000000000 -0.1249023881 -0.1669577184  1.0000000000
 -2.1666925867   4.2936417369  -9.5290848454  -3.7401679830   3.1138024399 -12.4400419714 -0.0834958668 -0.2970227744  1.0000000000  0.0938894514 -0.1258710691  1.0000000000
 -4.5798928279   3.1374903981 -10.7497301525  -2.4091309970   1.6575577658  -9.9719248055 -0.1330779308 -0.2065148628  1.0000000000 -0.1773370950  0.0705678202  1.0000000000
