658.9000000000
50
-0.3570050432 -3.9127093246 11.9986487223 0.2803487049 0.2522628157 1.0000000000
-2.7849487484 -7.0851946120 10.7489759731 -0.2474641637 -0.0359865228  1.0000000000
-2.7616477837 -6.1824052834 13.7659747981 -0.1254555224  0.1260780311  1.0000000000
 0.0139636396 -5.4053430553 11.6345534043  0.2266851435 -0.0216318371  1.0000000000
-0.7504040086 -6.7084998040 13.9362455473  0.0469833990 -0.0006776102  1.0000000000
 0.4963573734 -6.3250550727 13.5499718570  0.1820907361 -0.0215682941  1.0000000000
-0.9953797906 -5.2047619184 12.1530042655 0.1434361429 0.1435603341 1.0000000000
-2.0734234284 -5.3130721191 14.0257242213 -0.0515891885  0.2056720649  1.0000000000
 0.0139506013 -5.8315652353 14.3440537648 0.1529535973 0.0755395165 1.0000000000
-3.5194458874 -5.5719610483 11.9368538600 -0.2475817501  0.1879333281  1.0000000000
-2.5867233477 -5.2601759887 11.6908471340 -0.0825361607  0.2131230003  1.0000000000
-1.6753599646 -5.1128604327 13.3019921960 0.0551611276 0.1872782800 1.0000000000
 0.0606065930 -7.3945696767 11.6450713259  0.1614517781 -0.1570121899  1.0000000000
-0.3517909388 -8.7811023213 13.5353308751  0.0541080327 -0.2034902752  1.0000000000
-0.4239289181 -5.6010603707 12.5732372638 0.1915631594 0.0309305900 1.0000000000
-0.4974392301 -6.5198808579 14.1920472175 0.0550235578 0.0190417233 1.0000000000
-0.7588741544 -7.5584900259 12.7328451091  0.0332084177 -0.1195600843  1.0000000000
-0.1172342847 -5.3570868797 13.2393052489 0.1964075917 0.1201760164 1.0000000000
-0.7672109931 -5.6529952570 11.8009204725 0.1203898480 0.0663021159 1.0000000000
-1.0637872410 -5.3368549578 11.4231489255 0.1190522109 0.1384054329 1.0000000000
-0.4950419581 -3.5941182968 11.2634366944 0.3261076324 0.3067847934 1.0000000000
-2.3276734745 -7.4727086180 13.9682696352 -0.1071087900 -0.0167349019  1.0000000000
 0.1449345838 -6.4059646610 10.3764824259  0.2392809579 -0.1769690900  1.0000000000
-2.6831059623 -5.5603839238 10.9023612639 -0.1595146947  0.1705944147  1.0000000000
-2.1921813028 -7.1031109993 12.9832918869 -0.1469794386  0.0444498186  1.0000000000
 0.0228309697 -6.7891485816 11.0444883470  0.1636712832 -0.1657854317  1.0000000000
-0.8328003832 -5.3635559400 12.6170007487 0.1267625410 0.1366830922 1.0000000000
-1.8639691537 -5.8559315373 11.2627350780 -0.0377319456  0.0993125713  1.0000000000
-2.4585996820 -8.2009638721 13.0032092751 -0.1713698965 -0.1138891207  1.0000000000
-2.3753495085 -5.0137178170 12.5721169743 -0.0283482027  0.2373259441  1.0000000000
-1.5443644120 -4.8220486277 12.3967299762 0.0937876235 0.1775116317 1.0000000000
 0.0528799101 -8.2240454353 13.3167294036  0.0552993563 -0.1904665578  1.0000000000
-1.6188105622 -4.5432586227 11.3667961263 0.0663615903 0.2231206347 1.0000000000
 0.0207948327 -7.9447532930 13.1509422588  0.0945748450 -0.2120240953  1.0000000000
-0.2425564574 -6.3988868462 11.5808051967  0.1524081943 -0.0676861803  1.0000000000
-0.9158239134 -8.0063273759 11.9549790246 -0.0242910891 -0.2263375605  1.0000000000
-1.1926639362 -4.7890607799 11.8426744345 0.0939397614 0.1654838371 1.0000000000
-1.9350675320 -8.3774643259 13.2719394620 -0.1280203646 -0.1493676776  1.0000000000
-1.5438683393 -6.9584555160 10.7207936675 -0.0506631542 -0.1349722203  1.0000000000
-2.9921899717 -5.8720648317 10.9412667106 -0.1864207226  0.1308792929  1.0000000000
-0.5231429898 -7.6844641587 13.8864562021 -0.0124026645 -0.0729467812  1.0000000000
-0.3914354298 -3.6794188837 11.2578272051 0.3243287658 0.2877480254 1.0000000000
 0.1466161228 -6.3169596513 14.0288187905 0.1614346861 0.0668925039 1.0000000000
 0.8462371335 -6.1921600913 10.2881767168  0.3198241735 -0.1929553323  1.0000000000
-0.7739296309 -4.3507790942 12.5207607901 0.1816704197 0.2225427577 1.0000000000
-2.2571881042 -7.4999800693 12.0323441460 -0.1465488083 -0.0835731663  1.0000000000
 0.1869796344 -7.5299161234 11.0428337428  0.1135254239 -0.2623381205  1.0000000000
 0.9447100391 -6.8007540431 12.1717344479  0.2250809838 -0.1246875910  1.0000000000
-0.0333855134 -6.1067470792 13.7116017139 0.1429089462 0.0021914247 1.0000000000
 0.2236148942 -4.9631848492 12.7374449193 0.2523966843 0.1214082939 1.0000000000
50
 0.0351310224 -6.2254097698 10.5660695467 -0.1652855655 -6.4466505294 10.4408568617  0.1853815072 -0.1230772137  1.0000000000  0.1180686124 -0.1195975017  1.0000000000
-1.6721346397 -7.7263376267 10.3593372557 -0.9751689695 -7.3837901544 10.0931431539 -0.1209628341 -0.1867527805  1.0000000000  0.0327909915 -0.2462473455  1.0000000000
-2.5339838070 -4.7030337228 11.2798833618  0.1620556167 -7.5248327137 11.8018794421 -0.0907603985  0.2396205031  1.0000000000  0.1386134763 -0.2129525695  1.0000000000
-0.7057773581 -5.6419777537 14.5926021438 -0.1501773458 -4.5628068993 11.9976431652 0.1092988362 0.1059623513 1.0000000000 0.2727260574 0.1744150610 1.0000000000
-1.3296137634 -6.4752984849 13.7320330425 -2.4413608374 -6.7284595030 13.0153423769 -0.0034132570  0.0234631441  1.0000000000 -0.1135008974  0.0383541963  1.0000000000
-1.6968559854 -5.3473680742 11.3562872748 -0.6716027959 -5.6874029256 14.5381745349 0.0175563145 0.1654931502 1.0000000000 0.1265590812 0.1345510765 1.0000000000
-0.5554929403 -4.7285756429 13.7043402931 -0.2130645479 -4.7155033334 14.7676442853 0.1349826708 0.1707333804 1.0000000000 0.2045888486 0.1635000820 1.0000000000
 0.7343086278 -7.2801167912 11.5105079438  0.4064449202 -5.9044757894 13.5528516967  0.2268944135 -0.2084092148  1.0000000000  0.2418137665 -0.0167275988  1.0000000000
-0.3925216935 -5.9069800179 12.4248112256 -1.7674801796 -4.9021593124 11.7801508890 0.1661557117 0.0125360466 1.0000000000 0.0238816848 0.2032492673 1.0000000000
-2.9506684604 -5.9989648250 11.2631160523 -0.0335859410 -6.8235415123 12.8899304021 -0.2210728614  0.0826154742  1.0000000000  0.1621335330 -0.0609888352  1.0000000000
-1.3303674299 -6.9351346912 13.8696886578 -2.2470178662 -6.7227543463 11.9001308925  0.0185430875  0.0051845937  1.0000000000 -0.0824272805  0.0205327968  1.0000000000
-2.1899722159 -7.5460459127 10.5477723431 -2.3039396924 -7.5317593280  9.9478694531 -0.1991621958 -0.1502949400  1.0000000000 -0.2181080613 -0.2370039697  1.0000000000
-2.4286295043 -7.1866576001 14.0811963283 -0.1004173989 -6.8994891695 13.4338525895 -0.1154964904  0.0444680908  1.0000000000  0.1055212478 -0.0430341266  1.0000000000
-2.5789540595 -5.8337800193 13.8068621857 -2.0548259170 -8.3956654143 11.8995455780 -0.0921535988  0.1420447635  1.0000000000 -0.1410986587 -0.1848069122  1.0000000000
 0.0060645869 -6.1049757991 10.5143862595 -3.4289654509 -4.9323386705 11.7986746395  0.2184666365 -0.1096351818  1.0000000000 -0.2110756806  0.2759094789  1.0000000000
-1.1219844586 -5.3760214720 14.6625037465 -2.1785054086 -7.5415558721 11.7621997848  0.0669558190  0.1379973402  1.0000000000 -0.1373637129 -0.1266106074  1.0000000000
-1.5528056774 -6.9905049503 12.9298259503 -0.8491742382 -6.8863727027 13.5779697045 -0.0495435259 -0.0244652439  1.0000000000  0.0384140371 -0.0308805320  1.0000000000
-2.2274822144 -7.8397540349 13.9072726623 -0.8132932616 -6.8411050246 10.6925457988 -0.1571651846  0.0111845302  1.0000000000  0.0838685706 -0.1815723581  1.0000000000
-0.6841737985 -8.7133620144 13.1978927154 -1.2910508148 -5.7575817616 11.1931239281 -0.0223160743 -0.2121628209  1.0000000000  0.0334136076  0.0304270339  1.0000000000
-0.2329734531 -5.1769528928 11.8260133379 -0.6396249871 -4.1771517757 11.3605280530 0.1819708311 0.0867935152 1.0000000000 0.2222461403 0.2098170432 1.0000000000
-0.9065496685 -4.5971457060 11.8738815570 -2.3550741366 -8.4696825646 13.5633935269  0.1731775769  0.1893015781  1.0000000000 -0.1596393586 -0.1010834016  1.0000000000
-1.9842113949 -4.3560106560 11.4195338341  0.0916180755 -4.6585344092 12.8094687426 0.0266643596 0.2760165356 1.0000000000 0.2449414926 0.1421383236 1.0000000000
-2.1186907052 -5.1497936154 11.0241556998 -1.4172730988 -4.4351792358 11.9110607215 -0.0638763464  0.1732564748  1.0000000000  0.1527815715  0.2273146133  1.0000000000
-1.0001257611 -5.4312054366 13.8554470066 -3.0598398996 -4.7752301227 11.8140598414  0.0682559275  0.1631052395  1.0000000000 -0.1588345752  0.3047275684  1.0000000000
 0.5278069943 -6.8600503110 13.1588582649 -0.2184417928 -6.5313056705 12.7305197532  0.2040373821 -0.0753195769  1.0000000000  0.1192294985 -0.0025329721  1.0000000000
-1.2863556147 -5.7230455046 12.4808458130 -0.2681689933 -5.2326988692 11.5536140112 0.0524557792 0.0554442168 1.0000000000 0.1697296667 0.0578406857 1.0000000000
-0.5956019476 -5.0098248591 11.9564537019 -0.4128101081 -7.7109771849 13.2990083371  0.1593735718  0.1133401995  1.0000000000  0.0942713367 -0.1152126009  1.0000000000
-1.4060632548 -7.8130594299 13.3361684030 -2.2658579849 -6.3650235553 11.4232191319 -0.0852306136 -0.0945929783  1.0000000000 -0.1244353330  0.0229429804  1.0000000000
-2.4093986743 -8.1999519696 13.6228277181 -2.8531053345 -7.0589171330 12.7068469156 -0.1478562220 -0.0398293569  1.0000000000 -0.1555217252  0.0294606939  1.0000000000
-1.2983036128 -7.6963056910 13.4244756087 -0.7915462567 -4.7371097052 13.8762823869 -0.0003230342 -0.0345470836  1.0000000000  0.1370775038  0.2048213867  1.0000000000
-1.2658063753 -6.7161977565 12.1690421634 -3.2253985154 -5.9547355757 10.7722797207  0.0142586883 -0.0550928251  1.0000000000 -0.2505441505  0.1193180830  1.0000000000
-0.8250405772 -4.7781282547 14.5186868494 -3.5056344175 -6.2673642622 13.3740978983  0.1185378277  0.2224319181  1.0000000000 -0.2207808515  0.1231203482  1.0000000000
-2.2901947021 -5.8110050283 11.6864971488 -0.5909057993 -4.4756093393 13.4706557262 -0.1197662070  0.1162807836  1.0000000000  0.1345794118  0.2389931815  1.0000000000
-2.8235025443 -6.1143205975 14.2515309309 -0.1536828455 -6.6944761098 14.2092478561 -0.1105733671  0.1796506477  1.0000000000  0.1282381268 -0.0091787763  1.0000000000
-2.7054578349 -7.1019929743 10.4149692884 -2.3803297737 -8.5458867365 11.5529827727 -0.2251749745 -0.0988064339  1.0000000000 -0.2272352012 -0.1845218257  1.0000000000
-1.6179931647 -5.9336870566 11.5157504318 -2.7518403914 -6.8295799415 13.3186636550 -0.0227168713  0.0334875167  1.0000000000 -0.1335503955  0.0522914238  1.0000000000
-2.5964406206 -7.2838818225 13.4987274433  0.9098113402 -6.7631111474 12.5373467374 -0.1393156140  0.0075646923  1.0000000000  0.2394757420 -0.0893228068  1.0000000000
-0.6667430701 -6.3023510968 12.9098113357 -0.1684592271 -8.0456061250 13.6565206839  0.0843072183 -0.0110321122  1.0000000000  0.0366603610 -0.1288838663  1.0000000000
-0.5049960663 -8.4066467841 13.0082517717  1.0616535630 -6.6789728738 10.0945405086 -0.0069335709 -0.1978624829  1.0000000000  0.3308512608 -0.3103635997  1.0000000000
-1.2077407802 -8.3944931969 12.9252048350 -1.5525508081 -6.7456784956 13.8449322903 -0.0728296898 -0.1407069010  1.0000000000 -0.0112352303  0.0477147803  1.0000000000
-3.4859762110 -6.5240862569 14.2044363258 -0.8859524545 -5.7401843345 11.9794903658 -0.1880040554  0.1832696353  1.0000000000  0.1092312968  0.0181349221  1.0000000000
-2.2382414877 -7.2514338044 12.1773116760 -0.7300251089 -8.3550818755 12.2492815715 -0.1208431382 -0.0652161021  1.0000000000  0.0051580259 -0.2061070449  1.0000000000
 0.1732692422 -5.2821220011 13.0805907150 -2.9766317660 -6.3162270404 11.5733529480  0.1825677464  0.0913578737  1.0000000000 -0.1654651946  0.1015590187  1.0000000000
-2.3117428680 -7.5728227100 13.7085841771 -2.3492159325 -6.7340254282 11.8532639869 -0.0826692750 -0.0012390894  1.0000000000 -0.1509187151  0.0468241646  1.0000000000
-1.5886560234 -7.2174735569 11.5638925998  0.8495346528 -7.1231920971 12.8055005940 -0.0572642915 -0.1262870762  1.0000000000  0.1822953921 -0.1419801132  1.0000000000
 0.2636845815 -6.9521156959 10.4989996534 -1.8187438415 -6.3205882901 10.9295513107  0.1888546179 -0.2351102867  1.0000000000 -0.0639559596 -0.0384459203  1.0000000000
-0.9070453041 -4.7189812390 14.1521450974 -0.4838378218 -4.8996093639 10.6758488967 0.1388317575 0.2398041858 1.0000000000 0.2362340221 0.0938770209 1.0000000000
-0.9538033640 -7.2781965395 11.7786621785 -2.7369189039 -6.8212536658 11.8998548586 -0.0037463933 -0.1437207608  1.0000000000 -0.1895227890  0.0140290922  1.0000000000
-0.8180421545 -6.5734729317 12.3054877086 -3.1833487362 -6.2026382601 13.3459692206  0.0442560324 -0.0489257665  1.0000000000 -0.1568236819  0.1751254746  1.0000000000
-1.0178698458 -8.1492231686 13.4590087986 -1.6399121499 -4.5766618402 11.9122241227 -0.0269257661 -0.1438025474  1.0000000000  0.0646891405  0.2480458932  1.0000000000
