815.6000000000
50
12.1540115824 16.5395295809  3.6264732494  0.1708795282 -0.1165909179  1.0000000000
10.3526575083 14.0444383469  2.2519660988 -0.0150072927 -0.2208960152  1.0000000000
11.1625102650 12.2573819857  2.0806046325 -0.3211042830 -0.0535456833  1.0000000000
13.6707334673 15.4566850705  4.8550062628 0.1525618913 0.0976296841 1.0000000000
10.0032164367 14.7637291889  2.9222441355  0.1245831363 -0.2454218639  1.0000000000
13.5606780850 14.3671325752  1.8272340042 -0.1569842840 -0.1036217800  1.0000000000
13.9907497306 15.1924358686  4.3862361612 0.0796907510 0.0588506445 1.0000000000
13.4121814112 14.4423145884  1.6470391805 -0.1479196208 -0.0973321508  1.0000000000
13.0216104907 14.1223226195  2.8732610972 -0.0842325786 -0.0349163508  1.0000000000
13.1090316979 15.3661734993  3.2608068530  0.0027171985 -0.0683352481  1.0000000000
14.2297004585 14.6538821129  1.6157535839 -0.1478393897 -0.0988258687  1.0000000000
10.7665467202 14.1013251980  4.8866726535 0.2295158899 0.1406510789 1.0000000000
12.2343390553 15.0724332312  4.9883958851 0.1646088661 0.0229171751 1.0000000000
10.8344163393 15.0634881635  4.5348436104  0.2454249729 -0.0614579471  1.0000000000
10.9042138005 15.9377094802  3.3145626606  0.1959159856 -0.2201277973  1.0000000000
11.9901196067 16.3540603265  3.7825283208  0.2261874639 -0.1382904276  1.0000000000
11.9504836767 13.7261108165  5.2489830951 0.1233357852 0.2152874434 1.0000000000
12.9324951300 13.8328147776  5.4878156724 0.1076755098 0.2448697202 1.0000000000
10.3668948526 13.9282045456  2.9214148388 -0.0123150805 -0.1263890461  1.0000000000
12.8594717010 12.3757744355  3.5948358891 -0.1660480224  0.1799220492  1.0000000000
12.8351163093 14.8526014303  5.9737114534 0.1765882930 0.2295630438 1.0000000000
11.3556374168 14.6335639476  5.4586454560 0.2618006604 0.1497537634 1.0000000000
14.6068759397 13.8358670055  2.6555457754 -0.1485363606  0.0161530790  1.0000000000
11.8110620950 14.5566036226  4.0024490704 0.0928615198 0.0251951458 1.0000000000
11.6320046595 15.8256147464  4.2329896205  0.2099733093 -0.0401493844  1.0000000000
13.0692913815 14.8470843118  2.2789993579 -0.1055413915 -0.1275417156  1.0000000000
12.7187680318 14.7461705223  6.2347836895 0.2580883458 0.2170529224 1.0000000000
13.0885764982 13.6976660925  3.5837094234 -0.0480945772  0.1069826733  1.0000000000
12.6460681017 16.9599558675  3.5722942865  0.1800728154 -0.1236139782  1.0000000000
12.2175402070 16.4597722230  4.1273687946  0.1836315349 -0.0976206272  1.0000000000
12.6224009516 14.8402705501  2.4141541184 -0.0233570894 -0.1068304930  1.0000000000
12.0225023810 13.5743415556  1.4153038280 -0.2119868335 -0.1721168149  1.0000000000
13.8578811338 15.3532758614  2.4387714547 -0.0539727489 -0.1059425724  1.0000000000
13.0428000316 12.8461435746  4.3787958631 -0.0554215170  0.2347548303  1.0000000000
13.6355975514 14.8258107635  5.2380216552 0.0913626017 0.1504784358 1.0000000000
10.6749241043 13.8027673117  2.0596846654 -0.1322498010 -0.2026365960  1.0000000000
10.8750425460 13.1212611366  1.3738234089 -0.2528679502 -0.2195862171  1.0000000000
12.8846560115 15.2417535937  3.9686798262 0.0984282501 0.0279112030 1.0000000000
13.8014928234 14.6879843258  2.6581102464 -0.0832958536 -0.0346671376  1.0000000000
11.3713225130 13.1805645060  2.3641986288 -0.1517982133 -0.0535855289  1.0000000000
11.7905559107 14.7325199124  5.4037392532 0.2458215974 0.1512916466 1.0000000000
12.9744403906 14.0791577091  4.5593028573 0.0199503252 0.1052911715 1.0000000000
12.6035639843 17.1115015884  3.6621139599  0.1798115514 -0.1691429186  1.0000000000
12.8373561209 16.1708266870  4.6256382465  0.2298374035 -0.0244747706  1.0000000000
12.6417502361 15.1151291625  2.5898115744  0.0071450146 -0.1147872710  1.0000000000
13.8184569916 14.3375608343  3.0294550319 -0.1134315241  0.0342427816  1.0000000000
10.7594614848 12.9385345117  3.5865566215 -0.0182733752  0.0418425644  1.0000000000
11.9761902218 14.8174957973  2.7691733455 -0.0071847218 -0.0604441668  1.0000000000
14.1528908858 14.2189475881  2.8787551088 -0.0871541130  0.0225774183  1.0000000000
12.3144117283 12.3391199183  3.2387225257 -0.1726938460  0.1282402126  1.0000000000
50
12.3714194898 12.3151894737  2.7714831017 12.3167893452 16.1840394558  3.5581897525 -0.2542350392  0.0808594276  1.0000000000  0.1398288447 -0.0982584547  1.0000000000
10.7480978057 15.9562887706  3.8780583275 11.0002428936 14.5037224371  2.3260078085  0.2466327743 -0.1330057058  1.0000000000  0.0157592174 -0.2159292669  1.0000000000
10.7105805899 13.7965670405  4.3037582056 14.1454555110 13.1421550500  3.8092634979  0.1288825749  0.0632397877  1.0000000000 -0.0937474928  0.1370100892  1.0000000000
12.0749956079 15.8212794766  3.6237608332 13.7080156785 12.7489770495  3.0379945555  0.1531277752 -0.0747845804  1.0000000000 -0.1803895876  0.1356048416  1.0000000000
11.5501650120 12.7772363718  5.2488826463 10.4011402603 13.9784322595  1.9409001326  0.0285735538  0.3225521235  1.0000000000 -0.0744224218 -0.2531780591  1.0000000000
10.9842288486 15.5600359787  4.5610120659 11.7112677313 14.1997182236  1.7005047853  0.2534668834 -0.0235453795  1.0000000000 -0.1357937051 -0.2286454141  1.0000000000
11.2731013929 13.5355553498  3.2996158623 11.2725891578 13.2217663550  4.4436652707 -0.0287728929 -0.0363641565  1.0000000000  0.0448114410  0.1578494016  1.0000000000
13.4507838379 12.6955575212  3.5322721491 12.1349966172 12.2654757656  2.6069041097 -0.1373614133  0.1722992427  1.0000000000 -0.2599478080  0.0548424565  1.0000000000
11.9931391210 14.2294036108  2.2495057580 12.4024614821 11.6656950830  3.5336522675 -0.1053942970 -0.1517798832  1.0000000000 -0.2790633995  0.2452039031  1.0000000000
11.4245745494 13.6639869132  0.9607639267 13.4798033552 14.8560662926  1.3270891286 -0.2817000437 -0.2446624454  1.0000000000 -0.1549009274 -0.1713462869  1.0000000000
11.0599985404 13.8333848853  3.5475472334 11.3525917555 13.2469966571  5.0349088709  0.0339386811 -0.0159848104  1.0000000000  0.1383510279  0.2479415860  1.0000000000
11.6951246609 14.1521320588  1.2384202205 12.3956582550 16.5422432996  3.6120146627 -0.2183849243 -0.2550810419  1.0000000000  0.1796966894 -0.1369156542  1.0000000000
11.7979263637 13.9146539037  4.9389318162 11.7509764076 14.8984377133  1.6522453780  0.1211834781  0.1131421597  1.0000000000 -0.0775216254 -0.2627376201  1.0000000000
12.0768404000 14.5482568978  3.6395869697 13.5471294847 14.2820490396  3.9842397392  0.0504669971 -0.0190132809  1.0000000000 -0.0465825264  0.0782514738  1.0000000000
14.0145563545 13.8726737323  4.8889506579 13.7650276661 14.5599534757  4.7651408938 -0.0098670970  0.2063522676  1.0000000000  0.0632415271  0.1351592172  1.0000000000
15.1196877375 12.9463444253  3.8509344908 11.1906595519 16.2795807619  3.7509308505 -0.1446564184  0.1799923878  1.0000000000  0.2291008050 -0.1925614472  1.0000000000
10.3931606458 14.8696976306  5.0598250889 11.6068059234 13.4674918004  2.2607677853  0.3642075316 -0.0133505669  1.0000000000 -0.1427892874 -0.0745282249  1.0000000000
10.6222029551 14.5052373284  5.3754066851 12.3885816100 17.1008999673  3.7772107289  0.3114614237  0.0322827973  1.0000000000  0.2094663398 -0.1737553684  1.0000000000
11.3295862564 13.2818403820  3.8859911730 13.4475868458 14.0422646237  2.3230507448  0.0137173661  0.1009190701  1.0000000000 -0.1472106343 -0.0535351410  1.0000000000
11.3789008507 13.3510197136  1.7827572133 11.9509546918 16.8236042375  3.4657096630 -0.1796082540 -0.1519746961  1.0000000000  0.1762696888 -0.2110026129  1.0000000000
10.6003225997 16.1852111492  3.4337999265 12.6822939841 12.9778012716  2.6113849648  0.2497505303 -0.2080182139  1.0000000000 -0.2244185954  0.0612484507  1.0000000000
11.9987271278 13.9989731761  4.4862604081 11.9376960697 14.2445340523  6.1788409267 0.0809768142 0.1005655340 1.0000000000 0.2400280391 0.2491516968 1.0000000000
11.9033070683 15.7307582530  2.7378840390 12.7702771221 14.0821631271  5.6528338469  0.1054504513 -0.1866655249  1.0000000000  0.1533129252  0.2244565069  1.0000000000
12.1053458252 15.0280611630  2.2273376135 10.6754725227 13.3921514335  5.6222475951 -0.0667903766 -0.2036390015  1.0000000000  0.2645116199  0.2575382205  1.0000000000
11.1383124303 13.4957838931  1.2252202352 12.4085789000 12.2621683501  3.6010084894 -0.2184691582 -0.2341013246  1.0000000000 -0.1652960654  0.1542508364  1.0000000000
11.2079359903 13.8197978807  1.8777156336 10.8437661611 14.1228353456  4.7173218732 -0.1558157899 -0.2094574432  1.0000000000  0.1886771399  0.0745321218  1.0000000000
10.7339726268 14.8825223315  2.1130112456 13.5373825494 15.0366963003  3.1102794751  0.0120580395 -0.2605006451  1.0000000000 -0.0263737870 -0.0518622974  1.0000000000
12.7016326111 16.2086174002  2.2264263663 12.2058274606 14.1034544443  3.8679996216  0.0679403407 -0.2139634280  1.0000000000  0.0104240197  0.0628725067  1.0000000000
10.6487791790 15.0790805683  2.9849794033 12.2885064508 15.4742675840  2.6845685711  0.1013452109 -0.1808284800  1.0000000000  0.0563892482 -0.1610327567  1.0000000000
11.7903228286 14.9823444423  3.5031090836 12.6501888250 13.9358285076  3.8888183971  0.0708772521 -0.0798209507  1.0000000000  0.0138171621  0.0666193903  1.0000000000
13.2910855091 14.1626987444  5.0088431796 13.4244483808 15.5470620001  1.4693066200  0.0397455001  0.1363025553  1.0000000000 -0.0847736407 -0.1554768621  1.0000000000
12.9485515838 14.6325314363  2.2856689816 10.3880728598 15.0833126791  3.1228476066 -0.1029453466 -0.0949372190  1.0000000000  0.1231356586 -0.2009312506  1.0000000000
13.0707657478 14.0141580163  5.5591297191 11.3209245724 13.3459859834  2.9210326019  0.1219642804  0.2229694414  1.0000000000 -0.1191277378 -0.0468905400  1.0000000000
13.3142841998 14.1572200980  3.9501035056 11.4324093153 14.8107175915  3.4376187448 -0.0146730987  0.1046690293  1.0000000000  0.0783058444 -0.1327854968  1.0000000000
13.5601529580 15.6609309985  5.7167910432 12.1283944100 15.1398968771  3.4756627534  0.2047434218  0.1281569752  1.0000000000  0.0542410999 -0.0436748915  1.0000000000
 9.9855852221 14.5266618044  2.3402019622 13.4529956115 13.6536974135  5.0617280387  0.0102353877 -0.2736233797  1.0000000000  0.0479679670  0.2040839886  1.0000000000
13.6313295075 15.5794136138  4.8953790751 11.1607229865 14.2365529156  5.9451278159 0.0994957380 0.0912317215 1.0000000000 0.2561300615 0.2584023846 1.0000000000
13.1899278823 16.3776485173  4.6947145434 13.1841215484 13.9537368537  3.7999285244  0.1939841858  0.0102823383  1.0000000000 -0.0695075229  0.0416359804  1.0000000000
14.3011861115 14.3631620554  2.0612419421 12.4644255890 13.3759364707  4.1664437280 -0.1515878486 -0.0782339863  1.0000000000 -0.0077278964  0.1534980341  1.0000000000
11.3042803624 12.3705376765  3.5001347425 10.2229912339 14.2977836964  3.1862616342 -0.1776648528  0.1075349995  1.0000000000  0.0573213937 -0.1543023490  1.0000000000
12.4604283274 15.5450221506  3.3392742309 11.6925987620 13.0086664707  5.3431649387  0.0445187072 -0.0925712281  1.0000000000  0.0549850097  0.2923544614  1.0000000000
13.9743244640 13.3195511503  4.2201549846 12.5076491908 14.4368140680  1.5895323855 -0.0815339451  0.1537165867  1.0000000000 -0.1675456022 -0.1904333659  1.0000000000
11.7274523541 15.8525938652  2.7218350401 12.9105698732 13.3790142091  3.8143845648  0.0964798989 -0.2030232882  1.0000000000 -0.0352542927  0.1187995585  1.0000000000
13.8269834605 15.2438923958  4.7255578999 10.1609062728 14.2730696901  2.5613261500  0.0847415159  0.0452821668  1.0000000000 -0.0234803169 -0.2162651269  1.0000000000
12.1778802891 14.1097471608  1.8663234153 12.7864124045 15.1475491640  2.6957610035 -0.1594685025 -0.1747350361  1.0000000000  0.0300552361 -0.0757284097  1.0000000000
11.9282133337 13.5907379021  5.6019950965 13.2157679544 16.5879300556  3.0946901316  0.1876885672  0.2130739389  1.0000000000  0.0879962204 -0.1359834390  1.0000000000
13.0514876262 13.9020645113  5.1620495833 13.4216418843 15.8165180670  4.2832062230  0.0750188864  0.1810978410  1.0000000000  0.1628285559 -0.0037618638  1.0000000000
 9.8159431976 15.4916271622  3.3488164389 13.2159872072 14.7802202369  4.1312584000  0.2498027428 -0.2722938785  1.0000000000  0.0723570497  0.0407790532  1.0000000000
11.1712261572 12.9174819724  3.2995888296 13.6230927154 14.5642303190  3.7098022192 -0.0976278621  0.0372128030  1.0000000000  0.0333120376  0.0368250631  1.0000000000
10.8660923526 15.4207897734  2.8090734459 12.1813256432 14.7953518209  5.6317129982  0.1137481206 -0.2396019313  1.0000000000  0.2160726870  0.1274966771  1.0000000000
