35.7000000000
50
-0.7006904986 -2.2233264158  5.3216987979 -0.1118634164 -0.1754852422  1.0000000000
 1.5174753850 -2.5081274294  6.5596909844  0.1238342002 -0.2165996398  1.0000000000
 0.7262480611 -2.1108344512  3.3994053672  0.0599855836 -0.2663415857  1.0000000000
-0.5521969522  0.1501606548  6.2336569661 -0.0975280414  0.0659598239  1.0000000000
-0.6900617340  0.5558800296  6.7766709058 -0.0906901592  0.1368244089  1.0000000000
 1.8764391993 -1.2953708236  5.4688376962  0.1841551045 -0.0254927205  1.0000000000
 1.0022318118 -0.6229625133  3.6521138385  0.0977505195 -0.0198363853  1.0000000000
 1.0367838270 -0.3882018234  5.7362592438 0.0921150208 0.0445807048 1.0000000000
 0.7182528872 -0.4844445380  6.9004329386 0.0079711844 0.0183664255 1.0000000000
 1.1223086580 -1.6818357197  6.7627480840  0.0657717490 -0.1167690456  1.0000000000
 1.7899784507 -0.9353571537  7.2044233239 0.1225579358 0.0140734636 1.0000000000
-0.0730305984 -1.5102144045  3.4629372564 -0.0783298876 -0.1714122547  1.0000000000
-0.5002980545  0.7189196719  4.0588348747 -0.1242419192  0.1878321843  1.0000000000
-0.3863282602 -2.6723725490  6.6220712563 -0.0661315885 -0.2040120600  1.0000000000
-1.4383010113 -1.8898700956  5.9498573223 -0.1942510792 -0.1380431324  1.0000000000
 1.9392000086 -2.5218587377  3.3343688108  0.2477537068 -0.3046913657  1.0000000000
 0.3442097583 -0.1558984996  5.4642722814 -0.0576640544  0.0173006155  1.0000000000
 0.6651640207 -1.5860054819  3.6759907944  0.0287432789 -0.1535135714  1.0000000000
-0.7528989863  0.4294924987  6.1597435211 -0.1369010568  0.1116905303  1.0000000000
-1.1905256530 -1.0390948854  7.1771608105 -0.1748695719 -0.0430303298  1.0000000000
 2.3503989381 -1.8343610372  5.0414950329  0.2565699562 -0.1519609949  1.0000000000
 2.3990372012 -0.5022392325  6.1280980268 0.2028122543 0.0613995449 1.0000000000
-1.2678908424  0.6164183084  5.4451478529 -0.2028872535  0.1544877440  1.0000000000
-0.7158667326 -2.2697738385  5.2684105777 -0.1663780500 -0.2145097920  1.0000000000
-1.1848465333 -2.2485929645  5.9996437588 -0.1702005833 -0.1726173615  1.0000000000
1.7822495619 1.0646278694 6.3213255236 0.1077103130 0.2014599355 1.0000000000
 1.9041749025 -1.0695943266  4.6517292990  0.2018863394 -0.0630118245  1.0000000000
0.1933360836 1.0929291489 5.7883217542 -0.0251517239  0.2012533650  1.0000000000
 0.5209323314 -2.2261490759  4.6067520113 -0.0244368514 -0.2366331421  1.0000000000
-0.6433461378 -2.0498032531  6.3122254614 -0.1109742014 -0.1995020576  1.0000000000
-0.7114500838 -1.9585128226  3.2148721453 -0.1806220728 -0.2481632875  1.0000000000
 1.1719049582 -2.4246084994  5.5005548305  0.1127016603 -0.1791663289  1.0000000000
 0.0439175111 -2.2027398092  4.7082416938 -0.0524874831 -0.2532124833  1.0000000000
 2.1720639178 -1.5396473327  5.0884029178  0.2273763534 -0.0817489051  1.0000000000
 0.3359684380 -1.1504787545  5.5110939596 -0.0279633726 -0.0869728734  1.0000000000
-0.8386729819 -1.9605158201  5.3119803696 -0.1523086956 -0.1313238934  1.0000000000
2.2684557482 1.1046525835 7.1669425089 0.2038300272 0.2169667142 1.0000000000
-0.4166103704 -1.2020017964  6.7553451234 -0.0633939750 -0.0312582014  1.0000000000
2.0827666236 0.6725531378 7.2863619877 0.1666616652 0.1743178192 1.0000000000
-0.6007493629 -2.0618102433  3.7003790814 -0.1620319491 -0.2623412597  1.0000000000
-1.3902488577 -1.2587919076  4.2461581736 -0.2931408589 -0.1243183404  1.0000000000
-1.1786788796  1.3940408249  4.7514219290 -0.1976325940  0.2828757174  1.0000000000
 1.0847480676 -1.1898073408  4.9337269629  0.0479845879 -0.0360146067  1.0000000000
-1.3456801596 -1.5110658304  6.1105533818 -0.1852750792 -0.1462060163  1.0000000000
0.6514054405 0.3718501387 3.7673423659 0.0095995502 0.1646433289 1.0000000000
-1.0116905933  1.0669968381  4.4649454695 -0.2234541832  0.1980413441  1.0000000000
1.1266756950 0.5533746956 4.4142005798 0.0985833827 0.1908673445 1.0000000000
 0.7519274403 -2.5086057725  5.7030763418  0.0349134783 -0.2174202041  1.0000000000
0.4703996476 0.9652354798 5.5447827805 -0.0546091666  0.2074687120  1.0000000000
 0.2396389001 -2.1359318227  5.7187339060 -0.0119639678 -0.1750968421  1.0000000000
50
 2.3015169213 -2.1386972692  5.4376638374  2.2255765567 -2.0645771134  6.4896863750  0.2348999147 -0.1520249996  1.0000000000  0.1790892357 -0.1393255828  1.0000000000
-0.1730214715  0.8109455305  4.0520626765  0.9568597428  0.7421995658  5.7777274592 -0.1079205238  0.1912502375  1.0000000000  0.0605665490  0.1799882501  1.0000000000
-0.2330701969 -1.0675091823  4.5538532110 -0.6400730071 -0.7434526176  5.0224006522 -0.1289731200 -0.0035396111  1.0000000000 -0.1473416427 -0.0026327824  1.0000000000
 2.4497944964 -2.4840869027  5.9560258861 -1.2212715398 -0.1092642570  7.2294971142  0.2263976463 -0.1830897943  1.0000000000 -0.1360887898  0.0381664588  1.0000000000
 2.2926532171 -2.3573961846  5.6366517930 -1.0673601849 -0.2973517879  3.9676624911  0.2267582622 -0.1707350616  1.0000000000 -0.2630716292  0.0452486900  1.0000000000
-0.5185067542 -2.2187911553  6.4053233407  0.4375374971  1.0929837021  6.4726706043 -0.1024095228 -0.1987096532  1.0000000000 -0.0153702356  0.1851942465  1.0000000000
-0.4038456888 -2.1481387069  5.9343041199 -0.8190405390  0.1895627092  7.3178514228 -0.0948580856 -0.1749387309  1.0000000000 -0.1504709741  0.1359621197  1.0000000000
 0.5336499521 -2.4041553859  5.4150579179  2.4609207745 -0.8267237304  6.7656856474  0.0305451513 -0.1966860804  1.0000000000  0.1996146111 -0.0149765501  1.0000000000
-1.2649553903 -1.5251721622  3.5076909734  1.3391218207 -1.7309653425  3.4532599838 -0.2647546716 -0.1901988213  1.0000000000  0.1296591789 -0.1878012483  1.0000000000
 1.8980358302  0.7467727288  3.8223287108 -0.0977180019 -2.4400021935  3.3788167951  0.1707491018  0.1899918197  1.0000000000 -0.0666444160 -0.2994193220  1.0000000000
 0.5539716454  0.7655336878  3.9907665728  0.3429234536 -0.2212535255  4.9030104027 -0.0054341104  0.1998939759  1.0000000000 -0.0017433066  0.0096405616  1.0000000000
 0.8055359250 -1.5851345673  6.5704215314 -0.2635484805 -1.3092028564  3.6870537636  0.0231149449 -0.0549885816  1.0000000000 -0.1451019143 -0.1359652083  1.0000000000
0.1300169710 0.9254805493 4.4241197397 2.1584681135 0.1876426375 6.4210136469 -0.0345107450  0.2109738219  1.0000000000  0.1667707289  0.0948086676  1.0000000000
-0.9163927827  0.6818511253  6.3564329967 -0.0719922297  0.9162427771  6.5989162176 -0.1223894437  0.1346691959  1.0000000000 -0.0254010321  0.1799540563  1.0000000000
-0.9019026637 -2.4739391591  5.1630046109 -0.8457984362 -2.1438566794  4.4520565858 -0.1989227323 -0.2633826118  1.0000000000 -0.1681261354 -0.2186188994  1.0000000000
 2.5028134355 -1.7999666406  5.9147063621  0.9799196902  0.0594134201  3.9809941235  0.2205299725 -0.0948392357  1.0000000000  0.0514887937  0.1037783111  1.0000000000
 2.1456389027 -0.7482206823  5.6741966211 -0.6439350925  0.0231718360  4.0129515937  0.2244173589  0.0397428936  1.0000000000 -0.1995848830  0.0550364095  1.0000000000
-1.0974005328  0.9978634670  5.3085768780  1.8732845789 -0.1675322696  6.6997216134 -0.2231597484  0.1795443020  1.0000000000  0.1796815400  0.0706094425  1.0000000000
 1.1665547059 -1.0997553823  6.1626593779  0.7693949716 -1.8951317780  6.5429842901  0.0823098650 -0.0427861495  1.0000000000  0.0512693592 -0.1117706454  1.0000000000
 0.9789401202  0.3616005778  3.9851659566  1.2264081471 -2.3763335517  4.3935746786  0.0929645669  0.1506034583  1.0000000000  0.0976567745 -0.2588670329  1.0000000000
2.3856098461 0.2638995715 5.2730921814 1.0578189001 1.0108950366 5.3221645791 0.2453461061 0.1164541459 1.0000000000 0.0838428524 0.2534516101 1.0000000000
-0.9983150019 -0.3182407520  3.5982584026  1.5612769982 -0.0255316918  7.2042170210 -0.2440679194  0.0136411091  1.0000000000  0.1139353154  0.0560607041  1.0000000000
 1.0145127990 -1.8135964044  3.8149223095 -0.3422964191 -2.3535736360  4.0270705894  0.0788302688 -0.1771690924  1.0000000000 -0.0568974839 -0.2670081961  1.0000000000
 1.4701764007  0.5523391765  3.5213199986  2.3255406483 -0.3104091816  6.0730800207 0.1465947946 0.1727549688 1.0000000000 0.2016727905 0.0979623933 1.0000000000
 1.2933652019  0.5390476618  4.3938588556  1.4142883260 -2.3655637477  6.5352003045  0.1088158061  0.1671364801  1.0000000000  0.0836354659 -0.1711566101  1.0000000000
 0.5277253397 -0.2703929449  5.4516438146  0.1141718952 -2.2865907216  5.0583987486 -0.0169234903  0.0494574545  1.0000000000 -0.0625304920 -0.2413831520  1.0000000000
 2.2510361597 -1.9472460122  3.4782203079  1.0850674418 -2.0211843720  3.9052263833  0.2485147017 -0.2136363975  1.0000000000  0.0893994718 -0.2121567753  1.0000000000
 1.8845533730 -1.6351321385  6.8902376875  2.0965854565 -0.6158189321  5.4806732969  0.1409984617 -0.0766138293  1.0000000000  0.1974067119 -0.0074514138  1.0000000000
 1.2248828458 -0.4829602274  6.6827398079 -0.3352272195 -1.5121995483  5.4503682737  0.0739952978  0.0385585578  1.0000000000 -0.1075512071 -0.0810097845  1.0000000000
-1.1185463454 -0.3995331193  5.2720431393 -0.7058650055 -0.8947773973  3.8955649440 -0.1831104263 -0.0220909620  1.0000000000 -0.2020288559 -0.0471437236  1.0000000000
 1.8102874209  0.9096102266  6.9673308068  2.0390749785 -0.9969008657  4.7463754127  0.0739453870  0.1732575476  1.0000000000  0.2270308321 -0.0248368731  1.0000000000
-1.2715669078 -0.6165961333  6.4211325691 -0.6696338250  0.1395246118  6.2374956693 -0.2188810587  0.0169461577  1.0000000000 -0.1251855403  0.0521973221  1.0000000000
 0.5367980067 -0.0943422581  4.8063113865 -1.4138130757 -1.7093087410  4.0340516758 -0.0028206097  0.0945891492  1.0000000000 -0.2446459516 -0.1759192776  1.0000000000
 0.8742614505 -2.3720479446  3.4969072273  2.1154759368 -0.3839852894  6.2987082183  0.1178617404 -0.2881112744  1.0000000000  0.1760545475  0.0658435676  1.0000000000
 0.1802214502 -2.0561010152  3.3009659736  1.8047448310 -1.4990623857  3.6446835709 -0.0137132721 -0.2366321044  1.0000000000  0.2390420721 -0.1295320445  1.0000000000
 1.5472754368 -1.9545112843  4.3598341785 -0.6734239243 -0.2471200158  3.6475816264  0.1193279751 -0.2009657349  1.0000000000 -0.1684528185  0.0520391829  1.0000000000
 1.3283214059 -1.4659415596  7.0462064333  0.0739195599 -2.1757387642  3.1332441962  0.0941740232 -0.0444247624  1.0000000000 -0.0850851496 -0.2421520137  1.0000000000
-1.3193774972 -0.6510476185  3.9770759020 -0.5159447779  0.0186581716  5.9774197886 -0.2455371295 -0.0091895044  1.0000000000 -0.1317996923  0.1001472550  1.0000000000
-0.3249257376  0.3912330998  6.0894180868  2.0543603883 -0.5752436056  4.4064845919 -0.1299493554  0.1194461223  1.0000000000  0.2372050932  0.0334629038  1.0000000000
 2.4953538898 -0.3928511679  3.9428701203 -0.3727211611  0.0884826116  5.6903286053  0.2991742936  0.0313242551  1.0000000000 -0.1060407460  0.1224455291  1.0000000000
 0.3774753373  1.3224357970  5.0732315630  2.4028413314 -2.3323809657  3.8236434476 -0.0383163739  0.2934709322  1.0000000000  0.2574260580 -0.2323005053  1.0000000000
-0.2211791131 -2.4001865535  4.5760826791  0.0722078457 -2.3093887571  3.3677642059 -0.0579046126 -0.2308239041  1.0000000000 -0.0389702934 -0.2565391403  1.0000000000
 1.9200069512 -1.8065091197  5.0065817931  0.7358868804  0.9084154772  5.3493481911  0.1567166171 -0.1390316445  1.0000000000  0.0121550234  0.2079926165  1.0000000000
-0.2597488119 -0.3567147870  6.1313560538  1.8924674375  0.6033044453  7.2550899877 -0.0912502279  0.0206163269  1.0000000000  0.1664434352  0.1258082838  1.0000000000
-0.0175566422 -2.5710556502  6.4898423220 -1.1631587578 -0.1328097927  6.6063720146 -0.0338350474 -0.2536117531  1.0000000000 -0.1574867053  0.0834348205  1.0000000000
-1.3424642476 -2.2166545602  3.4500910625 -0.9865621239 -1.6562959553  5.2084720939 -0.2978296615 -0.3186331703  1.0000000000 -0.2267876038 -0.1521865036  1.0000000000
-0.7393028776 -0.2008450113  5.2511898585 -0.5417490564 -0.0611578081  6.5714707223 -0.1513946254  0.0486078927  1.0000000000 -0.1034435221  0.0671704416  1.0000000000
 0.2481855369 -2.0552043809  4.0043084092 -0.0740775259 -0.0206432185  3.5761561252 -0.0283662669 -0.2024005178  1.0000000000 -0.1078860403  0.0619715264  1.0000000000
 2.1961122700 -1.4483484280  5.5498836193  1.6782101121 -1.6116344069  6.6937454876  0.1912909880 -0.1088666717  1.0000000000  0.1145113807 -0.0596360819  1.0000000000
 1.8088041278 -2.1703637401  5.8912458696  0.5173471661  1.3944289765  3.6761946918  0.1710550193 -0.1572520788  1.0000000000  0.0044406126  0.2896248828  1.0000000000
