159.4000000000
50
-8.1067932340 -6.0508238658  6.4871543300 -0.0117546189  0.0617163499  1.0000000000
-8.2214782696 -6.7887434358  8.4402066337  0.1752867822 -0.0889899063  1.0000000000
-7.0876542391 -7.7525763434  7.4863529238 -0.0582088286 -0.2027881295  1.0000000000
-9.2628879147 -4.3194904201  8.0512279652 0.2562583734 0.2932461432 1.0000000000
-7.2723825594 -7.2971839057  5.6888778528 -0.1281311809 -0.1003699985  1.0000000000
-8.7523986866 -6.4547102989  6.2286625287 0.0008845893 0.0142975437 1.0000000000
-8.3101535101 -5.4993935185  5.2722549001 -0.0690221603  0.1670160912  1.0000000000
-8.7049542278 -7.1478981394  7.6923616950  0.1082982363 -0.1176479134  1.0000000000
-9.1807624169 -5.5573417575  5.2356811643 0.0365566522 0.0833401128 1.0000000000
-9.9127202367 -5.5996211067  5.0450311946 0.0954027706 0.0916501744 1.0000000000
-9.8236158562 -7.3780158859  7.3487132343  0.1880983479 -0.1444705136  1.0000000000
-8.6552335195 -4.8357480508  4.5466102482 -0.0812253462  0.1817687454  1.0000000000
-9.0649636869 -7.4328791147  4.7479414091 -0.0360043785 -0.0665242171  1.0000000000
-9.4314453685 -7.5587137870  5.2612198321  0.0132720553 -0.1218270703  1.0000000000
-8.5691321766 -6.4494508095  7.8584255204  0.1988573677 -0.0653946817  1.0000000000
-8.1059931749 -4.7074764332  4.8033851929 -0.0841357414  0.2422800330  1.0000000000
-9.4878268552 -6.9492365857  7.2538242451  0.2049229933 -0.0952146235  1.0000000000
-8.9669579545 -8.2650327246  5.8695102934  0.0306448267 -0.1772697165  1.0000000000
-9.5008498314 -5.9498836755  6.9365012682 0.1691440093 0.0115464964 1.0000000000
-8.3130962660 -7.2225797447  7.5269052515  0.0586510430 -0.1348795842  1.0000000000
-8.6341582303 -7.7142187870  6.7190407016  0.0394105898 -0.1855132695  1.0000000000
-7.0253631943 -6.5008373641  5.5802551270 -0.2165363956 -0.0035054131  1.0000000000
-10.6125346628  -4.8612315107   6.0885621159 0.2129449601 0.1863008898 1.0000000000
-8.8607625655 -6.2049829439  8.7209916862  0.2614225427 -0.0429807785  1.0000000000
-9.4869608203 -7.5257764831  7.3011080012  0.1655801169 -0.1327457131  1.0000000000
-6.8635770990 -6.7220235446  5.4811154519 -0.2163138108 -0.0245407119  1.0000000000
-9.9864441294 -7.3501221236  6.0351227892  0.1282696949 -0.0806515052  1.0000000000
-8.4713001184 -5.4980167432  4.3475755205 -0.0715425720  0.1055724493  1.0000000000
-6.7460007521 -6.0376793532  5.2648152263 -0.2547312444  0.0941060312  1.0000000000
-8.9906840192 -7.5148186244  5.8125651505  0.0391561512 -0.1103452729  1.0000000000
-10.3530340519  -5.2699716858   5.4864602024 0.1178938637 0.1572336416 1.0000000000
-7.6433801427 -4.6888358655  5.9884924192 -0.0442674912  0.2351055742  1.0000000000
-9.0411357170 -4.6633061535  7.3625153120 0.1923491527 0.1703369580 1.0000000000
-9.3594559375 -5.3145101025  5.4896167514 0.0944894552 0.1208084116 1.0000000000
-10.0067928350  -6.0610759882   5.1228011227 0.0828712799 0.0858748750 1.0000000000
-7.1449459810 -5.6537728376  5.8053640432 -0.1277507955  0.1147354335  1.0000000000
-9.3913087453 -6.5911066732  6.0498248874  0.0686827960 -0.0066740045  1.0000000000
-8.4111925755 -5.5012729207  6.1082417605 0.0198613551 0.1065447264 1.0000000000
-7.2402873057 -5.2511822274  7.0822186515 -0.0898437206  0.1630873964  1.0000000000
-9.3900909610 -7.1171888557  7.6166790148  0.2000369566 -0.0941800602  1.0000000000
-8.1284817156 -7.8277158213  7.7364572506  0.1027965888 -0.2725099675  1.0000000000
-7.7027515131 -6.5391473446  7.5192989121  0.0200677326 -0.0678028860  1.0000000000
-8.8207575088 -7.1270135020  8.8938006406  0.2862646275 -0.1845126236  1.0000000000
-8.3659047902 -5.4521004498  4.3224288173 -0.0776379894  0.1058885550  1.0000000000
-6.8010069649 -6.5780632559  5.2006066139 -0.2533562376  0.0266410287  1.0000000000
-9.3969842649 -5.4119515535  8.1430477642 0.2952546237 0.0992825466 1.0000000000
-8.4503622448 -7.2061727587  5.5411436731 -0.0184123378 -0.0476499347  1.0000000000
-6.9443289281 -5.2128468876  5.4497578729 -0.1959918372  0.1240874476  1.0000000000
-8.0836373965 -7.3566633392  7.8278529212  0.0605089693 -0.1561743053  1.0000000000
-9.1875788823 -8.0154128338  7.3264550616  0.1473914145 -0.2432468927  1.0000000000
50
-7.9145706496 -5.5068695476  7.4654359326 -9.7818012525 -7.4631229168  7.9188153572  0.0653379512  0.1081615283  1.0000000000  0.2504754212 -0.1575570848  1.0000000000
-7.5406461730 -8.1201369805  5.7089423318 -7.1178251559 -7.2850562802  4.9467735782 -0.1468851405 -0.1873376462  1.0000000000 -0.2226903984 -0.0335115344  1.0000000000
-8.5314530365 -7.0388448398  6.4195856122 -6.4194251198 -6.9620629635  7.2891866553  0.0027992522 -0.0694699048  1.0000000000 -0.1599098384 -0.0935703887  1.0000000000
-8.1053147001 -5.4852105412  6.9954005759 -6.8972092537 -4.9811404899  7.5121175330  0.0494476515  0.1336273784  1.0000000000 -0.0798071103  0.1828262716  1.0000000000
-8.5169848732 -6.7092261563  6.7497966332 -9.1524326634 -7.7265058035  6.4187367146  0.0377150947 -0.0657967160  1.0000000000  0.0777204357 -0.1421650042  1.0000000000
-6.9267431036 -6.8102881304  7.3262015790 -8.8167004435 -5.4846554438  5.5812286338 -0.1100170871 -0.1391348568  1.0000000000  0.0132042650  0.1373116049  1.0000000000
 -9.0832470327  -7.0754621581   6.1449971793 -10.6246353550  -8.4697607172   6.4514455868  0.0906384998 -0.0846854904  1.0000000000  0.2265116817 -0.2275067611  1.0000000000
-8.5343297037 -6.5784848373  4.5859663203 -8.5550801906 -5.9446469239  6.7883727558 -0.0927069615  0.0230006486  1.0000000000  0.0502953628  0.0732525730  1.0000000000
-8.0208617685 -4.9916268026  5.2719411478 -6.3368326560 -4.7477713854  6.3315616392 -0.0839649454  0.1602208704  1.0000000000 -0.2498085067  0.2545818592  1.0000000000
-8.4707953631 -7.0212438483  6.3831124947 -8.1965915115 -4.1635362213  7.7389141407  0.0511941516 -0.1123244902  1.0000000000  0.1622104829  0.3129444849  1.0000000000
-7.3515291326 -8.2266681013  4.8220510287 -8.4820660291 -4.8807964520  8.2654620756 -0.1787481486 -0.1576316780  1.0000000000  0.1915834742  0.1693481567  1.0000000000
-7.3682340466 -6.6974905317  5.4391167119 -6.4979793250 -6.9715719806  6.8438609574 -0.1740244463 -0.0203576437  1.0000000000 -0.1870950610 -0.1010716924  1.0000000000
-8.1545499448 -7.1991255908  8.2722304932 -7.4736385308 -5.8478796079  6.1771229189  0.1127438056 -0.1503494271  1.0000000000 -0.0788439859  0.0858793383  1.0000000000
-8.3970822212 -7.7480610992  4.2313808316 -6.5485225935 -6.7032583872  6.2070636389 -0.0922303009 -0.1252060333  1.0000000000 -0.1556449928 -0.0150176929  1.0000000000
-7.9805958556 -4.5649536233  6.2883264293 -8.9894384695 -8.4106927026  5.2145097502 -0.0382486962  0.2278005142  1.0000000000 -0.0314121987 -0.1687687050  1.0000000000
-8.7532599959 -5.2410503028  5.9835235339 -8.1675696422 -5.0781629132  5.3707831351  0.0074588631  0.1829566683  1.0000000000 -0.0472001002  0.1818539169  1.0000000000
-9.2526732563 -6.5436471315  7.3166703623 -7.3676584116 -6.1855469833  5.2446525199  0.1454742543 -0.0415526827  1.0000000000 -0.1993912743  0.0588405721  1.0000000000
-8.4740895429 -5.7978737281  5.1375769762 -6.5508086413 -8.1087929336  5.7825083943 -0.0634645953  0.1038638723  1.0000000000 -0.2319490423 -0.1733804563  1.0000000000
-8.0681164644 -8.2428749464  5.3920703314 -9.9278042439 -7.0795596013  5.4962910979 -0.0700739321 -0.1786317018  1.0000000000  0.1091119873 -0.0164990295  1.0000000000
-7.8235577683 -4.9942166799  8.1419159634 -8.9734405003 -5.6548341503  6.9029155969 0.1392978891 0.2206350730 1.0000000000 0.1116038670 0.1062881892 1.0000000000
-9.2341306253 -7.6216282849  5.3449786038 -7.8638163205 -4.9227367321  6.1356630350  0.0262575131 -0.1214008482  1.0000000000 -0.0193349173  0.2089097721  1.0000000000
-10.0092241695  -7.2629904365   6.3333256349  -8.2946400984  -4.9653651196   5.7023468413  0.1327294472 -0.0879460044  1.0000000000 -0.0105761106  0.1420027654  1.0000000000
-7.5824945962 -6.1592781771  4.7836245062 -6.4604504665 -7.9618334796  7.4772255225 -0.1803366980  0.0685508327  1.0000000000 -0.1739150546 -0.2908468054  1.0000000000
-6.8362883745 -5.0703682077  7.1606621816 -8.6905532497 -5.4569353599  7.1680719960 -0.1461982966  0.1734314958  1.0000000000  0.1444063086  0.1360199363  1.0000000000
-7.2494947615 -5.3228914433  7.6854343675 -7.4998153696 -8.0283674673  5.2125699543  0.0122272318  0.1580922762  1.0000000000 -0.1725896824 -0.1787578025  1.0000000000
-7.6914396927 -8.2755186843  6.8024934719 -8.4356568565 -6.9843476243  4.5466054566 -0.0925923609 -0.2612356700  1.0000000000 -0.1250881253 -0.0250481522  1.0000000000
-8.0819850401 -7.4555581090  7.3848885032 -7.3513587610 -5.1393309274  7.3455988549  0.0938766244 -0.1451882929  1.0000000000  0.0009472058  0.1742619384  1.0000000000
-6.9795524770 -6.6668947401  5.3620497358 -7.4525612016 -6.4552246500  5.0478281110 -0.2027143289 -0.0390854308  1.0000000000 -0.1940448948  0.0186052456  1.0000000000
-10.5747590757  -6.0712127729   5.9892991937  -8.0983862573  -4.3917221161   7.3976470157 0.1708850273 0.0459210178 1.0000000000 0.0910454755 0.2388607146 1.0000000000
-8.6221315132 -4.7836814395  4.4712579416 -7.9018118314 -5.6714329212  6.7853030725 -0.0826494224  0.2004802202  1.0000000000 -0.0542936687  0.1371288237  1.0000000000
 -8.1866256784  -8.1590036870   6.8236416658 -10.5612781220  -4.7052935550   5.9111537299  0.0433779289 -0.2327395745  1.0000000000  0.1922941173  0.1902216418  1.0000000000
-6.1767348288 -7.2798440263  7.1192654956 -9.9637442474 -6.9729486593  6.8824888132 -0.2213175375 -0.1557504686  1.0000000000  0.1774517172 -0.0726673278  1.0000000000
-7.0179231747 -4.7148172981  7.2308748245 -8.9345029386 -5.9926721276  8.4332160108 -0.1029991470  0.2572482461  1.0000000000  0.2629929506  0.0106135569  1.0000000000
-7.8975620908 -6.7233384695  7.2790798714 -7.5628092716 -6.0130935174  7.3492518707  0.0119482107 -0.0619474885  1.0000000000  0.0103234831  0.0289265169  1.0000000000
-8.8396967479 -6.9556008170  5.3821167130 -6.2560278092 -5.3787875196  6.6665422502  0.0044164960 -0.0416278353  1.0000000000 -0.2501070625  0.1362313754  1.0000000000
-7.3933810702 -7.8368937550  5.6098280905 -6.0979016612 -8.2247394545  7.3162288825 -0.1718282450 -0.1483708027  1.0000000000 -0.2445534557 -0.3112013155  1.0000000000
-8.9344844942 -8.4238231662  4.7455816948 -8.2462562782 -5.2910964885  7.9632323087 -0.1084239137 -0.1334359643  1.0000000000  0.1302480998  0.1329933617  1.0000000000
-9.7720791304 -5.6062966129  4.7162287640 -6.7774377697 -4.8275714411  5.6873643941  0.0611284137  0.0917814203  1.0000000000 -0.1914889394  0.2152050800  1.0000000000
-7.7729488366 -7.5804248316  7.3451874440 -7.4133421013 -7.3631320311  4.5648850708 -0.0235045911 -0.2085509673  1.0000000000 -0.1639929833 -0.0718066638  1.0000000000
-7.6057105478 -7.7574443361  7.3561984762 -7.6953928402 -7.6945537025  5.2142287201 -0.0511939795 -0.2575162105  1.0000000000 -0.1420698031 -0.1492799135  1.0000000000
-8.5846250333 -5.4463551965  4.8327950141 -8.9464948463 -5.3024714463  4.2564844411 -0.0693476696  0.1298312066  1.0000000000 -0.0499094089  0.1314842197  1.0000000000
-7.2699922399 -4.7858691057  7.3460030302 -7.0820337395 -4.6653153653  5.4630546626 -0.0582964828  0.2071068108  1.0000000000 -0.1513727541  0.2129693507  1.0000000000
-9.0434583169 -4.2643129196  8.1146974244 -9.9515503788 -7.1788265380  6.4453918474  0.2872037423  0.2966950044  1.0000000000  0.1379068556 -0.1309184262  1.0000000000
-10.7542322943  -6.1669642995   6.3040053267  -7.3807116104  -6.9299038746   6.7275260817  0.2356286879  0.0513433099  1.0000000000 -0.0977809818 -0.1074273097  1.0000000000
-7.8873097438 -5.9625189305  6.7172480031 -9.5996942661 -7.3833643723  5.9592667403  0.0177540574  0.0598128021  1.0000000000  0.0699778172 -0.0932178878  1.0000000000
-9.3090940194 -8.3174582394  5.0933031283 -7.4406392780 -8.0822979041  6.9645652808  0.0105105312 -0.1660283541  1.0000000000 -0.0531247994 -0.2231971510  1.0000000000
-7.7224276799 -8.0171555192  5.4337664030 -6.3845271566 -5.9404941416  6.9342725689 -0.1335807530 -0.1619896437  1.0000000000 -0.1660086760  0.0485232984  1.0000000000
-6.5575014732 -5.4592410299  6.2981320684 -7.4048379207 -6.3873513374  7.4579961488 -0.1733674742  0.1207592012  1.0000000000 -0.0343388135 -0.0447372430  1.0000000000
-7.7717118503 -7.7059230536  3.9492816400 -8.9581060400 -6.3818222445  4.5323176740 -0.2065508740 -0.0816303920  1.0000000000 -0.0383902046  0.0438327451  1.0000000000
-9.5084777844 -4.4422463703  7.7984497274 -8.0802557643 -5.7718662832  4.9122053081  0.2586182629  0.2300993225  1.0000000000 -0.1034871990  0.0800974472  1.0000000000
