513.8000000000
50
 -2.2829874345 -10.7744021471 -13.3615234508 0.0659224395 0.0123448343 1.0000000000
 -3.5142762233  -9.6407555906 -11.3110817415 0.0754106656 0.2758250493 1.0000000000
 -0.3624618545 -10.4636130137 -13.1911731108  0.1423520252 -0.1684417623  1.0000000000
 -3.8064604228  -9.2506388035 -11.6486322678 0.0193420563 0.2219426181 1.0000000000
 -2.6834585004  -9.6148237544 -10.8255081439 0.1648559453 0.1792969088 1.0000000000
 -2.3522741235  -7.3565013964 -11.3641895226 -0.1586118142 -0.0178117148  1.0000000000
 -3.6156990598  -8.4922500460 -12.1829424267 -0.1064195373  0.1715121608  1.0000000000
 -1.6314872659  -9.6526125555 -14.3978462618 -0.0349410618 -0.1053970287  1.0000000000
 -1.9683350644  -9.4586080045 -11.0690039015 0.1322766975 0.0576715916 1.0000000000
 -2.6604129219  -7.9032671438 -13.2660676659 -0.1934673721 -0.0189281643  1.0000000000
 -1.4592771502  -6.2821068374 -12.5263120778 -0.2760220492 -0.2113398589  1.0000000000
 -2.3407036294 -12.0131498236 -12.6940536685 0.1888419346 0.1320898177 1.0000000000
 -2.5828697964  -7.8010192022 -11.6519343067 -0.0935144572  0.0566934292  1.0000000000
 -0.8937338683  -6.5461050753 -12.4399663393 -0.1953062960 -0.2897389127  1.0000000000
 -3.1887308268 -10.4284312531 -13.2090212133 0.0030883807 0.1415644272 1.0000000000
 -0.1901796050  -9.0824721500 -11.7987485995  0.1435187067 -0.2405865174  1.0000000000
 -1.1623589364  -8.9489578795 -10.8977228443  0.1980129726 -0.0606442938  1.0000000000
 -3.5954997759  -8.2344202786 -12.8653305261 -0.1920938267  0.1664884119  1.0000000000
 -2.7807094254  -6.7714369215 -11.9114529421 -0.2447324291 -0.0343600235  1.0000000000
 -2.8085707543  -8.8708787777 -12.6679428940 -0.0128756064  0.0496880709  1.0000000000
 -2.2302437178 -10.5881935347 -11.9876729887 0.1489809736 0.0718512522 1.0000000000
 -1.9863903701 -10.0822479548 -11.0907494228 0.2270692757 0.1216622981 1.0000000000
 -3.2655670162 -11.8278080216 -12.5092455285 0.1771245525 0.1695537156 1.0000000000
  0.0323234263 -11.2776127402 -13.2043702885  0.2133275568 -0.1781735651  1.0000000000
 -3.3326519127  -8.6930229587 -14.0384749149 -0.1884262547  0.0458051122  1.0000000000
 -1.1673621714 -11.1306704127 -12.6699944536  0.2121202195 -0.0095913458  1.0000000000
 -1.3435360256  -7.3955489669 -12.4080274789 -0.1243994960 -0.1554437087  1.0000000000
 -1.6768541454  -9.8389323898 -14.2381411365 -0.0417778639 -0.0822686857  1.0000000000
 -1.2130963237 -10.0073792259 -11.6173191486  0.1962650306 -0.0227942615  1.0000000000
-2.4293299078 -9.5535852197 -9.9918473394 0.3288819238 0.1710522034 1.0000000000
 -2.6473078740  -9.5331434474 -13.3805688171 -0.0724668945  0.0014517280  1.0000000000
 -2.7483093042  -7.3879850758 -13.1836005931 -0.2660177066 -0.0302462070  1.0000000000
 -1.6605598110  -8.1993653696 -12.3482262347 -0.0666063389 -0.0947831969  1.0000000000
 -1.7819853034  -8.2779888682 -12.8518972005 -0.0848330426 -0.1365000943  1.0000000000
 -2.0927893673  -7.3370087527 -11.7214955743 -0.1127701330 -0.0601816197  1.0000000000
 -2.2888629856  -7.5325370527 -13.6635977123 -0.2636100378 -0.0712501000  1.0000000000
 -1.9624950658 -10.7658008853 -12.0940723189 0.1857387685 0.0499803881 1.0000000000
 -1.0338223907  -6.1109305318 -12.3904150505 -0.2753772489 -0.3367800472  1.0000000000
 -4.3455795659  -8.0084608546 -12.8518284788 -0.2534877648  0.1885534366  1.0000000000
 -3.1887153791  -8.6253102929 -11.2048651947 -0.0295666244  0.1385772141  1.0000000000
 -0.9008299414  -9.5890342168 -13.5149568331  0.0351380058 -0.1570969904  1.0000000000
 -1.3243498713  -7.5212610794 -12.3942807942 -0.0965669948 -0.1460404320  1.0000000000
 -2.2139281910  -9.8756403794 -12.1730925713 0.0993410638 0.0405982933 1.0000000000
 -2.9246609508 -12.0164942974 -12.1264426719 0.2213182719 0.2016333919 1.0000000000
 -1.1225082712  -8.0532308868 -12.3174136434 -0.0356327955 -0.1397899325  1.0000000000
 -1.1411766988  -9.1199923619 -13.1829536429  0.0081179889 -0.1191844177  1.0000000000
  0.1770310195  -9.3735611998 -11.0159514728  0.2675139114 -0.2425694826  1.0000000000
 -0.6059143296  -8.5879721124 -11.7583603343  0.0938460875 -0.1896103190  1.0000000000
 -0.6607726000  -8.3593711466 -11.4088941793  0.1089357590 -0.2166314719  1.0000000000
 -3.4454404039  -9.1834834506 -14.6783699187 -0.1567585489  0.0532337184  1.0000000000
50
 -1.6420821198  -7.0834028519 -12.8275470517  -2.3833298262  -7.4208350221 -11.3142167754 -0.1932220923 -0.1745403540  1.0000000000 -0.1047808997  0.0162411959  1.0000000000
 -0.2389619500  -9.3010880278 -11.0486196852  -0.3998030991 -10.4253671987 -12.9816753756  0.2505618873 -0.1766884363  1.0000000000  0.1428081866 -0.1020029961  1.0000000000
 -3.2235010893  -8.3111484833 -13.9587456274  -1.0500122099  -9.0810920949 -14.9160281950 -0.2278617036  0.0540316147  1.0000000000 -0.0956467009 -0.1331536998  1.0000000000
 -0.7804244999  -8.3703012039 -13.5794390100  -2.9447001749 -10.1721116219 -13.2483390228 -0.0757890691 -0.1525610394  1.0000000000 -0.0063063181  0.1112839184  1.0000000000
 -1.3045498843  -8.4321916324 -10.9146517950  -2.1183030610  -7.8973362031 -12.1124755219  0.1254726999 -0.0842397259  1.0000000000 -0.0952851926 -0.0220351060  1.0000000000
 -2.6674743508  -8.6603994680 -11.2064272138  -3.4900584470  -7.5508563793 -12.6975031033  0.0784210085  0.0981957306  1.0000000000 -0.2558610278  0.1352102078  1.0000000000
 -4.0948845553  -9.1335317055 -13.0750776775  -3.0338754967  -9.1426563915 -12.6830217624 -0.0926195818  0.2234879086  1.0000000000 -0.0660357249  0.0661221315  1.0000000000
 -0.8570784306 -10.0362071036 -11.2029578593  -2.1759585616  -7.4006043783 -13.4070393788  0.2700922999 -0.0877648140  1.0000000000 -0.2311838251 -0.1085668868  1.0000000000
 -4.2555363216  -8.8888049227 -13.4385458695  -2.3688598411  -9.0807772896  -9.9779592177 -0.1869519434  0.1891185032  1.0000000000  0.2490429114  0.1457162685  1.0000000000
 -3.7287365709  -8.5562463016 -12.8775993264  -0.1970601120  -8.0738812663 -11.7179921588 -0.1433599813  0.1792691419  1.0000000000  0.0936833318 -0.2986575955  1.0000000000
 -1.4187471316  -8.1439557846 -13.2793085070  -1.3969441500  -9.3124585933  -9.9776170124 -0.0564544449 -0.1238637037  1.0000000000  0.2917517088  0.0128284583  1.0000000000
 -0.1916543138  -8.7129533312 -10.7231750548  -2.7119954180  -9.0037801458 -11.5040838612  0.2334931293 -0.1919272240  1.0000000000  0.0126793779  0.1182946665  1.0000000000
  0.0911415438 -10.2545061245 -12.5575281263  -2.4995305902  -8.6766000584 -13.5423692773  0.2429405044 -0.1678429743  1.0000000000 -0.1187215385 -0.0442139199  1.0000000000
 -1.4295591047  -8.1117747470 -14.2782019985  -0.3042588497 -10.4567918797 -12.9954123114 -0.1708398468 -0.1744640787  1.0000000000  0.1568691746 -0.1673369124  1.0000000000
 -2.4364297506  -9.9864498111 -12.3381050519  -3.0351463202 -10.7072455021 -12.6445855373 0.1043758709 0.0770129159 1.0000000000 0.0444673619 0.1661793499 1.0000000000
 -0.8061026251  -9.7268663907 -11.4885570225  -1.7333226825  -9.0360034995 -13.4152262825  0.1775294352 -0.0855715169  1.0000000000 -0.0779881888 -0.0803906406  1.0000000000
 -1.7753963933  -9.4172176223 -12.8721935186  -3.3268528748  -8.5076809638 -12.8233327711  0.0700127999 -0.0286127774  1.0000000000 -0.1175827715  0.0888330359  1.0000000000
 -1.9612383889  -7.1952750949 -11.6285692311   0.0192418756 -10.4146481227 -13.8011461046 -0.1306973150 -0.0676025607  1.0000000000  0.1383332031 -0.2099001282  1.0000000000
 -2.1768506219  -9.7092170573 -10.3298712924  -2.7977212678  -7.2965640865 -12.8859322635  0.2289957131  0.1236376170  1.0000000000 -0.2711792943 -0.0119454925  1.0000000000
 -0.3094988193  -8.3037452960 -11.3955048294  -3.5556412351 -10.2718176953 -12.9806332908  0.1011324604 -0.2552141918  1.0000000000 -0.0258177253  0.1704922123  1.0000000000
 -0.7800991239  -9.6048507154 -11.9216090747  -4.2555265326  -8.1543205456 -12.3056812704  0.1787858111 -0.1672257696  1.0000000000 -0.1988379872  0.2120032621  1.0000000000
 -2.2393525906  -9.8550134911 -13.0112545046  -0.7418227912  -7.1985601322 -12.7707088047  0.0520859661  0.0364150418  1.0000000000 -0.1518838978 -0.2461235702  1.0000000000
 -0.2770336415  -8.8503278808 -12.5766971219  -3.7375276248 -10.6936153679 -12.4184556667  0.0783804147 -0.2341170588  1.0000000000  0.0177195885  0.2264557792  1.0000000000
 -1.1434970479  -8.2255414537 -13.2446821183  -1.4401055477  -9.7346293194 -11.5111690483 -0.0914862786 -0.2056087355  1.0000000000  0.1914235818 -0.0222758986  1.0000000000
 -1.8222707152 -10.2717405419 -11.2745385115  -1.1924722847  -8.8556357972 -10.7906396526  0.1983143000  0.0361770367  1.0000000000  0.1900851576 -0.0256760746  1.0000000000
 -4.0897122662  -8.4674845223 -13.4951243565  -0.1246569560  -9.8401870717 -11.5085464019 -0.2332914844  0.1609322939  1.0000000000  0.2703162283 -0.2064489407  1.0000000000
 -3.4963963787  -9.6788559645 -12.1790774529  -0.6423355040  -7.6921704126 -11.5266844781  0.0476381685  0.1904876261  1.0000000000  0.0220506716 -0.2337865974  1.0000000000
 -2.2811663604  -8.9741986780 -11.6914068204  -1.4292189466 -10.1597499178 -13.9355930537  0.0336503333  0.0869213356  1.0000000000  0.0158422832 -0.0757628237  1.0000000000
 -2.9691733199 -10.2649458040 -11.8874777790  -1.6782663591  -8.7598494187 -14.7880354493  0.1364413293  0.1449865614  1.0000000000 -0.1380465278 -0.1094071848  1.0000000000
 -2.3101780009 -10.5229855953 -12.3919730657  -3.7258788310  -8.6116770371 -13.3609249149  0.1335420967  0.0512706862  1.0000000000 -0.1612581207  0.1475360743  1.0000000000
 -0.9372921595  -9.9941064120 -11.2279935677  -3.7678086611  -8.1178014439 -12.8050189341  0.2269723671 -0.0537955593  1.0000000000 -0.1664343030  0.1696351532  1.0000000000
 -0.6642902099  -9.9959142488 -11.2325821889  -2.4194212485  -8.7663237790 -14.7061597409  0.2711284880 -0.0812165688  1.0000000000 -0.1817643457 -0.0450183369  1.0000000000
 -2.6182454381  -9.6078669099 -11.5637589995  -1.9530198480 -11.8468882708 -12.6888598041 0.0915594078 0.1066714218 1.0000000000 0.2057620421 0.0134041726 1.0000000000
 -0.6012773400  -9.6663536075 -12.1660682122  -1.4170557258  -6.4997681996 -13.1246194834  0.1429944452 -0.1989980624  1.0000000000 -0.2480646886 -0.1942701299  1.0000000000
 -2.9597110818  -9.5766259027 -11.3862346774  -1.8431799494  -7.7825522495 -11.5409718524  0.0903086539  0.1682614276  1.0000000000 -0.0261589566 -0.0717463237  1.0000000000
 -2.6479761717  -9.6060832476 -10.6684152410  -0.8601535059  -8.1331612500 -11.6398607561  0.1600842445  0.1694567937  1.0000000000  0.0729939100 -0.2067459550  1.0000000000
 -1.7601110942  -9.7348251138 -10.8599406078  -2.2931561603  -7.7471799647 -12.2895961413  0.2124086966  0.0389629580  1.0000000000 -0.1037201401 -0.0798118487  1.0000000000
 -2.6275010129 -10.4847156461 -10.5536207115  -3.1294748391 -11.0516328766 -13.4705364316 0.3137999241 0.1893615669 1.0000000000 0.0750830655 0.0747183741 1.0000000000
 -0.9917622280 -11.0142801380 -13.4632063871  -1.5796990099 -11.0164944093 -12.3649964177  0.1335397407 -0.0581255607  1.0000000000  0.1714340955 -0.0048211560  1.0000000000
 -3.2257200989 -10.8452006362 -12.4391677823  -4.5243224666  -8.3354423380 -12.5833751938  0.1356157855  0.1550398048  1.0000000000 -0.1778804609  0.2528132192  1.0000000000
 -0.4834446974 -10.6825663864 -12.9795937427  -2.3713977953  -7.9959447278 -13.9434122759  0.2005709691 -0.1419061430  1.0000000000 -0.2164668847 -0.0966959616  1.0000000000
 -2.4097188158  -8.8656942519 -11.0008702329  -4.1840996831  -7.2245437595 -11.5728700565  0.1023188304  0.1038134705  1.0000000000 -0.2475747535  0.3012692082  1.0000000000
 -0.4337560032  -9.5145934813 -11.2035892644  -0.7385559824  -8.8409221735 -11.5338751751  0.2246703817 -0.1516105315  1.0000000000  0.1550170422 -0.1873189373  1.0000000000
 -1.8215648463  -8.3147867761 -15.0065466613  -3.7718675868 -10.2568661601 -12.4317846759 -0.1974307195 -0.1046094601  1.0000000000 -0.0069589380  0.2302527998  1.0000000000
 -3.0937883097  -9.3970940306 -12.6762875129  -0.9360028894  -7.9039703000 -12.4285738102  0.0055717280  0.1136350301  1.0000000000 -0.0621349430 -0.2475370441  1.0000000000
 -3.6477458550  -9.7066789232 -11.3933858127  -1.6090262003  -9.9966293986 -10.5852417796 0.0303598136 0.2359424465 1.0000000000 0.2628908417 0.0134131102 1.0000000000
 -2.8094913734  -9.3099186892 -11.3978443687  -3.2072778607 -10.5939680699 -13.5710015849 0.0442017502 0.1253721703 1.0000000000 0.0173587081 0.1144349092 1.0000000000
 -0.1553438491  -8.0996303896 -10.9311709795  -0.8540829022 -11.3200460335 -13.0177232810  0.1568876055 -0.3045492831  1.0000000000  0.1924164607 -0.0562988715  1.0000000000
 -1.6021601618  -8.1162169529 -14.0822771223  -4.1458286882  -8.8602077221 -13.5188276596 -0.1539643601 -0.1665478326  1.0000000000 -0.1923035880  0.1741098349  1.0000000000
 -1.4111326617  -9.3313009657 -10.9119484346  -2.2982081536 -11.1141993667 -11.6104002403  0.2166571583 -0.0474561745  1.0000000000  0.2286792075  0.1092419244  1.0000000000
