10.8000000000
50
8.0303882294 5.6175838307 7.8361021057 0.2234262830 0.0548183356 1.0000000000
6.5151218977 2.3749373341 6.2945299734 -0.2870130625 -0.1072399284  1.0000000000
8.6452942128 4.4494376386 6.6824839387  0.1414190577 -0.1115852510  1.0000000000
8.0544734394 5.5113240232 7.7606265062 0.2368800553 0.0346075748 1.0000000000
5.5621512751 5.0126754320 7.4791272635 -0.0244393506  0.2201224806  1.0000000000
5.4459715129 4.5741750075 8.0158608562 -0.0729814980  0.1787930918  1.0000000000
8.3478126239 5.4258604150 8.2722592082 0.2142252270 0.0037704362 1.0000000000
6.9152267668 3.6582956193 7.6875771212 -0.0762336083 -0.0569188317  1.0000000000
8.1004299344 3.9214996742 9.3132906976  0.0775860303 -0.1569911695  1.0000000000
6.7636549601 6.8523596546 8.7036179878 0.2084959433 0.2094377095 1.0000000000
5.1810899308 4.0272700652 6.4420849753 -0.1803025450  0.2245067728  1.0000000000
5.8783656286 5.3692252060 8.2576091156 0.0172047761 0.1844256541 1.0000000000
7.8585394885 5.2907281766 6.0654701090 0.2347079503 0.0778477256 1.0000000000
7.8152298899 5.4160683270 8.3872690423 0.1625559194 0.0230826250 1.0000000000
5.2958036937 4.8049319995 7.3386898535 -0.0386568827  0.2726470513  1.0000000000
8.7783453439 4.6098625376 7.7663277252  0.1713589273 -0.1037834521  1.0000000000
7.5276039632 3.5568927104 9.3267435418  0.0355828631 -0.1193439737  1.0000000000
5.8884213665 3.1927967273 6.5453388740 -0.2336231889  0.0838310857  1.0000000000
7.7969715294 3.8464377535 7.9673471019  0.0340125648 -0.1467888980  1.0000000000
7.3450067538 3.2405187689 7.6737465815 -0.0617724252 -0.0651820801  1.0000000000
6.5281904392 2.7778930519 6.9602488502 -0.1965071902 -0.0500228202  1.0000000000
5.9073959704 5.2337508037 6.3452784140 0.0213429346 0.2656691888 1.0000000000
5.1174640017 3.6813899967 8.7971924209 -0.1372985970  0.1143897960  1.0000000000
6.0744732147 3.4872745508 7.2132936812 -0.1482103501  0.0952687878  1.0000000000
6.7807747397 6.0972963638 7.2389043619 0.1176379528 0.2019478536 1.0000000000
5.6610230987 4.3116539130 8.0546901364 -0.0687394493  0.1134446436  1.0000000000
7.6738533482 4.1908845363 9.6702097147  0.0886992002 -0.0609246860  1.0000000000
7.5241351222 3.9272521505 8.0262683127 -0.0138882220 -0.0278402258  1.0000000000
6.3200104880 6.3308781878 8.9857013114 0.1468020248 0.1934045307 1.0000000000
7.6348327377 3.1654448995 6.4738380759 -0.0955715004 -0.1740221475  1.0000000000
8.0207997381 4.8418682263 8.3232877449  0.1727013289 -0.0346697128  1.0000000000
5.1459240186 4.1077984176 7.3158514775 -0.1592979145  0.1854649522  1.0000000000
8.5299757013 2.5545734993 7.1514210383 -0.0660345228 -0.2648337986  1.0000000000
7.0331371725 2.7278486286 9.2026945127 -0.0299711085 -0.1293959981  1.0000000000
6.0525933290 6.1568578371 8.5504170436 0.1238839677 0.2283163384 1.0000000000
6.7214533518 2.5327426557 7.7577189636 -0.1506071927 -0.1035609557  1.0000000000
6.1313000819 6.3959846770 8.8676867012 0.1296314232 0.2291592220 1.0000000000
7.9470888928 4.9275577904 6.7873466291 0.1177271200 0.0282610710 1.0000000000
7.2754187194 3.1197277170 6.3219704571 -0.1484005174 -0.0888650436  1.0000000000
5.5623981141 3.5797496592 7.0893148231 -0.1345995406  0.1117001546  1.0000000000
6.0285167171 3.5081713283 8.9950585663 -0.1065349601  0.0311641081  1.0000000000
7.2005430832 5.6180183204 8.7857526002 0.1526454983 0.0352941764 1.0000000000
7.6880415206 2.6444584145 8.9584750565 -0.0669639845 -0.1813108817  1.0000000000
7.2665596856 4.1944353707 9.6589824699  0.0546340497 -0.0477679377  1.0000000000
7.6397997649 3.0695910411 9.6851315460  0.0140712196 -0.1661479328  1.0000000000
7.4492440715 2.7606129559 6.6800780749 -0.1454694710 -0.1231118816  1.0000000000
9.3441285682 3.8363808090 7.2169124818  0.1918895076 -0.2153419187  1.0000000000
6.2212518373 5.3017902562 8.4993637993 0.0239825116 0.1189652633 1.0000000000
9.5596275403 3.9552096150 6.8734308489  0.2137714381 -0.2670230374  1.0000000000
8.7822041505 4.6822777343 9.6170294240  0.2134375903 -0.1275138982  1.0000000000
50
6.8894697188 3.5773979807 7.3288006472 6.6523845932 2.1828170275 6.7274165059 -0.0940556226  0.0153972313  1.0000000000 -0.2291269819 -0.1119806322  1.0000000000
6.0916013900 3.4315291438 5.4673809602 7.2465992964 3.5389284163 8.9394747238 -0.2234294787  0.1149208044  1.0000000000 -0.0636642656 -0.0844348850  1.0000000000
6.2507409708 5.1942342635 8.4105982756 9.1494655663 3.9433509489 8.9630583843  0.0878848012  0.1261982110  1.0000000000  0.1855303060 -0.1920405166  1.0000000000
6.8896811286 6.2533111286 9.2075156784 8.4247625037 4.6562499300 6.3587605392  0.2116541831  0.1431709788  1.0000000000  0.1906803572 -0.0594922278  1.0000000000
8.2888475560 4.3744707706 9.4092818741 6.1951601818 1.8751401882 9.2286519456  0.1392394844 -0.0921920713  1.0000000000 -0.2027419152 -0.1368095763  1.0000000000
6.4145673570 4.3634590736 8.5688030775 7.1365603304 6.0499181824 6.0365339011 -0.0359706776  0.0366167560  1.0000000000  0.1754766647  0.2856202891  1.0000000000
6.2208176985 5.1683574739 5.8124515230 7.5491389396 5.4716846487 6.6022762986 -0.0529612537  0.2758196160  1.0000000000  0.1335437746  0.1262527744  1.0000000000
7.2731382091 4.0830446805 8.4741013186 8.8630451888 3.2371802531 7.2373780707  0.0879483406 -0.0579229265  1.0000000000  0.0719406560 -0.2619653956  1.0000000000
6.1140145619 4.9994190651 5.7933381476 7.0872870843 6.4410897018 5.7947563854 -0.0522654495  0.2323453319  1.0000000000  0.2114069717  0.3118259736  1.0000000000
4.8197304269 3.6602097820 8.1788643976 5.7734806432 4.0445436798 7.6954491329 -0.1790946037  0.1234100646  1.0000000000 -0.1156228456  0.0730551476  1.0000000000
8.0698566845 5.1759434230 8.4248127160 8.1959291239 5.1238354566 6.2494964897  0.1937191628 -0.0095099369  1.0000000000  0.1828293202  0.0455061511  1.0000000000
6.8428115289 5.1608218670 9.0720802613 6.1742408324 4.8014745913 6.5780691388  0.0850573656  0.0873286651  1.0000000000 -0.0060981440  0.1501348265  1.0000000000
8.4962513805 5.1346581234 6.2804939909 7.3049654211 5.9746231981 8.2297180952 0.2322713526 0.0143589790 1.0000000000 0.2369052624 0.0918543818 1.0000000000
7.2912365756 6.0189641293 6.5083637595 6.7180154995 6.0597232676 8.0176795617 0.2043261260 0.2359554235 1.0000000000 0.1279582717 0.1592596508 1.0000000000
7.0671828393 4.8432368140 7.3892243047 7.4620608385 2.8898472300 7.7696299616  0.1084157994  0.0618819087  1.0000000000 -0.0918860470 -0.1593106998  1.0000000000
6.6760603067 5.8430541337 8.6554889238 5.4871232582 4.6658290285 7.7861894973  0.1720051670  0.1522332414  1.0000000000 -0.0624049599  0.2206188265  1.0000000000
7.8727640653 6.1323425839 7.6054418717 6.9762643523 6.4150194641 6.1310279057 0.2820187252 0.1391581883 1.0000000000 0.2278681093 0.3416040272 1.0000000000
7.9121468691 2.3439597169 8.1248377264 5.7545863704 3.1937370328 6.7839860829 -0.0716425103 -0.1879358804  1.0000000000 -0.1956292726  0.0489779765  1.0000000000
7.5209718808 6.1988739937 6.8939467604 8.5813352129 4.7231171973 6.4368158480  0.2459909733  0.2120470563  1.0000000000  0.1617589935 -0.0637502766  1.0000000000
5.5518110407 4.7566866771 8.8890484705 8.0609912133 4.0241176872 7.9956978463 -0.0368747103  0.1341737010  1.0000000000  0.0825587840 -0.1014936518  1.0000000000
7.9270457004 2.7719059891 9.3116373123 6.0674940892 4.0688971389 7.8812545316 -0.0015415734 -0.2041459761  1.0000000000 -0.0413376693  0.0616610303  1.0000000000
6.6009433889 1.5864589964 9.4454410241 6.2541306962 1.8661810419 9.2765801919 -0.1735224104 -0.2511279269  1.0000000000 -0.1872812459 -0.0917327400  1.0000000000
5.0359967915 3.3957814977 8.1633564886 9.2448769533 3.5691076319 6.5734052825 -0.1706435950  0.0884544377  1.0000000000  0.1063144442 -0.2454664416  1.0000000000
7.9587045424 3.7195572133 6.4343187883 8.8850535785 5.1199664195 6.3244423973  0.0158160049 -0.0783081140  1.0000000000  0.2855356820 -0.0536346041  1.0000000000
7.8453769880 4.2452130478 9.2623488089 5.3196310470 3.4805243150 6.0736056481  0.0731241986 -0.0756831603  1.0000000000 -0.2597128711  0.1544694644  1.0000000000
5.2030350126 3.0849681611 8.7253133549 8.6573090296 3.9968909083 7.4975146824 -0.1837587669  0.0272673627  1.0000000000  0.1388145894 -0.1506560420  1.0000000000
8.6155152278 4.0417616362 8.8478697267 9.2631765940 4.3983122187 9.1685773884  0.1369497362 -0.1696845870  1.0000000000  0.2100973737 -0.1873866306  1.0000000000
6.3945765819 5.5715272956 8.3795809041 6.3738900263 5.9872366282 8.5837896683 0.1054029338 0.1547144493 1.0000000000 0.1388830462 0.1625776610 1.0000000000
7.5547954206 1.6931134102 7.5769753770 7.9882638961 3.0047064020 9.7766695781 -0.2099909503 -0.2460293001  1.0000000000  0.0176352327 -0.1330070768  1.0000000000
6.5982976368 6.0744198217 8.9377240795 8.5913997765 3.3865711164 8.3248394510  0.1569582115  0.1853957754  1.0000000000  0.0750730285 -0.2583914348  1.0000000000
5.0987584851 4.5595615138 7.3073907795 7.5011495875 3.3722947837 8.2234691494 -0.1090171418  0.2304054489  1.0000000000  0.0135031769 -0.0769826338  1.0000000000
6.3834941284 5.5886939049 6.6831886893 7.7578764643 4.9821820905 6.1674675350 0.0566181268 0.2459987776 1.0000000000 0.1277737162 0.0767379305 1.0000000000
8.2206035652 3.6712888566 6.1492076872 7.8722273095 2.6660984989 8.8865941643  0.0452896096 -0.1292348152  1.0000000000 -0.0522598377 -0.1745332198  1.0000000000
6.9702863012 3.8657345302 7.6391976338 7.1780398757 3.7779970998 8.1607884185  0.0228730125 -0.0181565880  1.0000000000  0.0072952132 -0.0182526930  1.0000000000
7.8541394786 2.8491444038 6.4011751076 5.5815275445 4.4823567514 9.2116348192 -0.0859729888 -0.1971158125  1.0000000000 -0.0377491787  0.0906924232  1.0000000000
7.1925771965 3.0892017828 8.1321635437 5.9659470795 5.4630320636 8.7475591278 -0.0571213387 -0.0873308835  1.0000000000  0.0367858247  0.1882702525  1.0000000000
8.4229988024 3.3530872648 7.1567896596 6.5162886988 2.3672729568 9.0784566976 -0.0024000736 -0.2427541697  1.0000000000 -0.1355621157 -0.0757822503  1.0000000000
7.5682949241 3.3719256696 8.0718509145 6.2350568898 5.4663369506 5.6422028964  0.0000304876 -0.1329635936  1.0000000000  0.0318801266  0.3304991135  1.0000000000
8.4721013893 5.4911551176 8.0142146815 7.6073275890 2.6139403241 9.4991905520  0.2601894566  0.0073121552  1.0000000000 -0.0488911803 -0.1741946567  1.0000000000
8.4398300747 3.6030290534 7.5175120358 7.5491516787 2.7374224474 8.5553442526  0.0731161953 -0.1705879209  1.0000000000 -0.0494006469 -0.1700188848  1.0000000000
7.3262380679 5.1656458329 5.9533506304 7.1164117095 4.2815935239 7.2966680865  0.0905894126  0.1497243566  1.0000000000  0.0460521752 -0.0003975596  1.0000000000
6.0829010296 5.4553884311 9.5427431840 7.6155703249 5.7840876713 8.0680910927 0.0729004081 0.1384202199 1.0000000000 0.2249294065 0.0715837497 1.0000000000
6.8720028120 2.3872680303 8.4205714581 7.3180896910 2.5044578155 6.2468229600 -0.1942433268 -0.1423437577  1.0000000000 -0.2235589870 -0.1415159679  1.0000000000
6.6302492191 5.1192962824 8.1459247768 7.1376258904 4.9801923179 8.2234977278 0.0240243809 0.0867779092 1.0000000000 0.1069265563 0.0484164590 1.0000000000
6.1771293814 6.4454533755 9.5450246254 5.3928032384 2.9947037542 7.6299358557  0.1287122314  0.1848147932  1.0000000000 -0.1823214367  0.1001238865  1.0000000000
6.7041441777 5.2737137321 9.5037118488 7.6872942094 2.2846347672 8.2639764942  0.1213126833  0.0527428886  1.0000000000 -0.0997684682 -0.2366326002  1.0000000000
7.7604110878 1.7159772267 6.2144853708 7.1778795624 5.1154521691 8.8451898705 -0.2539108001 -0.2830797148  1.0000000000  0.1405335245  0.0291604236  1.0000000000
8.7433220040 4.8704461634 8.9052638322 6.3003517594 3.0236036367 8.8701363365  0.2441515823 -0.0664707001  1.0000000000 -0.1102417915 -0.0452160746  1.0000000000
 9.0433587585  4.1645312038 10.3583479345  6.7434615390  4.6443518112  8.0946085527  0.1651617358 -0.1847699659  1.0000000000  0.0213449747  0.0688878893  1.0000000000
7.0149858166 4.4948487206 6.8535952120 7.3321136890 2.2686763891 6.3783571154 -0.0017384915  0.0958455240  1.0000000000 -0.2389914935 -0.1907100780  1.0000000000
