986.7000000000
50
10.0394108054 16.2615582095  0.2028029266 -0.0547430939  0.1357065088  1.0000000000
 6.9358999639 16.7086934903  1.2247570071  0.2040137040 -0.1828119368  1.0000000000
 8.2179436552 17.1654342314  1.0062437219 0.0781824902 0.0140940441 1.0000000000
 8.5330659765 16.8502236101 -1.5056120464 -0.1098375309 -0.0770646587  1.0000000000
 7.0948563028 16.2597611477  1.6037752803  0.2462991134 -0.1130926920  1.0000000000
 7.0796877291 13.9149080646 -1.5652355606 -0.2287736522 -0.2555151627  1.0000000000
 7.0062270199 14.3041065709  0.5797077577  0.0994375805 -0.1472103056  1.0000000000
 8.2276301847 15.5360812130  0.5989130277  0.0746427954 -0.0350791653  1.0000000000
 9.4248899285 13.1406616342  0.8032104313 -0.0405938079  0.2341547481  1.0000000000
 9.9553456784 15.0502161498 -0.9930215974 -0.1982065512  0.0969864168  1.0000000000
 6.9531779522 15.3869552352  0.3932145254  0.1247487592 -0.1522919873  1.0000000000
 6.7833329051 15.9986435435 -0.0334901052  0.0228652403 -0.1872297961  1.0000000000
10.3235915927 16.3143914650 -0.1179395930 -0.0426983510  0.1448256928  1.0000000000
 9.8544771532 13.4029726472  0.2664467907 -0.1404299033  0.2174800764  1.0000000000
 9.9658801450 14.3604769065  0.0684677080 -0.1451985803  0.2075579547  1.0000000000
 9.7440236001 15.3633734480  2.5777697668 0.1985767198 0.2356740148 1.0000000000
 9.5886172070 16.2249259064 -1.1083112557 -0.1330483816  0.0460358141  1.0000000000
 7.1506918715 14.8807410795 -0.6053788658 -0.0549061382 -0.1803289960  1.0000000000
 7.9746749177 14.5782237005  2.2753429273 0.2624173680 0.0597674645 1.0000000000
 8.8444197616 12.9268994322 -0.7595068180 -0.2180262613  0.1216337140  1.0000000000
 6.9760132822 14.5620223904  1.2502624240  0.1855872312 -0.1736808414  1.0000000000
 9.6484723112 13.6923169655 -0.0513781114 -0.1342050794  0.2070168218  1.0000000000
 6.2932431058 14.3159840166  1.4402685452  0.2046749878 -0.1562654627  1.0000000000
 7.3233276696 13.8161741635  1.7806294970  0.2238436299 -0.0273910364  1.0000000000
 9.0355089254 12.5165436141 -0.6146238444 -0.2534475737  0.1906872214  1.0000000000
 9.6343216116 16.6334310076  0.7872928202 0.0470093178 0.0947713786 1.0000000000
 9.9200158323 14.6495834416 -0.2108875644 -0.0900784063  0.1629483829  1.0000000000
 7.8825324779 16.0141863941 -1.3925117009 -0.1562276060 -0.1100101659  1.0000000000
 6.7674750128 14.9339860979  0.1837683957  0.0886518317 -0.1958287747  1.0000000000
 6.3520849259 13.9040159765  1.6432979554  0.2446940285 -0.1537429905  1.0000000000
 5.8855080157 15.3807249805  1.5553276181  0.2102825021 -0.2929932030  1.0000000000
 7.4082736466 14.0095589482 -0.8714433671 -0.1442407288 -0.1256950999  1.0000000000
 6.8130025954 15.1254916020  0.0548686207  0.0802170922 -0.2348825715  1.0000000000
10.3627606448 16.0507955218  1.4608072138 0.0909057087 0.1931886629 1.0000000000
 6.7018181504 16.3352022726  0.7734304095  0.1130008665 -0.1865777332  1.0000000000
 8.4555246243 14.5815103905  1.6489086136 0.1656100206 0.1332948259 1.0000000000
 9.1380908582 13.7112834656  1.9399910452 0.1952785745 0.2067878076 1.0000000000
 6.8741251540 15.0676610782 -0.8435875211 -0.0741035968 -0.2668136740  1.0000000000
 9.3777473383 14.7568111092 -1.1649225232 -0.1768177576  0.0522619209  1.0000000000
 8.9053424205 16.1000496255 -0.0834107738 0.0254140922 0.0145022200 1.0000000000
 8.7735199897 16.2720536405  0.0161838172 -0.0153666815 -0.0062314637  1.0000000000
 8.2158916770 13.5778628683  1.9038832535 0.1955405299 0.1357317476 1.0000000000
 7.5751472484 14.0021034868 -1.6899639966 -0.2475905592 -0.1515523552  1.0000000000
 9.5365341409 13.4499265208  0.7088402241 -0.0154616390  0.2326384332  1.0000000000
 8.9476850556 13.9177118267 -0.0329641349 -0.1344645361  0.1254457070  1.0000000000
 8.3342289342 17.2182176369  1.9008092721 0.2272121663 0.0031413455 1.0000000000
 7.9999404190 16.6854567065 -0.7238650858 -0.0458309018 -0.1323035454  1.0000000000
 9.0123552783 16.7902598858  0.5009699722 0.0131816936 0.0230477481 1.0000000000
 8.2804013133 15.7118280235  2.2976012350 0.2759673961 0.0758084451 1.0000000000
 5.9779649536 14.2737942180  0.1028488472  0.0689681886 -0.3242704371  1.0000000000
50
 7.8732522019 14.6985866659  0.8104662898  7.2512273561 14.1078057596 -0.4684338993  0.0417500437 -0.0467198657  1.0000000000 -0.0769261201 -0.1674740750  1.0000000000
 7.2089400991 14.7191178980  0.4454611992  9.1607399980 15.0975968880  0.5970280744  0.0245964707 -0.1213989691  1.0000000000  0.0004111298  0.0982435971  1.0000000000
 7.3216158707 16.5194755534 -1.5191685895  9.3742898681 13.1566317267  1.7765114501 -0.1453090905 -0.2001911067  1.0000000000  0.0885645959  0.3333533090  1.0000000000
 6.7620596445 14.0140635585  1.8000025117 10.5421933722 16.3043797730  0.4609332542  0.2753562849 -0.1086031062  1.0000000000 -0.0217946300  0.1731523910  1.0000000000
10.9154481064 15.8818986071 -1.0372791517  8.7966416679 14.9510714448 -1.3966276310 -0.1813120358  0.1846824350  1.0000000000 -0.1793335427 -0.0284363548  1.0000000000
 9.8336575367 15.3781501223  0.7833238601  6.2131833696 15.0940553684  0.9320170167  0.0423799659  0.1785994583  1.0000000000  0.1926529963 -0.2475781228  1.0000000000
 8.6441577973 15.3817160321 -1.4701079666  9.4169654345 13.6938633644  2.1135625170 -0.1869833029  0.0039893439  1.0000000000  0.2216908019  0.2796159021  1.0000000000
 9.4089912598 15.8168031798  1.7503800870 10.1213997459 16.4224965704  1.7976930523 0.1724693728 0.1419906015 1.0000000000 0.1333512990 0.1716019962 1.0000000000
 7.1327708219 15.7333787863 -1.7004109915  7.0338896925 15.2963119495 -1.9772253359 -0.1494029975 -0.2416911569  1.0000000000 -0.2300440411 -0.2323699036  1.0000000000
10.0934240667 16.5405790703  2.5227594675  9.1600973885 16.7817119890 -0.0147112496  0.2219128661  0.1827746007  1.0000000000 -0.0435865337  0.0064386633  1.0000000000
 6.9584421611 13.4701769732 -0.5685889366  8.7552982516 15.0792445802 -0.0886795761 -0.0906480241 -0.1782666579  1.0000000000 -0.0081393222  0.0684524643  1.0000000000
 6.7910211535 14.9883319023  1.0888486716  7.7593537974 14.9478441802  1.3336147715  0.1311723459 -0.1416431530  1.0000000000  0.1553808065 -0.0112224908  1.0000000000
 6.7477328977 14.2490908458  0.3567631477  7.7185781922 17.2259290821 -0.3170525259  0.0343935867 -0.1688521342  1.0000000000 -0.0142211637 -0.1604707372  1.0000000000
 9.6347810029 15.7250282679  0.6375237552  8.0552443850 16.7960180130 -0.0045501298  0.0420694469  0.0910960776  1.0000000000 -0.0137531223 -0.0888950498  1.0000000000
 7.9944426398 17.0180047012 -0.2112449181  8.4282045096 16.5327319975 -1.9568658029 -0.0031776293 -0.0938182380  1.0000000000 -0.1210786115 -0.1444071298  1.0000000000
 7.5802568897 14.5887121318 -0.7787605408  9.4054065968 15.4901391141  1.9465175539 -0.1287695586 -0.1100302013  1.0000000000  0.1273470248  0.1218715733  1.0000000000
 7.0307738126 13.2830805255 -1.5733029399  9.0705638695 16.0657078737  0.3894143781 -0.2759232102 -0.2283014062  1.0000000000  0.0134363060  0.0695760180  1.0000000000
 9.2012642384 15.1333066306  1.5054987014  8.3850698220 13.6640100683  2.2349502791 0.1262285860 0.1383758492 1.0000000000 0.2053907220 0.1060478242 1.0000000000
 8.4747971171 15.5940561597  0.8866689300  7.1527940956 14.1150197055  2.0351032949  0.1036876601 -0.0319234908  1.0000000000  0.2421727432 -0.0075029883  1.0000000000
 8.5206109931 15.5172631095 -1.0949748030  7.2891504433 13.8808691136 -0.1122521749 -0.1666048802  0.0118095453  1.0000000000 -0.1007185391 -0.1073877370  1.0000000000
 8.3366087276 13.7625165033  1.3996239445  7.6518513256 15.0128140766  0.2710510433  0.0770727344  0.1064106613  1.0000000000 -0.0171213361 -0.0585025470  1.0000000000
 7.3315232663 14.4699027756  1.0914456511  7.1381636293 14.5545316407 -0.6792731894  0.1193149382 -0.0676055124  1.0000000000 -0.1023744767 -0.1781711579  1.0000000000
10.1293168769 15.6192217528 -0.9483741193  9.4282066279 15.0062853423  2.2477850165 -0.1701873996  0.1402054429  1.0000000000  0.1970253928  0.1950574938  1.0000000000
 8.4362743763 14.5900047613  0.0998246889  8.0080921370 13.4350915967  2.1018330117 -0.0410798101  0.0499021360  1.0000000000  0.2602023633  0.1442963715  1.0000000000
 8.7369064673 16.8238404287 -0.9595767795  7.8353088232 13.7868187073  0.7766279966 -0.0892194706 -0.0500409406  1.0000000000  0.1010475354 -0.0059975446  1.0000000000
 9.3828988089 14.8322942921 -0.3380639839  6.5745486949 14.5755779146  0.3901622402 -0.0926147567  0.1270046366  1.0000000000  0.0626286654 -0.1750629700  1.0000000000
 7.8501393290 16.5275225905  1.9661995170  9.4796126769 14.4407231433 -0.5643489765  0.2011785779 -0.0480521713  1.0000000000 -0.1428523945  0.1132652070  1.0000000000
 8.4583584646 16.4235008378  1.9701692926  7.0570339691 17.2621601567  0.9976755599  0.1569813044  0.0229351817  1.0000000000  0.1520562844 -0.1675066541  1.0000000000
 8.8776790395 15.9267157580 -0.1414831908  8.6294523937 13.4082781966 -0.9941597762 -0.0157798892 -0.0161463998  1.0000000000 -0.2737806863  0.0739613370  1.0000000000
 8.0081774458 13.1615232013  0.4142645124  8.3695607458 14.3289163384  2.4808024402 -0.0275577831  0.0113700944  1.0000000000  0.2551610148  0.1147947642  1.0000000000
 7.9000427315 16.7416493773  0.5762538601  7.6223663683 13.7855703977  1.7454461824  0.0337204081 -0.0805615872  1.0000000000  0.2209527216  0.0217193269  1.0000000000
 8.2584124865 15.8513732892 -0.9794951368  9.2006107407 15.8128981399  2.4202647096 -0.0937809532 -0.0791925645  1.0000000000  0.2562929766  0.1411868967  1.0000000000
 9.1965387656 16.3616375083  0.4464754892  8.6470642440 16.3426061178  0.7499931853 -0.0347221961  0.0419687458  1.0000000000  0.1054554804  0.0269992110  1.0000000000
 8.1364685102 15.6652234319 -1.2727547089  7.3391521272 13.6352537041  1.4102580148 -0.1373009025 -0.1442970674  1.0000000000  0.1750061630 -0.0046390317  1.0000000000
 8.0480962851 13.5600756573 -0.1705765727  9.9835154253 14.6686604939 -0.9648759974 -0.0839675762  0.0015183673  1.0000000000 -0.2037222882  0.1164090928  1.0000000000
 9.1119656818 14.9339607084  0.0113230237  8.4914650496 13.9835269086  2.3682634721 -0.0364127746  0.0919339604  1.0000000000  0.2809366967  0.1766514790  1.0000000000
 7.9730763610 13.0755825647 -0.4615263920  7.4480716826 14.1323117830 -1.6388822798 -0.1244333417 -0.0015472617  1.0000000000 -0.2544110567 -0.1293181821  1.0000000000
 6.3350483216 14.6263306818  0.5337300993 10.5655626495 15.2482715066 -0.4499941293  0.0681573097 -0.2057992167  1.0000000000 -0.1402327790  0.2045466073  1.0000000000
 8.5981954405 14.4975511648  0.3589498899  8.5538036657 15.3957828581  2.1539592720 -0.0228310944  0.0497556010  1.0000000000  0.2383802375  0.0695076276  1.0000000000
 9.2795456239 13.8828943400  0.5959828828  8.4690485953 15.4090062710 -0.8074294435 -0.0071060282  0.1867284944  1.0000000000 -0.1488945585 -0.0617885169  1.0000000000
 9.8410830635 15.5050229313  2.3777497989  6.4115580317 13.8560725828  0.8113884262  0.2312291762  0.2454720171  1.0000000000  0.1299657130 -0.1975451435  1.0000000000
 8.3219478924 16.8295395208 -1.3712757149  8.0193616162 13.8233100037  0.0850882822 -0.0909194274 -0.1130699179  1.0000000000 -0.0897655609  0.0008428303  1.0000000000
 8.8220838611 13.7982866621  0.7508811615  8.9467090217 16.4764301036 -0.0760621237 -0.0026607121  0.1680961913  1.0000000000 -0.0757519200 -0.0412443831  1.0000000000
 9.6942722571 12.5892159675 -0.7139390175  8.0164361378 15.3447856267  1.0870245857 -0.2569899598  0.2803700791  1.0000000000  0.1249132812  0.0081935994  1.0000000000
 9.2276298363 14.5676823880  0.8506074664  8.0498689791 16.9602818299  1.7799700790  0.0595521757  0.1734198492  1.0000000000  0.2060532865 -0.0111223368  1.0000000000
 5.9346631053 14.4417643028  1.5932613913  6.8636095591 13.3593865289 -1.3202843396  0.2794616992 -0.2299982851  1.0000000000 -0.2602011834 -0.1972506217  1.0000000000
 7.4157955250 16.1249991385 -0.7480943206  7.8507520485 16.9738630501  1.3362326399 -0.0401013091 -0.1681283018  1.0000000000  0.1452636373 -0.0847509475  1.0000000000
 8.2081560287 14.2237125600  0.9120771085  9.0822426325 15.8094150336 -1.2731472586  0.0759978671  0.0054666183  1.0000000000 -0.1389603656 -0.0015405675  1.0000000000
 8.6802190780 13.5105145935 -1.2973625040  6.5362502746 14.5654645296 -0.1323851685 -0.2505229170  0.0358626911  1.0000000000  0.0172922082 -0.2256439715  1.0000000000
 9.3947558261 16.5069301312 -0.6452959707  7.9372341476 15.2141197201  0.9751403901 -0.0863360351  0.0469947508  1.0000000000  0.1209024435 -0.0261927225  1.0000000000
