384.4000000000
50
13.7132397901 -2.0740235600 -3.9069665460 -0.0289516065 -0.1898695870  1.0000000000
12.9894954475 -3.1607119318 -0.9684111141 -0.1278086393  0.2416188103  1.0000000000
12.0149059301 -0.5678973883 -3.7972899749  0.1692878741 -0.2334978989  1.0000000000
12.4478407888 -2.3795914260 -2.8131587923 -0.0365427268 -0.1226298729  1.0000000000
11.2756731885 -3.1517074629 -3.2966413702 -0.1934769066 -0.1429800821  1.0000000000
12.3301703816 -1.0833601635 -1.5900012690 0.1473659703 0.0811459500 1.0000000000
12.0908332607 -0.4014492460 -1.0826447796 0.2961139919 0.0923075782 1.0000000000
12.3863510518 -1.5744297463 -2.2905338711  0.0010191583 -0.0224331304  1.0000000000
12.1984218122 -3.6981369545 -0.8865683063 -0.2148478116  0.2502683593  1.0000000000
13.8739848130 -3.1408077215 -4.3323085017 -0.1486224864 -0.1674271649  1.0000000000
14.6535603500 -2.0811240584 -2.7386378383 -0.0029988117 -0.0082395039  1.0000000000
14.4259115865 -3.5083542229 -1.9385681099 -0.1581167017  0.0804856984  1.0000000000
14.4293361605 -1.8505897310 -2.5941160917 -0.0385029319  0.0029269136  1.0000000000
12.1676062154 -1.1237761695 -0.6214450805 0.2030270933 0.1657379340 1.0000000000
12.7950469214 -3.1616891905 -4.4588207543 -0.1583522022 -0.2422974730  1.0000000000
11.7729279017 -3.5831631577 -1.3434769558 -0.1766948322  0.1793520453  1.0000000000
14.4901253026 -2.2096172273 -1.8424016245 -0.0182481112  0.1205388310  1.0000000000
12.1293087672 -1.2566029455 -3.0128044312  0.1058252909 -0.1263085716  1.0000000000
11.7370330973 -0.1473014428 -2.2583012433  0.2547530339 -0.0555126168  1.0000000000
12.3692562249 -3.4366902275 -2.5088827496 -0.1972494023  0.0250588540  1.0000000000
14.3530657179 -0.7154592430 -0.6922197773 0.1774680304 0.1915633490 1.0000000000
12.7159707979 -0.7201226875 -4.1364261156  0.0774962375 -0.2606234141  1.0000000000
15.0139023773 -1.8034754404 -2.7193902958  0.0129877490 -0.0357661832  1.0000000000
14.3536571172 -2.4123081777 -3.6584099774 -0.0783466607 -0.1114617126  1.0000000000
14.4841332130 -1.6590343363 -3.1546055386  0.0398776610 -0.0214600990  1.0000000000
13.5468501608 -0.0189439411 -2.1668261868  0.2344788384 -0.0031233284  1.0000000000
12.7966958699 -3.9821527394 -0.9705119951 -0.2358899968  0.2156454990  1.0000000000
13.5048801475 -0.5129632038 -2.0084832367 0.1693745387 0.0440814300 1.0000000000
11.2765240912 -3.5045582746 -2.3608394165 -0.2433060021  0.0173406756  1.0000000000
13.2793603766 -2.7281407080 -2.0671958975 -0.0912655425  0.0340112296  1.0000000000
12.7652058012 -1.5619488689 -2.4602244635  0.0915725147 -0.0517847483  1.0000000000
12.6693131164 -2.3444684538 -3.7483187159 -0.0831779699 -0.1722528977  1.0000000000
14.7754510034 -0.6272973712 -1.8508215955 0.1117208243 0.0849674029 1.0000000000
12.0231601673 -1.1704008028 -0.2909835453 0.1692142467 0.2598786789 1.0000000000
13.1410845081 -1.4195158092 -2.5595745189  0.0409563550 -0.0324563209  1.0000000000
11.1403802962 -2.1155523320 -2.5279836070 -0.0344274743 -0.0323213372  1.0000000000
14.8458908907 -3.3448042451 -3.1390708539 -0.1517616942 -0.0549472015  1.0000000000
12.8993675819 -2.1402989373 -3.2754097976 -0.0181765090 -0.1144026591  1.0000000000
14.8011284159  0.2852447186 -2.6800343240  0.1938793016 -0.0181262973  1.0000000000
13.4603601174 -0.0215899528 -1.2902255946 0.2668977576 0.1056797007 1.0000000000
11.1398965790 -1.8939293084 -2.9648303097  0.0487043185 -0.1606619368  1.0000000000
11.9068653981 -0.4391388051 -1.4930593744 0.2735430727 0.0501848257 1.0000000000
14.4384959362 -2.4091985388 -3.0153366032 -0.0860103717 -0.0232347587  1.0000000000
14.0664435543 -2.6717572252 -3.9256369551 -0.1217728223 -0.1052389714  1.0000000000
12.1803274285 -2.6150531626 -1.1468325645 -0.0564426072  0.2036760491  1.0000000000
13.2907265590 -0.1446522627 -3.1401776200  0.2067483440 -0.1278127657  1.0000000000
11.1199217944 -0.3697082346 -2.4991444189  0.2532652055 -0.1149089392  1.0000000000
12.4928645347 -0.8790704441 -1.1682092620 0.1877609508 0.1415161204 1.0000000000
14.1956054720 -2.8715350525 -1.7864259166 -0.0996233567  0.0941056822  1.0000000000
13.0273437870 -3.1351640585 -1.6627385867 -0.1470266397  0.1056344291  1.0000000000
50
14.0878092406 -0.8305339209 -3.5270680956 14.1938517283 -2.3018261519 -4.1738183522  0.1144130248 -0.1459273954  1.0000000000 -0.0911518314 -0.1315299621  1.0000000000
15.0358787171 -0.8169923449 -2.7445188921 14.4471834285 -0.2716415919 -1.6432951890  0.1121105678 -0.0292415488  1.0000000000  0.2090379695  0.0444596392  1.0000000000
13.1680298820 -0.7767021755 -4.0640017557 14.4455711229 -0.2971113841 -0.5405832648  0.1376669902 -0.2295034300  1.0000000000  0.2154117661  0.1971532226  1.0000000000
12.9090759522 -2.9895694649 -1.1864054427 12.9583523121 -3.9234514583 -2.1565335124 -0.0827240359  0.1696208093  1.0000000000 -0.2605813713  0.0859813891  1.0000000000
14.1882723546 -1.1478348507 -0.8191407037 12.6314683073 -1.8506338293 -3.8887026662  0.1126365757  0.1859935123  1.0000000000  0.0041997406 -0.2052179652  1.0000000000
14.7117959426 -1.3816915033 -0.9072956008 13.3592556746 -0.8908747463 -1.3948308630 0.1019700917 0.1970372293 1.0000000000 0.1435071982 0.1155814965 1.0000000000
14.6706610260 -2.9959704818 -1.9680521029 13.3017187315 -0.3551214646 -2.0568936884 -0.0993736100  0.1131800939  1.0000000000  0.2062284241  0.0277453312  1.0000000000
12.6616408290  0.0570810218 -3.6019595771 11.9609514783 -0.7929692967 -0.4297663055  0.2209655741 -0.1942169543  1.0000000000  0.2461688060  0.2140960690  1.0000000000
11.3965917516 -1.1030372679 -2.9687400087 12.8169351052 -2.7406841302 -1.8188729250  0.1444422146 -0.1604907661  1.0000000000 -0.0589942353  0.0621656167  1.0000000000
12.6824749019 -2.9876326540 -3.0280210899 11.8492073685 -2.9105178562 -1.1497205433 -0.1214632985 -0.0505969889  1.0000000000 -0.0998361312  0.1632035898  1.0000000000
13.5334007209 -3.0687161946 -2.1092922607 11.7508318091 -0.0924129784 -3.2648363898 -0.1519785253  0.0371001115  1.0000000000  0.2395827640 -0.2344732226  1.0000000000
15.4027950012 -1.5517505132 -0.6612836284 12.1443012052 -3.3911004727 -2.2844465135  0.0607072799  0.1788750554  1.0000000000 -0.2127702093  0.0459126365  1.0000000000
11.9436602349 -3.3059073187 -0.3639294591 11.1594746650 -3.2448589908 -3.7020853817 -0.1500265624  0.3436036370  1.0000000000 -0.2389015571 -0.2116532579  1.0000000000
14.5676176882 -2.0297939387 -3.6369209970 13.6354114138 -3.7196510696 -2.2199781527 -0.0108979544 -0.0727965528  1.0000000000 -0.2479418946  0.0322874611  1.0000000000
14.4080545308 -1.7869588596 -4.5632486251 11.3753030234 -2.9378556227 -3.8164080306 -0.0020945103 -0.2131123183  1.0000000000 -0.1773870066 -0.2621173258  1.0000000000
12.8177103757 -0.7280168593 -1.3998878354 13.7477206059 -0.1800442788 -0.5667166086 0.1998552904 0.1281475957 1.0000000000 0.2682813601 0.1819969300 1.0000000000
13.4213515205 -0.2365245952 -0.5413556614 11.5312237656 -1.6566433655 -3.6945732204  0.2393946546  0.1936187394  1.0000000000  0.0373757410 -0.2297088047  1.0000000000
12.1519578828 -1.6750716578 -3.3954851574 13.1083256815 -1.0107048635 -3.3343425628  0.0310804194 -0.1413010746  1.0000000000  0.1009003392 -0.1300284829  1.0000000000
13.5026402152  0.0971524212 -3.6779780358 11.5200133765 -1.9186179062 -1.3386875956  0.2288292700 -0.1730543694  1.0000000000  0.0512643672  0.1768010474  1.0000000000
11.6204596973 -1.7885559450 -1.8001905733 13.2682874765 -1.2380451833 -1.6075182494 0.0806769119 0.0485544883 1.0000000000 0.0864833296 0.0707617915 1.0000000000
13.7517069482 -2.0599126628 -4.2756226241 13.4639741535 -2.9119658619 -1.8620835010 -0.0700745509 -0.1782477230  1.0000000000 -0.0970763076  0.0619109308  1.0000000000
13.1284756762 -3.0434754074 -3.7642350706 13.0973326383 -2.7265277545 -3.1004136399 -0.1872602591 -0.1479870131  1.0000000000 -0.1326956033 -0.0691934208  1.0000000000
11.3290057005 -2.2584375854 -1.5537622323 13.0338316528 -0.8981440886 -3.5035627178 -0.0081964601  0.0658523096  1.0000000000  0.1251140969 -0.1597617637  1.0000000000
12.1221149182 -0.9646071159 -0.6295767458 11.9198491910 -2.2415287280 -0.5782253759 0.2539295413 0.1908891505 1.0000000000 0.0520381122 0.2021580544 1.0000000000
13.6328186570 -3.1619116950 -4.6949197270 12.0844054511 -1.0011584883 -2.0068222427 -0.2022995630 -0.2393381567  1.0000000000  0.1342118817 -0.0037064164  1.0000000000
14.5937717511 -0.3387979162 -3.4924773684 12.4838243384 -2.1458351526 -1.2603886102  0.1579726292 -0.0969062607  1.0000000000 -0.0122060438  0.1587913321  1.0000000000
13.1669041233 -0.9454733918 -3.1533622707 14.2090289106 -3.7522417782 -1.7579249368  0.1121602876 -0.1184006646  1.0000000000 -0.1850673776  0.0923115677  1.0000000000
15.0963152455 -1.1406278522 -1.4349248377 12.6430351535 -0.2955202254 -2.8497883883  0.1237213159  0.1275505664  1.0000000000  0.2528155080 -0.1065599612  1.0000000000
11.5820774281 -1.1117208602 -2.0059581308 14.8699088376 -1.3113423346 -2.0668932597 0.1803712337 0.0044872141 1.0000000000 0.0910713816 0.0371056429 1.0000000000
12.6928588293 -1.2456138594 -3.0525006828 13.2462659238 -3.2882253425 -2.5026338085  0.0722417054 -0.1189593525  1.0000000000 -0.1964789808  0.0389105453  1.0000000000
12.1344353481 -2.4456494736 -2.5094547643 11.6109603005 -3.6471533180 -1.4495260610 -0.1008406412 -0.0559896787  1.0000000000 -0.2205951158  0.0957481670  1.0000000000
13.1931164503 -2.1297443763 -3.3164612630 12.4654781268 -3.5927258709 -0.5768589905 -0.0156901470 -0.0730725204  1.0000000000 -0.2096393080  0.2830024451  1.0000000000
12.4609313130 -0.4998298114 -0.2524782772 14.9811865777 -2.6641661385 -3.3907265751  0.2600888144  0.2504569306  1.0000000000 -0.1022509207 -0.0596825295  1.0000000000
14.4423129562 -0.8120660432 -2.5501989348 13.3774093351 -2.3490599663 -2.9611544412  0.1295925776 -0.0590850067  1.0000000000 -0.0814046993 -0.0728357238  1.0000000000
12.1007623242 -1.5846517973 -0.9132125121 14.3761034327 -2.9248503527 -3.5594923906  0.0917038799  0.1928839888  1.0000000000 -0.1219904429 -0.0719035630  1.0000000000
14.9933333501 -1.2601152130 -2.4070124331 12.5747708180 -2.5293403344 -2.0328922146  0.0542764428  0.0056902662  1.0000000000 -0.0539278488  0.0544701881  1.0000000000
12.7053462229 -1.0869356395 -3.7260422963 14.4088652015 -1.1892805872 -3.0762295665  0.0820948332 -0.1824211645  1.0000000000  0.0623478546 -0.0627108914  1.0000000000
11.2795554382 -1.8813945714 -1.5593329037 14.8732027682 -0.1747743133 -1.9822621771 0.0328735058 0.1051459675 1.0000000000 0.2052521336 0.0504853850 1.0000000000
11.8756135994 -2.4211601140 -2.5231088590 15.0411071331 -1.0367855652 -0.4889909592 -0.0469441398 -0.0887563732  1.0000000000  0.1186986044  0.1862118890  1.0000000000
12.0296022870 -1.4976228560 -3.4092753587 14.3987330171 -0.0010074913 -4.2801690532  0.0318990838 -0.1668628319  1.0000000000  0.1418212085 -0.2338645608  1.0000000000
11.8308565503 -2.6886076705 -0.3585595205 13.7480898531  0.2421319632 -2.9400051826 -0.0425008502  0.2957789527  1.0000000000  0.2219435614 -0.0814997485  1.0000000000
11.6846669361 -3.7026323623 -1.4094899888 14.0412612923 -2.0255881090 -2.1478508901 -0.2204525118  0.1694212767  1.0000000000  0.0011115442  0.0724864008  1.0000000000
12.6248536063 -3.6194867651 -2.1630780559 14.6527153602 -1.0674002447 -2.3169233867 -0.1901194498  0.0739893731  1.0000000000  0.0890779885  0.0088392969  1.0000000000
14.5256803585 -3.4290600594 -1.9600246009 12.0008052492 -3.5717176330 -1.9496304101 -0.1525216699  0.0996272721  1.0000000000 -0.2526102294  0.1322585216  1.0000000000
15.1159888460 -2.7580909318 -1.2295976086 13.3288778709 -2.8021600294 -1.3276032564 -0.0671954587  0.1667436990  1.0000000000 -0.0828705885  0.1604776425  1.0000000000
12.8398583655 -3.0067378277 -0.9479970807 14.1722147542 -1.5097924362 -2.1267720421 -0.0794054164  0.1992218268  1.0000000000  0.0976510090  0.0196262972  1.0000000000
14.2129432850 -2.5360258097 -2.0393447810 14.3301396225  0.0292871153 -2.8534671394 -0.0899676780  0.0570239710  1.0000000000  0.2049780106 -0.0607202854  1.0000000000
12.4791877031 -1.9209162431 -1.5471363023 12.8365509202 -3.6303424149 -2.3752639825  0.0340825313  0.1043754420  1.0000000000 -0.2180246481  0.0293452941  1.0000000000
11.2857350504 -0.7802165221 -2.5284356182 11.9188057385 -2.3206428914 -2.2087724355  0.2086190207 -0.1099388094  1.0000000000 -0.0182535627 -0.0302479288  1.0000000000
12.3421745188 -2.6692985524 -2.6531829751 13.8786166764 -3.6752974348 -1.0763068057 -0.1025427600 -0.0336953985  1.0000000000 -0.1878204713  0.1971486803  1.0000000000
