922.4000000000
50
-5.4592719492  3.5329513967  7.6832119098 -0.2356414264  0.0391512850  1.0000000000
-3.6150740759  3.4943004347  8.4548926960 0.0144950555 0.0076893547 1.0000000000
-2.4836085459  5.2595969162  8.7942716855  0.1916821577 -0.0792147248  1.0000000000
-3.2519425689  1.7884376787  9.6358025960  0.0525786363 -0.1128059109  1.0000000000
-4.9975658524  1.8352520068  9.6366705563 -0.2027435745 -0.1473794409  1.0000000000
-4.8408248369  3.9082712451  8.0757560735 -0.1284065192  0.0253166465  1.0000000000
-1.7762422427  3.1436957532  9.3486859083  0.2425495805 -0.0944528657  1.0000000000
-4.4845118011  4.0708917109  6.7357867142 -0.1199606123  0.1148263443  1.0000000000
-4.4248347788  2.1876699201  7.4402497626 -0.1127409302  0.1911145299  1.0000000000
-4.6695897652  4.2312488093  7.7739692639 -0.1428179332  0.0168954190  1.0000000000
-4.7385941199  2.6221258101  8.0532961182 -0.1535853848  0.0427335000  1.0000000000
-2.5449836729  5.0571075364  9.8893804533  0.1541177294 -0.1847631829  1.0000000000
-3.7015093233  1.6490510618  7.1143142201 -0.0593287838  0.2372121803  1.0000000000
-4.0488823170  3.1497628077  8.3548433949 -0.0437124696 -0.0087510403  1.0000000000
-3.6215364536  3.9196060817  7.5187212343 0.0418444784 0.0662454292 1.0000000000
-3.0223003674  1.8271117265  7.2970414998 0.1088101149 0.2073970962 1.0000000000
-4.2424724441  3.1163861343  6.9036986371 -0.1196116694  0.1326034072  1.0000000000
-2.9749022318  3.2126342882 10.2343774996  0.1663545918 -0.2366844381  1.0000000000
-3.5350877272  2.0277836489  9.3955237074  0.0949539738 -0.1265401047  1.0000000000
-2.2035231658  4.0813735154  8.1779126808  0.1609551777 -0.0154873644  1.0000000000
-2.8483978222  2.2246023334  7.6924474950 0.0676705982 0.1255561937 1.0000000000
-5.3610101415  2.5448382667  7.9321543470 -0.2363258824  0.0797389917  1.0000000000
-1.6923095672  1.9782287198  6.9101228627 0.2777654386 0.2759463553 1.0000000000
-5.2562443340  4.2975602933  8.4022582133 -0.1932304224 -0.0076437498  1.0000000000
-2.9830983857  2.7317615689  7.1323060960 0.0411122331 0.2023170332 1.0000000000
-4.2744753699  2.5205600136  8.7107817346 -0.0853488074 -0.0633031098  1.0000000000
-3.1863607117  1.7226904394  7.8586898534 0.0642807924 0.0893716618 1.0000000000
-5.0462554063  2.2051653894  8.6592687271 -0.1944958738 -0.0285656764  1.0000000000
-3.1954266234  3.1176623508  6.5223997655 -0.0036406600  0.2475289546  1.0000000000
-2.5937262808  1.5715170620  7.5926962441 0.1259964818 0.2195776508 1.0000000000
-3.9674921234  4.7653442390  8.1217990782 -0.0151699670 -0.0247333868  1.0000000000
-2.7064138848  3.2080441898  8.5084514112 0.1043816723 0.0073283619 1.0000000000
-5.2036818790  3.1515641812  8.5538964909 -0.1667033651 -0.0141065549  1.0000000000
-4.0755244458  4.6199283395  7.9516993197 -0.0413661702  0.0383934841  1.0000000000
-5.1497983790  4.3707428770  9.5002509628 -0.1430071017 -0.1608846303  1.0000000000
-3.0884415430  2.0127910517  8.9683319634  0.0813178829 -0.0455220216  1.0000000000
-2.1217619195  5.3239239776 10.1690363883  0.2135679589 -0.2165682981  1.0000000000
-5.2610163903  2.8582574265  9.7117477957 -0.1768890847 -0.1613917708  1.0000000000
-3.9369054683  2.3515216539  7.8062957389 -0.0261689655  0.0914574828  1.0000000000
-1.7615450676  2.0724881490  9.4465058928  0.2719728505 -0.0893734517  1.0000000000
-4.9428426042  3.3455431888  6.9426882891 -0.1459762602  0.1365175846  1.0000000000
-5.4316266885  1.6600687845  8.4056031396 -0.2556986553  0.0381254321  1.0000000000
-3.4543177678  3.2873470208  7.8847757803 0.0471497223 0.0416228709 1.0000000000
-5.7565871771  1.8364934475 10.4242922268 -0.2803073937 -0.3317601209  1.0000000000
-2.1948083694  2.3518392048 10.1349099797  0.2312105656 -0.1944299136  1.0000000000
-2.9244139041  3.4953609807  7.1660156653 0.0846857450 0.1082037099 1.0000000000
-2.2390215212  3.6288679240  7.4320728428 0.1715799377 0.1330876782 1.0000000000
-2.5307882260  4.0738166719  6.7641083602 0.0945812010 0.1662699779 1.0000000000
-5.3925485961  3.2388079771  9.0910112608 -0.2025552515 -0.1624821766  1.0000000000
-4.1248633771  4.8193958876  9.0322962794 -0.0191997056 -0.1022868415  1.0000000000
50
-3.0207494329  3.6237414395  8.9732834452 -4.8568837489  2.0592239927  8.9638083425  0.0765625173 -0.0568611603  1.0000000000 -0.1526005625 -0.1189202048  1.0000000000
-2.0854389644  2.2928933261  7.1698346850 -2.0745402815  4.4436733936  6.6253732754 0.2235046966 0.2092781670 1.0000000000 0.1281309102 0.1496602901 1.0000000000
-5.3767780867  4.6332686855  6.5445416128 -2.3006684568  1.9951324853  9.1436521098 -0.1992768340  0.1454373320  1.0000000000  0.2243819344  0.0132308991  1.0000000000
-3.4133243182  4.6121733757  9.1719368775 -3.4078550339  2.6072688814  6.6443816404  0.0572084578 -0.1290981385  1.0000000000 -0.0127965744  0.2526969590  1.0000000000
-2.8360303228  2.7195541542 10.5243109684 -1.6851885605  4.3035541302  8.6210454845  0.1406319392 -0.2570986747  1.0000000000  0.1999387665  0.0022975555  1.0000000000
-4.4346640317  4.0176927244 10.0568748581 -2.7535011559  2.6274088849  9.7820582848 -0.0731985017 -0.2262492225  1.0000000000  0.1573490097 -0.1781909699  1.0000000000
-2.9510883718  3.0407723772  8.2310138244 -3.3145831482  2.4077434890  8.7433590385 0.0785911699 0.0485452360 1.0000000000 0.0517187535 0.0191205834 1.0000000000
-4.0682806165  1.7454658800  8.9079862658 -2.2440964133  1.7698063839  8.5037700548 -0.0479787056 -0.0174757629  1.0000000000  0.2227969791  0.1139663969  1.0000000000
-5.4201243743  4.9947080395  8.1104420956 -5.2452432303  2.9849352725  6.6945968087 -0.1797618476 -0.0551451276  1.0000000000 -0.2174356641  0.1953153435  1.0000000000
-5.4303260039  1.6193589767 10.0386715590 -3.2656269710  3.9853568863  6.7112802787 -0.2589171270 -0.2130275305  1.0000000000  0.0150432222  0.1594610248  1.0000000000
-3.3652886069  4.3131202840  8.2177144977 -2.2175359681  1.6183513690  7.8376971896  0.0353316001 -0.0080043256  1.0000000000  0.2421479724  0.1746042855  1.0000000000
-4.2668927115  4.8933405348  8.9755197496 -2.1829138708  3.3844874874  8.4241615934 -0.0442136429 -0.1145827745  1.0000000000  0.1830284688 -0.0125865224  1.0000000000
-4.2613223494  1.4700100891  8.0390486810 -1.8162621931  2.9564434249  7.4693647647 -0.0926109499  0.0934056404  1.0000000000  0.1976008900  0.1783137673  1.0000000000
-4.1486641789  2.1364317181  7.4398757081 -4.9231135007  2.7450769406  9.0120506733 -0.0943369794  0.1552054587  1.0000000000 -0.1739577527 -0.0756966737  1.0000000000
-4.3830185925  2.8634792776  8.9046350077 -4.9840504521  3.3245123682  9.5825005701 -0.1003059172 -0.0302859492  1.0000000000 -0.1423808794 -0.1661253264  1.0000000000
-2.5297914857  0.9353097695  7.2399257980 -3.9578049330  3.8475299670  9.9146734285  0.1381415917  0.2929489872  1.0000000000  0.0398617406 -0.1773060373  1.0000000000
-2.4484469729  2.3351796937  6.8007709663 -4.5733191689  4.1042044286  7.9915967598  0.1124489800  0.2399160306  1.0000000000 -0.1111933736 -0.0092754412  1.0000000000
-1.8691318054  3.5833305169  8.0608719924 -2.9590269868  5.1543694327  9.6666721555  0.1870753660  0.0677943350  1.0000000000  0.0784009008 -0.1575486401  1.0000000000
-3.6649260590  4.4649478396  8.4609552331 -2.0601038045  1.5500035007  7.8420927204  0.0056760617 -0.0412950748  1.0000000000  0.1898082562  0.1830846646  1.0000000000
-4.8998802812  2.6595872380  9.6598811783 -4.0142080294  3.5074102016  7.6197961510 -0.1483524654 -0.1463541227  1.0000000000 -0.0655930103  0.0802218332  1.0000000000
-4.2335386227  4.2513301608  7.3645359633 -4.0831377682  3.4466691213  9.3183457168 -0.0798086812  0.1032221170  1.0000000000 -0.0487551321 -0.1050544396  1.0000000000
-3.9979434019  4.9350105165  7.4234285801 -2.0572421425  4.1707870688  8.9044163198 -0.0025738236  0.0265038886  1.0000000000  0.1552609285 -0.0977250852  1.0000000000
-3.2150357959  4.5491188868  6.1328897838 -2.8109223489  4.3501692726  6.6342572958 -0.0033044613  0.1938673311  1.0000000000  0.0719154236  0.1938504483  1.0000000000
-5.1966646583  3.3220171889  7.3076940510 -1.9670250144  1.4505958099  7.6948585353 -0.1763338518  0.1388889829  1.0000000000  0.2154452266  0.1922176914  1.0000000000
-5.6726935495  5.1368244221  9.1638394045 -2.6197527167  1.6593365555  7.8145568603 -0.1738270375 -0.1069813446  1.0000000000  0.1093091306  0.1541962593  1.0000000000
-4.0497261854  3.1988473618  7.9827284403 -3.3594213522  4.9386651890  9.6934809193 -0.0283389558  0.0244425965  1.0000000000  0.0254558251 -0.2099008944  1.0000000000
-4.7729396211  2.5811748286 10.0880355831 -2.8919955132  3.5726223278  7.2249675831 -0.1359137283 -0.2400050503  1.0000000000  0.1058378109  0.1222892681  1.0000000000
-2.9436649034  3.2575596624  7.4582103093 -3.3809728251  1.5378653530  8.2860637279 0.0810892122 0.1187462700 1.0000000000 0.0403622622 0.1063747703 1.0000000000
-4.8403158244  4.3544275872  9.0561662289 -5.4598587530  4.4870682149  8.4838827250 -0.1449491496 -0.1438128540  1.0000000000 -0.1542168864 -0.0792867166  1.0000000000
-4.9237665813  3.9978677146  8.8995795419 -1.8067605841  4.1821737978  8.6671429742 -0.1413891961 -0.0945395906  1.0000000000  0.2280997705 -0.0030519159  1.0000000000
-3.0994566502  2.4485322559  6.6725976918 -2.8051656484  4.0554285819  6.9570536306 0.0709190462 0.2380077864 1.0000000000 0.0945715209 0.1477775261 1.0000000000
-2.8291750626  3.2669849500 10.1787503503 -3.3013686435  3.6325555984  7.2986037003  0.1474702412 -0.2069916106  1.0000000000  0.0003667248  0.1398259740  1.0000000000
-4.4926125995  2.5551404083  9.1608927560 -1.9954936306  5.0590423730  8.5185574637 -0.0850990202 -0.0480941019  1.0000000000  0.2241549528 -0.0543588031  1.0000000000
-5.1007328190  3.2525232292  9.4851732965 -3.8500961488  4.3802342542 10.1366739560 -0.1523330584 -0.1484439718  1.0000000000  0.0329707755 -0.2251274716  1.0000000000
-2.3102528635  4.0762123744  7.6186762653 -4.6694653800  4.9753855443  8.2365183527  0.1475735213  0.0899119061  1.0000000000 -0.0680062977 -0.0239664101  1.0000000000
-4.5052127373  4.4644560688  6.6502253169 -5.2383146877  2.8758556757  7.7779090328 -0.0650977700  0.1138224676  1.0000000000 -0.2004505146  0.0320195650  1.0000000000
-5.1436116855  2.0881219201 10.3971665037 -1.8414010223  4.5829986412  7.5316132239 -0.2266072693 -0.2651094209  1.0000000000  0.1783399302  0.0790545185  1.0000000000
-4.8593165160  3.2554354288 10.2506975685 -2.6505363094  3.6639843937  6.5841590495 -0.1113048093 -0.2799924925  1.0000000000  0.0730242020  0.2110740119  1.0000000000
-2.2088423368  3.8891495101  8.8141555069 -2.3532531515  4.7996812946  9.8485679024  0.2109434289 -0.0983390371  1.0000000000  0.1496726239 -0.1616260975  1.0000000000
-3.0993773256  2.1570069093  7.2177019475 -1.4923267832  1.5268873515  7.7947001423 0.0364305728 0.2005895369 1.0000000000 0.3508340211 0.2091963600 1.0000000000
-2.2595206864  2.5469317524  7.7895244902 -4.1106356822  3.8387518617  9.4113380437  0.2036685283  0.1358070982  1.0000000000  0.0135830574 -0.1223709840  1.0000000000
-3.9263460121  3.9935070457  8.8619275984 -5.1986246472  4.6825777430  9.0157213203 -0.0399076039 -0.0598595018  1.0000000000 -0.1705882263 -0.1365720386  1.0000000000
-4.9100687756  4.0162155608  7.4650570349 -5.1916244364  1.3330817290  9.2217209659 -0.1627684166  0.0487072099  1.0000000000 -0.2470549298 -0.1145641480  1.0000000000
-3.2488203577  3.5062532290  6.3557258365 -2.9070514862  3.1827809131  7.2930517067 0.0386800279 0.2232303938 1.0000000000 0.0598104726 0.1493478729 1.0000000000
-3.8178792569  3.2816014299  9.9768325865 -4.4263231422  1.4530766688  9.8149538924  0.0107254161 -0.2093019604  1.0000000000 -0.0846657673 -0.2030272384  1.0000000000
-5.3592780806  4.8638251895  7.3528322218 -4.7432979650  4.4818004434  9.1648021698 -0.1738779219  0.0434584771  1.0000000000 -0.0807518789 -0.1190377098  1.0000000000
-2.9638842172  1.6823664074  7.2761812115 -2.2396950405  3.6020879014  7.6030576870 0.0749953839 0.1723649708 1.0000000000 0.1537703693 0.1133762350 1.0000000000
-3.8195816323  4.2901127237  8.1876014289 -2.4298773928  4.9602476460  8.1818795494 -0.0119394937 -0.0251672720  1.0000000000  0.1657795245  0.0061859918  1.0000000000
-2.5408891730  1.7464644238 10.1751569431 -3.0779056911  3.2364979126  7.4365559009  0.2308003331 -0.1985391493  1.0000000000  0.0891800301  0.1728613135  1.0000000000
-2.9181203440  2.3300035604 10.0044872836 -2.0532227698  4.3173682917  9.6577722391  0.1593835030 -0.1621319024  1.0000000000  0.2007752830 -0.1494592575  1.0000000000
