538.2000000000
50
 -0.9282065081 -12.2155056508   5.6209344138 -0.1410280468  0.1179052543  1.0000000000
 -0.0966144692 -12.9321951947   7.8189680355 0.2242603170 0.1421673484 1.0000000000
 -2.2940060088 -13.5112662960   5.9202053018 -0.1831298111  0.1386954437  1.0000000000
 -0.9839001563 -12.5246374755   6.6564272017 0.0115954874 0.1584232849 1.0000000000
 -2.2097092444 -12.8939297652   7.0992804597 -0.0544995945  0.2196658094  1.0000000000
 -1.7728938444 -12.2760752184   6.2978381007 -0.0989599026  0.2159408836  1.0000000000
  0.3559568777 -13.0012011537   8.2119294742 0.2966338032 0.1528877216 1.0000000000
 -0.0790113675 -13.4938404749   7.8773163173 0.1899320839 0.0871359912 1.0000000000
  0.6754143642 -13.4516489848   5.7080436705  0.0093751772 -0.1520517826  1.0000000000
 -2.2046703972 -14.3995414872   8.8342628503 0.1309131131 0.1989236414 1.0000000000
  0.0631987462 -15.4808500457   6.7046475577  0.1218857537 -0.1816021041  1.0000000000
 -0.9676891385 -12.6404605411   8.4401219762 0.1502720022 0.3019872953 1.0000000000
 -0.0256777951 -13.5649285451   4.0140011013 -0.2305173899 -0.1877307356  1.0000000000
 -1.7422388666 -15.1011499050   7.6674391669 0.0388263804 0.0541867923 1.0000000000
 -2.0073868013 -14.1300487548   9.1968617225 0.1666426580 0.1823968221 1.0000000000
 -1.1339752150 -15.4789061713   6.0464525937 -0.0194635215 -0.1114276367  1.0000000000
  0.2437129386 -14.9108158060   6.6474292875  0.1171252296 -0.1162079215  1.0000000000
  1.8794019796 -14.4077142688   6.7548808882  0.2170218174 -0.2550899849  1.0000000000
 -1.4144509911 -13.5079701640   6.0249860690 -0.0617431124  0.0847454523  1.0000000000
 -0.6106585730 -13.8880687732   5.8634820224 -0.0503981490 -0.0189693037  1.0000000000
 -0.5701040536 -15.0747743543   5.2290590729 -0.0440142583 -0.1636876068  1.0000000000
 -1.0490004176 -13.3102099567   8.9532632614 0.2414867380 0.2836520371 1.0000000000
 -0.7224038789 -15.7890248374   5.2372458193 -0.0933236994 -0.2307638843  1.0000000000
 -1.0118850305 -12.9849462388   6.4821121446 -0.0663568488  0.1022157721  1.0000000000
 -0.9843391829 -13.1913192585   5.9453331107 -0.0664087731  0.0538259631  1.0000000000
 -0.6016560333 -15.3835427129   4.6191076837 -0.0877695940 -0.2369508407  1.0000000000
 -1.0908370903 -14.6893765041   8.8243353290 0.2252210753 0.1151050994 1.0000000000
 -2.3021430979 -14.8150271288   7.1371991053 -0.0262250282  0.1066108446  1.0000000000
 -1.7001966377 -12.9878555442   7.8373445471 0.0837780870 0.2528457970 1.0000000000
 -2.5799193012 -15.4719371427   5.2495793460 -0.1740692317 -0.0187981824  1.0000000000
 -0.3437250513 -12.3406737076   6.2050692729 -0.0121368223  0.1452935639  1.0000000000
  1.0799049956 -12.7271577073   7.8674718164 0.3014838622 0.0755326822 1.0000000000
 -0.7565881675 -11.7399245800   7.0936786852 0.0747830930 0.2702660661 1.0000000000
 -1.8344516111 -15.1286159850   5.7480255846 -0.1218726814 -0.0530251881  1.0000000000
 -0.8975897699 -13.2665120803   7.0211492286 0.0422036276 0.0581895157 1.0000000000
 -0.6976475923 -13.0011494344   8.4727443607 0.1987934407 0.2047149144 1.0000000000
 -0.8965312091 -12.0217839160   6.7090154922 0.0111061377 0.2125516096 1.0000000000
 -1.7457959590 -15.2951316491   5.6978885584 -0.0890036821 -0.0693732146  1.0000000000
 -3.2826353594 -13.5393015030   6.5678769297 -0.1856033081  0.1986186402  1.0000000000
  1.5467004036 -14.4324096577   5.6755725034  0.0575627359 -0.2787148615  1.0000000000
 -1.2575901745 -15.2533656337   7.0829188300  0.0255159160 -0.0320732171  1.0000000000
 -0.1427105757 -14.2050805062   6.9087550249 0.0943658707 0.0023878835 1.0000000000
 -1.1457944106 -12.6566893765   8.0787567864 0.1166363360 0.2318475575 1.0000000000
 -0.1779384064 -15.7871218653   7.2680431615  0.1120785096 -0.1309275635  1.0000000000
 -1.2033179636 -13.3093301502   7.4078200906 0.0983554129 0.1513869820 1.0000000000
  0.1490155683 -13.5798301837   8.3434975213 0.2740932026 0.1005756205 1.0000000000
  0.3941424300 -14.2538683801   5.1594517202 -0.0387640221 -0.1875893548  1.0000000000
 -0.7027286450 -14.6432375464   6.4849515358  0.0459727980 -0.0330244693  1.0000000000
 -1.3493858383 -13.9444583153   6.1002318095 -0.0522448581  0.0071610338  1.0000000000
 -1.1094534530 -14.6670358067   4.7039662730 -0.1748255582 -0.1399145897  1.0000000000
50
  0.0396619441 -12.8126085711   8.4227629584  -0.0381300326 -12.7376188510   5.7297085774  0.2537287576  0.2056061062  1.0000000000 -0.0710399882  0.0009213281  1.0000000000
 -0.5502935400 -14.7374395173   5.5739374545  -0.5822929782 -16.5025955797   6.3594596633 -0.0584042029 -0.1469655451  1.0000000000  0.0797233889 -0.2020297559  1.0000000000
 -1.8233762354 -14.0823242750   6.6413955118  -1.2209140920 -12.3209414057   4.9895157436  0.0066823759  0.0689704959  1.0000000000 -0.2383621224  0.1183719915  1.0000000000
 -0.5019507005 -15.0778448059   4.6166090823  -1.4726952978 -14.6471195513   7.2403544116 -0.1413890458 -0.1629083006  1.0000000000  0.0548583862  0.0337155713  1.0000000000
 -2.2082331460 -12.2148216547   5.9798132511  -1.0121520305 -16.2011832641   5.4824044542 -0.1872657215  0.2897725739  1.0000000000 -0.1215739053 -0.1699224559  1.0000000000
 -0.8012852001 -14.0140190336   4.9082118884   0.2437314593 -14.0461450483   6.6894087643 -0.1486437132 -0.0976040130  1.0000000000  0.1533012178 -0.0627628526  1.0000000000
 -1.3721648495 -14.0473104502   8.9244386471   0.5156930253 -12.5036244536   8.2062775613 0.2272272903 0.1631688300 1.0000000000 0.2765116834 0.1836343601 1.0000000000
 -0.9349952911 -14.9702495505   7.0417530176  -0.4927411374 -12.6293618429   5.4976583902  0.0951270294 -0.0376671598  1.0000000000 -0.1085377608  0.0342808727  1.0000000000
  0.5866812278 -14.1726724051   4.7436379830  -0.2936700413 -13.1792331908   8.4047897481 -0.1177867423 -0.2380821577  1.0000000000  0.2440745380  0.1168607894  1.0000000000
 -0.3523302322 -16.6430514582   7.4644438301  -0.0204453416 -11.8949746485   8.3961195008  0.1557486114 -0.1580274813  1.0000000000  0.3036499702  0.2634016098  1.0000000000
 -0.9776699100 -14.1484501269   5.2288286434  -1.3390257881 -14.0309605676   7.3328360839 -0.0907831685 -0.0597683821  1.0000000000  0.0993840297  0.0866895436  1.0000000000
 -0.2156219600 -13.7241304029   6.0885634188  -0.7554258613 -13.0722132978   5.5099359317  0.0184174397 -0.0484008474  1.0000000000 -0.1200042117  0.0180193562  1.0000000000
  0.9226656041 -14.0255576178   6.3381651952  -1.8311361672 -15.3539601177   5.8001644652  0.1503761861 -0.1837167228  1.0000000000 -0.0929816132 -0.0505008432  1.0000000000
 -0.3287546867 -12.8207306279   5.5857517799  -2.4227287761 -12.7335929112   6.0824850193 -0.0575619070 -0.0161507880  1.0000000000 -0.2020851212  0.2244891760  1.0000000000
 -1.8645331510 -12.7170369415   6.3712271118  -1.7839577031 -12.0628405067   6.3480503675 -0.0901104958  0.2016682620  1.0000000000 -0.1106958763  0.2136984739  1.0000000000
  0.4521946869 -13.4890522907   6.2846984418   0.0743025196 -14.9486011253   4.7241667601  0.0907392072 -0.0646249875  1.0000000000 -0.1125455598 -0.2611906673  1.0000000000
 -1.1705140651 -16.1925489807   7.3654337428  -1.4613998606 -13.7831617256   5.7254820016  0.0841243464 -0.0600193348  1.0000000000 -0.1240536504 -0.0106967948  1.0000000000
 -2.0537365753 -14.2004580754   7.2153498393  -0.2015738297 -13.9759629446   7.7024903841 0.0056174177 0.1225582484 1.0000000000 0.1982427134 0.0182375557 1.0000000000
 -2.1952701856 -14.1592922987   6.6619731004   0.4289060145 -13.5262401545   4.5024896041 -0.0635797692  0.0602704680  1.0000000000 -0.1702018633 -0.2246579434  1.0000000000
 -1.1349393823 -12.8401345053   4.9625177484  -2.5221195509 -12.9658180666   5.6006799368 -0.2485531043  0.0322401295  1.0000000000 -0.2445544998  0.1902204202  1.0000000000
 -2.6993753227 -13.5295629208   7.5033292110  -0.3570041790 -13.9585687535   5.8870438706  0.0040098958  0.2093606725  1.0000000000 -0.0330594670 -0.0676824844  1.0000000000
 -0.3862956472 -15.0395633430   7.2223685807  -1.7882658313 -12.6446834879   6.3767871445  0.1438863121 -0.0799889347  1.0000000000 -0.0942005074  0.2191571630  1.0000000000
 -2.3909795382 -13.8555347315   5.3000038642   1.3743180433 -14.1034754276   5.5554115516 -0.2023330815  0.0412022741  1.0000000000  0.0531528424 -0.2962006705  1.0000000000
 -2.9748298510 -14.4736815875   6.9380883746  -1.1639663489 -12.4852609329   6.8888763371 -0.0425438920  0.1543617351  1.0000000000 -0.0206203577  0.1987894601  1.0000000000
 -0.9489683533 -14.9981930649   4.0848455214  -0.5077468865 -14.5160802898   7.8202314542 -0.2169027460 -0.2154063661  1.0000000000  0.1757091038  0.0240808422  1.0000000000
 -0.0769454548 -15.2872415908   7.2906644818  -0.8525771470 -12.2727497930   5.3414915577  0.1663467120 -0.0934483984  1.0000000000 -0.1787216757  0.0770525924  1.0000000000
 -0.3192477141 -14.7059208391   6.3319879680  -0.8489391377 -12.9107792412   6.3189017248  0.0142678642 -0.0981405334  1.0000000000 -0.0421066367  0.1037213079  1.0000000000
 -1.5408351136 -14.5375193868   4.5555955022  -1.6906132154 -14.4243215921   4.9967528069 -0.2141568280 -0.0875887748  1.0000000000 -0.1671546474 -0.0479633351  1.0000000000
  1.1797559737 -13.9627009138   7.0339169701  -0.5261045731 -14.0776882538   7.4553810368  0.2482871734 -0.1094154031  1.0000000000  0.1175122262  0.0455956082  1.0000000000
 -0.4598257926 -16.7772718729   7.2054516358  -0.4441229866 -12.0027571069   5.9065529305  0.1617772653 -0.1657872226  1.0000000000 -0.0981718472  0.1618997390  1.0000000000
 -1.0614572398 -15.5597659894   7.0852223643  -1.5576549854 -14.5732649050   5.9120341766  0.0638411210 -0.0543530441  1.0000000000 -0.1151382919 -0.0571041986  1.0000000000
 -2.5315024319 -13.9692781152   8.1627337698  -0.5186105167 -14.3776470699   5.1332303217  0.0805368125  0.1879264577  1.0000000000 -0.1148262882 -0.1627526380  1.0000000000
 -2.1809765945 -14.3340243904   7.6257239133  -0.4755018585 -15.7130010298   8.0564825584  0.0386703047  0.1428158394  1.0000000000  0.1702090974 -0.0663434170  1.0000000000
 -2.6767979637 -15.0183940715   6.2607988272  -0.0108593836 -16.3082654503   7.0454798884 -0.0713529884  0.0308600890  1.0000000000  0.1701082015 -0.1942019136  1.0000000000
  0.8781820714 -15.6367094542   7.0458175333   0.7062137035 -14.8453955476   5.8980171769  0.1938001599 -0.2246787644  1.0000000000  0.0470164594 -0.1608150377  1.0000000000
 -1.2636338668 -13.9135849175   9.1720285997  -0.8320784508 -13.4205990748   6.2890867293  0.2608121431  0.2105176703  1.0000000000 -0.0735061459  0.0421122754  1.0000000000
 -1.2929673395 -14.6899637908   6.2003837967  -0.7270239461 -12.5979769227   7.3669157155 -0.0307791242 -0.0482128667  1.0000000000  0.1070411823  0.2071903520  1.0000000000
 -1.4644498089 -13.7429287640   6.6258839133   0.8057035121 -13.0658371347   7.0819445055 -0.0383498701  0.0904557962  1.0000000000  0.1940151990 -0.0209295185  1.0000000000
  0.1901317133 -12.7744777364   5.4930503086   0.2213484048 -14.0044613824   5.6716810238 -0.0521231006 -0.0447578443  1.0000000000 -0.0399646854 -0.1482698561  1.0000000000
 -0.4173794319 -12.0417635393   6.8276491202  -1.0187779833 -16.4625583578   6.7892268617  0.0490453687  0.2156279751  1.0000000000  0.0348308014 -0.1214164797  1.0000000000
 -1.8541917678 -13.4307483915   7.5581036782  -1.2787475642 -14.7996481524   4.8727886159  0.0323486061  0.2007684829  1.0000000000 -0.1856890293 -0.1509816933  1.0000000000
 -0.4289422099 -11.6665382999   6.9868737191  -0.1003826123 -14.6790383088   5.3971790589  0.0442400881  0.2453985212  1.0000000000 -0.0253914387 -0.1878369838  1.0000000000
 -1.1657665715 -11.9841039810   4.9693855931  -1.3115091622 -13.3216100822   7.2855280264 -0.2434506199  0.1229966967  1.0000000000  0.0480298087  0.1383260732  1.0000000000
 -2.1208292382 -12.3282384331   5.2979740373  -0.8233051697 -15.5565792058   5.0796495179 -0.3082778801  0.1828827437  1.0000000000 -0.0718178760 -0.1984052855  1.0000000000
 -0.1014015535 -13.6842147609   4.0541201002  -1.0224563964 -15.4539319405   5.1828338822 -0.2073272286 -0.2147052795  1.0000000000 -0.1264254824 -0.1712750175  1.0000000000
 -1.7250204533 -12.7052223709   5.6109711279  -1.6143087982 -15.5758331269   6.1671809424 -0.1566221054  0.1300236892  1.0000000000 -0.0407601522 -0.0833118436  1.0000000000
  0.2521803356 -12.8993174982   4.9323857600  -1.7229066012 -13.5744485804   6.9076246086 -0.1511598661 -0.0937234260  1.0000000000 -0.0506833454  0.0996513501  1.0000000000
 -3.4888535076 -14.4280740855   6.4521854259   1.7390453801 -13.4921676103   6.9838746572 -0.1164287151  0.1093826941  1.0000000000  0.3021504766 -0.1500297356  1.0000000000
 -0.7026052939 -14.3111700704   7.5735821796   0.1971721477 -15.2499108522   7.1793108393  0.1091084919  0.0536158149  1.0000000000  0.1490613032 -0.1130229845  1.0000000000
 -0.4473416280 -15.7688838333   8.2623551718  -1.8451547086 -16.2936048325   4.8938866597  0.1945465895 -0.0236629902  1.0000000000 -0.1436774554 -0.1571845935  1.0000000000
