892.0000000000
50
-2.8383379239 13.6120486197 -0.8948603805 -0.0654568009  0.1746320256  1.0000000000
-0.0551585169 11.3064004112 -0.2509689589 -0.0957310389 -0.2408360665  1.0000000000
-1.5069852279 13.5110412559 -0.3149969269 -0.0769105262  0.0129330181  1.0000000000
-0.1397940179 12.3003991280 -0.1087730027 -0.1054994828 -0.2183034738  1.0000000000
-2.4069735998 14.2849802676 -3.1270778300 0.2236623626 0.2201477604 1.0000000000
-0.0577222097 13.7291266821 -0.0283002234 -0.0374710862 -0.1862521483  1.0000000000
-3.4298298896 13.4115711332 -0.2643482517 -0.1816299095  0.2146417437  1.0000000000
-1.3360610240 12.6755023914  0.5251975340 -0.2240043736 -0.0789838912  1.0000000000
-1.4890333361 12.8304300332 -2.3429984662 0.1754114400 0.0697948854 1.0000000000
 0.7863626176 14.3889887756 -2.0615514718  0.2435275420 -0.1721945809  1.0000000000
-1.4176389221 13.5855926708 -0.4026216976 -0.0676813487  0.0246324701  1.0000000000
-1.6998515983 14.6398977945 -2.5530500031 0.1843971819 0.1167516143 1.0000000000
-0.5826925521 11.2378971977  0.4876503672 -0.2339981928 -0.2029568551  1.0000000000
-0.8418066310 12.6834006806 -1.8730636756  0.0710308500 -0.0658198200  1.0000000000
-1.4277511599 11.8092569504  0.2896005938 -0.2239331330 -0.0792461080  1.0000000000
-2.1271598756 13.4689955969 -1.7071218847 0.0198261265 0.1585595215 1.0000000000
-3.0455082334 13.1813817486 -0.9929650063 -0.0880919750  0.1997606844  1.0000000000
-2.4701989626 15.2701976557 -2.4369847642 0.1398071103 0.1977315147 1.0000000000
-2.3741981336 12.9861553903 -0.9130931566 -0.0431056373  0.0977691642  1.0000000000
-1.8075982434 13.8696789711 -1.6570030309 0.0680310144 0.0837194668 1.0000000000
-0.0442567672 11.1373749336 -0.7620034215 -0.0780398516 -0.2933224562  1.0000000000
-3.4056763508 14.5091735258  0.7503715114 -0.1831038590  0.2010745693  1.0000000000
 1.0570594942 14.7590136524 -0.5045518271  0.1009937829 -0.1625543749  1.0000000000
-1.5365971772 13.5115687780 -2.7241227625 0.1722357923 0.0882868864 1.0000000000
-2.5148130649 14.1141677812  0.1848388783 -0.1143893726  0.1281792864  1.0000000000
-0.7465262646 13.1207432342 -0.7138310265 -0.0102319583 -0.0490358655  1.0000000000
-1.4175270132 13.6324091677 -2.8344988136 0.2249099284 0.0887122833 1.0000000000
-1.6307318580 12.8040318297 -0.5962070537 -0.0645095202  0.0179992685  1.0000000000
-3.3690829740 11.9317946709 -0.6117611740 -0.2259890518  0.2402081179  1.0000000000
-1.0274368866 14.6345713752 -0.6895581417  0.0147565203 -0.0396416393  1.0000000000
-2.9670361961 14.7464907115  0.5620723328 -0.1295218436  0.1424096820  1.0000000000
-2.8948895747 14.6893319712  0.2137085567 -0.0997098892  0.1975464706  1.0000000000
-1.8381738846 14.2705123531  1.0618536277 -0.1555513408 -0.0008691215  1.0000000000
-1.5475006144 12.9640637043  0.8361966548 -0.1816702717 -0.0410743558  1.0000000000
-1.8097753109 12.7286444033 -1.1169736102 -0.0492277446  0.0803824427  1.0000000000
 0.1246372178 13.1872379903  0.8179346025 -0.1388835319 -0.2313261219  1.0000000000
-2.7707533720 13.4997065871 -2.4482661560 0.1249790889 0.2868963709 1.0000000000
-0.7191194899 14.1051222134  1.0759084187 -0.1610646028 -0.0662805040  1.0000000000
-0.7003834746 14.2669651670 -0.7376416730  0.0395169329 -0.0138943902  1.0000000000
-2.7737368474 13.1565542737 -2.5406389129 0.1135152579 0.2759693533 1.0000000000
 0.3286986155 11.6581240484 -1.2443754786  0.0807294966 -0.3174498029  1.0000000000
-0.5078762230 11.3260287996 -1.3095742687  0.0109545722 -0.2085715409  1.0000000000
-0.5017973506 13.2954120575 -0.1390259897 -0.0442235995 -0.1456039040  1.0000000000
-1.0758983206 11.0718929454 -0.6107699623 -0.1333820533 -0.1337206112  1.0000000000
-1.5260678145 14.3876687259 -2.3220566652 0.1584929802 0.1053451458 1.0000000000
-3.0432446533 14.0023478134 -0.1127609606 -0.1154319536  0.1671629811  1.0000000000
-1.0251196191 14.3547844695 -2.3683699753 0.1678188703 0.0302572492 1.0000000000
-2.1390329327 14.8128922928  0.1504439591 -0.0962152605  0.0830204683  1.0000000000
-0.9168837795 12.0660622819  0.1513833200 -0.1692281267 -0.1082995134  1.0000000000
-2.5102340567 13.4568632708 -3.4646011916 0.2580608329 0.2559074907 1.0000000000
50
-1.6976005872 12.1036812171 -0.8394619655 -3.0734003682 13.4685084555 -1.8855352791 -0.1115140048  0.0075477688  1.0000000000  0.0458431828  0.2301317778  1.0000000000
-0.2837144168 13.3425165475 -2.0764900147 -2.3938489670 11.3563660962 -0.3328255505  0.1499125807 -0.1101202026  1.0000000000 -0.2045337624  0.0831725388  1.0000000000
-0.8231907625 12.1699077851 -2.6771201318 -1.2828332835 14.6010395233 -1.6150409353  0.2048796671 -0.0353540491  1.0000000000  0.1325113214  0.0429744742  1.0000000000
-1.5852152248 12.8699646716 -0.5006936057 -3.1491249790 11.5013595854 -0.2811220080 -0.0945926150  0.0103995450  1.0000000000 -0.2544586642  0.1513349206  1.0000000000
-3.4586621806 11.7212544251 -1.5060916650 -3.1078640276 12.8888512742 -0.8279041543 -0.1360989133  0.2817613046  1.0000000000 -0.1000424085  0.2312036731  1.0000000000
 0.5961892630 13.7722658294 -1.4692987402 -0.7377087199 15.3756605953 -1.3973866627  0.0941622651 -0.1708536378  1.0000000000  0.1372232790  0.0107892326  1.0000000000
-3.6082609965 13.4071574090 -0.1695318498  0.4951209343 12.4787255584 -1.6126951036 -0.1394200820  0.2610408375  1.0000000000  0.1241836117 -0.2260777314  1.0000000000
-0.6414931435 12.3218244322  0.4301446881 -2.7493250856 13.1292441785 -2.8730875456 -0.1318648625 -0.1798724443  1.0000000000  0.1613076309  0.2636249498  1.0000000000
-0.9004052812 14.6571905008  0.4646064711 -1.9406488200 11.9625254037  0.2004362247 -0.0663097320 -0.0680028526  1.0000000000 -0.2380063775  0.0249425198  1.0000000000
-2.0734947830 12.0602278055  0.4294267483 -2.0700070364 14.5776368700 -2.7292147602 -0.2773531056 -0.0216109598  1.0000000000  0.2063440556  0.1512928012  1.0000000000
-1.7659685647 14.1924858130  1.1500529270 -1.1063717266 13.9692352341 -1.0515829573 -0.1894540305 -0.0165471663  1.0000000000  0.0615086230 -0.0117647807  1.0000000000
 0.5272513692 12.6323171193 -0.8679196748 -0.5503355437 13.4747161994 -1.3423036445  0.0212425128 -0.2008323945  1.0000000000  0.0588246728 -0.0654236932  1.0000000000
-2.0867635613 13.0680752620 -2.9257137959  0.7268372975 12.8060478844 -1.7832130060  0.1991301423  0.2090830550  1.0000000000  0.1408881665 -0.2442633825  1.0000000000
-0.0857016007 11.2369439466  0.0692474440 -0.3224740540 13.1467762268 -1.6032908859 -0.1568881136 -0.3059676038  1.0000000000  0.1124337757 -0.0927797148  1.0000000000
-2.1281030442 13.1434209567 -0.1149769344 -0.8866078235 12.6584972835  0.7184044868 -0.1154228165  0.0528914446  1.0000000000 -0.2100469522 -0.1214118331  1.0000000000
 0.1664468537 12.7903211204 -1.2145906129 -2.9634647618 12.9863480017 -0.1135418320  0.0870645126 -0.1561651476  1.0000000000 -0.2020268625  0.1340863593  1.0000000000
-1.0881615509 10.8266628671 -0.2575278693 -2.3203954925 13.8558387629 -1.3679781931 -0.2218704819 -0.1368165941  1.0000000000  0.0169977188  0.1611393964  1.0000000000
-0.0387624399 11.5320646674 -0.3968168815 -1.5705838959 11.3845473343 -1.2585138264 -0.1231740389 -0.2371001179  1.0000000000 -0.0589473117 -0.0084212727  1.0000000000
-1.7171775369 14.5095720285 -0.4178506702  0.2263526538 11.3466711507 -2.1001928056 -0.0228834253  0.0512266636  1.0000000000  0.1777952065 -0.2382292718  1.0000000000
-1.7983594113 13.9869125961 -0.3594566376  0.4150908360 14.5678586058 -0.5056529702 -0.0058357476  0.0757338240  1.0000000000  0.0692125762 -0.1238648047  1.0000000000
-0.9399459493 15.4822627644 -1.3706075157  0.6177203642 13.3023679763 -0.6837354384  0.1048719613 -0.0091527530  1.0000000000  0.0864209897 -0.2067392921  1.0000000000
 0.9765025565 14.0649796106 -1.4387552628 -1.3136264743 14.9801176768 -1.1167088836  0.1298231606 -0.1723552546  1.0000000000  0.0465798921  0.0547231509  1.0000000000
-2.2744050784 13.4866127964 -2.2342117519 -2.9228300060 14.1025748534  0.0967285995  0.1042704746  0.1828800698  1.0000000000 -0.1140181705  0.1720450885  1.0000000000
-1.7966935462 12.3793268931 -2.9036817466 -1.4968114080 14.0131023990 -2.7205782351 0.2400283587 0.1025674932 1.0000000000 0.2030720137 0.0835638044 1.0000000000
-1.0772064330 12.2312631739 -1.4678207087 -0.3370633697 13.6048074102 -1.4429552510  0.0216159134 -0.0422619492  1.0000000000  0.1026084420 -0.0770549883  1.0000000000
-1.1095769195 11.6617234411 -0.5046720795 -2.8864056117 15.1052674683 -0.2298910940 -0.1010984242 -0.0671286081  1.0000000000 -0.0627795984  0.1893541736  1.0000000000
-2.0819497754 13.3141144643 -0.7510631194 -0.9463218086 13.2769949932 -3.1220639737 -0.0989026697  0.1218508160  1.0000000000  0.2558474931  0.0389968594  1.0000000000
-2.3267824165 15.8123995752 -2.0453149333 -1.6967022094 14.2503543424 -1.7094322467 0.0955755310 0.1617235073 1.0000000000 0.0793822902 0.0664772267 1.0000000000
-2.4315144706 14.5960781597 -0.4911747583 -1.1337800883 13.0466200360  0.7747846310 -0.0120392589  0.1526763319  1.0000000000 -0.1590069719 -0.0906690839  1.0000000000
-1.4998516161 13.4099009775 -1.1111768307  0.2271687722 11.6293190120 -2.5241524984  0.0205452117  0.0294132478  1.0000000000  0.2446193344 -0.1943356910  1.0000000000
-0.9415973301 13.5625423988  0.6607162740 -1.2246850092 10.7267024617 -0.0882432196 -0.1563659772 -0.0888192419  1.0000000000 -0.2904818532 -0.1511152505  1.0000000000
-2.0396410755 13.1569437872 -2.6087596170  0.0854669683 13.3226638455  0.1739330946  0.1445875690  0.1442171423  1.0000000000 -0.0743742551 -0.1745601133  1.0000000000
 0.1847572140 13.2028199795  0.2927388343 -2.7525511224 12.8304936429  0.3983127791 -0.1078346918 -0.1660618568  1.0000000000 -0.2309577755  0.0933475862  1.0000000000
-1.1657126899 12.3999628437 -2.8024202126 -0.3937370084 12.6073314587  0.5049818607  0.2417728653 -0.0043915592  1.0000000000 -0.1644620657 -0.1845996241  1.0000000000
-1.5308510243 14.0796316873 -1.9712020016 -1.8153200961 12.4465107300 -3.2581345549 0.1115282662 0.0725930490 1.0000000000 0.2870085128 0.1773221209 1.0000000000
-1.2075569947 14.4721126445  0.5963790096 -1.3557713264 11.6731272527 -1.5571202556 -0.1268302693 -0.0337477174  1.0000000000  0.0048305802 -0.0177661852  1.0000000000
-2.7461384126 12.0862341838 -0.9417339833 -0.9190149858 14.7365181102  0.0998622160 -0.1304083740  0.1177976719  1.0000000000 -0.0393824655 -0.0062377745  1.0000000000
 0.0504099273 12.0193074993 -0.7326956419 -1.8912576252 13.3127692656  0.1946041912  0.0065496936 -0.2187324366  1.0000000000 -0.1679503401  0.0040275149  1.0000000000
-1.7285478709 14.1386716059 -1.8768224408  0.1716874530 13.2172302040 -2.1593813026  0.0943022072  0.1384088763  1.0000000000  0.2141038043 -0.1708576581  1.0000000000
-2.3861483832 14.0654497726 -1.3775721836 -3.2693541234 12.8718130215 -0.8517425265  0.0251977649  0.1705547415  1.0000000000 -0.1300974161  0.2399486433  1.0000000000
-2.4621046594 12.8993866175 -2.5697858253 -3.3709020756 13.1536683190 -0.3964917960  0.1572481050  0.2467199193  1.0000000000 -0.2032532965  0.2024486798  1.0000000000
 0.9775693481 15.0116300676 -1.5990988739 -0.0402686016 11.5862663739 -0.5685225633  0.1756142462 -0.1345566988  1.0000000000 -0.0382942534 -0.2478637666  1.0000000000
-0.7731459853 13.3577257579 -0.6920303296 -3.9075476212 11.3934905929 -0.5547882860 -0.0232799258 -0.0664263525  1.0000000000 -0.2874494302  0.2649536748  1.0000000000
-1.4123317291 12.4489145590 -2.4904142726  1.3875473174 14.7685814673 -1.7605764028  0.1875722061  0.0171372493  1.0000000000  0.2488054426 -0.1707502609  1.0000000000
-1.2085985462 14.6697188055 -2.0075733500 -2.8941985070 13.2147157541 -2.7847329529 0.1551323320 0.0917955759 1.0000000000 0.1724123283 0.2896273635 1.0000000000
-0.0908204212 13.2262912517 -1.1069663124 -2.0337365726 12.5404806715 -1.7820340755  0.0232048831 -0.1166395191  1.0000000000  0.0226319222  0.1049468593  1.0000000000
-1.5446948027 13.2317433437 -1.9299547551 -2.2318692732 13.2627711791 -2.5223916243 0.1119802413 0.0380524044 1.0000000000 0.1418580740 0.1720917436 1.0000000000
-1.2550443789 13.4543592844  0.7134540871 -1.6714640646 11.4371775559  0.0608276059 -0.1525264538 -0.0314071651  1.0000000000 -0.2280923363 -0.0592038595  1.0000000000
-1.5575092605 12.3923620289 -2.1651271975 -0.6490508446 15.0607643441 -1.0755545508 0.1491397507 0.0460767193 1.0000000000 0.1131912172 0.0113416521 1.0000000000
-0.1799668269 14.3174378810  0.4688377154 -1.3282197522 13.9002735825 -0.0480906415 -0.0689579034 -0.1220454708  1.0000000000 -0.0633271999  0.0080286931  1.0000000000
