760.6000000000
50
 2.7360029382  7.7426925766 -7.4240938758 -0.1453571490 -0.1565593738  1.0000000000
 2.9301415333 12.2342449053 -6.9661236734 0.2188762520 0.0969732234 1.0000000000
 3.6205179465  9.9013731400 -8.4028571766 -0.0769791931  0.0149263954  1.0000000000
 2.2846066599  9.3630484707 -9.3922467520 -0.1489577721 -0.0777981653  1.0000000000
 4.3959422173  9.4249157983 -5.6924165976 0.1021814879 0.1264960863 1.0000000000
 5.3368104952  8.9811942662 -8.0286556479 -0.2475599082  0.1502423674  1.0000000000
 3.9304490855 10.7115674272 -7.0377516828 0.0576433226 0.1021131799 1.0000000000
 3.7499151137  9.6018246703 -9.5125302727 -0.1793242917  0.0467136401  1.0000000000
 4.1853811472  9.0304037990 -5.8948961477 0.0263702885 0.0753415017 1.0000000000
 1.6105250291  9.3695379923 -5.6071864680  0.2221941530 -0.2130601208  1.0000000000
 3.0423075529  8.8126896502 -7.6361993741 -0.0544460587 -0.0671644158  1.0000000000
 2.7135478660  8.9181555239 -6.0364880140  0.0713240806 -0.1198870972  1.0000000000
 2.8812967223 10.8233412376 -7.9200665043 0.0218575775 0.0401994166 1.0000000000
 4.8948650397  8.7132331440 -6.5348385197 -0.0851345607  0.1150124202  1.0000000000
 2.6162027957  9.5940703963 -8.6219722411 -0.0696052540 -0.0647103737  1.0000000000
 2.8325174308  9.6531683776 -7.8053980727 -0.0247279565 -0.0217357622  1.0000000000
 1.2936791092  9.2074891078 -6.1002611409  0.1477367327 -0.2748778411  1.0000000000
 2.5870715439  7.3432506446 -6.0787284335 -0.0425082772 -0.2478263633  1.0000000000
 3.7146851968  9.7564803700 -8.0914063864 -0.0529656976  0.0324126410  1.0000000000
 2.9962660914 10.1175905971 -8.0373135980 -0.0123410243 -0.0187652670  1.0000000000
 4.5021267263 10.0376066449 -5.1146366721 0.1788180013 0.2455454464 1.0000000000
 3.6190787021  8.8404806582 -7.3452276018 -0.0976561973  0.0071351646  1.0000000000
 0.9078950835  9.9830778009 -8.1536815318  0.0895494371 -0.1905994827  1.0000000000
 2.6140116335  9.7046132570 -7.7153468507 -0.0168048452 -0.0591224545  1.0000000000
 4.3954475084  9.0219902912 -5.5352647138 0.0700752379 0.1049649132 1.0000000000
 2.0890350829  8.4231952288 -7.1508361281  0.0068510015 -0.2557230205  1.0000000000
 5.2837229668  9.4599638476 -8.0958056941 -0.1402400173  0.2059199934  1.0000000000
 2.5547500157  9.4515392747 -6.9260569216  0.0700242095 -0.0805738107  1.0000000000
 4.1180422359  9.2607509608 -5.6659516442 0.0693151618 0.0375488250 1.0000000000
 1.9599632216  8.5209116333 -8.0366858400 -0.0803710272 -0.1620566346  1.0000000000
 5.3203370597  9.2731408376 -8.1287613986 -0.1884298473  0.1760120086  1.0000000000
 2.1298761927  9.2512841420 -9.1053790535 -0.1020265519 -0.1540362288  1.0000000000
 3.4780975882 11.5549834133 -8.0273192390 0.0569555668 0.1287382222 1.0000000000
 2.6740880316  8.8235221613 -6.3540658403  0.0590607542 -0.1414350440  1.0000000000
 4.1675207702 10.9928624452 -9.0344251927 -0.0447963377  0.1297246700  1.0000000000
 3.5508455655  7.6619770317 -6.3822300736 -0.1197030159 -0.1350474207  1.0000000000
 1.9309690651 11.1771696698 -7.5780505104  0.1077504249 -0.0301948062  1.0000000000
 5.7093608717  9.5131057652 -7.1813431601 -0.1334509593  0.2910906480  1.0000000000
 2.7383468792 11.5227783290 -7.4339279966 0.1239276710 0.0474918023 1.0000000000
 3.4615725670 12.6409413914 -7.2382325668 0.1877448869 0.1802541435 1.0000000000
 1.0717537115  9.5456694394 -8.0009832661 -0.0137040640 -0.2089266509  1.0000000000
 2.2842031539  9.0587123135 -4.4797285227  0.3270049970 -0.1814850091  1.0000000000
 3.2807922225 12.0869675545 -6.9091973455 0.1850215414 0.1509620100 1.0000000000
 3.0338461056  9.2899114801 -5.0149402913  0.2667099570 -0.0388759035  1.0000000000
 3.7012863125 10.4011921087 -9.3600754512 -0.0773048839  0.0422594396  1.0000000000
 2.4973837914  7.1957095230 -7.4956939288 -0.2073023120 -0.2422892373  1.0000000000
 4.4122333662 10.0091250910 -8.4395412410 -0.1132194577  0.1237746724  1.0000000000
 1.9285324957  8.3325642810 -8.5690825639 -0.1484860888 -0.2094408759  1.0000000000
 4.6929402390  9.7442694419 -6.7036737927 -0.0033978858  0.1903510093  1.0000000000
 4.6082611196  9.1929053220 -6.7707706905 -0.0247101138  0.1179908697  1.0000000000
50
 3.0479741259  8.2366473802 -7.3389953778  2.8883893024  8.3980149417 -6.3422113721 -0.1090302634 -0.1098339115  1.0000000000 -0.0104348556 -0.1321593090  1.0000000000
 2.7246520345  7.9452374345 -7.0362997763  1.8453438805  8.2511532934 -5.4830286135 -0.0353370682 -0.1993361188  1.0000000000  0.1695339781 -0.3254114141  1.0000000000
 2.7294533917  8.1922965123 -6.7296260810  3.2590894801  8.5110846829 -6.6609073448 -0.0362742798 -0.1754347950  1.0000000000 -0.0352981056 -0.1254556666  1.0000000000
 3.8937454962  9.1701293765 -8.0600662735  4.9035640779  8.9056617951 -7.1150595554 -0.1058928652  0.0563267089  1.0000000000 -0.1490674100  0.1539858603  1.0000000000
 2.3186886316  9.0545183747 -9.6110230447  3.5332238365  9.9167780446 -5.6603365162 -0.1679918463 -0.1253907752  1.0000000000  0.1897725026  0.0791174287  1.0000000000
 5.4708919846  9.6211822355 -8.5049704822  2.0585352898  9.2890417875 -8.5910633492 -0.2082542710  0.2204865485  1.0000000000 -0.1112481673 -0.1629819458  1.0000000000
 3.5832575198  9.0684644890 -6.7406955673  3.6074982972 10.2391903228 -7.5960482458 0.0128166465 0.0255586278 1.0000000000 0.0149429303 0.0608708401 1.0000000000
 4.6816517911 10.6308967536 -6.2873164731  2.5531760110  8.5779552913 -9.3502987435  0.1121657879  0.2283782394  1.0000000000 -0.2193828643 -0.1524213197  1.0000000000
 4.4514567729  9.6704174805 -6.1086112271  1.9824510657  8.0220747679 -7.4531436501  0.0118711194  0.1408630252  1.0000000000 -0.0660181564 -0.2527286240  1.0000000000
 4.5287737174 11.1514547703 -7.4988005552  2.6172601758  8.8431166760 -8.8705347376  0.0325640559  0.2319284340  1.0000000000 -0.1727778834 -0.1492462180  1.0000000000
 4.8760161915  9.3940628541 -8.3756624867  3.9614226712  9.6228499457 -7.9747184726 -0.1817009986  0.1411003185  1.0000000000 -0.0817658978  0.1041511862  1.0000000000
 3.9226622558 12.2373773956 -7.4035928922  4.1162459796  9.3847536319 -6.9387142073  0.1219298669  0.1796515201  1.0000000000 -0.0508727772  0.0421925509  1.0000000000
 1.4544947974  9.1201013522 -8.4931830790  4.4100681127 10.5048567855 -6.9749157066 -0.0510354521 -0.2332835949  1.0000000000  0.0547921934  0.1700620663  1.0000000000
 2.1689927904  8.3669475766 -7.7600867317  4.3130773168  8.3270511435 -6.5600692989 -0.0815473381 -0.2176652326  1.0000000000 -0.0550951263  0.0465518268  1.0000000000
 2.8564705975  8.4238420809 -7.5964074271  2.3693846852  7.3936156681 -5.6196314031 -0.0860069059 -0.1568685149  1.0000000000  0.0135239622 -0.3300704570  1.0000000000
 4.3291139476  8.4372409268 -6.5489912463  1.8803521342  9.3350169474 -4.9908692123 -0.0627730243  0.0359974803  1.0000000000  0.2777546550 -0.1880339629  1.0000000000
 1.1688538609  9.7978569169 -5.8538534166  3.2970939347  9.2026596087 -6.2449767910  0.2093555466 -0.2422802530  1.0000000000  0.0535945850 -0.0485296695  1.0000000000
 2.0932685768 10.0244355485 -7.3133558980  5.0521351908  9.2045260894 -5.9197830344  0.1081822480 -0.1051102436  1.0000000000  0.0230244577  0.2013420050  1.0000000000
 2.5211146735  9.8157950350 -7.2071856226  3.1592565324  9.7774166038 -9.3667961532  0.0223423967 -0.0387313452  1.0000000000 -0.1378447160 -0.0213384447  1.0000000000
 5.3609158883  9.6550564196 -6.7445516016  4.9205940267 10.3823954797 -7.4939281519 -0.0792006688  0.2879593073  1.0000000000 -0.0342213528  0.2385816586  1.0000000000
 1.8557156500  8.7372470395 -4.6030822582  3.3940885496  8.1079655871 -7.9227838185  0.3077955483 -0.2762472517  1.0000000000 -0.1657274177 -0.1296594219  1.0000000000
 5.0925282444  9.3340173424 -7.6191857424  2.1164830047  8.7924032911 -6.2325235246 -0.1353948764  0.1862200310  1.0000000000  0.0740717084 -0.1964509895  1.0000000000
 3.2319275406 12.4962587297 -7.0123475081  4.3095319913 11.3601167744 -6.5231782041 0.2085147676 0.1397326899 1.0000000000 0.1752848519 0.2075930769 1.0000000000
 4.7798456347  7.8478680604 -6.9654701807  2.9782886793 10.3148340322 -7.2010479733 -0.2028345920  0.0228951363  1.0000000000  0.0831989482  0.0081773451  1.0000000000
 3.7515051072 11.0710875679 -7.7270960901  3.2179485763  8.4670405358 -6.1861671501  0.0733493050  0.1181664489  1.0000000000  0.0248059703 -0.1010981377  1.0000000000
 2.7658744335  9.8023710840 -7.0418649317  3.7554997355 11.3321772785 -5.9976718582  0.0239514284 -0.0132738768  1.0000000000  0.2375255852  0.1752895556  1.0000000000
 1.7304379010  9.9878455595 -6.8278463243  2.3852453770 11.5547667814 -6.9702049239  0.1250007524 -0.0941276625  1.0000000000  0.2042914860 -0.0032914133  1.0000000000
 2.9188083983 10.2719570655 -6.3835791129  1.6629950267  9.1454531048 -6.4113077965  0.1288390330 -0.0182142519  1.0000000000  0.1571162496 -0.1510217500  1.0000000000
 2.8986564632  7.7670784174 -6.9754050227  4.1791984460 10.7344105354 -5.8097481605 -0.0905910704 -0.1741714959  1.0000000000  0.2217194806  0.1894662974  1.0000000000
 2.8928493554 11.3383424863 -8.1503116184  3.6754631716 11.4411504121 -5.9719386643 0.0649520617 0.0723580112 1.0000000000 0.2062204535 0.1575408050 1.0000000000
 3.8651975504  7.9709179918 -6.3130790268  5.0692012937 10.1661422360 -8.4394278068 -0.0485172119 -0.1099999911  1.0000000000 -0.1261289817  0.2197764734  1.0000000000
 3.7509163015  9.7618285723 -7.5825487945  2.8436014338 10.2134267748 -5.2863069677 -0.0683291597  0.0057862974  1.0000000000  0.2790901436 -0.0121490818  1.0000000000
 2.1135731023  7.8037904572 -6.4350747694  2.4325842485 10.9043372422 -8.2794892788 -0.0320670852 -0.2724045929  1.0000000000  0.0352624763 -0.0381574525  1.0000000000
 3.4358598324 11.1195817015 -6.9800281106  2.6207766866  7.6902074849 -5.5069073575  0.1009222083  0.0983424324  1.0000000000  0.0604751098 -0.2594534630  1.0000000000
 1.9175865191  8.8501926678 -8.8199922106  4.6718555889  8.6613548738 -8.2122315415 -0.0954197985 -0.1472657981  1.0000000000 -0.2787311159  0.0975089513  1.0000000000
 4.3929588493  9.6135946947 -6.8801509050  2.7999058437  9.6407052949 -8.0297187616 -0.0159667778  0.1298655871  1.0000000000 -0.0768840792 -0.0344791688  1.0000000000
 5.0586793119 10.3986657179 -9.6179426249  2.9644557087  8.6487928983 -6.5679045727 -0.1708757687  0.1900277734  1.0000000000  0.0268329607 -0.0691061867  1.0000000000
 3.7847052564  9.0670144976 -6.4214180888  2.3410354383 11.3485463435 -6.3345827439  0.0325113712  0.0257005605  1.0000000000  0.2321722635 -0.0005735912  1.0000000000
 2.4130997420  9.0251512033 -5.9111270564  2.6647072437  8.6296010987 -4.8697345125  0.1079982334 -0.1377168391  1.0000000000  0.2450945786 -0.1606687755  1.0000000000
 1.0504087858  9.9016186777 -6.1744835566  2.6929420739 10.5449842248 -7.7201459469  0.2095717097 -0.1911871888  1.0000000000  0.0730560451  0.0122610829  1.0000000000
 4.2935575298 10.7963215043 -8.5795541145  3.6018809469  9.7733108170 -5.9018155973 -0.0799545946  0.1493613315  1.0000000000  0.1282728232  0.0471058665  1.0000000000
 2.7362564456 10.4589495753 -7.0669111255  3.3053942092 11.8184706664 -6.1939975064  0.0739418059 -0.0161427604  1.0000000000  0.2220219879  0.1373040860  1.0000000000
 2.2701401892  7.9162087523 -6.1497621026  4.7143693714  9.5970344905 -8.8743436130  0.0522972429 -0.2240174573  1.0000000000 -0.2280924628  0.1353944953  1.0000000000
 1.9971348144  8.6347319559 -8.1798886819  2.1755693914  8.5703245443 -6.6953044346 -0.0593107301 -0.1842531673  1.0000000000  0.0611218002 -0.2072525026  1.0000000000
 4.4051337151  9.5631114042 -5.9933694987  4.6613173962  7.8056975115 -7.2445127438  0.1115436301  0.1218237280  1.0000000000 -0.2370188029  0.0200349783  1.0000000000
 2.0039965524 10.9698632331 -6.3944634717  4.6555219624  8.9698300637 -5.6767067547  0.2042854083 -0.0678961754  1.0000000000  0.0285225314  0.1416826582  1.0000000000
 3.2804660200  8.8782139672 -9.1363252872  1.5155065008  9.3246514525 -5.9913904911 -0.2012919219 -0.0488203247  1.0000000000  0.1937094613 -0.1966610195  1.0000000000
 2.0600495405  9.8286948165 -5.7868833896  3.9050415061 12.0800698603 -7.8080345781  0.2161534591 -0.1184801672  1.0000000000  0.0798442809  0.1924178227  1.0000000000
 4.0736456058  9.2735229119 -4.9192400563  1.3711562315  8.9784244216 -5.3858942900  0.1930781240  0.0500107757  1.0000000000  0.2351081591 -0.2573633841  1.0000000000
 1.6832045764 10.0883007232 -7.6254935193  3.4115780255  8.3143796954 -7.7858498955  0.0668165522 -0.1473081159  1.0000000000 -0.1233990590 -0.0573595364  1.0000000000
