800.7000000000
50
 -3.6716792105 -13.9727053228  -0.2318801088 -0.0263239244 -0.1184824106  1.0000000000
 -1.7226145750 -14.1596243639  -1.4618600490 -0.1255607281  0.1124109591  1.0000000000
 -4.6968471247 -14.3107256991  -2.5728682708 0.1719721619 0.0024133591 1.0000000000
 -2.5655591784 -13.5051034897  -0.3505205166 -0.1896384711 -0.0283838987  1.0000000000
 -2.9382366809 -13.1378097401  -0.3786652826 -0.1493174833 -0.0638280775  1.0000000000
 -4.8245983260 -13.7604010765  -2.0355994229  0.1568024453 -0.1123216212  1.0000000000
 -1.8528726696 -12.7120615657  -1.6246533760 -0.1195624664  0.1565834023  1.0000000000
 -3.1486285856 -12.0467321202  -4.3989670710 0.3179273638 0.2938916227 1.0000000000
 -3.4577115782 -11.6435462522  -3.1356954922 0.1784994454 0.1521734839 1.0000000000
 -3.8757844746 -14.7588130712  -2.6703290481 0.1389524681 0.0201594749 1.0000000000
 -3.5774717234 -11.7479776661  -4.2977969272 0.3138180624 0.2392909940 1.0000000000
 -5.1341731320 -14.6573067959  -1.1779012556  0.0783224662 -0.1723831369  1.0000000000
 -1.8446346674 -12.2288925606  -3.0437622888 0.0007512638 0.2879690887 1.0000000000
 -3.7960244811 -13.7653209797   0.1509187956 -0.1147407680 -0.1325766376  1.0000000000
 -4.9388298660 -11.5746357332  -2.4931559995  0.2558174646 -0.1002174847  1.0000000000
 -4.2637084922 -12.4292103987  -0.4636637492 -0.0503997680 -0.1687888286  1.0000000000
 -2.6037595005 -11.3927328197   0.0175476017 -0.3089848774 -0.1173547523  1.0000000000
 -3.7724356248 -11.4115447995  -1.1203163734 -0.0284929241 -0.1205954981  1.0000000000
 -4.7837999584 -14.2195114672  -0.6459820794  0.0089700648 -0.1924439331  1.0000000000
 -2.5466034021 -12.6245463760  -3.1357637996 0.0956703472 0.2062914161 1.0000000000
 -2.2342885822 -11.9997196581  -2.7487245025 0.0118008768 0.2396581120 1.0000000000
 -3.2485465729 -12.3384944768  -2.2362038567 0.0385758685 0.0390807022 1.0000000000
 -4.4537226861 -12.2097666724  -0.5175783306 -0.0396525479 -0.2206313439  1.0000000000
 -4.3272511652 -12.8521952762  -1.8099666906  0.1100016901 -0.1006438749  1.0000000000
 -3.9127072079 -13.9207396200  -0.3651339897 -0.0463750827 -0.1272760878  1.0000000000
 -2.8405453744 -14.4857363619  -1.4784938533 0.0007127729 0.0172039153 1.0000000000
 -3.8002706612 -12.0990206300  -2.7833018101 0.1879314919 0.0178673245 1.0000000000
 -2.7576402025 -13.4498505762  -4.0182976892 0.1410407238 0.2227554292 1.0000000000
 -4.2963356619 -13.6895398649  -3.0789493118 0.1908114712 0.0159813599 1.0000000000
 -4.8641628612 -13.0667398532  -1.4881406853  0.1411777807 -0.1703419152  1.0000000000
 -1.6785284829 -12.3257292286  -0.7446289082 -0.2383497151  0.0931888206  1.0000000000
 -3.3930243322 -14.7463543525   0.0263090110 -0.0701515286 -0.1264262137  1.0000000000
 -2.9681943608 -11.3229483193  -2.2767372115 -0.0078058145  0.0901127486  1.0000000000
 -4.6289332587 -12.7122438802  -2.1407977115  0.1248299759 -0.1110629811  1.0000000000
 -1.9813775301 -13.2265824031  -1.1316033030 -0.1377974349  0.1019140156  1.0000000000
 -5.6726089589 -11.7914816537  -2.0108336814  0.2393838254 -0.2631778361  1.0000000000
 -2.8242932970 -14.1030915465  -3.1602864753 0.1097032232 0.1738926159 1.0000000000
 -3.7582127341 -14.1184405940  -3.4121289564 0.2217774993 0.1064482481 1.0000000000
 -2.8315814298 -12.0663451434  -1.9320181462 -0.0529845969  0.0657754648  1.0000000000
 -2.6647982224 -12.5340412931   0.2060081982 -0.2230281459 -0.0960113691  1.0000000000
 -3.7960981900 -11.4235603241  -1.4143039569  0.0172433230 -0.0959691499  1.0000000000
 -3.9064793983 -12.5203774758  -2.8985386574 0.2062964278 0.0441012657 1.0000000000
 -5.1579258845 -15.0273349629  -1.1463417371  0.0914447871 -0.1651937233  1.0000000000
 -2.9652300994 -12.4336593605  -3.4819633528 0.1644360322 0.2198184979 1.0000000000
 -3.7447569107 -14.7335628977   0.8659163100 -0.1195441842 -0.1725153190  1.0000000000
 -2.5478408424 -11.4768139152  -3.4350899042 0.0953340260 0.2826589897 1.0000000000
 -3.5315982588 -14.8409470679  -2.7386272086 0.1119957411 0.0686390984 1.0000000000
 -3.0672984984 -13.5065000464  -1.7319758107 -0.0108217775  0.0194292431  1.0000000000
 -0.9977716257 -11.9458232974  -2.0083572394 -0.1701674563  0.3107760772  1.0000000000
 -4.5591497328 -13.2324731825  -0.0418728969 -0.0484277697 -0.2539551853  1.0000000000
50
 -4.3889668139 -14.4490705853  -2.7288106987  -3.9297285762 -14.4932725551  -0.9057934987  0.1907665979 -0.0175298146  1.0000000000 -0.0029412465 -0.1070969844  1.0000000000
 -5.0908828528 -11.7031972209  -0.7687570338  -2.3765048063 -11.5273209453  -2.2679391870  0.0757246122 -0.2688300215  1.0000000000 -0.0606079924  0.2194138231  1.0000000000
 -2.0408429553 -12.6320686687  -2.5409536468  -2.9023524720 -12.3486333799  -1.4508315148 -0.0428988257  0.2465597602  1.0000000000 -0.0738726100  0.0483191124  1.0000000000
 -2.6850063934 -12.3198345078   0.2263904975  -2.6753233047 -12.1603471526  -2.7491338041 -0.2695489076 -0.0651315808  1.0000000000  0.0405416882  0.1920066257  1.0000000000
 -2.0760128033 -14.4915134689  -2.8799936072  -4.1747270816 -11.2964468845  -1.6513448420  0.0523147026  0.1730681777  1.0000000000  0.0652390853 -0.0622572283  1.0000000000
 -3.4346711591 -13.1808896357   0.7653390434  -1.5525553228 -13.0006388315  -2.2429869949 -0.2632255752 -0.1790638557  1.0000000000 -0.0873902776  0.2091169610  1.0000000000
 -4.1493103979 -14.8017776396   0.1289967133  -3.3850479090 -12.9443738517   0.4351116704 -0.0471357176 -0.1885342409  1.0000000000 -0.1815766743 -0.1831201066  1.0000000000
 -4.4373646310 -15.0134155191  -3.0056053190  -2.4492443103 -12.6173526193  -2.6143477113 0.2152304197 0.0404788906 1.0000000000 0.0370997782 0.1635062530 1.0000000000
 -5.2114773715 -14.1125827682  -1.7788136417  -3.9824065902 -14.0556490729  -1.7107538058  0.1961065751 -0.1677517739  1.0000000000  0.0622493315 -0.0523936663  1.0000000000
 -4.5183572902 -12.2874390629  -1.2409493433  -5.1497810108 -14.6727241275  -2.0429518333  0.0261206844 -0.1487631622  1.0000000000  0.2064032967 -0.0985542546  1.0000000000
 -3.7324581219 -13.0700473639  -3.9454516686  -5.2200219746 -13.1459272480  -2.3621472216  0.2841076315  0.1680061839  1.0000000000  0.2427255814 -0.1043034447  1.0000000000
 -5.5181701202 -14.4263836949  -2.2899642040  -1.9787666035 -11.4134750075  -1.2464588129  0.2285651284 -0.1241856511  1.0000000000 -0.2136375278  0.1284663935  1.0000000000
 -3.5460439592 -11.9967830822  -2.5393707213  -2.0168279232 -11.8563141575  -2.8654325321 0.1197523924 0.0398990110 1.0000000000 0.0363037282 0.2489686868 1.0000000000
 -3.2336538811 -13.9535801512  -2.3940216281  -2.6191026418 -12.9952519689   0.1527083895  0.0745097701  0.0356142958  1.0000000000 -0.2182458381 -0.1148934612  1.0000000000
 -2.3395440002 -11.6397650796  -1.3058789818  -3.2812115348 -13.9959692208  -1.3253113842 -0.1763186571  0.0589321197  1.0000000000 -0.0136853568 -0.0141841088  1.0000000000
 -1.4930382270 -13.5238214025  -1.7375145688  -3.8163230255 -13.5264371099  -1.0994185582 -0.1076385753  0.1786224791  1.0000000000 -0.0145991131 -0.0712129466  1.0000000000
 -5.0240197735 -13.2768559196  -1.1076872054  -3.9451773633 -13.1134554163  -0.3630450686  0.0427732817 -0.2094411825  1.0000000000 -0.0618054658 -0.1656148410  1.0000000000
 -4.8459203737 -13.9878133823  -2.5613911142  -4.2653222083 -12.6244377694  -2.9001459985  0.2037061198 -0.0830444690  1.0000000000  0.2289745415 -0.0176975553  1.0000000000
 -4.2684226007 -14.3156518018  -0.7684835027  -3.6399661882 -13.0947201359  -3.2857785682  0.0038903112 -0.1430651437  1.0000000000  0.1809736716  0.0864182833  1.0000000000
 -2.2510954364 -13.0423716967  -2.4743892335  -4.2647949753 -14.1018476453  -3.0666088321 0.0222582347 0.1718605211 1.0000000000 0.2205914345 0.0363520820 1.0000000000
 -5.2617295152 -11.7791499480  -1.9048120982  -1.6546718392 -12.4330896868  -1.2311280284  0.2161352533 -0.2336371982  1.0000000000 -0.1902812797  0.1362460751  1.0000000000
 -3.2677347367 -14.2818017835  -0.0717175706  -2.1985131089 -13.0514175567  -2.0473571941 -0.1260472476 -0.1546839135  1.0000000000 -0.0368930424  0.1601302922  1.0000000000
 -4.0870349476 -14.5128849015  -2.1267146085  -1.8816617426 -14.0337610781  -1.4653278550  0.1380921938 -0.0040297869  1.0000000000 -0.1569050914  0.1353442667  1.0000000000
 -3.0135504019 -13.5385397389  -1.5709415427  -1.0078231068 -11.4664745406  -1.9479620915 -0.0533887953  0.0413785051  1.0000000000 -0.1857802165  0.3070804709  1.0000000000
 -4.6314469862 -15.1528847342  -2.7762002644  -4.5815477867 -12.8137258437  -0.8056004925  0.2034584560 -0.0453916087  1.0000000000  0.0587992804 -0.2163227116  1.0000000000
 -4.6078814228 -12.6356237773  -1.6172973399  -2.9411364616 -11.7810651809  -1.8132094777  0.0890908195 -0.1228913296  1.0000000000 -0.0194021723  0.0684485281  1.0000000000
 -4.1613741947 -12.3671380039  -2.1181663394  -2.1004095511 -13.1468968240  -2.5477249065  0.1171250258 -0.0537765926  1.0000000000 -0.0163660669  0.1853237494  1.0000000000
 -3.7189217249 -14.8409576869  -3.2417408897  -3.9688923069 -13.6556587568  -1.9306149029  0.1287990375  0.0204459091  1.0000000000  0.1061350437 -0.0254843325  1.0000000000
 -4.0298364817 -14.3910040336   0.5818782553  -3.7978587308 -12.1437918858   0.1557919720 -0.0412101774 -0.2254280087  1.0000000000 -0.1703634063 -0.2142261902  1.0000000000
 -5.0547489596 -12.8529641207  -0.9945076264  -4.0755692551 -12.8209370422  -2.4312069906  0.0760235710 -0.2203163948  1.0000000000  0.1566426813 -0.0145291774  1.0000000000
 -3.5015704698 -15.0148405699  -3.8422997117  -2.0509537887 -13.5315023804  -3.1113848821 0.2270921395 0.1647423441 1.0000000000 0.0469153997 0.2140237226 1.0000000000
 -5.2323099606 -15.2941455625  -2.3415008991  -3.4883628032 -14.0508835799  -3.3248305758  0.1791374232 -0.1105093396  1.0000000000  0.1904932112  0.0789687954  1.0000000000
 -3.2166218131 -11.7692167473  -2.2525383059  -5.5307538597 -11.5252349487  -2.5832602995  0.0649428855  0.0193327161  1.0000000000  0.2811557263 -0.2007657337  1.0000000000
 -5.9046667267 -14.1254601792  -1.9838325073  -2.7396531571 -14.5756663206   0.0966141631  0.1686665079 -0.1944350597  1.0000000000 -0.1733272535 -0.0440477839  1.0000000000
 -1.7626511670 -11.4223011993  -1.4799985817  -4.7528037581 -14.0537435623  -1.1022218431 -0.2100744547  0.1755704848  1.0000000000  0.0533940383 -0.1299349854  1.0000000000
 -4.6832548233 -12.9534536529  -0.4109371157  -2.8861283180 -12.9613870623  -1.7838616510  0.0115817186 -0.2114751655  1.0000000000 -0.0181926362  0.0625031863  1.0000000000
 -3.6657802691 -11.3921492322  -2.7045827440  -4.0281114463 -11.1627223099  -1.0767854903  0.1565297314  0.0905842297  1.0000000000 -0.0759147739 -0.1520033004  1.0000000000
 -2.4393814596 -14.4128003523   0.1549278195  -2.9387207254 -12.7088415333  -0.7718594593 -0.2100870345 -0.0108812201  1.0000000000 -0.1623114600 -0.0368736352  1.0000000000
 -4.0408977903 -12.5752006335  -0.1955398783  -5.2245616063 -12.6661647522  -1.0086400172 -0.0605373688 -0.1907177401  1.0000000000  0.0926314693 -0.2706035600  1.0000000000
 -4.3279941347 -12.9662729929  -0.4565266062  -2.4477409093 -13.7441574480  -2.6369849464 -0.0288075296 -0.2203282101  1.0000000000  0.0279513852  0.1331290204  1.0000000000
 -4.2854534445 -12.2419635776  -1.5427972239  -1.8052415080 -13.9372562719  -1.2680141318  0.0730034981 -0.1321533228  1.0000000000 -0.1114567162  0.1234593966  1.0000000000
 -3.3248582613 -11.9731834593  -3.3679219289  -1.2899789093 -14.3909295214  -0.8134194469  0.1549933170  0.1372342929  1.0000000000 -0.1549554084  0.1175864349  1.0000000000
 -2.8122693977 -12.2971568259  -1.9184887759  -5.7141777898 -12.5703206270  -1.7326579255 -0.0381829987  0.0893393328  1.0000000000  0.2128326489 -0.2778283834  1.0000000000
 -4.8078216652 -13.6458467033  -2.9774121535  -1.1508484142 -14.4602745110  -0.7926177817  0.2761491575 -0.0293055728  1.0000000000 -0.1649547430  0.1154836567  1.0000000000
 -3.1576690536 -13.0622197610   0.0599398607  -3.2392608889 -15.1465876868  -3.8910002046 -0.1488068689 -0.1416886102  1.0000000000  0.2103797315  0.1602675977  1.0000000000
 -3.8217808534 -12.9668977310  -0.0230485695  -3.5491211926 -11.7666908389  -4.2754309638 -0.0806688391 -0.1611789542  1.0000000000  0.2770144864  0.2292786558  1.0000000000
 -5.5204120888 -12.3379942772  -1.3226930967  -2.3535356454 -11.4695192267  -2.8559495107  0.1679753672 -0.2666859601  1.0000000000  0.0628888223  0.2687862609  1.0000000000
 -3.6441919792 -11.3788664250   0.1062532422  -2.6921637587 -13.1577607251  -0.6549940127 -0.2210918156 -0.2027459556  1.0000000000 -0.1554841063 -0.0314983546  1.0000000000
 -5.1483085726 -12.7598566942  -0.9101332697  -1.9412930840 -12.7269303388  -2.4788127602  0.0687095368 -0.2354625421  1.0000000000 -0.0475612506  0.2208479925  1.0000000000
 -4.0823279145 -12.8521440732  -2.0475922712  -3.9799374506 -13.3100952576  -1.4630007943  0.1050519569 -0.0456205483  1.0000000000  0.0567900281 -0.1042802156  1.0000000000
