864.6000000000
50
 3.1304235608 -0.7353220347  3.7542745820  0.1053216553 -0.1989479081  1.0000000000
 3.5913725795 -0.3164260182  5.9529396443  0.1013846782 -0.1538468530  1.0000000000
2.5103731319 1.8637294414 4.9959756643 0.0129807532 0.0997167762 1.0000000000
1.8462970882 1.3130968606 3.0241413261 -0.0790752922  0.0324916231  1.0000000000
2.5246967252 1.3201118202 3.2227414270 -0.0258038246  0.0797230543  1.0000000000
0.7432856981 0.8499135820 4.8892975028 -0.1904181298 -0.0321126340  1.0000000000
1.7988306643 1.7840814377 2.3465477844 -0.1506040737  0.1193173601  1.0000000000
 4.4861721204 -0.4028626365  4.5154712453  0.2800790259 -0.1225247214  1.0000000000
4.2677446188 0.9064917564 5.4408519613  0.1687040001 -0.0512583535  1.0000000000
3.1883350174 0.1633570831 4.4461626442  0.1096805402 -0.0634629810  1.0000000000
2.3523790107 2.7529723603 4.6550349672 -0.0288163759  0.1604730237  1.0000000000
4.1367924937 1.7700594796 5.2673505623 0.1855059584 0.0368283650 1.0000000000
 4.1039474251 -0.3042978320  4.1028134451  0.1823666628 -0.1261981592  1.0000000000
3.1309345838 0.9809016904 2.3810206005  0.1295646835 -0.0097228288  1.0000000000
4.2242030857 2.9818922783 4.6322756806 0.1943572046 0.2230684511 1.0000000000
 1.4487937876 -0.8567929966  2.5045314158 -0.1568576061 -0.3069197244  1.0000000000
4.3909697459 0.4269215414 5.2127756734  0.2265204933 -0.0795201306  1.0000000000
0.7833458124 0.3751786705 5.8157355459 -0.1946142092 -0.0079665042  1.0000000000
3.3171223781 0.0354117959 3.6417561393  0.0733764505 -0.1141752125  1.0000000000
2.8400974781 2.6803217818 4.7362263216 0.0556374433 0.1920370820 1.0000000000
1.3121193512 0.4649355854 4.4850210202 -0.1094828863 -0.0946912970  1.0000000000
4.0060500020 0.0030343223 3.1756930629  0.1959228349 -0.1000031022  1.0000000000
 3.3479120497 -0.4351633902  3.8481148356  0.1167181629 -0.2045373863  1.0000000000
1.5273777839 2.1901073901 5.8015467632 -0.1075029417  0.1120311441  1.0000000000
1.9525325875 1.8416821670 5.7392332698 -0.0664812720  0.0698367710  1.0000000000
0.6725497197 2.7662980213 5.8608929282 -0.1888378385  0.1537910871  1.0000000000
1.1466026121 2.5558884927 3.2348945616 -0.2085434907  0.1667844507  1.0000000000
4.4313706276 2.7672205776 4.4980824716 0.2533820264 0.1899175717 1.0000000000
4.2644734778 1.5492424574 5.5159975735 0.1856130850 0.0322124820 1.0000000000
 1.9331252244 -0.1772976224  5.1972133724 -0.0325494914 -0.1529087571  1.0000000000
0.7013896346 0.5490761031 2.6180062912 -0.2327220468 -0.0662370823  1.0000000000
3.2134986588 0.0162206295 3.5694790265  0.0957366829 -0.1192072710  1.0000000000
4.4506955356 2.8173284062 4.0494975216 0.2639073986 0.2286646397 1.0000000000
 2.3096713086 -0.2400698072  3.2367279082 -0.0487877008 -0.1977412201  1.0000000000
2.1399763211 1.1183818937 2.0008897727 -0.0514352990  0.0230391935  1.0000000000
1.9670314082 1.2502939647 5.6990534244 -0.0334854476  0.0043460537  1.0000000000
1.8593946873 1.8404623126 5.2125517944 -0.0477753692  0.0964910659  1.0000000000
3.1297052084 1.6961474072 4.9247607780 0.0542091842 0.0838942673 1.0000000000
1.6910706382 1.3714047757 3.4426550588 -0.1165163772  0.0476344524  1.0000000000
1.2879790981 2.7486055108 4.1973375733 -0.1422463524  0.1883774797  1.0000000000
4.5215932676 2.9202877177 5.6729887147 0.2140699112 0.1665150573 1.0000000000
1.1076530661 1.5636625183 2.7142424712 -0.2369232399  0.0736129799  1.0000000000
2.7095024462 1.4436299071 2.4774479302 0.0125157713 0.0777195227 1.0000000000
 0.8449401034 -0.7728701850  3.2544227408 -0.2439851459 -0.2101714473  1.0000000000
2.1347284017 0.8566236693 5.3189377130 -0.0316972185 -0.0323321931  1.0000000000
2.1526646521 2.2245242828 3.4897106793 -0.0293034828  0.2008139753  1.0000000000
 1.8613510284 -0.5027823050  2.3081011739 -0.1012818622 -0.2307553530  1.0000000000
1.1556929404 2.0909223178 4.9331207636 -0.1528990910  0.1415863865  1.0000000000
 4.1036909795 -0.7974176988  3.2637274554  0.2294017701 -0.2773805418  1.0000000000
 1.5775759515 -0.0680568546  2.9879761111 -0.1159557245 -0.1538997190  1.0000000000
50
 1.4355399230 -0.1024468528  5.2678729170  3.9671870749  0.4523829400  4.9882996015 -0.1429591978 -0.1236321839  1.0000000000  0.1380386875 -0.1089595253  1.0000000000
2.4051213753 2.6381618500 5.7240482402 2.5516445341 2.9019128565 2.2422360467 -0.0367462657  0.1600819822  1.0000000000  0.0301724832  0.2718136361  1.0000000000
4.3578513092 0.4737651995 3.4990884875 3.5432701043 2.0682909636 2.8411064905  0.2276560730 -0.0561390487  1.0000000000  0.1464359349  0.1539791163  1.0000000000
 4.0277233724 -0.5825314002  4.4042832715  3.0680360322  0.0094299745  4.7302468633  0.1927889965 -0.1622355344  1.0000000000  0.0564553704 -0.1832590435  1.0000000000
 3.2291943679 -0.4395651708  3.7002892154  4.1487837597  0.6112303394  4.9776081742  0.1015897086 -0.2360905929  1.0000000000  0.1671519053 -0.0605238770  1.0000000000
 0.9467988979 -0.1334412573  2.0283932154  2.3724232547  2.9099688975  2.8429100329 -0.2589606650 -0.2067466336  1.0000000000 -0.0090192613  0.3070295627  1.0000000000
1.9404449546 2.6843991438 2.2520796480 1.8460433063 3.0098220756 4.0720222809 -0.0691422266  0.2795725962  1.0000000000 -0.0713527980  0.2272843247  1.0000000000
3.2574568500 0.5361335631 2.0946769752 2.3529475805 1.4893093833 5.9059093242  0.1273467336 -0.0727608119  1.0000000000 -0.0201794853  0.0167817358  1.0000000000
 2.7118917035 -0.0806248298  4.9183046886  3.6761232591  2.6733929709  4.3463503517  0.0265136811 -0.1507056498  1.0000000000  0.1289504938  0.2152140613  1.0000000000
 4.1750343965  0.3849246135  2.8736020896  1.7700125043 -0.5431167637  5.5978257469  0.2399115152 -0.1098871614  1.0000000000 -0.0839626368 -0.1960646260  1.0000000000
 2.6083584400 -0.5170974673  5.1691875866  2.4986387480  0.3902232902  5.5802920430  0.0436230040 -0.1203774719  1.0000000000  0.0006139688 -0.0713538411  1.0000000000
2.1341320368 0.6690191826 3.4062011582 2.1244767678 2.8109384682 4.7825509161 -0.0238799878 -0.0491178403  1.0000000000 -0.0207297145  0.1845768183  1.0000000000
3.6105836060 2.9108675707 2.0449683909 2.0701687277 2.8960810980 4.7925940863  0.1893391829  0.2951142836  1.0000000000 -0.0312707337  0.2171916862  1.0000000000
2.9066657350 1.8132058678 2.5663006837 2.5605374701 0.2587904938 4.7379714949  0.0598783975  0.1198909935  1.0000000000 -0.0138564002 -0.0900395317  1.0000000000
3.9150705971 1.1693008917 3.8204475782 4.3037261437 0.7720337401 3.4559833027  0.2017778378  0.0382681860  1.0000000000  0.2457023741 -0.0388950987  1.0000000000
 0.7449478949 -0.0106099844  4.7102737169  2.0493561472 -0.4272336314  2.7419747049 -0.1652140999 -0.1047721850  1.0000000000 -0.0557167372 -0.2049924291  1.0000000000
 3.7120542436  1.0254619091  4.6296996759  3.4369262258 -0.1648588979  2.2342050153  0.1382624054 -0.0166773697  1.0000000000  0.1745956765 -0.1549912048  1.0000000000
 3.3533408543 -0.0264058436  3.7867881199  3.1952534216  2.8104865117  2.8283069069  0.0468683569 -0.1542660759  1.0000000000  0.1219052468  0.2370848968  1.0000000000
 1.9932326619 -0.5480915417  4.3813687074  3.1910411619  2.1963078568  2.7001815457 -0.0511762885 -0.1884690289  1.0000000000  0.1148241190  0.1883454627  1.0000000000
1.3443547918 0.1049329206 4.7468219458 3.0846404511 1.6054795183 4.0683470084 -0.1423134444 -0.1203419384  1.0000000000  0.0236729076  0.0419061021  1.0000000000
4.0112568504 0.3136965323 3.8276174292 0.5615130732 1.0857402686 4.0464342754  0.2045541173 -0.0898563779  1.0000000000 -0.2235884301  0.0072673473  1.0000000000
 2.5570425144 -0.2199774858  5.5516448184  3.3652256766  0.0378605746  4.6868321409  0.0460258362 -0.0839351794  1.0000000000  0.1476373128 -0.0939563437  1.0000000000
4.2954238884 1.8452565525 3.5614414574 4.0687532284 2.7285429543 2.3579014896 0.2665335819 0.0614663328 1.0000000000 0.2697022726 0.2834802099 1.0000000000
4.5014793011 1.1532091886 5.0195444953 3.6445329086 1.8872309739 2.4598674569 0.2421673822 0.0259117252 1.0000000000 0.1329095182 0.1189949181 1.0000000000
0.7252517817 0.6884989235 5.1589547987 3.3075173736 2.8094993756 5.8843484465 -0.1876641242 -0.0619921470  1.0000000000  0.0738398743  0.1639413189  1.0000000000
0.5617679804 0.6786540223 4.4700503060 2.5992740983 2.7261055260 3.8804974000 -0.2139248664 -0.0426025066  1.0000000000  0.0272696715  0.2150544537  1.0000000000
3.3187590624 2.2995967186 3.8818291120 4.3310984160 1.0440261207 5.8704975753  0.1404518350  0.1772258422  1.0000000000  0.1925537669 -0.0069067968  1.0000000000
 3.1368729048  2.6662324447  4.6708231394  2.8336235673 -0.8991363285  4.4589462118  0.0908591025  0.1970346145  1.0000000000  0.0598099061 -0.2173576865  1.0000000000
0.9449644318 2.1862987666 3.9742915911 3.8136870995 2.6985060924 3.8645979728 -0.1796056541  0.1294167316  1.0000000000  0.1665254020  0.1841785133  1.0000000000
1.4276057875 1.8672132167 3.0096691068 1.1781933964 1.8235814570 3.1698747316 -0.1551365199  0.1192921975  1.0000000000 -0.1601864082  0.0753809823  1.0000000000
2.8328352950 0.3298434948 5.8889498983 2.5260088401 2.2709888990 5.8717658061  0.0182962238 -0.0347367500  1.0000000000  0.0554932270  0.1202859078  1.0000000000
1.7569627244 0.1962647562 3.9448920390 3.7279201728 0.1067116247 2.6811073006 -0.0774914951 -0.0666845906  1.0000000000  0.2144322238 -0.1170760209  1.0000000000
3.3532333227 2.8413877715 2.4055252275 3.4361355722 1.3503680727 4.9895288206 0.1492771426 0.2903622376 1.0000000000 0.1207648540 0.0319805359 1.0000000000
 2.5479843244 -0.6599607213  3.3031944146  2.2226715861  1.2848875057  3.6703749331  0.0430916215 -0.2319967440  1.0000000000 -0.0097132711 -0.0080452787  1.0000000000
 1.0509819056  2.3247212322  2.9267704365  3.8402468960 -0.4733655049  3.8062969802 -0.1900496248  0.2082972214  1.0000000000  0.1687357531 -0.1803176363  1.0000000000
 1.1158092359 -0.5332568001  4.4719618783  4.3010710344 -0.6401129296  2.6887426647 -0.1413309576 -0.1784556696  1.0000000000  0.2602441900 -0.2584081568  1.0000000000
1.4858028353 1.3567414633 4.6437162392 2.5887020518 2.0914730810 5.8264823400 -0.1129116494  0.0423283750  1.0000000000  0.0242038664  0.0653465965  1.0000000000
2.4019299067 2.5588606636 5.0153765445 0.6845695133 1.5943597031 3.8595920583 -0.0202560886  0.1726116773  1.0000000000 -0.1998071933  0.0775044113  1.0000000000
0.9821176025 2.9023924919 2.7072813519 3.2462872255 0.6266678511 4.7129126217 -0.2497385302  0.2988527116  1.0000000000  0.1257594404 -0.0528504578  1.0000000000
 2.5114819539  1.5640352221  2.3812796272  3.0029952721 -0.5875456628  2.9050084087 -0.0104026217  0.1137907283  1.0000000000  0.0633153229 -0.2285279017  1.0000000000
3.4178740177 1.8770241235 2.1630448952 3.7677787166 2.6128793229 2.7100342697 0.1480024742 0.1273120539 1.0000000000 0.2170954764 0.2095203219 1.0000000000
2.0651523319 1.2893253941 2.5148205014 1.1054974307 1.1818383976 3.4494836811 -0.0682115838  0.0660673193  1.0000000000 -0.2210906246  0.0175708536  1.0000000000
0.6330812918 0.2776443886 5.4728679477 3.1605396011 2.1248571417 3.2472370537 -0.1962170767 -0.0874485744  1.0000000000  0.1424998288  0.1999996624  1.0000000000
3.0359867171 2.8755571890 3.3690229660 0.6172147376 1.6452243194 3.8505350228  0.0709056574  0.2522196988  1.0000000000 -0.2382693628  0.0737347659  1.0000000000
3.1438226964 2.0472260458 2.4968881689 3.5579071761 2.9999924459 4.4552372699 0.1129608562 0.1594970276 1.0000000000 0.1128750941 0.2051508082 1.0000000000
 2.3865733950 -0.7904123193  2.9812415691  2.0167414677  0.0281322104  5.8591632244 -0.0037260792 -0.2890962369  1.0000000000 -0.0468979114 -0.1247976759  1.0000000000
4.2728416942 0.5620986384 5.0471473724 2.3892627090 2.0116688860 2.5809946676  0.1827585319 -0.0307549979  1.0000000000  0.0223920820  0.1788912709  1.0000000000
3.6073918680 1.4927146958 3.1283117088 2.7073980401 2.8035420047 3.1861271582 0.2009540891 0.0946282392 1.0000000000 0.0358926358 0.2300260944 1.0000000000
2.5753093431 0.2709995978 5.8285647174 1.1620650419 2.1304256218 4.3062443303  0.0564069995 -0.0739925616  1.0000000000 -0.1609938894  0.1309078133  1.0000000000
4.1903784254 2.6761683894 4.3232121738 4.1247414705 1.1901679815 2.9449140699 0.2052906682 0.2209277236 1.0000000000 0.2032018080 0.0222046492 1.0000000000
