278.5000000000
50
 0.9760545662 10.7277249606 11.6737909220 0.0313275430 0.0306813126 1.0000000000
 1.2588129687 11.4104937165 10.8501306847 0.0551190890 0.1069533905 1.0000000000
0.7591369741 8.1201802763 8.4923323572  0.1322338084 -0.1979048918  1.0000000000
-0.6393484682  8.6936072154 11.0055260325 -0.0914935371 -0.1490356004  1.0000000000
 2.2000779242 11.0113665210  8.3907386857 0.3008804854 0.2669910608 1.0000000000
 1.2292115426  9.2709294050 11.4206627885  0.0519620285 -0.0741576243  1.0000000000
 0.3341977236 10.3477040881 11.1303784888 -0.0297346440  0.0745022200  1.0000000000
 2.0058550087 10.5595197233  9.1934734764 0.2538871891 0.1215049351 1.0000000000
-0.0521357797 10.8109065027 11.1810686515 -0.0646227841  0.0648071400  1.0000000000
 2.0691573729  9.7696013532 11.3414165954  0.1435353150 -0.0110226791  1.0000000000
-0.4399053127  7.9543337925 10.7227959304 -0.0870341667 -0.2710162888  1.0000000000
-0.6887520707 10.3466189880  9.7841217245 -0.1476626526  0.0726246143  1.0000000000
 2.3239235206  8.9016439461 10.3230764580  0.2297215583 -0.1040927792  1.0000000000
 2.5382859027  9.8958537412 10.8040185988 0.2734515773 0.0174105082 1.0000000000
 0.8598919060  9.8337142702 10.7636374614 0.0363249077 0.0064221881 1.0000000000
 1.6885165872  8.6505567290 12.1963477513  0.0695354935 -0.1239022296  1.0000000000
 0.7214147128 10.0448873893 10.3768508149 0.0487686046 0.0454988620 1.0000000000
-0.4919334486  9.5503739038  9.7060225159 -0.1007400141 -0.0245036481  1.0000000000
 0.7570039232 10.3805632436  8.0566739769 0.0946974459 0.1574374198 1.0000000000
 0.0571895877 10.2429694499 10.1185194484 -0.0524594709  0.0986609044  1.0000000000
-0.5174581447 11.4880643161 10.0095782963 -0.0923726324  0.2370855602  1.0000000000
0.9793074349 7.9420264419 8.9553251970  0.1589810339 -0.2258354184  1.0000000000
-1.3079103758  8.3122455637 10.5382696785 -0.2076559017 -0.2179435604  1.0000000000
 1.2122660819  8.4233387299 12.2874490581  0.0629179823 -0.1724232201  1.0000000000
-0.0385198179 10.3770510709 10.0012755082 -0.0323641733  0.0996953225  1.0000000000
-1.4091679840  9.6595488588 10.9539355535 -0.2393929927 -0.0521557778  1.0000000000
 2.2752708808 11.0732151708  8.2346302386 0.3211544469 0.2422769919 1.0000000000
 0.6240656960  8.7934476358 10.8147799980  0.0375951389 -0.1123563955  1.0000000000
 1.9079845184 10.9460181503  9.1780153088 0.2101466341 0.1789583935 1.0000000000
 2.1810443155  9.0078059317 12.0214007481  0.1819652446 -0.0897861567  1.0000000000
 0.1206962192 10.0000761409 11.7875880608 -0.0581313570 -0.0435205841  1.0000000000
 2.0346359976  8.7783662770 12.2050050024  0.1617443602 -0.1276368354  1.0000000000
1.9559090784 8.3677585314 8.5456167203  0.2619154481 -0.1433805423  1.0000000000
-0.0598296799 11.1418446300  8.6399034682 -0.0589710327  0.2279524703  1.0000000000
 0.0336250297  9.1631743746 11.6741815162 -0.0758278394 -0.1309767218  1.0000000000
1.4228059912 8.5683186114 9.0707870386  0.2225963562 -0.1567384353  1.0000000000
-0.2248671900  8.6121323957  9.1049210992 -0.0124951186 -0.1596105475  1.0000000000
 0.6589303087 10.8258077566  9.4654243838 0.0496148464 0.1342803657 1.0000000000
-1.0481999454 10.3277774939  9.2637794675 -0.2111267458  0.1068203556  1.0000000000
 0.4818207894  9.8713059984 10.1133637962 0.0177893365 0.0576706952 1.0000000000
 0.7384697643 11.5994530513 11.6512750266 -0.0066561890  0.1397150360  1.0000000000
-0.3423410514 10.3805545918  8.6751616629 -0.0705762387  0.1423766400  1.0000000000
-0.2149101091 10.4179842217  9.7282203731 -0.0725844163  0.0855783460  1.0000000000
-0.1174323482  7.9240448624  9.7874531409 -0.0650688807 -0.2501605804  1.0000000000
 0.7670078357  9.4375344812 10.4361692516  0.0549357837 -0.0334155564  1.0000000000
 0.1079846509  8.9544235936 11.7769423117 -0.1092921487 -0.1235572733  1.0000000000
0.5184052797 9.8538164251 8.4586446063 0.0363730682 0.0703830094 1.0000000000
 1.4676289998  8.6194664603 11.8186028891  0.0897906065 -0.1476304885  1.0000000000
-1.1959102010  9.1680819768 10.7205905659 -0.1720985660 -0.0892247433  1.0000000000
-0.4631931178 10.6741813837  8.3386010245 -0.0943761046  0.2160545960  1.0000000000
50
 2.2531623839  8.9103730926 11.2983690214  1.1548009846 10.3001630249 10.9603262830  0.1821536892 -0.0964131454  1.0000000000  0.0841305383  0.0247326521  1.0000000000
 0.0036856169 11.8117069262 11.3423425061 -0.3412892315  9.0282318808  9.3826674459 -0.0931281843  0.2259437816  1.0000000000 -0.0779977389 -0.0714442596  1.0000000000
 1.5981299793 11.3076236720  9.7674028309  1.9568350911  8.4233190857  8.3897678775  0.1830114970  0.1862481356  1.0000000000  0.3151288065 -0.1136042642  1.0000000000
 1.0853446129 11.4307496412 11.3296238126  1.6420721909 10.3074519511 11.7668110405 0.0340327275 0.1629644764 1.0000000000 0.0457631008 0.0429525438 1.0000000000
-1.2040610203 10.8148085630 11.5983016851  1.6995457325 11.3586994038  9.0289120150 -0.1805072394  0.0510093644  1.0000000000  0.1734791927  0.2515771029  1.0000000000
-1.2437401525 10.8578596336  9.8048508008  0.9820136714  9.4943166056  9.3621398155 -0.2241429826  0.1101880206  1.0000000000  0.1058656369 -0.0302086907  1.0000000000
 1.0588077626  9.3932764885 11.9524723928  2.0065643474  9.5984794341  8.8252542475  0.0333559122 -0.0519891099  1.0000000000  0.2683184720  0.0049096096  1.0000000000
 1.7465396952  7.9598240433 10.6182028954 -1.2219034811  8.2464211912 10.0360551388  0.1736061129 -0.2408473929  1.0000000000 -0.1621511287 -0.2045509172  1.0000000000
 2.3541184364 11.2701572022  8.6921216495  0.9991658632 11.6491217241 11.1856389761 0.2922563783 0.2931230629 1.0000000000 0.0517026256 0.1495885232 1.0000000000
-0.6122784684 10.8346988378 10.4410569252 -0.9337771787  8.2467947448 11.0390337218 -0.1359960142  0.1361078514  1.0000000000 -0.1629967380 -0.2457040938  1.0000000000
 2.0011167485  9.2742691652  9.5354369599  0.0708983476 10.6833687011  9.8420692680  0.2094416632 -0.0696570939  1.0000000000  0.0110600314  0.1322571364  1.0000000000
 1.1067932057  9.9884232893  8.4042918072 -0.2304743393 11.4413490740 10.7730182994  0.1640121230  0.0870107465  1.0000000000 -0.1101276284  0.1371383956  1.0000000000
-0.1861023168  9.6385211004 10.8287287217  0.1991600158 10.6907421535  9.9037393782 -0.0728451479 -0.0708220077  1.0000000000 -0.0215735119  0.1390384265  1.0000000000
-0.0374956782  7.9563461293 10.9946404355 -0.1636509663 11.2562769725 10.2812192088 -0.0385737631 -0.2316985896  1.0000000000 -0.0856653637  0.1759305982  1.0000000000
-1.6651507017  9.2855642327  9.0407668626 -1.1614213998 11.6194014173  9.3094869990 -0.3097307015 -0.0870450888  1.0000000000 -0.2235622564  0.3061120672  1.0000000000
 0.4767824922  9.0995135428 10.1886011298 -0.5284834354 10.8242774846  9.6498313002  0.0186848337 -0.0848430202  1.0000000000 -0.1058585124  0.1710619420  1.0000000000
 2.3092229992 11.2216688007 10.7081406247  1.4935332117  9.8107102184  9.9388700930 0.2040360089 0.1398225655 1.0000000000 0.1286244973 0.0167531779 1.0000000000
-0.7284758263  8.7175182886 11.6099154976  1.8293655401  9.6743346750  8.1732952673 -0.1834814696 -0.1510584065  1.0000000000  0.2787981909  0.0503779327  1.0000000000
 1.9959654841  8.3366582148 10.1373991280  1.7810592214 10.8637860452 11.2843754269  0.2072656915 -0.1027006380  1.0000000000  0.1041151461  0.0901640522  1.0000000000
-1.0096861819 10.9665564121  8.8461247516 -1.3283164665  8.2537330419  9.5382681968 -0.1467822090  0.2009785558  1.0000000000 -0.2152174334 -0.2072854803  1.0000000000
 0.1572563843  9.9680896145  9.2951618643 -0.3409380649 11.8886119551 11.1344392991 -0.0571608173  0.0395959741  1.0000000000 -0.1034646546  0.2084027192  1.0000000000
-1.4650688634 10.4236188138  8.4930928874  1.0781253734  8.8231412970 12.0826699681 -0.2404445877  0.0849820253  1.0000000000  0.0802844361 -0.1164258752  1.0000000000
 1.6976406958 11.4486500481 10.4652486298  0.2418739356 11.9399652503 11.3456611138  0.1139325715  0.1872503349  1.0000000000 -0.0591086276  0.1968936874  1.0000000000
 0.7230487141  9.7269960387 11.3184247525 -0.4383092312  9.2122279911 11.2451888560  0.0244948856  0.0032434732  1.0000000000 -0.0867783943 -0.0910871845  1.0000000000
-1.2211293370  9.7176549251 10.2602915685 -0.5696979540 10.5097177206 10.6273355854 -0.2160632960 -0.0376082237  1.0000000000 -0.1149169151  0.0449552902  1.0000000000
 1.8783991020 11.4153558953 10.5228897777  1.2703117993 10.1750243634  8.5892361885 0.1439759194 0.1980827378 1.0000000000 0.1872492323 0.1028535458 1.0000000000
 0.2653046862 10.5699764941  9.5536724311  0.9920756686 10.2615076707  9.7691894825 -0.0300981642  0.1427958580  1.0000000000  0.0828040139  0.0553344330  1.0000000000
 0.3041193648  8.7604958890  8.5365777702  0.6036996582  8.8033469156 11.5697943596  0.0510191737 -0.1007664852  1.0000000000  0.0013113520 -0.1656994383  1.0000000000
 2.0939930840 11.1432077784  8.1624205837 -0.4524872142 10.5719475266 10.8486457752  0.2958182265  0.2947745291  1.0000000000 -0.1304783642  0.0741498484  1.0000000000
 1.3265832140  8.3738042960 12.0152317816  0.1067476310 10.8739433742 12.0613091069  0.0620354226 -0.1342346998  1.0000000000 -0.0828354236  0.0796146936  1.0000000000
-0.8621482485  9.1534360873  9.2883190062  2.4054183518 10.0758232757 11.8327735287 -0.1091563743 -0.0918124785  1.0000000000  0.1261205166  0.0332806709  1.0000000000
 1.2348223747 11.4138282731 10.7036558655 -0.6710077188  8.9135892471  9.2428164246  0.0681949878  0.1406588271  1.0000000000 -0.0993494376 -0.1149594115  1.0000000000
 1.0441141431  9.3909737604 11.4631896281  1.4435062515  8.1152891265  9.7547699044  0.0332626970 -0.0948211523  1.0000000000  0.1657602232 -0.1821575116  1.0000000000
 1.6530520309  9.0142814668 11.6290004202  0.3808851640 11.6425406472 11.0660418097  0.1349446290 -0.0863764597  1.0000000000 -0.0771216115  0.1794197137  1.0000000000
 0.1556829103 10.6294521286  8.1101326942 -0.7357230304 11.1949837670 10.9455457197  0.0000389713  0.1697254306  1.0000000000 -0.1362120261  0.1172703257  1.0000000000
 0.3203031347 11.2586166505  7.9213180861 -1.4346867298 11.5312359919  9.0609965312  0.0111816567  0.3098224763  1.0000000000 -0.2916313280  0.2686235714  1.0000000000
 1.9100580672 10.0221422295  8.4157270171 -0.3359723529 11.4428093325 11.1010496437  0.2938713806  0.1446218343  1.0000000000 -0.1262759224  0.1637219100  1.0000000000
 0.5109487187  9.9781971369  8.2424944420  1.5070441207 11.7270239630 10.2225308974 0.0672280249 0.0760280163 1.0000000000 0.0946415749 0.2586301353 1.0000000000
 2.3496309867 10.8771145810  9.3989901186  1.7661010701  9.8911365786  8.6807515651 0.2612862611 0.1507903359 1.0000000000 0.2317782839 0.0892860241 1.0000000000
 1.2604239226 10.3203326628 10.3243858368 -0.0127125147  8.7963599026  8.6650370793  0.1096713695  0.0824774860  1.0000000000 -0.0104818247 -0.1219705316  1.0000000000
-0.0346399974  8.9268206898  9.2152692190  0.1570095396 10.1965998377 11.0257441632  0.0168117148 -0.0762389120  1.0000000000 -0.0293344956 -0.0137659697  1.0000000000
-1.0834831453 10.8502506349 11.2134702257  2.1151144946  9.4928347863 10.5755926520 -0.1652770518  0.0647744482  1.0000000000  0.2091026503 -0.0377694974  1.0000000000
 0.8733496878  9.9148451702 11.6299015365  0.4551822372  8.1529929398 10.2826008683  0.0336646431 -0.0112718818  1.0000000000  0.0365879458 -0.1815467229  1.0000000000
-0.2570584945  9.6535692347  8.8827756859  2.2243260339 10.0842512003  8.2265563644 -0.0837531866 -0.0015918329  1.0000000000  0.3294598348  0.1537863970  1.0000000000
 1.2389692504  9.2420420627 12.1432803573  2.3296932862  9.0737668351 10.6477844250  0.0284698549 -0.0729336739  1.0000000000  0.2412403312 -0.0858732516  1.0000000000
-0.6046335849  9.6784245921  8.7820693563  1.7637914076  8.6067497570 10.3727006114 -0.1065203733  0.0090732883  1.0000000000  0.1665781569 -0.1002894614  1.0000000000
 0.9509699940 11.8530835868 11.4421951170  2.6029916678 10.2929242674 11.6861629969 0.0125656986 0.1470042962 1.0000000000 0.1917662024 0.0073312987 1.0000000000
 0.3895426719  9.8794620996 11.7057843121  0.5888642480 11.1871587832  9.5227108878 -0.0341488062  0.0148152182  1.0000000000 -0.0093494550  0.2488307185  1.0000000000
-1.1916159520  8.4079564160 12.5574149247  1.1916796853  8.0364298654  9.6273378034 -0.2217592661 -0.2346374881  1.0000000000  0.1122050447 -0.2090769483  1.0000000000
-1.6543780170  8.1884295776 10.0432965857  0.2440441119 11.0391087417 11.7686598027 -0.2542011246 -0.2522327738  1.0000000000 -0.0629467279  0.0673752551  1.0000000000
