641.7000000000
50
8.4680374753 2.6959402356 5.4103019400 -0.2083785305 -0.0086299178  1.0000000000
10.0109853765  4.0604557856  3.5708457522 -0.0638177431 -0.1650875138  1.0000000000
7.5187796981 3.0869245013 4.3430224574 -0.0920529906  0.1476216252  1.0000000000
7.1114305030 3.7740031226 5.5068485332 -0.2360421361  0.1282483151  1.0000000000
7.8565085165 3.1128728376 5.1417455227 -0.1867123668  0.0883296535  1.0000000000
10.0898921675  2.8682349949  2.8800911928  0.0788341427 -0.2200631157  1.0000000000
6.6348580275 1.8977127285 2.9886229467 0.1541676842 0.2332992522 1.0000000000
8.7383452429 3.6186991177 5.2453196872 -0.2208727843 -0.0264976562  1.0000000000
8.8324573954 1.2545229968 3.5515188112  0.0796281064 -0.1205755248  1.0000000000
7.0158761584 3.2665455595 2.8672662393 0.1053417660 0.1896641168 1.0000000000
6.3237654342 1.4049631516 3.6949850480 0.0817970292 0.3150617411 1.0000000000
8.6539444363 1.2614623925 2.3552865506  0.2360041220 -0.0911159645  1.0000000000
7.9355454552 4.4452721904 2.3199170544 0.0990812507 0.0860822482 1.0000000000
7.9177317457 4.4956573078 4.7017756843 -0.1893823322  0.0577784065  1.0000000000
7.0551920526 2.7419343407 3.1727224015 0.0680694398 0.1764692263 1.0000000000
8.5649119752 3.4152428550 5.4361800164 -0.2246277898 -0.0313251968  1.0000000000
9.3837685316 2.1934482777 3.3061326474  0.1241375324 -0.1969007720  1.0000000000
9.4392107790 3.7607829901 2.1201880178  0.1591061584 -0.1168433535  1.0000000000
6.6042884533 2.0897349196 4.5870760328 -0.0927579239  0.2484158721  1.0000000000
8.4729130643 4.9960029516 3.3231211074 -0.0140789996  0.0390545992  1.0000000000
9.8721095166 3.9193097667 1.3112992099  0.2071424980 -0.1039012353  1.0000000000
9.7617807724 1.4069690339 1.9334469533  0.2815243326 -0.1805246451  1.0000000000
7.5834767707 5.4001773974 4.4423419115 -0.0812625236  0.1692485361  1.0000000000
6.8065267960 4.4557391340 5.1713892732 -0.1717989795  0.2013622419  1.0000000000
7.9503625925 2.7446855330 2.4512279959 0.1612218741 0.0454065035 1.0000000000
8.3106809616 5.2157146838 4.2936027983 -0.1421943794  0.0341812784  1.0000000000
9.1779120204 1.4941478386 3.2489456792  0.1263250181 -0.1199069639  1.0000000000
10.3097616505  3.0657755210  5.4210434008 -0.2372259613 -0.2679924571  1.0000000000
8.7298223869 2.1311689256 2.3837966615  0.2067135811 -0.0575089682  1.0000000000
7.3972974868 4.5384756516 1.2937556839 0.1979263745 0.1236519566 1.0000000000
6.8951970466 1.4459239450 2.1964900205 0.2742717795 0.2096894026 1.0000000000
7.0295318689 1.8708851816 2.4010246977 0.2204919384 0.1332631349 1.0000000000
6.4285387128 2.0270033105 5.3680838576 -0.1842739140  0.2949745849  1.0000000000
6.2157330410 1.9632888771 5.5326348460 -0.2180126253  0.3192240954  1.0000000000
7.3076427983 3.4278203558 2.3581486794 0.1634829573 0.1378689139 1.0000000000
6.3783895620 2.6986480495 4.7409268534 -0.1200084364  0.2809051707  1.0000000000
7.8528721698 3.4011510690 4.6213860244 -0.0957671435  0.0304990887  1.0000000000
7.7134709354 3.3812883781 3.8464080965 -0.0050714276  0.0848973283  1.0000000000
8.5036285434 4.2318344440 1.6179352389 0.1932274745 0.0195503552 1.0000000000
8.6036863534 4.1675478004 4.2104228092 -0.1073386149  0.0382763161  1.0000000000
8.6342562909 3.4170600535 4.5830819379 -0.1210808467 -0.0164882951  1.0000000000
8.9245629047 2.3713990112 4.2521977391 -0.0343281326 -0.0917466364  1.0000000000
8.2063438243 2.0353313688 3.3996962951  0.0640511307 -0.0368649473  1.0000000000
7.6903327220 2.0451359036 3.1984141578 0.0821118716 0.0449392744 1.0000000000
8.3690878805 1.0754871970 3.3383689177  0.1356044382 -0.0462092754  1.0000000000
7.3755945430 1.6116238992 4.8189225100 -0.1348809712  0.1490914028  1.0000000000
6.8795004528 4.0308749087 3.1681998394 0.0085495134 0.1780933946 1.0000000000
9.0098531253 2.9346263183 5.4415500675 -0.2243261696 -0.0607731200  1.0000000000
9.6855381586 4.3552845363 2.8301656029  0.0506472747 -0.0886722491  1.0000000000
8.2561229930 2.7905222962 3.6703389907 0.0355068070 0.0504531978 1.0000000000
50
 7.1157972635  1.8334741440  2.3407587552 10.0863849921  4.0556741449  4.3137865771  0.2781657253  0.1083693881  1.0000000000 -0.0697895546 -0.1568601325  1.0000000000
7.0831475865 1.4348557235 3.0617379939 8.6568389663 2.5581752305 4.2059727406  0.1949995478  0.1545641132  1.0000000000 -0.0720054679 -0.0386023342  1.0000000000
9.9919916917 2.8676209266 2.3152475247 8.8827913061 3.5967437084 3.4646327590  0.1745593236 -0.2163438250  1.0000000000 -0.0145499319 -0.0360034893  1.0000000000
 6.7269592704  4.2263148249  3.7184243769 10.1525912530  1.9847435031  2.6713447282 -0.0312764608  0.1921920657  1.0000000000  0.1261554041 -0.2565102488  1.0000000000
 8.2839487803  4.6372863908  5.1691942250 10.0864159623  3.4147620675  3.2040907247 -0.2091703600  0.0912589528  1.0000000000  0.0217507273 -0.1875790129  1.0000000000
8.7929355081 1.6629293502 4.7086063436 9.5892709954 0.9487489185 4.2738634987 -0.0948506051 -0.0778496847  1.0000000000 -0.0190704832 -0.2915335005  1.0000000000
9.4508469378 2.1821473153 4.9807218948 7.7789958954 1.0650599241 3.6201656075 -0.1737118684 -0.2320130753  1.0000000000  0.0833531118  0.0280450396  1.0000000000
9.5533942229 2.1040215044 2.8152598035 6.9263331202 2.4382353316 5.2914180370  0.1179022990 -0.1761501704  1.0000000000 -0.1919668354  0.2317025030  1.0000000000
8.4831377005 4.0947438337 4.8897388565 6.5263278987 2.1457625750 5.3964009767 -0.1475085732 -0.0065244386  1.0000000000 -0.1949074823  0.2681242982  1.0000000000
7.8635450746 4.2674656528 2.2440678386 9.0732572793 3.9972262761 1.7987891633  0.1442319066  0.1335614712  1.0000000000  0.1917076810 -0.0165911879  1.0000000000
8.4098006119 3.0395491328 4.7973050648 8.5620678919 4.1204271838 4.0295121932 -0.1405013637 -0.0220763801  1.0000000000 -0.0654258180  0.0263903609  1.0000000000
7.1226797858 2.0268805423 3.7921528898 7.3578361642 3.2495892082 5.2613177532  0.0142085248  0.1553029413  1.0000000000 -0.1877929569  0.1382473045  1.0000000000
9.4845479555 1.1813257817 4.9549741024 9.3460957960 4.2603391509 4.8194967893 -0.0918822490 -0.2384815439  1.0000000000 -0.2003236592 -0.0885898925  1.0000000000
10.6436318326  4.0234221872  2.5959664211  9.6806817584  0.8219110728  3.7984651244  0.0663982761 -0.2278957383  1.0000000000  0.0956652041 -0.2662071654  1.0000000000
6.4977978182 2.3246830321 4.8318531959 7.4722592516 4.7036591176 2.5632004887 -0.1378093969  0.2412480313  1.0000000000  0.0585459473  0.1799988395  1.0000000000
9.7434850058 4.2538145344 4.6173557060 6.9069471647 5.0802468413 2.4060819892 -0.1194443959 -0.1450416429  1.0000000000  0.1043705124  0.2007834852  1.0000000000
9.6496415561 2.1320887016 3.9817035021 8.5373572405 4.6801062798 4.3153602532 -0.0272484568 -0.2072688084  1.0000000000 -0.0613702515  0.0449905953  1.0000000000
8.4991547421 4.9091943674 3.6275468561 8.8745480417 1.6352201199 3.0917697926 -0.0497079007 -0.0270546638  1.0000000000  0.1544868024 -0.1013081303  1.0000000000
9.3543925444 1.9932896227 2.9676819260 9.7404740554 4.3887349830 1.9619495408  0.1277264422 -0.1042239505  1.0000000000  0.1647683572 -0.0798384128  1.0000000000
8.8026352165 2.9594878592 2.6357957514 9.3601931501 4.1119680673 3.0834178371  0.0858706292 -0.0847821098  1.0000000000  0.0288518876 -0.0421797029  1.0000000000
 9.9164535309  2.4021365281  2.5341073199 10.0724159606  3.0312849696  2.4914906456  0.1876242692 -0.1852461854  1.0000000000  0.1040343644 -0.1800515737  1.0000000000
8.5645120467 1.8844192347 2.2230126860 9.5793187482 3.9248093710 3.4990759717  0.2423874736 -0.0529635495  1.0000000000  0.0012539654 -0.1418762791  1.0000000000
10.0429925749  5.1537722286  4.9334274843  8.6560883607  2.6115862394  4.3349083956 -0.1697430206 -0.0897745960  1.0000000000 -0.0744235779 -0.0309203885  1.0000000000
7.0806692477 1.5176094620 3.7846173818 7.6049703768 3.9406610835 2.1289157805 0.0709081756 0.1291208832 1.0000000000 0.1304339609 0.0923967186 1.0000000000
9.3002369574 3.4224521895 4.6487434940 9.7070839020 1.9497741278 3.6854527140 -0.1132580305 -0.0707495719  1.0000000000  0.0103386255 -0.2212523138  1.0000000000
8.1769233619 4.2751467839 2.7291497231 9.3917775043 3.0648388471 2.5916614626  0.0476414607  0.0523019752  1.0000000000  0.1162043878 -0.1067788506  1.0000000000
8.0638414896 2.9398214561 5.1344791158 8.8481967950 2.1318215469 4.2363610037 -0.1849229642  0.0632881903  1.0000000000 -0.0723824095 -0.0296312977  1.0000000000
9.1804727749 3.6337326357 2.9852644078 7.8927396761 4.5751267355 5.1944223909  0.0568833706 -0.0797006571  1.0000000000 -0.2431580234  0.1185112054  1.0000000000
7.0051964765 1.3713816627 2.9422184756 8.3702624600 3.6082605951 3.3489943567  0.1658298296  0.1824864184  1.0000000000 -0.0157049626  0.0469548315  1.0000000000
9.8851474170 2.2368841543 2.3737383754 8.8557132594 3.1202977510 1.6433238261  0.1730955884 -0.1879022027  1.0000000000  0.2158480418 -0.0467907179  1.0000000000
9.2268024762 1.6008693632 3.6001506599 7.2215748924 4.2040369435 1.9325789736  0.0123389165 -0.1257185991  1.0000000000  0.1559258711  0.0929969131  1.0000000000
9.6173176047 3.1084477799 3.8168477682 8.6156810620 3.4750536344 2.3110043998 -0.0156762209 -0.1480698340  1.0000000000  0.1333430256  0.0333848357  1.0000000000
9.4269674199 1.6346589570 5.4742861730 6.8296445579 3.7560922238 2.1405667442 -0.2321133282 -0.2233021082  1.0000000000  0.1795530473  0.2183521234  1.0000000000
10.4992330329  3.3800213802  3.0048310804  7.8845591318  3.5027699918  5.0127414417  0.0495896007 -0.2139009108  1.0000000000 -0.1264305426  0.0500050524  1.0000000000
9.6562552948 1.1776110257 5.1038103500 7.5696889869 4.4168740136 2.7195325845 -0.1808707305 -0.2233153460  1.0000000000  0.0980435826  0.0998994257  1.0000000000
6.7273656901 4.1761778108 1.8541448736 7.1235321254 2.6009632536 2.8683940658 0.2057563032 0.2096755590 1.0000000000 0.1031118376 0.1857771759 1.0000000000
 8.7080357720  1.4538303105  2.2157327519 10.3235435443  3.3744918238  3.8104907341  0.2448422349 -0.0943043828  1.0000000000 -0.0616782920 -0.2184233465  1.0000000000
9.7659022229 2.4169667156 3.3122671963 7.1558975762 3.4783315194 3.4811291559  0.0642724797 -0.1462188384  1.0000000000 -0.0176650398  0.1377045616  1.0000000000
 8.1521104277  2.5919501034  3.6348874501 10.6432741222  4.8137943068  4.3531795630  0.0648576587 -0.0253593308  1.0000000000 -0.1082572451 -0.1625404501  1.0000000000
9.9209778378 1.4306659947 4.8217415070 6.8237935351 3.1984378073 5.4527174473 -0.1558602360 -0.2599073688  1.0000000000 -0.2393890874  0.2168665724  1.0000000000
 8.0612975785  5.4886615006  4.9144625435 10.2273030358  3.7176827154  1.9613273172 -0.1801600105  0.0907711018  1.0000000000  0.1607403299 -0.1750477522  1.0000000000
9.2644380344 3.4748628602 4.7463074023 6.6409181518 3.6501201307 4.6311492184 -0.1787277717 -0.1014728383  1.0000000000 -0.1353460964  0.2614907520  1.0000000000
9.1380652240 4.6041010863 3.6681743723 6.6982715641 3.6382058151 4.7432045889 -0.0756789322 -0.0589927092  1.0000000000 -0.1221300850  0.2530993357  1.0000000000
8.6743444600 0.7751678022 3.1319282235 9.1522402411 2.6939600435 2.4416009030  0.2023099675 -0.0972628744  1.0000000000  0.1752975634 -0.0840511538  1.0000000000
8.8467769975 3.3868023386 2.0410783239 7.7208953416 4.8338831470 2.1307383907  0.1561018217 -0.0528966435  1.0000000000  0.1271898063  0.1104473423  1.0000000000
7.1752258434 1.5514487305 4.2384438553 7.7745443016 1.4617995964 3.8630684610 -0.0359081922  0.1296714318  1.0000000000  0.0370858929  0.0802223077  1.0000000000
10.0156138238  3.9599792753  1.7901106773  7.4750665686  1.2698052776  2.7632555533  0.1565166613 -0.1395930347  1.0000000000  0.1994986491  0.0825232905  1.0000000000
 8.1622504521  2.6852723949  4.8462292358 10.4509318274  3.7653072016  4.6422216830 -0.1535615947  0.0363958620  1.0000000000 -0.1467195705 -0.2156299098  1.0000000000
10.5182775424  4.2142481560  3.1500585968  8.2110429170  3.3603628669  2.2328300188  0.0227257105 -0.1906202478  1.0000000000  0.1694442592  0.0528430324  1.0000000000
9.3469121274 2.9352463380 4.7192379956 9.1311827059 1.5810856304 1.9510391064 -0.1070590714 -0.0994983508  1.0000000000  0.2979450707 -0.1076982777  1.0000000000
