92.8000000000
50
1.0055594492 1.4034858316 4.5241116523 -0.0669363089  0.0841601159  1.0000000000
4.1379499953 4.2887945059 4.7077717950  0.1358979229 -0.2087474599  1.0000000000
3.9905023038 4.1829964044 5.9913239190  0.2732214684 -0.1756312259  1.0000000000
3.3611456300 3.5369462487 5.7252851666  0.2127311593 -0.0933340410  1.0000000000
1.1087866538 3.4568503761 5.5126418723 0.0772976175 0.1825013376 1.0000000000
1.2121766748 4.3023228304 3.6307673381 -0.0971117572  0.1363470016  1.0000000000
2.3299432672 3.7952321393 6.5723371914 0.2645257491 0.0124216975 1.0000000000
1.5101892566 2.7208196203 6.8966386509 0.2142342671 0.1268797024 1.0000000000
0.8117497201 3.9619762784 5.7186186659 0.1393270442 0.2136089088 1.0000000000
1.8109575092 4.3026748866 2.3355068395 -0.2956264821  0.0691101842  1.0000000000
0.8488693750 2.4923033392 5.3777704309 0.0148955567 0.1711190651 1.0000000000
1.7844423988 1.5856246965 5.0424232989 -0.0155859448  0.0125855505  1.0000000000
2.4669291639 4.5792553219 4.4972559710 0.0788600243 0.0403551493 1.0000000000
3.1255081495 3.5093368490 5.8225411101  0.2131579788 -0.0418389952  1.0000000000
3.9999918355 3.0500809876 3.2373346229 -0.1230771242 -0.2833832759  1.0000000000
3.5878189703 4.6747902783 5.0780079806  0.1828196505 -0.1210785155  1.0000000000
3.3652248039 2.5043457225 6.5053977352  0.2258367021 -0.1109240478  1.0000000000
3.2281930574 2.6611842070 4.2298672727  0.0181762041 -0.1531921050  1.0000000000
0.3231450758 3.2142512177 3.9166322504 -0.1121859354  0.2042728656  1.0000000000
0.9574666051 5.2421767295 4.9700608802 0.1222996606 0.2957634785 1.0000000000
2.2215148336 1.6593849954 5.8638297540 0.0663785652 0.0181380561 1.0000000000
0.5552237637 3.4027148348 4.6444206610 -0.0300799062  0.2307053525  1.0000000000
2.3527912508 4.5412882221 3.3048161722 -0.1264906405  0.0052611263  1.0000000000
2.7969863614 3.0797336194 4.1434854139 -0.0186322458 -0.0784927958  1.0000000000
2.1864869869 3.7144810066 6.0472223745 0.1621750281 0.0500903854 1.0000000000
2.0978866883 1.5406872393 3.7329682886 -0.1296369669  0.0199085753  1.0000000000
2.8528173905 4.1786279216 3.1232889699 -0.1617372876 -0.0477144138  1.0000000000
1.7996193543 4.5131446281 6.4526579508 0.3117618372 0.1819020865 1.0000000000
4.3536852281 3.3701467722 3.9918418947  0.0032831977 -0.3081257764  1.0000000000
2.4000794998 4.6244636166 6.1696033428 0.2947939293 0.0982350152 1.0000000000
2.4134395171 1.3745459074 3.1295879200 -0.2069398500 -0.0619512999  1.0000000000
1.8101447313 3.0241364668 6.7473838377 0.2318303008 0.1200043326 1.0000000000
4.3148972082 3.5378623095 3.6631733022 -0.0178512778 -0.3009034179  1.0000000000
2.5492228849 2.5923080927 4.5630660268 0.0253671870 0.0031345886 1.0000000000
3.7601793963 4.2882598331 5.5290392767  0.2394417624 -0.1137499790  1.0000000000
2.3393600255 2.2338199871 4.2058633822 -0.0894568912 -0.0330130997  1.0000000000
1.5563794690 4.5434062737 2.7115280006 -0.2646912138  0.1425371847  1.0000000000
1.1796392780 1.6650274601 4.0506416699 -0.1095809075  0.0957429211  1.0000000000
3.4444240890 1.5359924524 4.8747953531  0.0007000733 -0.1514979491  1.0000000000
4.0974527010 3.1364462088 5.3976754669  0.1590784856 -0.1848548617  1.0000000000
3.0454683255 1.1345827781 3.0515963882 -0.2149357370 -0.1500502731  1.0000000000
4.1896133940 2.9889744485 5.3999539693  0.1394644888 -0.1845491010  1.0000000000
2.2596293164 2.9950664648 4.5834330562 0.0022530136 0.0065983815 1.0000000000
0.4652284448 2.1187239737 6.2574395549 0.0601400248 0.1927533262 1.0000000000
1.0048518581 4.2188565104 3.6365275934 -0.0839956089  0.1756116461  1.0000000000
3.4884756928 2.2465768110 4.5208333618  0.0086656358 -0.1301871694  1.0000000000
2.9405637619 3.1060618169 2.8478258907 -0.2190837761 -0.1495043288  1.0000000000
1.8169616031 0.8213504760 3.9181135550 -0.1174163081 -0.0382272440  1.0000000000
1.2476486423 5.3641973335 6.1486430626 0.2648979350 0.2574449096 1.0000000000
1.8175372508 4.5075491858 5.4561908845 0.1756179116 0.1570779836 1.0000000000
50
1.3541054406 4.2119715559 4.0734025879 1.7832770202 1.2410281058 5.2615845873 -0.0585699792  0.1449992619  1.0000000000 -0.0008561897 -0.0046979077  1.0000000000
4.6531050102 3.2262128033 6.0786056025 1.6873248717 1.9711051110 7.1122574567  0.2507611732 -0.2197924023  1.0000000000  0.1623804943  0.0538687126  1.0000000000
0.5865467859 2.3408425919 6.5938393761 3.2860581114 5.0612492445 5.7559593471  0.0864358145  0.1963900468  1.0000000000  0.3064117788 -0.0433677984  1.0000000000
1.7068517336 2.0436726807 3.9856678521 1.4640365928 1.5787863836 6.1771448255 -0.0900052824 -0.0032910925  1.0000000000  0.0435599327  0.0916511898  1.0000000000
1.6820624639 1.6033754348 5.9504875817 2.9500971195 4.3367893139 3.6526131567  0.0469524888  0.0368686456  1.0000000000 -0.0539311517 -0.0968118086  1.0000000000
1.7606019311 3.3867853525 3.2942761102 2.1249479407 2.5863966434 5.8350958843 -0.1594431727  0.0463751084  1.0000000000  0.0716021531  0.0145040567  1.0000000000
4.5100434774 4.0833866634 4.8192597853 4.3359941737 3.7866797627 3.6732788310  0.1413718864 -0.2923598844  1.0000000000  0.0052392028 -0.2851300349  1.0000000000
0.9468835677 4.7855948049 4.1153223680 0.5821100273 2.4592247338 6.8459955072 -0.0554046068  0.2234906616  1.0000000000  0.1960194375  0.2131502415  1.0000000000
1.3466725314 1.8357240623 4.9275215534 1.5699299537 4.3382587816 2.7463971834  0.0202826963  0.1129320945  1.0000000000 -0.2621444313  0.1257227611  1.0000000000
1.8972415239 2.4801147187 5.9605254349 1.2001174150 3.1471082045 3.2656997392  0.1002785211  0.0509146361  1.0000000000 -0.1691851831  0.1063146263  1.0000000000
4.1227944396 1.7321304167 5.4885857961 0.9015347565 1.2791246977 4.6622542762  0.0740484588 -0.2612480801  1.0000000000 -0.0897475328  0.0950296996  1.0000000000
0.4685341183 2.5352822123 4.5953099822 3.8862903188 2.7204997386 3.7036903142 -0.0496351097  0.2044286725  1.0000000000 -0.0379768624 -0.2316782388  1.0000000000
3.1247016114 1.0540845204 4.0283260758 3.9492068671 3.1189412102 3.0889859891 -0.0734076395 -0.1752955457  1.0000000000 -0.1346109054 -0.2441044764  1.0000000000
1.5341594995 5.2432360057 6.0003201837 0.6978337098 3.4047421618 5.3702767133 0.2819911711 0.2544053998 1.0000000000 0.0747276252 0.2449609220 1.0000000000
1.2243540635 2.3751723529 3.9487109666 4.4113473794 3.6408753997 5.7759792013 -0.1343166884  0.0881537514  1.0000000000  0.2545871295 -0.2132187611  1.0000000000
1.3504564663 4.0156161835 6.6260081381 1.4373504249 4.7767305733 5.2290353567 0.2810574482 0.1885521190 1.0000000000 0.1396288818 0.2271076761 1.0000000000
2.3851103825 3.3375894216 5.0401162951 0.6209938084 2.5952237282 6.0311845190 0.0466907134 0.0037374737 1.0000000000 0.0893550948 0.1900361156 1.0000000000
1.7182375755 5.0845783710 5.6711895850 4.3591741719 3.5120151041 5.6507784067  0.2416585326  0.2460338005  1.0000000000  0.1764051641 -0.1920105195  1.0000000000
3.6040141666 2.6096013686 5.6192382948 1.5648848658 3.3661881330 5.6865201242  0.1741949838 -0.1140307946  1.0000000000  0.1530834047  0.1081239023  1.0000000000
2.9344074453 4.2116590204 3.7219246313 1.5063044374 3.8616391955 4.6031342661 -0.0601282158 -0.0725624184  1.0000000000 -0.0004051515  0.0879621847  1.0000000000
3.4592575472 3.5040152100 3.6749180920 2.6655287710 3.6378221475 3.1587470899 -0.0709557706 -0.1733015496  1.0000000000 -0.1663486884 -0.0519645639  1.0000000000
0.9980142029 2.0818924090 6.3494639749 2.0396902483 3.2691853461 5.4583415499 0.1385817567 0.1184698255 1.0000000000 0.1026936680 0.1041048275 1.0000000000
1.5808837308 4.3858879232 4.4213173235 4.1345704111 4.5101237160 4.0797364780  0.0120258630  0.1467210787  1.0000000000  0.0420980983 -0.2444324888  1.0000000000
1.3996853557 2.0591931230 6.5083862884 3.0842845608 2.2054955188 4.9222925854  0.0987614941  0.0985460071  1.0000000000  0.0270495062 -0.1049483740  1.0000000000
3.2074656626 3.8409709493 6.0289143301 1.4247482723 2.3698217637 5.8517175869  0.2475961792 -0.0395343674  1.0000000000  0.1123534070  0.0599503649  1.0000000000
0.9936878332 4.7512510473 6.1436244187 3.1380294523 1.9287343177 3.7916250551  0.2572210609  0.2796715702  1.0000000000 -0.0941070589 -0.1403058403  1.0000000000
3.1804578277 0.8733051263 3.4126441338 1.9947826473 3.0654239745 5.7262746620 -0.1367737216 -0.2112969619  1.0000000000  0.1671965152  0.0520218705  1.0000000000
1.2255723202 4.1496782272 4.4991475841 0.9221676003 2.5066692164 5.6514629291 -0.0183751861  0.1950166595  1.0000000000  0.0587229283  0.1836059898  1.0000000000
1.2833992708 3.6989918916 4.0963468233 2.9340475666 4.4895754848 4.6293300874 -0.0435717336  0.1738165606  1.0000000000  0.1041267675 -0.0439571165  1.0000000000
0.5120802407 2.1471567729 3.4173540827 2.1122684569 3.0732700692 5.8610311840 -0.1810852392  0.1190722038  1.0000000000  0.1227378463  0.0743922102  1.0000000000
1.2731145687 4.5585183118 5.5683261546 2.9111672386 4.9110464519 5.8912699469 0.1700098596 0.2260671465 1.0000000000 0.3224329356 0.0227536444 1.0000000000
2.4039109349 2.7715796778 2.8555625656 0.7132576382 3.6711408181 5.7561335556 -0.1939606844 -0.0592141127  1.0000000000  0.1007232053  0.2245174990  1.0000000000
3.5172597178 3.8077957205 4.1857931190 0.1703433535 2.6055369427 4.8121135374  0.0438668005 -0.1723933305  1.0000000000 -0.0643671058  0.2262376220  1.0000000000
2.7357387650 3.2003123673 2.9088412991 2.4536487224 2.5411375501 5.0915973914 -0.2193477247 -0.1025713525  1.0000000000  0.0563090831 -0.0106443493  1.0000000000
3.7800350639 3.4038663273 3.7051909413 2.0984729147 4.5538389830 6.4326083548 -0.0515490049 -0.2213341344  1.0000000000  0.2895626002  0.1029250838  1.0000000000
1.1490162659 5.5496178823 5.8707367061 3.4815433955 1.4149114652 4.4897047263  0.2767347852  0.2776007700  1.0000000000  0.0144073752 -0.1327828969  1.0000000000
2.3645889707 2.4193577205 6.1366538826 4.1907333702 1.6891227132 5.7565407439  0.1438566694  0.0018690086  1.0000000000  0.1564157494 -0.2199765893  1.0000000000
2.7738192964 2.1642099834 2.7010348194 0.4375136665 4.6171172783 2.5496033704 -0.2206488986 -0.1307449735  1.0000000000 -0.2758325151  0.2731887689  1.0000000000
3.2303166352 2.9835804911 3.7450663908 1.1652493898 3.6462604572 6.0873983451 -0.1092888695 -0.1352319252  1.0000000000  0.1912498917  0.1941517798  1.0000000000
4.3733251196 4.7218429462 5.4573237056 2.7033630572 3.2365390275 5.1817363966  0.2632057186 -0.2414730133  1.0000000000  0.0654013886 -0.0320162769  1.0000000000
2.4608585137 3.2781842978 5.1674492064 3.3926124432 3.6762914983 5.3194302870  0.0882358841 -0.0108894034  1.0000000000  0.1439493103 -0.0733030964  1.0000000000
3.5716233760 1.3777636242 3.9243724430 0.5994990780 2.9478146604 4.3495901649 -0.0756897612 -0.2108844780  1.0000000000 -0.0674566527  0.2090467733  1.0000000000
2.8604234019 3.6503162995 4.6152538119 2.6967937049 3.5930224341 4.4493027363  0.0583352489 -0.0647085363  1.0000000000 -0.0213467272 -0.0049769320  1.0000000000
1.4360531592 4.2277805712 5.6274828915 2.9328582022 2.3919373101 5.2737608174  0.1372216171  0.1671374820  1.0000000000  0.0562255183 -0.0529033465  1.0000000000
2.8902438856 3.4000603940 5.6091976606 0.5734035698 3.4775682908 3.8124912393  0.1511603349 -0.0569151221  1.0000000000 -0.1205725077  0.2242074991  1.0000000000
3.3128603639 4.8571764365 4.8336348465 0.8515563847 2.0343881465 3.4084040084  0.1552533846 -0.0931842299  1.0000000000 -0.2291539513  0.0909097046  1.0000000000
1.9762409416 2.7924377724 3.1815669744 3.3684666280 1.2083311374 2.8392178686 -0.1896119237 -0.0043034918  1.0000000000 -0.2323302583 -0.2012287383  1.0000000000
2.9859500286 4.5510368690 3.6600334820 1.7844091453 3.2811273160 6.2620782801 -0.0407615640 -0.0409738999  1.0000000000  0.1925140114  0.0998121678  1.0000000000
4.4774267555 4.2807217222 4.4786940939 0.7796028075 1.3768041099 3.5505687220  0.1202955653 -0.2768222518  1.0000000000 -0.2121043800  0.0930139470  1.0000000000
3.4956395520 2.7555354715 4.2536100361 2.0520905967 3.8518481894 3.8925854682  0.0092113645 -0.1544716230  1.0000000000 -0.0545778650  0.0637709594  1.0000000000
