399.8000000000
50
 1.5951639045 -1.2157876626 13.5430667922 -0.1465889608  0.0223222005  1.0000000000
 3.8400677450 -2.6662874292 15.9804709060  0.1553546122 -0.1350418035  1.0000000000
 3.8689551938 -1.7943550204 15.8851976496  0.2117085404 -0.0733408732  1.0000000000
 3.1306816184 -3.1663390262 17.0642479155  0.0878684063 -0.1537743185  1.0000000000
 3.3670120322 -1.5262920782 15.0122449718 0.1497187790 0.0061839975 1.0000000000
 2.1406641037 -2.5244946317 14.3086128269 -0.0541603095 -0.1789050069  1.0000000000
 1.0863891301  0.2540955364 13.6667400328 -0.2507574392  0.3424369144  1.0000000000
 1.5767648732 -2.7416805863 14.2414650652 -0.1374578352 -0.1764391150  1.0000000000
 2.7208289767 -2.3525557542 17.4440027333  0.0812357254 -0.0330950377  1.0000000000
 3.7686280453 -3.2198460747 15.0578243224  0.1585386836 -0.1969192752  1.0000000000
 0.7072496209 -2.6764428888 16.9251584489 -0.1401613497 -0.1064191598  1.0000000000
 1.2489620954 -3.1351621745 13.8183214667 -0.2793920632 -0.2393356792  1.0000000000
 3.1395230456  0.1200911517 16.1064022947 0.0907808486 0.2022166678 1.0000000000
 1.2391429995 -1.1996726956 16.2300591384 -0.1530842122  0.0591522024  1.0000000000
 1.0518570905 -2.3318857953 14.0671298790 -0.2523610862 -0.1204899708  1.0000000000
 2.1546390990 -0.9878293658 15.3079118186 -0.0186130985  0.0843195951  1.0000000000
 3.0258923346 -0.6347016019 15.1854628389 0.0886448940 0.1455399413 1.0000000000
 3.0538932948  0.1289417281 16.0225712703 0.0494170585 0.2537371425 1.0000000000
 3.7862929185 -1.5248282899 17.3627318426 0.1206264729 0.0327735637 1.0000000000
 3.6295220493 -2.4513564338 17.5511503591  0.1262074994 -0.0307430924  1.0000000000
 1.4771926792 -1.9459055271 14.2853293266 -0.1508651343 -0.0737951844  1.0000000000
 1.0666204804 -1.5560877022 14.6150157685 -0.2263903633  0.0085733773  1.0000000000
 1.6849188304 -2.8228544902 14.3053574760 -0.1645167918 -0.1878458165  1.0000000000
 3.5769114148 -2.1501263453 17.1123994552  0.1120951366 -0.0623920760  1.0000000000
 2.7619301349 -1.6881074026 14.1722459500 -0.0180185664 -0.0819914602  1.0000000000
 3.0919771336 -0.2823120732 16.9281369236 0.0817724809 0.1406507267 1.0000000000
 1.0487989683 -1.8116729887 15.3921875678 -0.1491045384  0.0178866381  1.0000000000
 2.5734624202 -3.1553069727 15.2132479940  0.0035001337 -0.2225092338  1.0000000000
 0.3985798499  0.1211389642 17.2958258612 -0.1861996351  0.1910391348  1.0000000000
 4.3369358339 -0.2632656401 15.0180657607 0.2319727557 0.1728900312 1.0000000000
 3.9278136559  0.3600404637 16.5919024381 0.2046392980 0.2191506821 1.0000000000
 1.2433762088 -3.1567866376 13.9090624330 -0.2451481783 -0.2275026084  1.0000000000
 2.3389819806 -2.2498779533 14.8295909624 -0.0308223936 -0.1336827743  1.0000000000
 3.0771681585 -3.1123682920 16.3826638901  0.0607952837 -0.1739921525  1.0000000000
 2.7240983555 -0.9646816871 14.2361972913 -0.0078100586  0.1052825612  1.0000000000
 2.8482583975 -2.4359758594 17.5451197773  0.0444781674 -0.0730969713  1.0000000000
 2.2946756791 -1.8121281002 15.2732063652 -0.0767517544 -0.0126199766  1.0000000000
 4.1803979218  0.1334293609 16.0836752026 0.2229275955 0.1805109990 1.0000000000
 1.9476889463  0.2485634237 15.6391702914 -0.0824691191  0.2224222423  1.0000000000
 1.9265971670  0.0196248938 14.8118552833 -0.1531433961  0.2315202185  1.0000000000
 3.0115530738 -0.4010492887 14.8830338875 0.0658892312 0.1356567305 1.0000000000
 1.6044900310 -0.0250166425 15.0528379634 -0.1041650750  0.1517097307  1.0000000000
 2.1227913248 -2.4295624174 16.2390551464 -0.0646604880 -0.0810437843  1.0000000000
 3.2725806924  0.1586171882 17.1002618676 0.1192501577 0.1922613685 1.0000000000
 2.3719340291 -1.7602470002 15.3098885105  0.0136923863 -0.0134594737  1.0000000000
 2.8160822166 -3.2762116357 16.5374385390  0.0590382096 -0.2044645923  1.0000000000
 3.0232293977 -1.4195183697 14.4172912111  0.0555818971 -0.0160130890  1.0000000000
 0.8323551502 -1.7220426975 13.7524932805 -0.2826325539 -0.0551353714  1.0000000000
 2.9065722102 -0.2159363310 13.9937769364 0.0444746494 0.1739323855 1.0000000000
 0.4996063422 -3.2045202986 17.0197644528 -0.2001664096 -0.1562156427  1.0000000000
50
 3.5126670559 -0.5887822798 15.1404344314  2.8534059031  0.3366326122 16.2686763185 0.1037227053 0.1309825080 1.0000000000 0.0362981244 0.2550375222 1.0000000000
 3.9038824648 -2.0852823411 17.7397631033  3.9183759388 -3.0239374640 16.4091704816  0.1746088799 -0.0280988583  1.0000000000  0.1907532374 -0.1365701332  1.0000000000
 1.7851639347 -1.2417085563 15.4745351276  1.9376018141 -2.9934863817 17.1410275637 -0.0772785914  0.0410599940  1.0000000000 -0.0700135854 -0.1622914036  1.0000000000
 4.0332191453 -0.5795880518 16.6200569436  1.7219360246 -0.6494521705 17.0445777737  0.2166104867  0.0603748173  1.0000000000 -0.0482046358  0.1263647647  1.0000000000
 0.9532353124 -2.5390429529 17.2297286715  2.0064015275 -2.1111575557 13.6277870360 -0.1175638642 -0.0930896889  1.0000000000 -0.0893869958 -0.1260122221  1.0000000000
 0.3465593698 -1.0812778004 17.3260746124  0.4864497842 -2.5224108307 16.1353525159 -0.1766632431  0.0578980948  1.0000000000 -0.2196333553 -0.1013824213  1.0000000000
 2.2815142900 -2.4175682925 14.8221267260  2.8003495666  0.3223174385 14.7346214303 -0.0171244271 -0.1409427338  1.0000000000  0.0830435697  0.2761709942  1.0000000000
 1.3036896453 -1.7073678425 13.8027025890  1.8345419251 -2.0704451632 15.1034536540 -0.2086547808 -0.0277688167  1.0000000000 -0.1179354271 -0.0511128451  1.0000000000
 0.6686373570 -3.4823039956 16.4395267812  3.6184556585  0.0752375650 16.7621731323 -0.1692077326 -0.1605117827  1.0000000000  0.1990769735  0.1800552506  1.0000000000
 1.2151178691  0.1093363635 13.7964112380  2.4437088806  0.2601316341 14.6297271830 -0.2367561169  0.2557140714  1.0000000000  0.0076616126  0.2627411424  1.0000000000
 0.9674492796  0.1259839856 15.5911654959  2.1302480638 -0.9614419997 15.7613840629 -0.1627162169  0.2401559864  1.0000000000 -0.0123465700  0.0716976079  1.0000000000
 3.1805997974  0.3884936653 16.0306475678  2.8676158970 -2.7538504016 17.3800661345  0.1357947682  0.2055906894  1.0000000000  0.0307427027 -0.0965234392  1.0000000000
 0.9150098609 -2.2574610744 15.2784147423  2.2614203393 -0.6201654296 16.1080158190 -0.2266476373 -0.1080598205  1.0000000000 -0.0244507977  0.1033300543  1.0000000000
 2.3206655904 -1.4671979293 17.2819813528  2.0131748144 -2.6133926498 17.3764330909  0.0181587698  0.0036812719  1.0000000000 -0.0143737426 -0.1282484727  1.0000000000
 1.7031365698 -2.2839505226 16.6096157642  1.3696333969 -1.4033590583 17.0914352136 -0.0851791222 -0.0578464447  1.0000000000 -0.1042763040  0.0551040152  1.0000000000
 1.4856083089 -3.1513760607 14.7473172013  3.9498343051 -0.9619652624 15.7434759922 -0.1842230096 -0.1998792627  1.0000000000  0.2108679594  0.0431255938  1.0000000000
 3.7373823372 -2.8856011213 17.2153653974  0.8876168606 -3.0616509840 15.5064166813  0.1813572318 -0.1131354604  1.0000000000 -0.1819566069 -0.1879135159  1.0000000000
 2.3592519552 -0.9678481063 14.4024672171  1.3621522519 -2.5373831810 14.4705363215 -0.0133123427  0.0944218396  1.0000000000 -0.1862603217 -0.1451894847  1.0000000000
 3.3150559569 -2.9365087553 16.5570131991  4.6855624583 -2.8625630396 14.7546277553  0.1030334735 -0.1533201267  1.0000000000  0.2882321577 -0.1775300924  1.0000000000
 1.7525289261  0.1144824643 16.2799431236  3.8607253579 -0.3024502594 17.8645352290 -0.0884661300  0.2104513295  1.0000000000  0.1774745339  0.1773239577  1.0000000000
 0.7967013298 -2.7336545895 14.2579770139  3.1649256989 -0.8445579949 15.5419041834 -0.2389789771 -0.1585850099  1.0000000000  0.1288027230  0.1037903776  1.0000000000
 4.0143115416 -1.2636487503 15.0471414944  4.7094434413 -2.9493015351 14.3958888131  0.2231529424  0.0483322890  1.0000000000  0.3008524117 -0.2328569146  1.0000000000
 3.1764734094 -2.2070158922 14.5462469549  3.8875122816 -1.1862827341 16.4003846780  0.1001011862 -0.0756677276  1.0000000000  0.1685676938  0.0615632211  1.0000000000
 0.5426009285 -2.3679997362 16.4829345747  1.2487809412 -1.3202264594 15.5153788180 -0.1735517257 -0.0515586586  1.0000000000 -0.1220108479  0.0150066076  1.0000000000
 1.0492086763 -2.6592074787 15.3523747293  4.1993401420 -2.7294022228 17.1670004378 -0.2046985477 -0.0960453658  1.0000000000  0.2007736316 -0.0999501126  1.0000000000
 1.0511153168 -1.7681421625 16.4335683138  3.6549403641  0.0824548038 16.9958975242 -0.1684171409 -0.0206718185  1.0000000000  0.1001292685  0.1774405120  1.0000000000
 2.1773774951 -2.6248437106 15.1827565967  2.7112815968 -1.9670125468 14.6786607131 -0.0683489449 -0.1628972734  1.0000000000  0.0278792874 -0.0866674503  1.0000000000
 3.9470353591 -1.0213440253 14.8614486972  2.0535341386 -2.6614434804 16.9558139562  0.1875269213  0.0751548240  1.0000000000 -0.0270826833 -0.1053955203  1.0000000000
 3.4702990118 -3.3758674393 16.5494272525  1.6865301656 -1.3466414059 16.5711555746  0.0851968891 -0.1972780592  1.0000000000 -0.0868873538  0.0446833403  1.0000000000
 2.5807879517 -3.3249060377 17.2711914869  3.8636078827  0.3396304209 14.1400196375  0.0326028442 -0.1810930853  1.0000000000  0.2299172117  0.3132218335  1.0000000000
 1.8457936501 -0.6418922615 13.6094584309  1.4940899512 -1.5936163077 14.1321867090 -0.1208933202  0.1787494731  1.0000000000 -0.1676393284 -0.0191198916  1.0000000000
 2.4530148364  0.1873783844 13.7266538763  3.8419191847 -2.7889808477 15.2773032703 -0.0511265170  0.2642207230  1.0000000000  0.1746099263 -0.1816565476  1.0000000000
 1.9869375009 -1.9428050616 17.1199264292  3.1127072789 -2.3796903678 16.5307500459 -0.0384311636 -0.0064139294  1.0000000000  0.0799386090 -0.1166011173  1.0000000000
 3.7071832155 -3.2648369284 14.2037898249  1.5142593634 -0.4669455486 17.1452450495  0.1423541785 -0.2939247118  1.0000000000 -0.0693565347  0.1874111822  1.0000000000
 2.2653784688 -0.4879331704 14.5098972459  1.7011093062 -0.4265390110 16.6981808723 -0.0645826868  0.1467129690  1.0000000000 -0.0562230877  0.1094495587  1.0000000000
 0.6427066225 -0.3232505451 15.6753918979  2.4864116409 -3.6465477877 16.7474794821 -0.2098352229  0.1336088292  1.0000000000 -0.0136718923 -0.2167963850  1.0000000000
 2.5753642057 -3.3820843284 13.4834222137  2.9972666006 -1.9080472859 15.3502459515 -0.0417480651 -0.3133229954  1.0000000000  0.0708221311 -0.0350329462  1.0000000000
 0.8959425109 -2.2914883539 14.2165124728  1.9193221900 -3.4859215664 15.9536415988 -0.2379178972 -0.1203096095  1.0000000000 -0.0949850688 -0.2200683828  1.0000000000
 2.2612151128 -2.8070525377 14.7118916915  1.6753755487 -3.1520146709 13.4970697451 -0.0754310070 -0.2064720784  1.0000000000 -0.2137176996 -0.2725427762  1.0000000000
 4.4509225805 -2.2948302171 15.2012214654  3.5025638297 -3.3051591672 16.5979005219  0.2658496036 -0.1011994194  1.0000000000  0.1414185460 -0.1693790993  1.0000000000
 3.1223892765 -0.8794781528 14.0343692648  3.1318693301 -1.5960926328 14.1383736743  0.0801328728  0.0506720528  1.0000000000  0.0744012334 -0.0321693584  1.0000000000
 2.8806280992 -1.7076624372 16.1807846905  0.8096081213  0.1185564362 13.6708263474  0.0683488435  0.0222528840  1.0000000000 -0.2936635279  0.2343724698  1.0000000000
 1.7888326319 -3.1003036074 16.0064367522  1.8154680876 -0.5383549118 16.3533397332 -0.0206231710 -0.1786687577  1.0000000000 -0.0402303613  0.1243876306  1.0000000000
 2.9792493661 -3.0701268416 13.6873142462  3.0512305296 -3.0153516001 15.2841743475  0.0299929085 -0.2956394901  1.0000000000  0.0576280421 -0.2255546454  1.0000000000
 4.0668576806 -1.6643995659 16.3409360829  4.4296855659 -2.6656186937 16.1265636274  0.2032663318 -0.0449776322  1.0000000000  0.2283487569 -0.1349339313  1.0000000000
 3.1291245120 -2.3071955423 15.0045560072  0.6532402158 -2.0528583898 17.0557500425  0.0985699820 -0.0841402350  1.0000000000 -0.1511819532 -0.0633813822  1.0000000000
 2.8023064125 -3.3529419200 15.6147866666  2.6289912373 -3.0275976726 14.0037113591  0.0829121294 -0.2037898699  1.0000000000 -0.0089653819 -0.2166278656  1.0000000000
 3.0582841683 -0.4066128822 14.2999005322  2.0279725488 -1.7445618057 15.3438525825  0.0484390369  0.1577527226  1.0000000000 -0.0505491603 -0.0043824367  1.0000000000
 2.1746322006 -1.6809115696 16.7950854436  2.9001300803  0.1843862678 15.1323623545 -0.0013280946  0.0019159097  1.0000000000  0.0998477326  0.2494589046  1.0000000000
 0.5318128005 -1.5127877370 17.1185122762  1.5131595662 -3.1287578503 16.7430874018 -0.1524647184  0.0247714466  1.0000000000 -0.0889704571 -0.1832631255  1.0000000000
