136.2000000000
50
-6.4792379664  3.9654656788  1.4958725480 -0.1617297440 -0.0099063179  1.0000000000
-7.8453386332  2.2221592007  1.8123810780 -0.1494833134  0.1373416612  1.0000000000
-6.2390671788  3.1299735620  0.3028503975 -0.1516590792 -0.1495501616  1.0000000000
-8.2616156539  3.9871309548  1.6426360759 0.0204817452 0.1170631682 1.0000000000
-7.7073326459  3.8075641634 -0.0714618853 -0.0004580000 -0.0659535316  1.0000000000
-11.1403424455   2.6854435435   0.8655632353 0.3122799894 0.2877329506 1.0000000000
-8.9484881997  4.9938467769  1.5460242562 0.1220189967 0.0894903776 1.0000000000
-9.0544666955  4.3471695426  0.6347982623 0.1939474880 0.0617481131 1.0000000000
-6.9633041431  3.5196263964  1.0352587475 -0.1093501685 -0.0705742904  1.0000000000
-8.2257502247  1.8324815991  0.4776207733 -0.1405407187  0.0715326925  1.0000000000
-7.7616700477  3.2219344501  1.9160242004 -0.0818315848  0.1567054888  1.0000000000
-8.3647141159  2.2743103115  2.1032849252 -0.1269152139  0.1757203723  1.0000000000
-7.4618096505  4.4650060759 -1.1344502270  0.1174701476 -0.2225516383  1.0000000000
-8.1801280430  2.6366339089  0.5878237691 -0.0512387968  0.0471518575  1.0000000000
-5.8837369486  3.1162921286 -0.1510657339 -0.1776930718 -0.1960704824  1.0000000000
-9.4199753567  4.1726858501  1.9353015657 0.1076263909 0.1929490449 1.0000000000
-9.5916213270  3.7008013907  0.7959419047 0.1531885461 0.1434053380 1.0000000000
-9.4721389586  2.1898188326 -0.3160318048 0.1200792305 0.0013829396 1.0000000000
-8.0431520743  2.4759842821  1.8300615190 -0.1660784060  0.1532479000  1.0000000000
-9.5109079067  3.2508428788 -2.4418857152  0.3124982477 -0.2805002064  1.0000000000
-6.4151062837  3.4512147710  0.7915526476 -0.0866280056 -0.1092189835  1.0000000000
-8.9836855026  4.7237413555  0.4040155770 0.1945818919 0.0208752428 1.0000000000
-6.7203864650  3.5445902704  0.1525197734 -0.1101471235 -0.1259039286  1.0000000000
-10.2314258826   3.5797475382  -0.2345026859 0.2618872994 0.0950755135 1.0000000000
-8.6136599420  2.1876327051  1.1116691965 -0.0727172443  0.1096558189  1.0000000000
-7.2575732117  1.3338247749  0.4813183043 -0.2894540400 -0.0474437994  1.0000000000
-7.1719341742  5.3558636351 -0.0442258181  0.0781090182 -0.1310315660  1.0000000000
-7.7999614386  2.2029838627  2.0319196163 -0.1732263098  0.1406996620  1.0000000000
-6.7260410027  1.9946120092 -1.0345791738 -0.1850847863 -0.2606680534  1.0000000000
-10.0120508634   2.9652452169   1.6282612108 0.1077522222 0.2468522358 1.0000000000
-7.7450534722  4.4115221509 -0.6854921803  0.1183680312 -0.1611388095  1.0000000000
-7.7304299122  2.5088101138 -1.5969097235 -0.0336971346 -0.2494430851  1.0000000000
-6.9760145339  2.2479658325  0.2455238916 -0.1727066413 -0.0956231787  1.0000000000
-9.5956949250  2.7821322542 -1.5285531889  0.2468941926 -0.1256479564  1.0000000000
-6.7284786123  2.9055188157  1.8197512850 -0.1954648763  0.0575693997  1.0000000000
-8.7195130684  1.8729821355  0.5487229777 -0.0461304185  0.0806556044  1.0000000000
-8.3203127596  3.2055915412 -0.5505133817  0.0615145691 -0.0989133138  1.0000000000
-8.8574117294  2.4676928282 -0.4374109044  0.0411743098 -0.0396958469  1.0000000000
-7.7341082471  1.1813787847  0.8436968228 -0.2525483121  0.0561748314  1.0000000000
-7.8138617296  1.9742708008 -0.7374905601 -0.0886925831 -0.1782876008  1.0000000000
-9.8310219640  2.9842276633  1.3954373811 0.0916138995 0.2203431076 1.0000000000
-7.7109877205  2.3928275330  0.0937983555 -0.1415343562 -0.0534962093  1.0000000000
-7.9037312412  3.7976552513  0.7808928224 -0.0298984754  0.0203654646  1.0000000000
-8.1945588863  5.7538145417  0.0354855717  0.1924410264 -0.0332709887  1.0000000000
-9.1669794080  4.5532639320 -0.4524238591  0.2203020440 -0.0606536089  1.0000000000
-9.9217746043  2.5613944412  0.4865406402 0.1221772481 0.1489074187 1.0000000000
-8.9361966899  4.0695368720 -0.6697990233  0.1751574221 -0.0914949750  1.0000000000
-7.4968024159  3.4900955309  2.7550226387 -0.0795835721  0.1753821168  1.0000000000
-8.8960020174  2.5556572702  1.9904539560 -0.0564450310  0.2147930736  1.0000000000
-7.5511140050  4.0019552251 -0.2049222583  0.0338480384 -0.0882259920  1.0000000000
50
-8.7782837287  3.9572472198  2.0840094341 -9.6904422182  3.1302658781 -1.9037884652  0.0626686289  0.2162336110  1.0000000000  0.3089081665 -0.1974603837  1.0000000000
 -8.6594011669   2.7441136646   0.9956940812 -10.0822712856   2.5738029080  -0.3112818993 -0.0092829875  0.0887429690  1.0000000000  0.1719672889  0.0474343978  1.0000000000
-6.4204802319  3.9305090641  1.8095230296 -8.7459612380  4.4708650313 -1.0875006650 -0.1426485581  0.0043254684  1.0000000000  0.2028343697 -0.1182321851  1.0000000000
-6.2534880273  3.2955250739 -0.4680519132 -7.4462216845  1.1823186831 -0.5267634157 -0.1012665629 -0.2168453122  1.0000000000 -0.2497404289 -0.1309353962  1.0000000000
-6.3214730785  3.4614326706  2.1731908800 -7.2153889076  2.4905026153 -0.6396644140 -0.1899620858  0.0318361943  1.0000000000 -0.1275301105 -0.1705939887  1.0000000000
-7.1311944042  3.8993949766  2.9637272050 -8.6251073288  2.9843672108  2.1244722809 -0.1072752639  0.1445933919  1.0000000000 -0.0627203199  0.2396985101  1.0000000000
-6.5929015693  2.2350182264  0.3740416441 -7.4758817273  5.0557335702  0.4096110723 -0.2368465239 -0.1170790854  1.0000000000  0.0645346472 -0.0418955974  1.0000000000
-6.5539850006  3.1875075618  0.6047695465 -7.8346275548  3.9860002698  2.2740789389 -0.1531414128 -0.0364886460  1.0000000000 -0.0684288253  0.1908668651  1.0000000000
-7.3951159000  3.9561658064  0.8479044981 -7.7806250810  5.2475413768  1.1597166635 -0.0116807383 -0.0192064059  1.0000000000  0.0943023683  0.0092992694  1.0000000000
-8.2875280007  1.5578812805  0.0475395298 -9.3619529832  1.9169512882  1.0886681398 -0.1218986564 -0.0519123563  1.0000000000 -0.0488658232  0.2232529743  1.0000000000
-8.4093757151  2.4776092221  1.7193527959 -6.8567602276  3.0064092680  0.6127052258 -0.0738562406  0.1501248933  1.0000000000 -0.1453191174 -0.1048912298  1.0000000000
 -7.9394168732   4.6830114364   2.4288423777 -10.5873043594   2.6474297015   0.1568684645 -0.0033745861  0.1750722505  1.0000000000  0.2454271164  0.1793989487  1.0000000000
-6.7519367990  3.0463637161  1.1053252499 -8.3639988498  5.6818473411 -0.2299827410 -0.1353524052  0.0013277983  1.0000000000  0.2043387349 -0.0849881260  1.0000000000
-7.5641561771  2.4931205306 -1.2798543113 -8.2040091455  5.1317037656 -1.3669351484 -0.0170004508 -0.2756577688  1.0000000000  0.2459516452 -0.2219391201  1.0000000000
-7.5953447507  2.7010453213 -0.7983916263 -6.8522460335  3.0021356716  0.3978106748  0.0029368666 -0.1813509710  1.0000000000 -0.1082509550 -0.1105157624  1.0000000000
-8.3672907046  0.5513988348  1.2196736475 -8.0013742108  2.5095525831 -0.0986198024 -0.2874950628  0.1688963618  1.0000000000 -0.0316499561 -0.0916232529  1.0000000000
 -7.1398741973   2.7184657126   0.4196654484 -10.3423471012   3.0302468756  -1.2953356293 -0.1304557439 -0.0544579922  1.0000000000  0.3500988569 -0.0341707083  1.0000000000
-6.5139069505  4.3453760945 -0.2399563782 -8.8726167947  5.1721088293  2.5029952868 -0.0404573014 -0.1854536684  1.0000000000  0.0824509175  0.1946007358  1.0000000000
 -7.5651721762   5.5168307495  -0.2216475871 -10.2764230967   3.5350211291   0.9977340552  0.1077013865 -0.1198079726  1.0000000000  0.2076005075  0.1960980044  1.0000000000
-6.6669896859  1.5382935613 -0.2150234186 -7.9864815613  3.3007052902  2.0252069612 -0.2988763167 -0.1733754825  1.0000000000 -0.0743605334  0.0911664555  1.0000000000
-6.9055710647  3.3286809372  2.7924021044 -6.4556078742  4.6296104656 -0.0152698926 -0.1707872035  0.1433004538  1.0000000000 -0.0103158060 -0.1901411675  1.0000000000
-9.7449640213  3.4084126798  0.2177997711 -7.6608235158  2.5946276834  1.4052132813  0.1494085705  0.0665381457  1.0000000000 -0.1323728762  0.0524755958  1.0000000000
-7.6337724905  2.8323854064  0.6723302104 -6.6465115162  4.0493436325  1.3337490171 -0.0583631940  0.0069550422  1.0000000000 -0.0836735058 -0.0113879592  1.0000000000
-7.6201592757  3.7457233442  0.3797234501 -8.3785472417  2.6178405722  1.3679869183  0.0026210713 -0.0085335829  1.0000000000 -0.1449308105  0.1175057465  1.0000000000
-7.7342424901  2.9470560361 -1.6068767166 -8.5632565831  2.1618551819  0.9904224888  0.0185962892 -0.2559640302  1.0000000000 -0.0494511729  0.1229793742  1.0000000000
-7.2049353687  2.7326072759  1.4021122595 -7.2603645473  3.3011948287  1.0603340987 -0.1296743115  0.0365338567  1.0000000000 -0.0607477274 -0.0084331174  1.0000000000
-10.7780143330   3.0383003968   0.2905819368  -7.2032547610   4.8125086300   0.4506457541  0.2679214435  0.2046461339  1.0000000000 -0.0106381924 -0.0706635303  1.0000000000
-8.3443144498  0.8310982839  1.5838371985 -8.8494060607  2.9376778968  1.1639210714 -0.2614369100  0.1794819039  1.0000000000 -0.0117372951  0.0986962781  1.0000000000
-8.6722450075  4.8756451576 -0.1551756727 -9.8602521728  2.3586721871  0.8378291749  0.1878158619 -0.0355726911  1.0000000000  0.0582039268  0.1599260884  1.0000000000
-7.7000484217  3.7219333005 -1.0738260595 -8.3247923432  1.3674267749 -0.4160888620  0.0468709086 -0.2466978891  1.0000000000 -0.1254486905 -0.0768242817  1.0000000000
-10.5375549671   3.5749344799   1.3585986079  -8.1609104340   2.9117772545   1.1835513220  0.2054654827  0.2569860862  1.0000000000 -0.0733318252  0.1005155990  1.0000000000
-7.2814910812  3.2107822154  2.2801650148 -8.1509970966  3.7894613934  1.3919330853 -0.1583351982  0.1278790368  1.0000000000 -0.0004522836  0.0969225904  1.0000000000
-8.7521618719  1.9092632159  1.3227358791 -6.7360532147  1.5994356983 -0.2359018934 -0.0598598164  0.1500532702  1.0000000000 -0.2770599979 -0.1703433210  1.0000000000
-8.2468818999  3.7615879290  2.3207645141 -6.1998846855  3.2784200927 -0.5118850503 -0.0253973081  0.1535518962  1.0000000000 -0.0857253686 -0.2202696771  1.0000000000
-8.2482975085  2.0645061506  0.3622468213 -8.1417217783  4.8616102184  0.8783101853 -0.0831714489  0.0020938509  1.0000000000  0.0886171439  0.0091144224  1.0000000000
-10.2193500354   2.4561109990   0.9483814960  -6.4946999310   4.4649855845   1.1226894704  0.0989511848  0.2473549957  1.0000000000 -0.0646529435 -0.0657102486  1.0000000000
-6.6189687340  1.9928678930 -0.3352457376 -9.6048350397  3.8669206987  1.3281237639 -0.1772355655 -0.1914491802  1.0000000000  0.1264555114  0.1384922173  1.0000000000
-6.4885218078  5.1324667239 -0.1573081729 -9.0182739243  3.3407416707 -0.6255413245  0.0317235089 -0.1655898249  1.0000000000  0.1411788569 -0.0868560374  1.0000000000
-8.1348853448  3.2356110547 -1.2032661352 -8.7301093319  4.2922984807  1.5909903051  0.0909542821 -0.2661571783  1.0000000000  0.0754021851  0.1243667301  1.0000000000
-5.3462218439  4.0882882259  0.0605084223 -9.9371566294  2.9395391990  1.0886954066 -0.1620796022 -0.1660525028  1.0000000000  0.1188824176  0.2188413376  1.0000000000
 -8.5175742981   4.7130784236   2.8136137300 -10.2217797625   4.6450839301   1.7454710199 0.0485779147 0.1817650843 1.0000000000 0.1883017745 0.2519900109 1.0000000000
 -5.8959747256   3.7875507295   1.2625097307 -11.1410912022   2.8413512176   0.3706339942 -0.1578112919 -0.0418366716  1.0000000000  0.2915040032  0.2736366666  1.0000000000
-7.1150134145  2.8714954963  2.8358644309 -7.5881999221  2.6653229763 -0.8176012759 -0.1701200542  0.1687508149  1.0000000000 -0.0054639562 -0.1636972007  1.0000000000
-9.1556619325  2.0417656744 -0.3300121872 -6.7585920320  3.4861650303  0.0753634194  0.0546293019 -0.0220938964  1.0000000000 -0.0905542772 -0.1096047054  1.0000000000
-7.4236175198  2.4366409183 -0.6585097093 -7.3048372474  2.4401024598  0.7120244116 -0.0550782162 -0.1609864702  1.0000000000 -0.1398314333 -0.0226497754  1.0000000000
-7.8388695528  1.4630227474  0.0947048728 -5.9374358373  3.3400851156 -0.2233484249 -0.1614570595 -0.0748807707  1.0000000000 -0.1533744621 -0.2233802918  1.0000000000
-6.9278216641  4.0625145016 -0.9534485898 -6.4403496847  4.0160163738 -0.4945624552  0.0352312759 -0.2225844858  1.0000000000 -0.0139767906 -0.1798810637  1.0000000000
-7.8177269859  3.1543254121  2.2580317726 -6.7895083016  3.9401228122 -0.2193704447 -0.1365438942  0.1285221217  1.0000000000 -0.0182503113 -0.1754404178  1.0000000000
-9.4432248261  3.2675715036 -1.6719607864 -7.6115956168  2.6490595961  2.5389336177  0.3007282918 -0.1861055789  1.0000000000 -0.1719970982  0.1650292719  1.0000000000
-6.0777710506  4.3298982673  0.4498676499 -9.6531973370  3.1603722294  0.3031854122 -0.1341524995 -0.1559269537  1.0000000000  0.1112263666  0.1058452863  1.0000000000
