836.2000000000
50
-0.7195835312  4.5146532330 18.4205274160 -0.0705443828  0.2137980605  1.0000000000
 0.1516572700  4.5210375065 20.2026337434 -0.0548179426  0.1390609405  1.0000000000
 0.8885497625  1.3032348854 19.3733291501  0.0307985270 -0.2054526319  1.0000000000
 1.6131360569  3.0584881171 17.9469889313  0.1578846545 -0.0039408736  1.0000000000
 2.3631049082  1.5746224159 19.1925128692  0.1940020014 -0.2144186337  1.0000000000
-0.8422507486  4.6311644297 17.2730164185 -0.0401773039  0.2530040470  1.0000000000
 1.4086685579  2.8848036865 17.6527062710  0.1945826686 -0.0225587980  1.0000000000
-1.2946630139  1.1770472896 18.9204437842 -0.2750964454 -0.1745108687  1.0000000000
-1.0051143278  3.9214553979 19.3123773902 -0.1826257441  0.0877454513  1.0000000000
 2.0539783700  2.3963835283 17.7994928725  0.2297654081 -0.0937289905  1.0000000000
 0.7129454427  3.5406762569 17.9282880153 0.1519888195 0.0237695433 1.0000000000
-1.9292695853  4.4600742974 18.6280768251 -0.2503326333  0.2324892099  1.0000000000
 1.5051453210  2.8412086641 17.1992432104  0.2758532645 -0.0532432107  1.0000000000
 1.4148436620  2.1815594047 19.2797628148  0.0687166057 -0.1033484175  1.0000000000
-0.1238538504  1.2395224497 20.3642757809 -0.1485601810 -0.1866075111  1.0000000000
 2.4980598841  3.4122536127 18.5843559942  0.2488531730 -0.0468197328  1.0000000000
-1.6418496211  2.1559200386 18.0751409400 -0.2403365199 -0.0960526712  1.0000000000
-0.0315884593  2.5369846493 17.6498115683  0.0096025988 -0.0405686156  1.0000000000
 0.7941919603  3.2835431204 16.1247142031 0.3071596737 0.0143348293 1.0000000000
-0.3592535950  2.8486225312 17.9186670773 -0.0251639054 -0.0188336945  1.0000000000
 2.7169863697  1.9280436577 19.1065457540  0.2272585726 -0.1332273757  1.0000000000
 0.4624904152  1.7476183268 19.8936531033 -0.0521062346 -0.1316641134  1.0000000000
 0.4228875934  1.4041048496 17.2167113525  0.0523068100 -0.2690041428  1.0000000000
 1.6543780615  4.1089539249 17.5561215215 0.2290490178 0.1085082234 1.0000000000
 0.9001817033  4.5314693759 18.2265838066 0.1192884658 0.1724641781 1.0000000000
-0.5648978567  4.2976539262 16.7630164669 0.0562697323 0.2291838366 1.0000000000
-0.8848751286  4.5678531698 18.4271705004 -0.1025457630  0.2373674815  1.0000000000
 0.6367290748  2.7543690090 19.4362437462  0.0120500593 -0.0241245408  1.0000000000
 0.7385833237  2.3326647568 17.2704618801  0.1534473748 -0.1125852485  1.0000000000
 1.3750015071  4.0490239262 18.9450983012 0.1248652967 0.1204303932 1.0000000000
 2.6393772772  3.9312586394 18.9216157517 0.2168728149 0.0410000096 1.0000000000
 0.5375797558  5.0362296107 16.2145046356 0.2661262222 0.3166557367 1.0000000000
 0.1788612074  3.4110057000 16.8170053147 0.0956414437 0.0547621058 1.0000000000
 2.1487676941  3.3996073920 18.9838903631  0.1748066661 -0.0254255210  1.0000000000
 0.0290483692  1.9225480271 19.3937552553 -0.1059147267 -0.0988198410  1.0000000000
 1.1999796227  4.3160970399 17.9027164513 0.1860985090 0.1223075044 1.0000000000
 1.4851868700  1.5180106720 17.5047563888  0.2257684363 -0.2627244266  1.0000000000
-0.3225840368  3.0555459180 20.1818128827 -0.1148896396 -0.0271236946  1.0000000000
 1.1534697304  2.1654835555 16.3348766251  0.2407571401 -0.1421208174  1.0000000000
-0.6435199794  4.7371051725 20.2605439777 -0.1015941865  0.2095475996  1.0000000000
 1.2265951407  5.0449236409 17.6639787158 0.2051440408 0.2188401049 1.0000000000
 0.7030464342  4.4565164271 17.8026155398 0.1286958291 0.1872226553 1.0000000000
 2.0004070574  3.2749631604 19.8077423209  0.1268966453 -0.0219807145  1.0000000000
 1.5639790759  2.7020758466 17.8976892478  0.1767677847 -0.0858373569  1.0000000000
 1.1046506103  3.8248296505 19.0959341404 0.0610781198 0.0982015122 1.0000000000
-0.4630605346  2.8232867992 18.9129276466 -0.0949267565 -0.0055372278  1.0000000000
 1.4045333576  2.3727698036 18.3091489172  0.1366103997 -0.1026425717  1.0000000000
-1.7438439633  2.6321489056 17.7464177231 -0.2105835911 -0.0120425535  1.0000000000
 1.5242369670  2.7022755061 17.1599168415  0.2114476652 -0.0711737376  1.0000000000
 1.6586622011  3.3303856499 16.8537551475 0.2667746913 0.0111008239 1.0000000000
50
-0.0729239394  2.4680942301 20.0554307618 -1.5613465460  1.1307915718 18.2841047806 -0.0907962990 -0.0689944756  1.0000000000 -0.2609172036 -0.2384481781  1.0000000000
 0.4741989992  4.3782484646 18.8429647064  1.7860895141  3.9058032271 18.0695169561 0.0154933233 0.1309886338 1.0000000000 0.2174861644 0.0893405511 1.0000000000
-0.1253561623  2.1848257858 16.8121231364 -0.8872579205  3.1182294609 20.3473749215  0.0716209740 -0.1461123654  1.0000000000 -0.1672163365  0.0035456877  1.0000000000
-0.6410391939  2.1528742947 17.9831468383  1.9093578250  2.9639922656 19.1596577646 -0.0771299712 -0.1339488182  1.0000000000  0.1388760740 -0.0531503669  1.0000000000
-0.1590484069  2.2643985547 20.5976901974  0.4199130845  2.3826880895 17.2455405776 -0.1316388327 -0.0841449900  1.0000000000  0.0950258022 -0.1228263768  1.0000000000
-1.1976069190  1.2337332441 19.3232498765 -0.6218594812  2.1348541522 19.9823497645 -0.2292058712 -0.2577182505  1.0000000000 -0.1502661578 -0.1171347814  1.0000000000
 2.0188370178  4.9399245073 18.7282726731  0.2168439861  2.9390711967 17.6837235573  0.1897410606  0.1749395243  1.0000000000  0.0563229326 -0.0118591634  1.0000000000
 1.0297618356  3.2714018163 16.8285716560  0.6213720965  2.2064369063 19.6108943292  0.2204610004 -0.0198539645  1.0000000000 -0.0224696581 -0.0601484617  1.0000000000
 1.6043205902  3.3773006091 19.1993792184 -1.5582589361  2.1870093149 17.7858594302  0.1217832517  0.0212331334  1.0000000000 -0.2173532577 -0.0829652054  1.0000000000
 1.0431818495  2.0776303002 19.9687768488  0.5072060625  2.9208490116 16.3225159822  0.0249198923 -0.1170703427  1.0000000000  0.1565221901 -0.0550610058  1.0000000000
 1.7431453462  4.9926150185 18.4759799643 -0.5118426594  3.4406064109 19.7422434083  0.1522449014  0.1747468114  1.0000000000 -0.1329761208  0.0654459834  1.0000000000
-0.5406276274  2.4078764894 20.2450735381  0.7911218830  3.7950964579 19.1330147194 -0.1657774235 -0.0604717425  1.0000000000  0.0417302170  0.1203210132  1.0000000000
-1.8054216706  4.2239455725 18.4715972204 -0.9412152885  3.3909902401 17.4287703423 -0.2185248678  0.2150837116  1.0000000000 -0.0794548808  0.0618237794  1.0000000000
 1.8036609478  2.9194212307 17.9443209062 -1.0828121696  2.9375653057 18.1265512916  0.2625202308 -0.0657109131  1.0000000000 -0.1557659423  0.0549719340  1.0000000000
 0.0596076491  2.6291867788 18.1911163521  2.4484612847  3.0277748433 19.0584515824 -0.0235263145 -0.0529834669  1.0000000000  0.2119770653 -0.0161715345  1.0000000000
 1.9837735106  1.6069906869 18.3933233234  0.0749125922  4.0573182833 18.7074817698  0.1011787974 -0.1953353235  1.0000000000 -0.0078441664  0.1210596440  1.0000000000
 1.8677103538  3.3932336929 18.7080464672  1.0269391659  1.9959355875 19.6246609545  0.1810428785  0.0132192542  1.0000000000 -0.0051720912 -0.1445974614  1.0000000000
-0.4009795256  2.8526919486 18.3280893330  1.8528574791  3.6336807604 17.5012576319 -0.0536729884 -0.0260446400  1.0000000000  0.2397409117  0.0307147867  1.0000000000
 0.6551012641  1.5007608446 19.7980233285  2.1314674912  2.7261066490 18.4975449990 -0.0291500824 -0.2083064226  1.0000000000  0.2047274917 -0.1177016308  1.0000000000
 0.1956396089  3.9596866662 20.4335548156  0.7966994277  3.4849537774 17.7644861585 -0.0525681749  0.0927274842  1.0000000000  0.0709379626  0.0472404895  1.0000000000
 1.1157252097  2.0507545567 17.2723104523 -0.3478936659  3.9316078510 17.1617209958  0.2027628108 -0.1823423546  1.0000000000 -0.0034928712  0.1464637132  1.0000000000
-1.0437175857  2.6067950242 19.6307981622 -0.4778735096  1.9161011986 18.6341857623 -0.1759973084  0.0010126679  1.0000000000 -0.1095230914 -0.0560913854  1.0000000000
 1.8625270056  3.7040133361 19.5993223612 -0.4608054738  1.1446376297 18.0061898872  0.0705167906  0.0494014447  1.0000000000 -0.1043512935 -0.2344174741  1.0000000000
-0.5873670983  4.3469829879 17.7843585425  1.5026222616  3.3525949704 18.4865817115 -0.0437396480  0.2101609656  1.0000000000  0.1760662548 -0.0135408513  1.0000000000
 0.4130206915  2.8500112179 18.5728780883 -0.7673621264  4.1799309269 20.3881476784  0.0200220685 -0.0092489151  1.0000000000 -0.1480505875  0.1602988912  1.0000000000
-0.1443169405  1.4260261820 18.8957610612 -1.5621647605  1.7247871888 18.6134493178 -0.1025567293 -0.1812211096  1.0000000000 -0.2522718442 -0.1453370288  1.0000000000
 0.6110944973  4.3598256905 19.7866668933  1.9016612128  2.1809798301 19.5191817604 -0.0222397020  0.1721441197  1.0000000000  0.1177364323 -0.1494580757  1.0000000000
-0.7372257139  1.4848743888 17.6181679008  0.6034466001  2.7016685566 20.2081855966 -0.1092413356 -0.2174086631  1.0000000000 -0.0411007951 -0.0647739244  1.0000000000
-1.2993406665  3.4420309271 18.0820198849  1.5376287094  2.2923390676 18.6296705746 -0.1643465757  0.0930884402  1.0000000000  0.1081758345 -0.1369213981  1.0000000000
-1.1265156087  3.9708251934 18.8696880512  2.7951875872  3.7112219882 19.1983636062 -0.1268808308  0.1249236462  1.0000000000  0.2435880867  0.0423012938  1.0000000000
-1.6985774163  1.1025316631 17.4965073106 -0.5013945390  2.4158574839 18.1780822587 -0.1995978165 -0.2709187680  1.0000000000 -0.0707655477 -0.0806501169  1.0000000000
-1.0064024621  1.6112221100 18.6019804925  0.6997369999  1.3449281306 19.8523716343 -0.1926390589 -0.1742752223  1.0000000000 -0.0349972296 -0.1517903206  1.0000000000
 0.5841197588  1.9735144768 18.5730036202  2.6400256579  1.8350252912 18.9627686752  0.0205212755 -0.1446439445  1.0000000000  0.2272232932 -0.2026653893  1.0000000000
 0.1255896409  2.3844873986 17.3347272489  1.0617159890  5.1065919598 17.6451859945  0.0535196162 -0.1330790499  1.0000000000  0.1855817299  0.2359434749  1.0000000000
 0.1118209191  2.6301499998 17.0431001856 -1.0461637566  2.1372379283 18.4183440674  0.0689816089 -0.0434400205  1.0000000000 -0.1582840821 -0.0746514025  1.0000000000
-0.7918710519  2.2349534368 18.2564546715  0.5011727995  3.6978627019 17.9985814465 -0.1292089984 -0.0974907217  1.0000000000  0.0397669735  0.1053599021  1.0000000000
 1.5591583133  5.2220643556 18.8950881133  2.1620354622  4.5364973365 19.2978237074 0.1606383576 0.2049412684 1.0000000000 0.1627259786 0.1020546996 1.0000000000
-1.4426166124  2.0994703220 18.4349369784 -0.0264678893  1.5989269677 20.0640336145 -0.2338184868 -0.0941470217  1.0000000000 -0.0936959340 -0.1493723034  1.0000000000
 0.8898329017  2.5401082432 19.2103904795 -0.2069971525  4.0344879160 17.7470088435  0.0102757639 -0.0796139026  1.0000000000  0.0164575716  0.0833320049  1.0000000000
 0.7946276731  4.7384090098 16.4563972986 -0.1530670265  1.7271162466 19.7927925011  0.2709049472  0.2597174682  1.0000000000 -0.1425749882 -0.1193145922  1.0000000000
 1.1640155775  3.1182365645 19.8654778559 -1.6445324556  4.3814255092 17.8766969800  0.0586470497  0.0142419313  1.0000000000 -0.1615575702  0.2279118716  1.0000000000
-0.4264413364  3.4476838788 20.0928622550  2.1191235547  3.3950938443 17.9521357000 -0.1520671877  0.0343816830  1.0000000000  0.2119358319  0.0486041759  1.0000000000
-0.6651865730  4.0499322991 18.7279697571  0.1621245844  3.2793362443 18.7490275271 -0.0809424668  0.1786588416  1.0000000000  0.0101911336  0.0592901674  1.0000000000
 1.9299562808  2.3271817176 18.8174575964  0.0644204958  3.1777071243 17.6092428353  0.1355727159 -0.1340301477  1.0000000000  0.0590621699  0.0347329901  1.0000000000
 0.4974053068  3.6086037295 19.6248567147  1.1407667604  2.5312365003 18.8801621468  0.0430787871  0.0634062700  1.0000000000  0.0809268008 -0.0513863258  1.0000000000
-0.2344382822  1.8413817691 20.5350775768 -1.5315760302  2.2622932334 19.0946416252 -0.1526521190 -0.0735698943  1.0000000000 -0.2395931992 -0.0726248786  1.0000000000
 1.1422183428  1.6951805764 18.6077394421 -0.5922198835  3.7135369511 20.1432266216  0.1124775983 -0.1526171552  1.0000000000 -0.1321065690  0.0967708148  1.0000000000
 2.4216080386  1.9036281171 18.6088977191 -0.7031553042  3.6213031638 16.9175435713  0.2194650851 -0.1616362146  1.0000000000  0.0176075734  0.0800084579  1.0000000000
 1.1659900257  2.7668760103 18.0298236299 -1.0034244944  3.5055009612 18.1724642383  0.1586230689 -0.0692717386  1.0000000000 -0.1222414964  0.0717934121  1.0000000000
 2.3427914002  3.0090586076 18.9885421693 -0.8131431837  1.1897877350 18.1256762709  0.1690261531  0.0139644138  1.0000000000 -0.1708453139 -0.2302353663  1.0000000000
