903.0000000000
50
 9.0910456182  4.2841604747 15.4380302502 -0.1129407419  0.0135981920  1.0000000000
10.7658318675  6.0544527447 12.5891009981 0.2105613407 0.0195649254 1.0000000000
11.4892044923  5.5123062890 14.3258310238  0.1456530218 -0.1366949273  1.0000000000
11.1468784485  4.5482792975 16.1564960288  0.0100271681 -0.1577050928  1.0000000000
 8.6526827746  5.2005656477 15.0297588912 -0.0599956054  0.1219052859  1.0000000000
 9.1387857842  6.7593902402 13.4039253303 0.1650236407 0.2858543019 1.0000000000
 9.8879595726  5.1123316842 13.0318237774 -0.0233783707  0.0708075068  1.0000000000
10.8809124446  3.9330111987 13.4389179399 -0.0962003284 -0.1587246514  1.0000000000
11.9317964591  4.3346543704 13.0121521477  0.0670873113 -0.2930330201  1.0000000000
11.4095236010  3.1942978362 13.2149208831 -0.0997233890 -0.2597550889  1.0000000000
10.5767077335  4.3411344212 15.2058818913 -0.0285764294 -0.1047444770  1.0000000000
11.1199470223  2.9845922853 13.6453946323 -0.2016390703 -0.2974375316  1.0000000000
 8.3833273278  4.7310855445 13.9869530097 -0.0997660972  0.1616788490  1.0000000000
10.7387764460  5.3062895671 14.8271602921  0.0693226075 -0.0955883786  1.0000000000
 9.4081867131  5.4239387180 13.6611564694 0.0076095321 0.1275417461 1.0000000000
 9.7140052179  3.9261167411 13.6599197271 -0.1685568298 -0.0169738396  1.0000000000
 8.2691404360  6.2616201672 15.6485319681 0.0596171163 0.1971840606 1.0000000000
11.3455737418  5.2843573040 13.1889349425  0.1390022465 -0.1120489522  1.0000000000
 9.7212284320  7.0946180365 13.0404349021 0.1989809061 0.1959360348 1.0000000000
12.2950907612  5.8398050424 13.8244298134  0.2770704311 -0.1770536865  1.0000000000
 8.9186883708  3.5914594496 14.4655287060 -0.2232560928  0.0146262400  1.0000000000
 9.5508021855  6.2107948262 14.5571956788 0.1149591525 0.1300126524 1.0000000000
 9.3389626375  7.2947912392 13.7253077917 0.2160435218 0.1955418042 1.0000000000
 9.2285939306  4.8510474719 15.4166601332 -0.0468490804  0.0561715249  1.0000000000
12.2764755169  5.7420689872 14.7384874953  0.2234870867 -0.2255218142  1.0000000000
 9.9282972355  4.0725173931 16.3835681087 -0.0784228727 -0.0944843830  1.0000000000
 8.7167530075  6.1445648995 15.7754018761 0.0289001519 0.0924945436 1.0000000000
10.0333637068  4.9844572521 13.3270174682 0.0120737819 0.0458811287 1.0000000000
10.7467168197  5.2312837096 12.9672674783  0.0696672307 -0.0368016484  1.0000000000
11.2678534816  5.9582278793 13.5895922755  0.1967351592 -0.0795245010  1.0000000000
 9.2705855390  3.7063075893 15.7109793479 -0.1563786402 -0.0528151770  1.0000000000
11.5667378550  4.8120311118 14.9489835213  0.0914742375 -0.1722769566  1.0000000000
11.1252530452  3.1334103198 14.8506340808 -0.1343297593 -0.2921560055  1.0000000000
11.0441982489  5.0985416278 12.9795070616  0.0514773556 -0.0823127909  1.0000000000
10.7854792607  4.1958211335 13.3918063420 -0.0282567328 -0.1060807084  1.0000000000
10.6106415011  6.5416046107 14.3550358224 0.1967872547 0.0400253047 1.0000000000
12.1000115838  5.4995700115 14.0880614399  0.2062878414 -0.2041933355  1.0000000000
 9.9064254071  6.3499394900 15.8318576773 0.1166075086 0.0572871595 1.0000000000
12.0552121926  6.1861274532 13.9801914387  0.2875081953 -0.1469900421  1.0000000000
10.5401687737  2.9545632448 15.6144572174 -0.1698970213 -0.1695100630  1.0000000000
11.0971542383  3.8490635694 13.3006824568 -0.0857066624 -0.2134992452  1.0000000000
 8.4913901781  4.4867087352 13.2292241453 -0.1997883401  0.1951936025  1.0000000000
12.2405737752  4.8735390024 13.9400579517  0.1567070462 -0.2748524147  1.0000000000
 8.8597284325  4.5222699412 14.8345906962 -0.1202030808  0.0331390174  1.0000000000
10.8798245142  3.8134680187 16.4629817211 -0.0298028176 -0.1991264707  1.0000000000
 8.5582176447  6.0364307217 14.0142028604 0.0067894848 0.2157518893 1.0000000000
 7.9661612809  4.0240942067 14.6444497877 -0.2103843084  0.1552553766  1.0000000000
 9.7137282389  4.5652107575 13.3268142230 -0.0923916413  0.0332040671  1.0000000000
 9.3350061184  4.2200835609 14.2347062065 -0.1061314228  0.0178575011  1.0000000000
 9.5691266432  5.5795629531 14.4481768518 0.0073295952 0.1111944353 1.0000000000
50
12.2653226496  4.8296910648 13.9191323336 11.1920632824  4.6067708058 14.3346684900  0.1222511286 -0.2697924402  1.0000000000  0.0153279402 -0.1430082803  1.0000000000
 8.5914262263  6.2471792198 14.7587533583 10.3162479058  3.6914727493 16.4566589059  0.0338005485  0.1743913146  1.0000000000 -0.0623990648 -0.0999193248  1.0000000000
 9.5695095450  4.4218818268 14.7691980043 11.1413119493  3.3053524755 14.8790003240 -0.1050050312  0.0113490018  1.0000000000 -0.1161462296 -0.2267196931  1.0000000000
11.0664611922  2.4465636074 12.8614786731 10.5508600846  5.3250839818 15.0201951974 -0.2654234016 -0.3181346850  1.0000000000  0.0985229288 -0.0768714850  1.0000000000
 8.7261433434  4.3155059737 15.7293491216 11.9508488703  5.5276562192 14.0181987156 -0.1350724490  0.0574991120  1.0000000000  0.2158430526 -0.1798749155  1.0000000000
10.6995568166  6.3415969462 15.9026754659  7.9216953485  4.2710980845 14.4557733930  0.1855513318 -0.0123832109  1.0000000000 -0.2177586811  0.2214174452  1.0000000000
11.2130222189  6.6995564919 12.9579221840  9.3124482753  3.9356476722 15.2322663559  0.2735316779  0.0185377514  1.0000000000 -0.1364506328 -0.0285220590  1.0000000000
11.5337685344  4.9724419005 16.5190465757 10.3484574769  5.8022249298 13.3581596051  0.0964434565 -0.2071586311  1.0000000000  0.1340746982  0.0609354415  1.0000000000
10.2310899401  6.0625679014 14.3498184645 10.2496524080  3.2442688607 14.8589635851  0.1156780653  0.0394470324  1.0000000000 -0.1060566223 -0.1051630855  1.0000000000
12.2354391359  4.9716543401 13.5032329344 11.3519825672  6.2616228751 13.9260793681  0.1515924412 -0.2623914640  1.0000000000  0.2638502782 -0.0718652070  1.0000000000
10.8302674855  3.9744037756 13.3832398230  8.6551930769  4.5359359719 12.3483357625 -0.0648452423 -0.1283167949  1.0000000000 -0.1626911671  0.2217115166  1.0000000000
 9.2253546996  6.6281602014 12.5072495048  9.1971354325  4.2197017976 12.7271274065  0.1386487226  0.2680772862  1.0000000000 -0.1491644077  0.1186652905  1.0000000000
 9.4050821311  4.3832941619 13.4230503966  9.2468315405  7.1211443062 15.8505394379 -0.0925690870  0.0980953997  1.0000000000  0.1858796948  0.1223965957  1.0000000000
10.3568100892  4.5747832490 15.0648606557  9.0973051729  6.2762532393 13.5922055324 -0.0277884393 -0.0930401836  1.0000000000  0.1039429834  0.2243812901  1.0000000000
11.9574369826  4.9526900628 14.7914685370  9.7623224569  3.4168629000 13.5084704676  0.0902652892 -0.1971284128  1.0000000000 -0.2338912866 -0.0761726193  1.0000000000
 9.7085464054  4.6150669062 13.0538214789  8.9820150667  4.2642810169 14.4179437429 -0.0738508265  0.0456144224  1.0000000000 -0.1415500542  0.0773189437  1.0000000000
 8.3982512605  4.4146794130 15.1467039500  9.5665845063  6.8096736092 14.0384716709 -0.1417688493  0.1076354590  1.0000000000  0.1740548990  0.1683739440  1.0000000000
11.1182900561  4.0808531549 15.4496136612 10.8372963457  3.5130610766 16.5586549211 -0.0632191208 -0.2164283743  1.0000000000 -0.1125070982 -0.2081059153  1.0000000000
 9.4883748611  5.8550532210 15.4557939773 11.8328610083  4.0187256774 13.7571821763  0.0709958956  0.0237016085  1.0000000000  0.0345772808 -0.2582575750  1.0000000000
 9.7920474330  5.4442239698 15.8637474081  9.9685639896  7.2187992710 14.5465025013 0.0015114176 0.0316552169 1.0000000000 0.2121872978 0.1416694944 1.0000000000
 8.5017734059  6.1460536872 14.8081212722  9.8412055222  3.6751584499 12.6777101379  0.0623139892  0.2115244102  1.0000000000 -0.2000760324  0.0068307208  1.0000000000
12.0532788729  5.7703177929 13.6751580194 10.0182658854  6.1573313149 13.8899448706  0.2466429021 -0.1629723899  1.0000000000  0.1198106952  0.0660845485  1.0000000000
11.4463649943  5.7932946655 13.4489180835 11.3828876755  5.9574954473 15.1405428685  0.2374504791 -0.1176478980  1.0000000000  0.1802261747 -0.0673671125  1.0000000000
11.2087915882  4.4760041330 16.3360482326 10.7786262107  4.8547919967 14.5964508411  0.0328937023 -0.1571195455  1.0000000000  0.0204246808 -0.1194575755  1.0000000000
 9.9104046759  3.1392894615 16.6201541987  9.7860547388  6.7754540587 14.4065329777 -0.1624271841 -0.1257814517  1.0000000000  0.1582762632  0.1302179515  1.0000000000
10.7495572304  5.9341256437 14.4964308603  9.8601954147  3.9802824384 12.6558678585  0.1564617567  0.0018071804  1.0000000000 -0.1512815018  0.0081326258  1.0000000000
 9.3123293158  5.1957954894 13.1257132735 10.7728544604  2.8131127133 13.2281572180 -0.0413565585  0.1753642204  1.0000000000 -0.1907834812 -0.2140931648  1.0000000000
10.1891857168  4.6922131276 15.9260246111  8.7309751269  6.8515784289 14.7422499945 -0.0074342734 -0.1000696636  1.0000000000  0.1011697984  0.2557362044  1.0000000000
 9.3399284454  6.8776853984 14.2820454785 10.0109121870  3.3163339070 12.7949231102  0.1351013466  0.2257437201  1.0000000000 -0.2505396548 -0.0704773164  1.0000000000
 9.9859547120  4.1368833380 14.9372039491  7.6072160514  4.4019956086 14.7452758525 -0.0873764977 -0.0709769375  1.0000000000 -0.1715061593  0.2152401391  1.0000000000
10.3026990918  4.9386396074 14.5353755836  9.3070900717  3.1963411871 13.6041964461  0.0091718151 -0.0212311423  1.0000000000 -0.2449253973  0.0018494277  1.0000000000
 9.8590438437  6.2690451828 14.3755772760  9.4039087391  7.1228897948 15.9827446182 0.0565468407 0.0688532873 1.0000000000 0.1850707224 0.1106878882 1.0000000000
 9.2728391782  4.2027361628 12.5640542823  9.9967786788  3.6712016017 14.5464207221 -0.1617710695  0.1254431202  1.0000000000 -0.1233028266 -0.0839157631  1.0000000000
 8.1207757160  4.1822188562 13.0183617126  8.8134824701  5.5285603801 12.2168907164 -0.2637812178  0.2035366735  1.0000000000 -0.0088817678  0.2993441666  1.0000000000
10.8137466490  6.0886264816 12.9970265599 11.5516721113  5.2776577437 14.4071680397  0.1700937118  0.0020336451  1.0000000000  0.1351162910 -0.1825047030  1.0000000000
 8.6338792763  4.2854700570 14.1784690438 11.6222657373  4.7210520223 16.7552351579 -0.1616649078  0.0933981923  1.0000000000  0.0668771855 -0.1862330151  1.0000000000
 9.2218028207  4.6525341024 16.3164450668  9.1660467209  3.7879533213 15.3184762798 -0.0862190743  0.0043561621  1.0000000000 -0.1656490592 -0.0034268392  1.0000000000
10.3646531333  6.1167023792 14.7756571261 10.5936112852  2.8998059869 16.0100667315  0.1095556460  0.0184723570  1.0000000000 -0.1428696652 -0.2284952130  1.0000000000
11.4356308540  6.4301075474 16.5981217693 11.8932671182  5.8740252151 12.9226609966  0.1765080453 -0.1043376415  1.0000000000  0.2481202456 -0.1494482890  1.0000000000
10.1723966415  4.6957283935 14.5308892332  9.2564262012  6.1729806454 13.4543351653 -0.0163419178 -0.0376429634  1.0000000000  0.0660294635  0.2103831935  1.0000000000
10.6408816393  4.0741817572 12.8276576353 10.5722662368  4.1126898251 13.4432529528 -0.0589081939 -0.1324129762  1.0000000000 -0.0834686803 -0.1374884536  1.0000000000
11.1966089757  6.1536775980 15.9097904448 11.6054059713  3.5557413441 13.4263207197  0.1798322199 -0.0726877209  1.0000000000 -0.0777290426 -0.3046468504  1.0000000000
10.5751245012  6.6333157639 13.3964305819 11.4685608385  6.2942436871 12.6478999850  0.2343427612  0.0748616153  1.0000000000  0.3175057369 -0.0327537304  1.0000000000
 9.9226768092  3.7497781738 13.0208155757 10.2807072640  4.8462236707 12.8633858539 -0.1706535273 -0.0344651103  1.0000000000  0.0215760426 -0.0137524314  1.0000000000
12.8539948415  5.3124176397 12.8967885907 11.1400371967  5.5920891241 14.3276463720  0.2821022918 -0.3376929746  1.0000000000  0.1723835933 -0.0720656802  1.0000000000
 9.8904671586  3.2476369429 12.8560840162  9.5527070106  4.9108068517 14.0815926342 -0.2483770244 -0.0411354144  1.0000000000  0.0014495279  0.0662475696  1.0000000000
10.4663470087  5.8017855795 15.6214380741 10.1284874211  6.1606349295 15.0358490035  0.0876730595 -0.0763260155  1.0000000000  0.1100636190  0.0290428659  1.0000000000
 8.9755371732  5.1340902371 12.3206394394  9.0874326580  7.0594807483 15.8455824698 -0.0513921495  0.2772558514  1.0000000000  0.1837091598  0.1434396298  1.0000000000
 7.5777453305  5.3293219087 15.4888328751 12.2183344485  5.0083253164 13.1030654727 -0.1153033495  0.1963630541  1.0000000000  0.1904986613 -0.2665653758  1.0000000000
11.8846828523  5.2368263207 14.9744133243  9.1551071076  3.7386389363 14.1997871325  0.1324136770 -0.2029491892  1.0000000000 -0.1623465188  0.0141291603  1.0000000000
