811.3000000000
50
-2.2009135209 -6.1416131011 -8.5724527313 -0.2226172306 -0.0316151569  1.0000000000
-0.0563329248 -3.3119950870 -8.1107516697 0.0685634121 0.1275368051 1.0000000000
 0.4703091126 -4.5627923804 -8.5413853769 -0.0711007324  0.2010735850  1.0000000000
-2.2610269452 -4.9650451919 -8.0688889198 -0.0416223447 -0.0188529131  1.0000000000
-1.9475912226 -4.8971124738 -8.5988959797 -0.0617715677 -0.0569661663  1.0000000000
-1.0205798076 -4.3773889164 -9.2102202141 -0.0804028985 -0.0352779425  1.0000000000
-3.4384191900 -5.6227909110 -9.6086171587 -0.1258856964 -0.2675230712  1.0000000000
-1.0020238163 -4.2546159719 -6.8994367686 0.0784522867 0.2253032912 1.0000000000
-0.3345788253 -5.9176476491 -7.6316038361 -0.1700319289  0.2249043894  1.0000000000
-1.7254053194 -2.6246500258 -7.8702214748 0.2171893632 0.0135744112 1.0000000000
-3.0861501827 -3.6485944943 -6.4429527465 0.3004359823 0.0799996892 1.0000000000
 -0.7437890853  -4.9078695590 -10.4542316965 -0.1988782114 -0.1039586496  1.0000000000
-1.6565302348 -2.3283645950 -8.1311914911 0.2203009954 0.0250249508 1.0000000000
-1.9102270193 -3.8915838631 -6.0597921095 0.2040695585 0.2626759009 1.0000000000
 -1.2598150449  -5.4649658782 -10.0761765701 -0.1806877890 -0.0933474107  1.0000000000
-2.4485803363 -5.2204608581 -7.3618116059 -0.0096670431  0.1116590025  1.0000000000
-1.4075744705 -6.3280256040 -7.2214477926 -0.2319405553  0.2130032727  1.0000000000
-2.8872100142 -5.7477514654 -8.1691843619 -0.1268083948 -0.0730437904  1.0000000000
-0.4781431117 -2.6736103561 -9.1866852722 0.0901987710 0.0024102324 1.0000000000
-1.2867053762 -5.3957912210 -9.4064167492 -0.1120776654 -0.0425754014  1.0000000000
-3.1891421119 -3.8718911795 -8.2103239313  0.1452765165 -0.1218371475  1.0000000000
-2.1950125683 -3.2750894023 -8.4157086493  0.1513846480 -0.0158073661  1.0000000000
-3.5348491652 -4.6820543783 -7.8568672913  0.0900460600 -0.1006778932  1.0000000000
 -0.9040187943  -4.1007184454 -10.8753266678 -0.0985345765 -0.1267795642  1.0000000000
-3.1003347615 -4.7792241660 -9.0215097304 -0.0265849008 -0.2037357616  1.0000000000
 0.2280931835 -5.1219867931 -9.4838154939 -0.1540193595  0.0069731698  1.0000000000
-0.0600295600 -5.1104157566 -8.6673717897 -0.1343559150  0.0940027659  1.0000000000
-3.7182027820 -5.3542292748 -9.5562131169 -0.1281974162 -0.2830233558  1.0000000000
-0.6355570517 -4.5093349179 -8.3670932588 -0.0691957293  0.1213832684  1.0000000000
-2.0361254259 -5.7057060565 -6.8133720250 -0.0503874450  0.1994587745  1.0000000000
-2.4946289347 -3.0670488400 -7.6019226365 0.2344415111 0.0312078218 1.0000000000
 -0.9733338370  -4.9819744385 -10.3321400909 -0.1463218870 -0.1075773885  1.0000000000
-2.0364506150 -4.6321967152 -6.4739734861 0.1091821145 0.1934077047 1.0000000000
-3.4651554494 -3.9812474263 -9.0973534038  0.0708220170 -0.2470694551  1.0000000000
-1.7980836170 -3.9737874934 -8.2123566626 0.0379804596 0.0197856786 1.0000000000
-3.0488564269 -3.8388040559 -6.9078419505 0.2214174100 0.0288381907 1.0000000000
-0.3534558982 -3.0446047687 -8.1053100962 0.0490356987 0.0922894626 1.0000000000
 -1.6948177480  -3.7630169215 -10.7211363528 -0.0568516631 -0.1637286376  1.0000000000
-1.8740876839 -4.0111105038 -8.7781499991  0.0198086659 -0.0772490479  1.0000000000
-1.1610494999 -5.7788078164 -7.8486119817 -0.1704363983  0.1382274203  1.0000000000
 0.0255587215 -4.6293423698 -9.2005236933 -0.1294864542  0.0501078243  1.0000000000
-2.2925910630 -4.7179067406 -6.8530857554 0.0512829747 0.1766374849 1.0000000000
 -0.4962037050  -3.8261275102 -10.1540150913 -0.0172964803 -0.0556091232  1.0000000000
-1.7432988531 -5.2657290838 -6.1778520553 -0.0227262648  0.3179192517  1.0000000000
-1.5496382904 -3.1729553656 -8.1972723021 0.0979643390 0.0507549297 1.0000000000
-2.5457013635 -5.7365320306 -8.6824956601 -0.1832756256 -0.0813398919  1.0000000000
 -1.2274506465  -3.9594240879 -11.0774520002 -0.0895566240 -0.1975053680  1.0000000000
  0.1053615378  -4.6762552262 -10.1798369870 -0.1294397027 -0.0522636053  1.0000000000
-1.3330408280 -3.0277339570 -6.1509314230 0.2252407579 0.2380881547 1.0000000000
-3.5455393565 -4.8509981613 -8.9294446453  0.0081139941 -0.2098859540  1.0000000000
50
-1.5172160181 -2.6519847615 -9.1501766260 -0.2433805651 -4.0810176675 -7.4164736935  0.1307752688 -0.0746578597  1.0000000000  0.0367599637  0.1946225686  1.0000000000
-1.9239879142 -2.3804044692 -9.2286681430 -0.8385765674 -2.7381427000 -7.7349363787  0.1521769475 -0.1126658940  1.0000000000  0.1391544574  0.0700653732  1.0000000000
-0.7323170278 -4.1028914492 -9.3237727843 -1.8524350351 -3.6058462219 -7.3435128916 -0.0295677431 -0.0029391032  1.0000000000  0.1417337606  0.1132891545  1.0000000000
 -0.6606416961  -3.1895416239  -6.7482933845  -2.3704560280  -4.8759368503 -10.1859261279  0.1428614608  0.1980518761  1.0000000000 -0.0655586570 -0.2403249853  1.0000000000
 -2.5500575853  -4.9460123735 -10.3839616504  -0.4644070713  -3.9124585733  -9.5595655502 -0.1511771467 -0.2270087221  1.0000000000 -0.0303579551 -0.0009408706  1.0000000000
-3.9422484279 -4.1232469708 -7.9726519773 -0.0498076534 -3.2577855057 -7.6578813850  0.1757457182 -0.1647413058  1.0000000000  0.0521604757  0.1602768675  1.0000000000
-2.4217124544 -3.0842398862 -7.0550610950 -3.2257386868 -4.1616572326 -8.0068485329  0.2419101157  0.0520293214  1.0000000000  0.1096334696 -0.0749238866  1.0000000000
 -0.7101512750  -4.4382448042 -11.0934022349  -2.4242693693  -3.3093317633  -7.6454124836 -0.1252451916 -0.1544244744  1.0000000000  0.1936457188  0.0364932498  1.0000000000
-4.1875723230 -3.7045798229 -8.4963286535 -0.7034304018 -2.1989877840 -8.4147475758  0.1936528045 -0.2579116265  1.0000000000  0.1880530794  0.0646937794  1.0000000000
-4.1521096908 -3.2963288211 -8.4459595707 -0.6660687885 -5.1329613943 -6.8811177029  0.2243756603 -0.2725349047  1.0000000000 -0.0940638138  0.2630936113  1.0000000000
 -2.2612110463  -3.1596214555 -10.3516256850  -0.9748030872  -4.3749949390  -7.4657084854  0.0632978044 -0.1543939615  1.0000000000  0.0028235284  0.1601940959  1.0000000000
-3.2530976953 -5.9922642000 -9.4571000596 -3.5191991051 -4.9270954077 -8.3150788948 -0.1900187303 -0.2224884193  1.0000000000  0.0100833214 -0.1817659248  1.0000000000
-1.8010295712 -3.2129156247 -9.5369713118  0.0449096777 -4.7758832863 -9.3852416681  0.0673189665 -0.1025371392  1.0000000000 -0.1375030113  0.0732069675  1.0000000000
-0.3622232710 -4.7722098913 -8.5874646605 -1.9684688280 -2.9293396201 -7.6506262004 -0.0948436401  0.0902452597  1.0000000000  0.2122574335  0.0121466682  1.0000000000
-2.1256617864 -2.8395154711 -6.8013418868 -3.9902416474 -2.8072119382 -8.5538932330  0.2883252601  0.1333866030  1.0000000000  0.2803243723 -0.2356435314  1.0000000000
-1.1521359166 -2.4087466618 -6.9162540507 -3.3620547768 -3.5668966865 -8.0264299485  0.2280048105  0.1659943674  1.0000000000  0.1529546802 -0.1098782478  1.0000000000
-1.7369088053 -2.3199072487 -8.4692980488 -0.3347359734 -4.6884720685 -9.5926515499  0.2038318068 -0.0115596390  1.0000000000 -0.1272490818  0.0044361623  1.0000000000
 -2.8182707274  -4.6089173436  -9.0785123577  -0.8299990773  -4.8206796954 -11.3676173490 -0.0329828000 -0.1503081115  1.0000000000 -0.1929072512 -0.1568972053  1.0000000000
-2.4505922586 -4.1501770070 -6.5233494134 -2.4613521492 -4.9280902634 -9.2732415324  0.1556814529  0.1885604612  1.0000000000 -0.0883415508 -0.1043850819  1.0000000000
-1.6411682235 -6.2695720561 -8.2937133349 -1.2334308323 -6.0592182459 -7.3665063951 -0.2127574265  0.1063190410  1.0000000000 -0.1446016331  0.2094904391  1.0000000000
-3.3214716901 -2.9532973346 -7.4039552706 -2.0309614199 -5.4743896189 -7.7191548951  0.3237870445 -0.0168572443  1.0000000000 -0.1303522190  0.0780901502  1.0000000000
 -0.9626123406  -2.3156759502  -9.6935933174  -1.0198482958  -4.1592471664 -10.7699464642  0.0561396565 -0.0831553452  1.0000000000 -0.0575106068 -0.1428486372  1.0000000000
-2.8798685353 -4.9716528177 -7.8099656089 -1.8153319850 -3.8701211764 -8.7555272969  0.0298339857 -0.0231232061  1.0000000000  0.0437442896 -0.0594185853  1.0000000000
-1.1426858712 -4.6705820906 -8.8282918876 -1.2957298445 -4.4281341339 -6.7851742503 -0.0948838504 -0.0012755188  1.0000000000  0.0497693992  0.2010076047  1.0000000000
 -1.7078660422  -4.9596661769 -10.3872625480  -2.0140457250  -1.9954963374  -8.6160207673 -0.1286688231 -0.1904047717  1.0000000000  0.2168080333 -0.0535244318  1.0000000000
-0.4050761834 -3.8321135344 -9.1045906773  0.4807790955 -5.2392579866 -9.0144897879 -0.0386697266  0.0179760454  1.0000000000 -0.2073602803  0.1028997985  1.0000000000
-1.9502076230 -5.3357345641 -7.1641955936 -0.1409443651 -3.3994997562 -8.7670996765 -0.0600363752  0.1382499592  1.0000000000  0.0169602493  0.0631824990  1.0000000000
-1.4283999763 -6.6694735035 -7.6695178943 -1.6609862637 -4.1410755804 -9.4905398203 -0.2844248034  0.1340022800  1.0000000000 -0.0225353640 -0.0458969830  1.0000000000
-2.1644578507 -3.3139490707 -6.0094503837 -2.7577565317 -2.8154168047 -8.9365759637  0.2558526615  0.2319314283  1.0000000000  0.2081772657 -0.1369384945  1.0000000000
-2.6125513502 -3.3596605816 -5.8187197486 -2.1059893863 -5.1869352461 -7.9857688249  0.3029231588  0.2252682048  1.0000000000 -0.0874511668  0.0205661325  1.0000000000
-3.1582592893 -3.1265067663 -7.6643145483 -1.9991300439 -3.1625845933 -9.3854413278  0.2660106773 -0.0666448241  1.0000000000  0.0742777788 -0.1263672911  1.0000000000
-1.1624756355 -4.0178106109 -9.3911544219 -2.7988962807 -6.3015284391 -8.9092043655 -0.0379907115 -0.0468950200  1.0000000000 -0.2442106560 -0.1294605131  1.0000000000
 -1.7689966329  -2.7018760118  -8.4321563585  -1.8198642462  -5.0136863593 -10.5633312957  0.1789935799 -0.0120083249  1.0000000000 -0.1849215653 -0.1553731324  1.0000000000
-2.9166784345 -6.5340667697 -8.9373611686 -2.0725391084 -6.0921777245 -6.9260697010 -0.2883918861 -0.1188775373  1.0000000000 -0.1188485916  0.1888613910  1.0000000000
  0.7631020514  -5.1003194033  -8.6061618304  -1.8006729403  -2.8314738105 -10.1734255041 -0.1370539335  0.1152866960  1.0000000000  0.0677133114 -0.1906387819  1.0000000000
-2.3859503381 -6.1985660778 -8.9291265942 -3.7342813875 -5.3306888720 -9.4515214265 -0.2572395205 -0.0953666405  1.0000000000 -0.0832364368 -0.2653147819  1.0000000000
-0.4705161699 -3.0103122645 -7.9888408918 -1.0640143986 -6.5866926415 -7.4459861575  0.1083040873  0.0746110851  1.0000000000 -0.2722783518  0.1914895719  1.0000000000
-2.2657262851 -4.6731165966 -8.0871338543 -3.7168731057 -4.4882350184 -8.7491918598  0.0212660635  0.0112722087  1.0000000000  0.0313679326 -0.2219687260  1.0000000000
-3.4790141743 -3.2526878348 -8.4482736862 -3.1085267727 -3.9264935015 -8.7711237117  0.2205727300 -0.1304544723  1.0000000000  0.1046151705 -0.1831892907  1.0000000000
-2.5944735123 -3.8763696366 -9.9006961091 -0.3694342079 -3.6296628807 -7.3026350273  0.0086816858 -0.2124924419  1.0000000000  0.1140060844  0.1790043577  1.0000000000
-3.7553568683 -2.6474354096 -8.6258011276 -2.0988676669 -6.0274429068 -9.7723508615  0.2618673459 -0.2281738705  1.0000000000 -0.2425135513 -0.1212687766  1.0000000000
 -2.6009172912  -2.7039387204 -10.0296862842  -2.7678328694  -3.8052819188  -8.9946287366  0.0938184608 -0.2374381702  1.0000000000  0.0951589616 -0.1210363243  1.0000000000
-1.4338915343 -5.6695557420 -8.8320578192  0.0739407397 -4.3591907420 -9.2035878615 -0.1698310274  0.0068875199  1.0000000000 -0.1112392327  0.0762659818  1.0000000000
-0.7975001657 -4.5218605836 -7.1760065590 -3.2222851923 -3.7385625388 -8.7444323136 -0.0284806436  0.1801348435  1.0000000000  0.1018133420 -0.1330935593  1.0000000000
-0.1049540890 -2.5447291289 -8.2373233798 -2.2915523783 -3.5708132205 -8.4612284905  0.1315163817  0.1293977755  1.0000000000  0.0853464819 -0.0532748264  1.0000000000
-2.7615994526 -3.9609776276 -6.5703198967 -3.4033263391 -6.4596302037 -9.5752527343  0.2113360013  0.1504804171  1.0000000000 -0.2629051853 -0.2387883824  1.0000000000
 -1.6987046517  -6.6633448389  -7.3969727471  -1.1925204272  -4.2502715287 -10.5044851643 -0.2719828731  0.1289387067  1.0000000000 -0.0767574974 -0.1813227047  1.0000000000
-1.8868701663 -3.3067808939 -7.7031713362 -1.3551303532 -4.3474235868 -8.8165391220  0.1320540915  0.0644137806  1.0000000000 -0.0362785818  0.0064623977  1.0000000000
 0.6528877581 -4.4079399942 -8.0806179354 -2.8455243496 -4.3542715528 -8.9227316566 -0.0726910000  0.1694559377  1.0000000000  0.0193869546 -0.1104121629  1.0000000000
-3.5912025588 -5.7814499903 -8.8430368957 -0.7196108193 -3.1827517606 -8.4397919210 -0.1652530314 -0.2417559735  1.0000000000  0.0708447985  0.0379660238  1.0000000000
