403.9000000000
50
 1.0902346317 -3.2263408385 -1.9199814935 -0.1519322785 -0.0612943405  1.0000000000
 1.8112949203 -3.7569347990 -1.6924047461 -0.1138438971 -0.0634313996  1.0000000000
 0.3998400191 -2.4089655709 -5.3692009612  0.1920406230 -0.0375915281  1.0000000000
 1.4044015496 -3.8225532895 -5.4055951090  0.2743337947 -0.1498919150  1.0000000000
 1.6658874507 -1.6722677069 -5.0375146542 0.2342066372 0.1509829319 1.0000000000
 3.9904940802 -1.7941658516 -3.4423414016 0.1618854988 0.1543040770 1.0000000000
 1.4280116738 -2.3687254745 -3.0801058522 -0.0066788407  0.0516635586  1.0000000000
-0.1008372711 -3.7566778828 -3.5390593192 -0.0773631682 -0.1756394630  1.0000000000
-0.2719570322 -4.2150658687 -3.0952031060 -0.1198996770 -0.2188865586  1.0000000000
-0.1976615598 -2.6064637675 -3.7089147019 -0.0836044638 -0.0583788098  1.0000000000
 1.6429529788 -2.5686523186 -3.4362739577 0.0013734520 0.0249216969 1.0000000000
 2.2764173977 -1.9510696267 -1.5706532157 -0.1337925520  0.1132111146  1.0000000000
 0.1329875109 -2.1951675379 -2.3159678269 -0.2555368217  0.0258994088  1.0000000000
 0.8413453824 -2.6661469496 -1.8558220007 -0.1915350392  0.0276818437  1.0000000000
 0.5615452641 -3.1715506847 -3.4168094023 -0.0241293794 -0.0423594905  1.0000000000
 0.6826937131 -3.9497816006 -4.4260503759  0.0814531680 -0.1883818548  1.0000000000
 3.0104095182 -3.0449327459 -2.8060897340 0.0280149056 0.0188851054 1.0000000000
-0.2165892924 -0.4684600594 -2.9280147375 -0.2400186466  0.2773864796  1.0000000000
-0.4752949975 -3.4704121052 -3.8534926089 -0.0759486918 -0.2018827283  1.0000000000
 1.9506061428 -2.8160962393 -3.9364265549 0.0845745879 0.0193633946 1.0000000000
 0.2969960183 -4.1876104250 -5.3835254332  0.2240385894 -0.2784086662  1.0000000000
 2.0792506813 -4.1217803655 -2.0399793485 -0.0468960178 -0.1368313155  1.0000000000
 0.5028280068 -3.2358594637 -2.4948332297 -0.1238330036 -0.0381070604  1.0000000000
 2.9833479276 -3.6602766455 -2.5633363815  0.0411075818 -0.0610891987  1.0000000000
 0.5653203693 -1.1805079296 -2.4992488477 -0.1739220860  0.1768332063  1.0000000000
 1.4043398793 -2.8698679113 -3.4372168422 0.0086135738 0.0238124794 1.0000000000
 0.2030748387 -4.0967205111 -5.4562259366  0.2023366014 -0.2640349253  1.0000000000
-0.0314175997 -3.5690545163 -5.2959693168  0.1665282315 -0.2050015853  1.0000000000
 1.1974521272 -2.4470721137 -5.0644647510 0.1974168782 0.0587124327 1.0000000000
 2.7463327055 -4.3429701615 -4.3761537047  0.1570339052 -0.1424338380  1.0000000000
 1.7447974647 -4.8991186610 -2.7320462974 -0.0496743083 -0.1650186221  1.0000000000
 0.0800683761 -2.8124566934 -4.6485896948  0.0736406856 -0.0515817352  1.0000000000
 1.2373665574 -2.4068228613 -3.5860510839 -0.0131642985  0.0360034867  1.0000000000
 3.0615541633 -4.8465968973 -4.3518834156  0.1833337599 -0.1660864088  1.0000000000
 2.6987275501 -4.1034133314 -4.6464255565  0.2201912269 -0.1274268221  1.0000000000
 0.3233411196 -1.2561112185 -3.4277574263 -0.1227787878  0.1717710297  1.0000000000
 1.3879340007 -2.3177694880 -4.9955237042 0.1778693779 0.0794900622 1.0000000000
 1.8120619075 -3.6001860454 -4.9313442189  0.1588784535 -0.0985812537  1.0000000000
 3.3554197196 -4.9817942029 -3.8530572381  0.1900709938 -0.1585026604  1.0000000000
-0.8259503702 -3.9695750722 -2.8750665644 -0.1387032223 -0.2516649128  1.0000000000
 1.4651695888 -2.6307633028 -5.2096280069  0.2348742509 -0.0165000515  1.0000000000
 1.7611606463 -4.5558907526 -3.8430860226  0.0810137434 -0.1631992307  1.0000000000
 1.2202190551 -2.2123016475 -4.8884921102 0.1418024757 0.0707853727 1.0000000000
 0.3991077605 -2.1560585167 -2.6364467525 -0.1648637533  0.0770729308  1.0000000000
 0.9361594798 -2.5239065508 -1.5392376256 -0.2259232051  0.0644422950  1.0000000000
 2.0880923839 -1.4488194075 -4.2451559038 0.1095279867 0.1740183086 1.0000000000
 0.9443527009 -1.7779747626 -5.7358333284 0.2860020281 0.1262173092 1.0000000000
 0.2740676691 -2.1688855224 -2.5311546823 -0.2320427811  0.0729266664  1.0000000000
 1.5092989997 -2.8637764465 -3.7273544922 0.0344248690 0.0023233987 1.0000000000
 1.8316549777 -2.4364645271 -3.5267365168 0.0456665773 0.0421746643 1.0000000000
50
 1.3955918187 -2.9230539016 -1.3671684029 -1.1021501644 -3.2917012830 -3.3963454802 -0.2163495497 -0.0270160908  1.0000000000 -0.2310977122 -0.2099770609  1.0000000000
 3.1684571956 -1.4429412647 -3.9106189396  1.9903142391 -4.5963284046 -2.2132388255  0.1391854447  0.2256031426  1.0000000000 -0.0331908680 -0.1609666122  1.0000000000
 1.1797907033 -4.0105068855 -5.4590913900  3.8301820621 -1.9557813847 -3.4844691521  0.2627269532 -0.2007813031  1.0000000000  0.1340856772  0.0931760074  1.0000000000
 1.2120667552 -1.5320372233 -3.6661962318  0.5789794255 -0.7982301645 -2.1621139585  0.0340859103  0.1801734504  1.0000000000 -0.1862511557  0.2232261661  1.0000000000
 2.2013962386 -3.0502892562 -3.1541792932 -0.7652097196 -3.9048693954 -3.0830981034  0.0505353391  0.0115585310  1.0000000000 -0.1683433110 -0.2677584583  1.0000000000
 2.9911759252 -1.8172089343 -3.4348745807  3.6727830102 -1.8315641884 -3.9208410564 0.0973734033 0.1440805564 1.0000000000 0.1844116934 0.1754464428 1.0000000000
 3.7626969500 -3.2142846079 -3.4539463117  3.2819771416 -3.3878125125 -4.3924804266  0.1559050370  0.0414360754  1.0000000000  0.2386405264 -0.0135705206  1.0000000000
-0.0814381593 -1.2243732884 -2.8902885365 -0.6159388185 -1.4363981599 -2.6843617188 -0.2062794306  0.1717085345  1.0000000000 -0.2423293569  0.1311522813  1.0000000000
 2.7570845719 -5.2844522238 -3.7363310926  1.4352234947 -3.2812649002 -4.5359027209  0.1452736534 -0.2052742855  1.0000000000  0.1219914145 -0.0582511689  1.0000000000
 0.2457805285 -4.1968820652 -2.8137215260 -0.7506009734 -2.9744370674 -3.9880154868 -0.1148904948 -0.1987142722  1.0000000000 -0.0605114771 -0.1312361166  1.0000000000
-0.7999665707 -4.0928440223 -3.1894980041  2.1663773810 -1.7532823561 -1.2377550251 -0.1766328134 -0.2672087515  1.0000000000 -0.1554244039  0.1879411137  1.0000000000
 2.9918471863 -1.9330080435 -3.4999633200  1.1294121650 -2.3002909447 -2.2259232481  0.1255526537  0.1382211713  1.0000000000 -0.1493057503  0.0420693315  1.0000000000
 2.8526904561 -2.0351816068 -4.8447387044  2.7568176375 -1.6543160197 -3.4375054452 0.2370592386 0.1395413829 1.0000000000 0.1023326945 0.1806126791 1.0000000000
 2.7883051496 -2.0618699517 -3.4361205595  0.1596406889 -3.8483454213 -1.8511485640  0.0967675239  0.0902922601  1.0000000000 -0.1726031118 -0.1524133613  1.0000000000
 0.1374053252 -1.8848818941 -2.5920168811  1.5906570049 -2.2978656406 -2.9876476735 -0.2249760221  0.1015950346  1.0000000000 -0.0572167071  0.0530984070  1.0000000000
 2.9678778631 -1.9903776361 -2.3095194327 -0.0556773925 -1.4805534851 -3.5157553703 -0.0031955626  0.1094039347  1.0000000000 -0.0885474135  0.1154012680  1.0000000000
-0.3909082786 -2.5025148139 -2.7760742709  2.5756645349 -5.2546170447 -3.4393470632 -0.2273870671 -0.0480260870  1.0000000000  0.0970541588 -0.2285510039  1.0000000000
 0.2453316014 -2.1616049142 -4.3189619771 -0.5111672658 -3.2643880288 -4.0609241356  0.0521811642  0.0437039399  1.0000000000  0.0032777464 -0.1494701708  1.0000000000
 1.9798592353 -1.1770042815 -1.8094303510  0.7098392139 -2.6145549847 -3.2351720936 -0.1396317808  0.2302747394  1.0000000000 -0.0709974785  0.0005982458  1.0000000000
 2.5337942614 -1.8633669960 -5.2195692341  1.6443631204 -3.5047843824 -3.8318554695  0.2931115339  0.1601719828  1.0000000000  0.0909889722 -0.0744976227  1.0000000000
 2.4888334224 -4.2806160464 -2.3921215414  0.2362295500 -3.0939773576 -2.5612129377  0.0307007831 -0.0997404207  1.0000000000 -0.1798480790 -0.0559767419  1.0000000000
 2.3350751429 -2.8525115794 -3.3928170562  2.6241011765 -3.3472344870 -3.2018672215 0.0674898488 0.0582518725 1.0000000000 0.0773759469 0.0164748536 1.0000000000
 0.9786432632 -2.4182062911 -2.2473417320  0.0294590603 -1.7147221718 -4.0700621880 -0.1239317703  0.0423661008  1.0000000000 -0.0139445448  0.0760985325  1.0000000000
 0.8345359470 -3.2400840886 -3.1222527515  2.9309229216 -2.2858435958 -4.3176588970 -0.0398503801 -0.1018987285  1.0000000000  0.2163469143  0.1043726650  1.0000000000
-0.2549140179 -3.6643204026 -5.1072377478 -0.9510014110 -1.2665020764 -2.8172465298  0.1435155849 -0.2733263750  1.0000000000 -0.3194918122  0.0993981327  1.0000000000
 1.5541048230 -2.2857387622 -2.2930040083 -0.1115626659 -4.1067897297 -4.7432088839 -0.1075278568  0.1160194940  1.0000000000  0.0843034051 -0.2576340771  1.0000000000
 0.3926012395 -1.4618587552 -2.7599381964  3.1049787582 -3.1365256981 -3.0599315799 -0.1658562244  0.1465708662  1.0000000000  0.0524937842  0.0059927831  1.0000000000
 0.4811668496 -4.2138214770 -2.5233290796  2.5015618001 -4.5201908534 -4.2859294280 -0.0928817792 -0.1953541898  1.0000000000  0.1713052374 -0.1449685773  1.0000000000
-0.1027991619 -1.7775057442 -3.2812411773  2.1856078407 -3.9360569021 -5.0149692428 -0.1306503867  0.0691161070  1.0000000000  0.2887761525 -0.0763630551  1.0000000000
 0.0009446273 -3.3237632664 -2.4207248728  0.3964412020 -3.2687791558 -5.4710258110 -0.1570941972 -0.1306401923  1.0000000000  0.2112690455 -0.1790285798  1.0000000000
 0.5178434233 -0.6631998308 -4.1373469845  0.3795641901 -4.3499747390 -3.9459841388  0.0402241187  0.2706996102  1.0000000000  0.0461960114 -0.2477058763  1.0000000000
 2.1849453619 -3.8342551422 -1.7129472669  0.6744052146 -3.5168040209 -5.3770195634 -0.0790520930 -0.0651050876  1.0000000000  0.2382808326 -0.1491996748  1.0000000000
 3.6613808333 -2.2823170258 -4.2141833829 -0.8464577417 -2.0119642454 -3.1288446501  0.1750484493  0.1198309807  1.0000000000 -0.1751806239  0.0529319013  1.0000000000
 3.4501117542 -2.7972458499 -3.3257955689 -1.0757011159 -3.3560482967 -2.6226454577  0.1360153109  0.0299650364  1.0000000000 -0.2624496926 -0.1835074140  1.0000000000
-0.0690268572 -1.9697062614 -3.5511373045  0.9951712928 -2.0326415502 -4.2458947425 -0.1234852402  0.0618692736  1.0000000000  0.0700116915  0.0730169133  1.0000000000
 0.3546149262 -1.5018862476 -4.4052711167  1.1085188527 -4.5738030154 -3.7069371304  0.0303587242  0.1282441913  1.0000000000  0.0349128776 -0.2319145360  1.0000000000
 0.2730770440 -4.3494685401 -5.8895201064 -0.2445235900 -3.7391229319 -2.7487156402  0.2996166333 -0.3413867343  1.0000000000 -0.1815759319 -0.1962014892  1.0000000000
 1.9132606501 -0.9094417355 -5.6005433527 -0.4702904202 -4.2548344321 -4.2964828638  0.3053445329  0.2463222221  1.0000000000  0.0039230985 -0.3008785860  1.0000000000
 0.3470811430 -0.7389803149 -2.7300485730  2.0598403708 -4.8996836662 -1.9293530371 -0.2056783821  0.2374030836  1.0000000000 -0.0305021822 -0.1594702193  1.0000000000
 0.3618516981 -3.5663884885 -5.9704182465  0.9010313640 -2.7818086286 -4.0579548441  0.2776353013 -0.1940331180  1.0000000000  0.0587360522 -0.0655337644  1.0000000000
 2.2732145296 -3.0770355939 -1.8124452479  0.3121689053 -4.3328898547 -3.1178482750 -0.0832550086 -0.0000666127  1.0000000000 -0.0815685637 -0.2499187116  1.0000000000
-0.9194404414 -3.6350825618 -4.0716948236  2.7467283600 -3.5215515440 -2.5667694327 -0.0604857565 -0.2399147293  1.0000000000  0.0323036862 -0.0060070342  1.0000000000
 0.2627840299 -1.8940640248 -4.1943802385  0.3011440673 -1.4088618195 -4.2512296248 -0.0692288044  0.0996723282  1.0000000000  0.0176004831  0.0860653283  1.0000000000
 1.9567287406 -1.0383834826 -2.8897448927  2.5717610235 -1.3155489222 -2.8294192069 -0.0434460400  0.2194330710  1.0000000000  0.0153276539  0.2162033008  1.0000000000
 0.9252072338 -0.6286627405 -4.9517196848  1.8572974381 -4.0287244613 -1.2925308159  0.1638310351  0.3141928080  1.0000000000 -0.1413780496 -0.1155128950  1.0000000000
 1.4808924535 -4.1404553822 -4.0179795195  3.0513067134 -2.8451163227 -3.5155884985  0.1059693641 -0.1514055439  1.0000000000  0.1150923693  0.0785709904  1.0000000000
 1.2277672984 -2.0877637288 -5.3222967012  1.1192965353 -2.4755653560 -2.7121436220  0.2607895682  0.0864787558  1.0000000000 -0.1011773213  0.0455565413  1.0000000000
 1.0319277329 -1.8355910108 -5.8113173210  2.0973390516 -1.9987109832 -3.8718958221 0.3018300703 0.1129359673 1.0000000000 0.0961058661 0.1404577866 1.0000000000
-0.1494499231 -3.0811464947 -4.9786624868  1.9159002958 -0.8590648181 -3.8117348984  0.0746503048 -0.1298370880  1.0000000000  0.0673869660  0.2867021059  1.0000000000
 2.1624091943 -5.0319107915 -2.8455509257  1.7165243546 -4.9428312673 -4.4491892249 -0.0092049689 -0.1857708663  1.0000000000  0.1438409851 -0.2200917146  1.0000000000
