905.3000000000
50
-5.4380346517  8.7364123792  3.5916908641 -0.0309440100 -0.0311653017  1.0000000000
-2.8879598098  8.4309497935  4.6689995528 0.1563044887 0.1492405318 1.0000000000
-5.2471014659  8.9945837175  5.9909829139 -0.0093460192 -0.2422402374  1.0000000000
-2.9036888216  7.6306699928  4.0932426469 0.0747927549 0.2069148350 1.0000000000
-2.4511712052  9.2777932525  4.7301849039 0.3271268873 0.1452640459 1.0000000000
-5.1794987015  8.1466172827  6.0518403939 -0.0690255487 -0.1811692602  1.0000000000
-3.7710024299  7.9099668463  4.5998790231 0.0279941775 0.0645100156 1.0000000000
-5.5303774954  7.3063508293  5.5718626663 -0.1849889280 -0.1339692470  1.0000000000
-4.0905979279  8.4036391264  2.5692828806 0.0222091726 0.1198578155 1.0000000000
-2.6717602574  8.4968334273  5.1922967621 0.1974645241 0.1183807772 1.0000000000
-4.8261219430 10.5436733900  5.0413359078  0.1944251186 -0.2169627342  1.0000000000
-3.2536670394  7.5290925405  4.5137396062 0.0366216275 0.1805989200 1.0000000000
-3.9867705139  9.6176546684  5.1925936860  0.1609223781 -0.0763662574  1.0000000000
-1.7404239717  8.6373967209  4.5360413693 0.2934488998 0.2663614575 1.0000000000
-4.3121213623  7.7224309002  1.8689021701 -0.0895694161  0.1473384417  1.0000000000
-4.4076033106  8.9206934376  5.9152303569  0.0907885550 -0.1233466176  1.0000000000
-3.4506727915  8.9917040549  2.6872102115 0.0848058372 0.1163583523 1.0000000000
-4.3079728974  5.6404129532  4.4986483678 -0.2902152477  0.2260056249  1.0000000000
-6.1109132311  8.3587661643  2.7593748942 -0.1599322117 -0.0459124346  1.0000000000
-4.0550470802 10.6623561844  4.5006913380  0.2402602317 -0.1101995605  1.0000000000
-6.9087982846  8.6735328526  4.2671270496 -0.1834989728 -0.2386611746  1.0000000000
-3.8496657784  8.6623810997  4.1999634066 0.0551662012 0.0412428871 1.0000000000
-4.0461601957 10.2947984558  3.5545213193  0.1734303318 -0.0512514564  1.0000000000
-5.7720051495  8.2666111609  3.6081385490 -0.1239498056 -0.0565100724  1.0000000000
-4.1357977958  8.1003455426  3.5005343911 0.0325544825 0.0719406200 1.0000000000
-5.6509892527  9.1206096124  3.2217429140 -0.0346598727 -0.0605848202  1.0000000000
-5.8083804255  9.8457819144  4.5997824271  0.0136216488 -0.2084467369  1.0000000000
-6.2224716711  9.1050451671  4.8295722627 -0.0788225712 -0.2517015341  1.0000000000
-5.8607359714  9.7729797528  3.1967918874 -0.0307404816 -0.1098154860  1.0000000000
-5.4198299577  8.3971911614  5.9665188089 -0.0447847016 -0.2063538077  1.0000000000
-3.5445062626  9.9507772941  5.8446638014  0.2557420848 -0.1210307904  1.0000000000
-3.3996239585  8.3702948895  2.4985561176 0.0412332494 0.1455907193 1.0000000000
-4.5717116758  6.1728159106  4.6717141668 -0.2472452390  0.1687531263  1.0000000000
-2.2859730668  8.4924558576  3.2823464973 0.1983983342 0.2421937261 1.0000000000
-4.3137761174  8.3515082206  5.2054156652  0.0388320696 -0.0396699673  1.0000000000
-4.7557121648  6.7532472337  3.2164810069 -0.1778117675  0.1472804084  1.0000000000
-3.8185307854 10.3444631527  4.3237529757  0.2353543499 -0.0759965045  1.0000000000
-4.0400460491  8.5502205551  3.4287678577 0.0563084771 0.0778281181 1.0000000000
-7.0296051616  8.6929278206  3.5106766027 -0.1820631925 -0.1667402994  1.0000000000
-3.7007517307 10.7681021301  2.7132330576  0.1884391133 -0.0075822897  1.0000000000
-5.3676807921  7.2819187608  5.0304391364 -0.1729569541 -0.0750521550  1.0000000000
-5.7946292610  8.6026295047  6.2048375066 -0.1125245915 -0.2901799024  1.0000000000
-7.0138074348  8.9753558333  3.2767243828 -0.1163247312 -0.1681643336  1.0000000000
-4.2410178496  7.4983446468  1.9252795749 -0.0688822514  0.1710142100  1.0000000000
-3.4764961442  9.3314827332  5.0259331401  0.1844813221 -0.0156291215  1.0000000000
-5.0761385446  6.6104649521  5.1801774889 -0.2828199262  0.0081397325  1.0000000000
-4.0687128917  8.8674435392  4.3474978808 0.1220789306 0.0192117363 1.0000000000
-6.0378027392  8.1829810776  6.2028580734 -0.1481044845 -0.2956707962  1.0000000000
-4.2294959549 10.0220689228  5.9461131960  0.1805004629 -0.2080179553  1.0000000000
-5.2162985925 10.2463825660  4.2062428896  0.0881719128 -0.1575135331  1.0000000000
50
-6.2973601193  8.2609697283  3.8458811684 -5.5337381691  7.9511126950  2.3791670358 -0.1761861758 -0.1424676417  1.0000000000 -0.0766625919  0.0686428384  1.0000000000
-4.0235379072  6.6587298601  5.2635430920 -7.0860395198  9.4884133502  3.3067846456 -0.1402105733  0.1409617159  1.0000000000 -0.1268537573 -0.1745027378  1.0000000000
-3.4324140003  8.7136013614  2.4295473612 -3.7145609117  6.2298817271  4.5329482044  0.0603375698  0.1017169721  1.0000000000 -0.1388543809  0.2663185538  1.0000000000
-3.4994640926  8.7233371379  4.9490570992 -3.2326681386  9.0670871057  2.9335182278 0.1149565253 0.0356949482 1.0000000000 0.0691233724 0.1226846622 1.0000000000
-3.4027079831  9.9398626389  2.8375835841 -5.8545138640  6.9529233804  5.7710722523  0.2162378310  0.0731549063  1.0000000000 -0.3154486049 -0.1176745380  1.0000000000
-4.0650409504  7.2474513871  2.2129884051 -2.8130320348  9.3973961386  2.1805595485 -0.0767901983  0.1979139203  1.0000000000  0.1678013730  0.1852146414  1.0000000000
-2.5609894591  7.2163279601  4.9480294858 -2.9444333863  7.7626797731  4.1069727211 0.0956005576 0.2596461598 1.0000000000 0.0986660951 0.2026787945 1.0000000000
-4.0397852244  8.0099659096  3.6257332761 -3.4990728899  6.9189240360  4.5322267069  0.0217555435  0.1342556563  1.0000000000 -0.0741072659  0.2339273001  1.0000000000
-4.2069009736 10.5081956180  5.2888313409 -2.5079762664  7.7173791316  4.8636699763  0.2486057659 -0.2023756369  1.0000000000  0.1265090317  0.2227983285  1.0000000000
-4.7286857274  8.1438816466  2.2253332794 -3.5518457859  8.6988261363  2.5726573128 -0.0496348366  0.0548061803  1.0000000000  0.0840779147  0.1502693976  1.0000000000
-4.2429321124  9.1502819155  2.8851901904 -4.0562205567  7.9209808665  5.5464641287 0.0841301300 0.0447390342 1.0000000000 0.0069344871 0.0186887319 1.0000000000
-4.9813012502  8.8797244392  2.2512472535 -3.9777757136  7.1503417617  2.9962140489 -0.0119034259  0.0310062514  1.0000000000 -0.0894987884  0.2423434848  1.0000000000
-5.6275313213  6.7855509592  5.0604579076 -3.2359193246  9.5089903314  3.4348479301 -0.2902068114 -0.0484094676  1.0000000000  0.1356554526  0.0678003652  1.0000000000
-3.8108293935 10.2988734237  6.7366821009 -4.7605448019 11.0302214714  3.1366036812  0.3512300094 -0.2943277459  1.0000000000  0.1527485814 -0.0980291632  1.0000000000
-5.4387349408 10.0056257119  4.2413634027 -3.0454374398  6.5878386136  5.0896628238  0.0896342962 -0.2197440466  1.0000000000 -0.0043706373  0.3033951969  1.0000000000
-5.3072157802  6.7832030966  2.9541985003 -3.2409380860  7.4127978018  4.3534861257 -0.1959709457  0.1211649560  1.0000000000  0.0463223472  0.1904439048  1.0000000000
-4.9453730182  6.9624138973  2.4381339263 -2.9617853435  9.6704708939  5.6141034520 -0.1167966685  0.1598407921  1.0000000000  0.3110991309  0.0294237998  1.0000000000
-4.1947450591  8.0563644530  3.9407548330 -6.0521982014  7.8179843305  4.3530872687 -0.0447751605  0.0379847341  1.0000000000 -0.1669192714 -0.1108439994  1.0000000000
-5.5811753785  7.6975736329  4.7724715349 -5.0714155565  8.3354296259  4.8994206892 -0.1550996241 -0.1032590089  1.0000000000 -0.0263522912 -0.1271090384  1.0000000000
-5.4941429112  9.1997149629  5.9679906899 -6.3075719050  9.8444874412  3.7732547122 -0.0135644296 -0.2547341026  1.0000000000 -0.0016379702 -0.2135864521  1.0000000000
-4.5952484220  6.7032626705  4.5728711349 -4.2759387409  5.6572679320  4.0071018859 -0.1708955793  0.1401910453  1.0000000000 -0.2388201040  0.2812491719  1.0000000000
-3.1781941530  9.4031411417  2.9879772315 -4.3128653200  7.4591883905  2.1082320561  0.1687082093  0.1163806497  1.0000000000 -0.0942524730  0.1865234717  1.0000000000
-3.9803185573 10.5023132239  3.3130603493 -3.9354318943  6.5416947083  4.0789344261  0.1779522598 -0.0199859998  1.0000000000 -0.1183439169  0.2361294275  1.0000000000
-4.8196983822  9.2291301972  5.0211868469 -3.0973066207  9.6674297227  3.9163546085  0.0851743363 -0.1149113119  1.0000000000  0.2456798594  0.0543730377  1.0000000000
-2.8012761510  9.7936975109  2.1735300053 -2.6240931178  9.5351724082  4.2985988072 0.2026870402 0.1439204994 1.0000000000 0.2470089590 0.0605364916 1.0000000000
-3.2248286216  8.7207602837  2.2726261426 -4.4932647545  9.0709806483  6.6044028343  0.1147683022  0.1509687039  1.0000000000  0.1268892181 -0.2189201667  1.0000000000
-3.1750294294  6.5472487297  5.1117863164 -4.7364799482  7.9340606855  2.3654272891 -0.0884577942  0.2824656919  1.0000000000 -0.0659514587  0.0677945201  1.0000000000
-3.3327052087  8.3464659345  5.3972077016 -2.7501806839  7.2159797353  5.1269114990 0.1688754361 0.0557646566 1.0000000000 0.0666506019 0.2156473060 1.0000000000
-3.9751133517  9.6535991669  5.5148236911 -4.1273390693  8.0686966421  2.2362502542  0.2170589801 -0.0999180927  1.0000000000 -0.0449628174  0.1563489933  1.0000000000
-4.6659714571  7.5776158051  2.5023137290 -4.3622151485 10.6983437466  3.9428000880 -0.1364092256  0.1475795904  1.0000000000  0.2206531534 -0.1190271629  1.0000000000
-5.0400508452 10.7347480120  4.1739287653 -4.2991768018 10.6674396953  5.3123019550  0.1619234560 -0.1780889475  1.0000000000  0.2141660878 -0.2409085577  1.0000000000
-4.1708059782  9.8261767269  6.4628617394 -2.9327810891  7.6857343834  3.4521646162  0.2553226169 -0.2257158583  1.0000000000  0.0781206543  0.2567478239  1.0000000000
-6.7549803112  8.9231890479  3.7827844996 -6.6433627661  7.9858520414  4.7450478415 -0.1343746750 -0.1766893829  1.0000000000 -0.1964213674 -0.2098207726  1.0000000000
-4.7173647497  7.5068340402  5.8744308470 -6.4001553515  8.6165533790  3.1457792299 -0.0927729272 -0.0643863862  1.0000000000 -0.1420456583 -0.1063753856  1.0000000000
-4.2174265305 10.5133135652  5.9251145665 -4.5335705165  6.9436964432  3.3839212515  0.2994920664 -0.2769753008  1.0000000000 -0.1672898960  0.1422615033  1.0000000000
-4.9086544684  7.6346440749  4.2318388205 -3.2586648853  6.6008493152  4.2052616300 -0.0757920912 -0.0033819957  1.0000000000 -0.0964343433  0.2653852646  1.0000000000
-5.3963153997  8.9202363886  6.0816132341 -4.0340510057  7.4887270748  5.7675095037 -0.0067968248 -0.2588137016  1.0000000000 -0.0868672080  0.0179678121  1.0000000000
-5.0215119145  9.1861660547  4.1415041580 -3.5563170886  8.7945275925  2.7783443287  0.0299602969 -0.1006136585  1.0000000000  0.0606092626  0.1002908568  1.0000000000
-5.0989416935  7.0752314875  2.3023867613 -4.0267981901  7.1520509701  5.1032556375 -0.1814485942  0.1296459785  1.0000000000 -0.0719250852  0.0783715334  1.0000000000
-3.2674552935  6.9243292656  4.0747803919 -5.0437947551  7.3737198332  5.0340769068 -0.0284101123  0.2592149194  1.0000000000 -0.1529460454 -0.0114956098  1.0000000000
-2.5776109913  8.2449914902  3.8742001963 -5.0248622356 10.3673437868  4.3253138808  0.1270949586  0.1871454483  1.0000000000  0.1251782616 -0.1976047428  1.0000000000
-3.6900273085  9.2027042380  6.3413924139 -5.3766165861  8.5498158135  4.4814808800  0.2398807959 -0.1144853410  1.0000000000 -0.0514493709 -0.0847430798  1.0000000000
-3.3271052531  8.7214976565  2.0285256738 -4.0705597375  7.8698899998  4.0433056126  0.0812368634  0.1544533526  1.0000000000 -0.0208609700  0.0473899360  1.0000000000
-4.7413492553  7.2392185279  5.4920729917 -2.6470568545  8.9954437873  5.2780740738 -0.1258446249 -0.0049073288  1.0000000000  0.2757272789  0.0375500078  1.0000000000
-2.3766144222  8.7101717469  3.5071638626 -6.3462810699  9.5630249579  3.2070931667  0.1910540282  0.1878636854  1.0000000000 -0.0786657826 -0.1424245869  1.0000000000
-4.6777671720  7.1274094589  5.2193154734 -6.0396045201  9.3895675020  3.1650183118 -0.1212090738  0.0030314682  1.0000000000 -0.0355554336 -0.1209341884  1.0000000000
-4.8965514868  9.7807152491  4.1672721933 -2.5266393640  9.2571091543  4.0973466722  0.0820257817 -0.1134746389  1.0000000000  0.2353936859  0.0960268953  1.0000000000
-3.3876925099  9.7242086955  2.9528286829 -5.4637232606  9.5857951544  5.0030888506  0.1857416183  0.0137772741  1.0000000000  0.0296004812 -0.2277037297  1.0000000000
-7.0475145153  8.5532015529  3.0385494488 -4.0971946613  8.8147853595  5.6451267981 -0.1438064708 -0.1356665117  1.0000000000  0.1130944065 -0.0872657127  1.0000000000
-2.8431811474  7.2190134553  4.9460749590 -3.5701385960  9.0943257589  2.0488974328 0.0762032005 0.2714935818 1.0000000000 0.0797394339 0.1178397435 1.0000000000
