502.4000000000
50
 6.8075852398 -2.2217722548  1.0907752032  0.1271299171 -0.0545847126  1.0000000000
 5.8638970350 -1.8387092025  0.5280256950  0.0202348739 -0.0146534605  1.0000000000
 4.6301392440 -1.1170699518  1.9891761039 -0.1004199780  0.0991063688  1.0000000000
 4.2893004124 -1.7178843411  1.6644183393 -0.1147292213  0.0150727390  1.0000000000
 6.1439537973  0.1376252614 -0.3048433117 0.1190692036 0.1716888788 1.0000000000
 6.4901628302 -2.1763367178  0.4858756245  0.1025723480 -0.0914369919  1.0000000000
 5.3138056904 -0.7517488627  1.3895622038 -0.0405735761  0.1023178732  1.0000000000
 4.4787685729 -2.6023044755 -0.0618773962 -0.1005740013 -0.1488977249  1.0000000000
 3.7299271676  0.8854643008 -0.2561930455 -0.2615573349  0.2317275129  1.0000000000
 4.0838750223 -0.0120954880 -0.6001052831 -0.2107247122  0.0640742018  1.0000000000
 5.4590855832 -1.4280049428  0.3259701011 -0.0144250405 -0.0032432583  1.0000000000
 5.0791530798 -1.9850119570 -2.5362094506 -0.0031136506 -0.2729697443  1.0000000000
 4.4126351950 -2.4194044195  0.5410775209 -0.0634833445 -0.0579466957  1.0000000000
 4.2745281842 -1.1069272003 -0.8051056809 -0.1765901594 -0.0437867965  1.0000000000
 4.1127336792 -1.9332591150 -2.2275038092 -0.2084792332 -0.2458754136  1.0000000000
5.7666737611 0.1178884885 0.0889131042 0.0265255281 0.1963626763 1.0000000000
 4.8964386356 -1.5663007249 -1.7769112809 -0.0710821945 -0.1627964515  1.0000000000
 4.3156494590 -1.0523416882 -0.7303868803 -0.1949226340 -0.0369905481  1.0000000000
 7.0674687590 -0.6598204915 -1.0912477240  0.2756348143 -0.0297285260  1.0000000000
 4.3439412569 -1.3678524569  1.8892708897 -0.1219249855  0.0722151955  1.0000000000
 5.2882494336 -2.3612819054 -0.9904316082 -0.0492290984 -0.2163747320  1.0000000000
 4.0306337438 -0.9192475257  0.0023489845 -0.1903287790  0.0177914246  1.0000000000
 4.4644043862 -0.6677784843  1.3062324420 -0.1312601935  0.1005937846  1.0000000000
 3.5351044040  1.0231768120 -0.3627814980 -0.2800105140  0.2793457370  1.0000000000
 4.9532327874 -2.0490672955 -1.5893432429 -0.0858015450 -0.1715031029  1.0000000000
 5.4406848680  0.3130193827 -1.3742296675 -0.0046872370  0.1203811750  1.0000000000
 7.3037669840 -2.3045729256 -1.8224371161  0.2511846592 -0.2938301980  1.0000000000
 4.2901002683 -2.3899361110  0.3801251421 -0.0834798012 -0.0702462639  1.0000000000
 5.6196568411 -1.8639654573 -1.6846116875  0.0126644714 -0.1787281055  1.0000000000
 7.0507523365 -2.3933812611  0.8589312592  0.1553583112 -0.0548544021  1.0000000000
 6.7935185209  0.7302602099 -1.5103196123 0.2011627533 0.1600435265 1.0000000000
4.8854967356 0.1742305685 0.8500973291 -0.0900419244  0.1985730476  1.0000000000
 6.8244416369 -2.2224567592 -1.5744375035  0.1556379369 -0.1807513488  1.0000000000
 5.9840174925 -2.0976513518 -1.6665244212  0.0517936638 -0.2273125698  1.0000000000
 6.9155260385 -0.9448058319 -0.6154949391  0.1888264262 -0.0072572712  1.0000000000
 4.0635312265  1.3649595510 -0.6468025112 -0.1945976979  0.3113608680  1.0000000000
 4.4942690658  1.1530943399 -0.5338736561 -0.0960227189  0.2622809851  1.0000000000
 5.8092857905 -2.2631700920 -1.1188028828  0.0203832135 -0.1471223537  1.0000000000
 4.9683550429 -0.5952409790  0.4864547224 -0.0800799432  0.1061724311  1.0000000000
 6.1486341524 -1.6744790994  1.3120179537 0.0863909493 0.0156734897 1.0000000000
 5.7861601934 -1.8366940373  0.2533178242  0.0427645061 -0.0544818269  1.0000000000
 5.9933830461 -0.4825245457  0.4152618701 0.0410701893 0.0889820055 1.0000000000
 4.4512681894 -1.2546478057  0.6244316404 -0.1724719000  0.0292891557  1.0000000000
 5.8988736524 -2.7407308481  0.2953478093  0.0321801077 -0.1785400319  1.0000000000
 6.9628896713 -2.3714149695 -1.8815590124  0.2440740960 -0.2573586557  1.0000000000
 4.7363556869 -1.8569642915 -1.4493609131 -0.0989033553 -0.1953221509  1.0000000000
 5.2479467838 -0.8550586105 -1.1728946445 -0.0028728123 -0.0494900942  1.0000000000
 5.9959139988 -2.5896638740 -1.4662804873  0.1320349035 -0.2465910686  1.0000000000
 3.7124903480 -0.8295301969 -1.8371760205 -0.2350158741 -0.1072960906  1.0000000000
6.3552896271 0.5366627348 0.9583166028 0.1012045720 0.2633354293 1.0000000000
50
 3.5864260657 -1.1465856797  0.4075476246  6.2754286353 -2.0136028706 -1.5413819836 -0.2359276095  0.0702897287  1.0000000000  0.1208996884 -0.1893547694  1.0000000000
 4.6685322167 -2.3219045858  1.1343032364  5.3350230747  0.2713996889  0.9991910976 -0.0695938840 -0.0840032694  1.0000000000  0.0401359927  0.2003228272  1.0000000000
 5.4051972193  0.1632234076  0.1297528534  6.2064958465 -2.8052684309  0.0124039171 -0.0229367071  0.1516140591  1.0000000000  0.0492552157 -0.1417468717  1.0000000000
 3.8063698441 -0.0357719290 -1.5296710638  3.9700114204 -1.8304743088 -1.1970425870 -0.2348556434  0.0467898915  1.0000000000 -0.2163098759 -0.1518150767  1.0000000000
 5.5910689375 -2.2213849822  0.2877854034  5.6381818933  0.1110097596  1.8023993596  0.0120904200 -0.0994020045  1.0000000000  0.0125515953  0.2181576700  1.0000000000
 3.6752868665 -0.6226019877 -0.0613274218  4.2895054674  0.5902699370  0.4769139673 -0.2297545706  0.0394353929  1.0000000000 -0.1513958300  0.2254657666  1.0000000000
 5.6338007260  0.8984626553 -0.8018510696  5.4270562613 -0.8412238524 -0.4981628928 0.0319785224 0.1912402548 1.0000000000 0.0224541493 0.0296720324 1.0000000000
 4.8596060618  0.0466610120  1.9063070752  5.2252851776  0.1376137658 -0.4541462708 -0.0561949746  0.2158471164  1.0000000000 -0.0155166998  0.1687082713  1.0000000000
 3.7839379152 -0.7552301988  2.1568241753  4.3270103829 -1.5421054610 -2.2750055729 -0.2107185347  0.1343212568  1.0000000000 -0.1212096237 -0.1746390032  1.0000000000
 5.5965789794  0.9838575294 -0.6137079003  5.6868782558 -0.4431883660  0.9129553733 0.0337593212 0.2832953609 1.0000000000 0.0458132139 0.0978552799 1.0000000000
 3.9436109174 -1.5254487079 -1.7142291748  3.7674098511  0.0946155253 -0.7608492071 -0.2073051529 -0.1547175880  1.0000000000 -0.2457104797  0.1181041895  1.0000000000
 7.3542566966  0.4700234082 -0.0731915028  5.5828130757 -2.5828264932  1.0443216594  0.2701573534  0.2479155282  1.0000000000 -0.0200473022 -0.0102580914  1.0000000000
 5.3284542922 -2.1969891744 -1.0634386143  4.4321892226 -1.5535729857  0.6416159364 -0.0207910943 -0.1602536243  1.0000000000 -0.2109811765  0.0075980932  1.0000000000
 3.5408201415 -0.6609261969 -1.3734877368  4.2208580262 -0.3921417092 -1.2183257382 -0.2655707550 -0.0391800655  1.0000000000 -0.1967655978  0.0069997043  1.0000000000
 3.9962854770 -0.0654291801  0.0126008537  7.1953574419 -1.9930343360  1.1806107347 -0.1772359475  0.0901218190  1.0000000000  0.1623535123  0.0339419941  1.0000000000
 3.9888947540 -0.5127897947  0.0312130652  6.8277292922  0.1553110538  0.6850079002 -0.1725319365  0.0505584052  1.0000000000  0.1103134418  0.1890157020  1.0000000000
 6.3007694552 -2.0888059102 -0.0089503182  7.4673918024 -2.1280022181 -0.3157221907  0.1303398353 -0.0687829669  1.0000000000  0.2519726518 -0.1060013540  1.0000000000
 3.9632295611  0.3003763127 -1.1567267640  6.0063338677 -1.3988860334 -0.1053051919 -0.2250612220  0.1321444602  1.0000000000  0.0415678515 -0.0605716365  1.0000000000
 3.9314514938 -1.1762721406  1.1013211735  6.1081558538 -0.4920419392  1.3631325570 -0.1537167540  0.0593799133  1.0000000000  0.0711752358  0.1373040900  1.0000000000
 4.8070685222 -1.1854152450 -2.4375237752  6.6382464852 -1.4920248915 -2.2233308297 -0.0902631649 -0.1902593074  1.0000000000  0.1950110707 -0.1528402329  1.0000000000
 5.2264099365  0.4170388234 -1.7069471047  4.7584974130 -1.1903454932 -1.9361951727  0.0010877709  0.0826270645  1.0000000000 -0.1056669313 -0.1541538008  1.0000000000
 6.2418001878 -0.0892360453  2.0719693781  7.1549446591 -0.8001558325  0.2352050352 0.0839105726 0.1624819758 1.0000000000 0.1907552528 0.0388602822 1.0000000000
 5.9697143603 -0.3340280411  0.4669736331  3.7561647751 -2.1047913556  0.4036859545  0.0490518883  0.1136243142  1.0000000000 -0.1526790416 -0.0785436758  1.0000000000
 6.0660039191 -2.1430946261 -1.5353611165  5.3622732223  0.6677466591  0.2076871698  0.0615605297 -0.1951918463  1.0000000000 -0.0345783534  0.2464183705  1.0000000000
 6.1695628865  1.4027530823 -1.2231176197  7.0003361399 -2.3385285042 -1.4842446763  0.1383546172  0.2698932121  1.0000000000  0.1697011721 -0.2175708200  1.0000000000
 5.6439829455 -1.9890494363 -2.0344570350  6.9342592576 -2.3031176155 -0.2528383014  0.0533153591 -0.2660104876  1.0000000000  0.1621876426 -0.1354254906  1.0000000000
 6.6122436148 -1.3904918292 -2.7263421094  5.3265703291 -0.2847991299  0.7507194700  0.2569567799 -0.2183652830  1.0000000000 -0.0250651900  0.1659630852  1.0000000000
 4.2423581942 -1.5761747979 -0.2361236221  5.4058473081 -1.8269361469 -2.2441795546 -0.1164274688 -0.0824144800  1.0000000000  0.0515116169 -0.2224659069  1.0000000000
 5.9154607992 -0.6410157156 -1.5418483856  5.9009616008 -0.2592791806  1.5491265738 0.1271093205 0.0251294383 1.0000000000 0.0523243876 0.1817659460 1.0000000000
 5.5440068181  0.7994831773 -0.3267314080  6.0579684238 -2.5633882105  1.0838183742  0.0273286156  0.2292486731  1.0000000000  0.0714010983 -0.0888873764  1.0000000000
 6.4266437168 -1.6040451987  0.9952205322  7.1634487267 -2.0225227328 -1.2367604485  0.0636067487  0.0230841709  1.0000000000  0.2429749071 -0.1805339955  1.0000000000
 3.7752162646 -1.7915950525 -1.5260860891  6.8762690070  0.9093950586 -1.3193101267 -0.1871816647 -0.1353846187  1.0000000000  0.2649067990  0.2337370697  1.0000000000
 4.5099984755 -1.5457027315 -0.3634170477  5.0176089632 -1.3397433148  0.4744559717 -0.1254562351 -0.0620246440  1.0000000000 -0.0215244347  0.0487573713  1.0000000000
 6.6931748829  0.1973675113 -1.1426529732  6.3840319796 -1.4949530708  0.8438160043 0.1862265019 0.1165475023 1.0000000000 0.0926717094 0.0111956123 1.0000000000
 5.9094848461  0.2985555520 -0.2074102447  7.2936884969 -0.6407522540  1.5067843609 0.0510525101 0.2194883746 1.0000000000 0.1863826923 0.1022086943 1.0000000000
 5.2258492282 -0.4796957638 -0.0247958574  5.8225220058 -2.0300953488 -2.1739524328 -0.0161654191  0.0634733940  1.0000000000  0.0942096936 -0.2366959824  1.0000000000
 6.5728596611 -0.9253503800 -2.0597035227  5.9419814126 -0.7930223428 -1.5689294737  0.1847258106 -0.1308004105  1.0000000000  0.0842766137 -0.0154562022  1.0000000000
 3.4369939754  1.2430188366 -0.9708889559  5.5392633803 -0.2607742965 -0.7851034868 -0.3109120456  0.2897872047  1.0000000000 -0.0086666331  0.0782704404  1.0000000000
 4.4344075703 -0.2033272624  0.9258887619  6.4504317937 -0.5033029735 -0.2270231834 -0.0934953553  0.1462009392  1.0000000000  0.1119601659  0.0905705142  1.0000000000
 5.5642912791 -2.2283457330 -2.3623145809  4.9774065723 -0.0676760521  1.3974751040  0.0238497874 -0.2832645829  1.0000000000 -0.0585998769  0.1499722969  1.0000000000
 7.5220698762 -1.7010823471 -0.0234358182  3.6630802799 -0.1088137452 -1.4930412159  0.2434684811 -0.0624066633  1.0000000000 -0.2390357200  0.0291914634  1.0000000000
 5.2119724629 -0.7451213162  0.7599196074  6.8319498471  0.3247087294  0.2212396933 -0.0537389045  0.0542437883  1.0000000000  0.1861260407  0.2156571119  1.0000000000
 6.4513951607  1.1582120401 -0.9955704899  4.9016093864 -1.4007256609 -2.0748901314  0.2286763008  0.2606457627  1.0000000000 -0.0530301231 -0.1738517470  1.0000000000
 4.3706471444  0.0629370071  0.9724246615  6.9199971530 -2.1597210346  0.6074362046 -0.1107385929  0.1919152919  1.0000000000  0.1536324715 -0.0953532850  1.0000000000
 6.8800741829 -1.1221131380 -0.0869530539  6.3194063314 -1.2120012733 -2.1129231044  0.1767102807  0.0199413411  1.0000000000  0.1606279252 -0.1521256218  1.0000000000
 4.0266174373  0.5641724663  0.4305214447  6.2474376731 -2.6611712839 -1.3639824603 -0.1505630863  0.2242968136  1.0000000000  0.1506981575 -0.2539750002  1.0000000000
 5.0305534158 -0.2944492832  0.1604609055  4.5984110917 -2.8440816622  0.7640772954 -0.0474923325  0.0799108526  1.0000000000 -0.0862405410 -0.0844831131  1.0000000000
 4.2438632706 -2.1170817899  0.3502858855  5.0658512144 -1.2390918758 -0.3925859450 -0.1522152095 -0.0591122751  1.0000000000 -0.0719703886 -0.0179338831  1.0000000000
 4.6837962835 -3.2075204581  0.3727087778  5.8805154608  1.2629627452 -1.1792479014 -0.1296070434 -0.1994571166  1.0000000000  0.0735072113  0.2866516334  1.0000000000
 4.1540234222 -1.7258885510  1.2037070009  5.1765056489 -0.9831848300  0.7259039736 -0.1367715634  0.0124344695  1.0000000000 -0.0084749400  0.0429352769  1.0000000000
