116.5000000000
50
-7.0059681491  1.3104314468 15.9609576870 -0.0461038218 -0.2375193912  1.0000000000
-8.3127582436  5.1091517171 15.7173930863 -0.2038817805  0.2112797860  1.0000000000
-5.7457420206  2.8856052059 17.4030684186 0.2133004200 0.0523289827 1.0000000000
-4.7363240700  4.6231849556 16.2434509115 0.2726994788 0.1909946891 1.0000000000
-3.8909824759  2.6711577076 14.9254797425  0.2706839244 -0.1669973036  1.0000000000
-7.2877123927  3.7864427350 13.7640278245 -0.2251563887  0.0417641071  1.0000000000
-6.0538420270  2.6236085898 18.2293502547 0.1723679606 0.0337946089 1.0000000000
-6.3440163901  2.6321174163 14.5874993375 -0.0585300910 -0.1303001875  1.0000000000
-6.9233657347  1.6510484998 16.0207275179  0.0052784665 -0.1835077195  1.0000000000
-8.7121955206  3.4154763470 16.1646465167 -0.1649574280  0.0590993187  1.0000000000
-5.6385606398  0.9959209404 17.3582354026  0.1762847510 -0.2366769554  1.0000000000
-6.6450770552  1.3313774730 16.7803598131  0.0347107228 -0.1572164976  1.0000000000
-7.5290964990  5.2516303535 15.0922507224 -0.1526538088  0.2684447053  1.0000000000
-4.4951940385  4.9944515085 15.8307550773 0.2646614226 0.2245439487 1.0000000000
-7.4712166901  4.7544260102 15.2307576760 -0.1711056077  0.2043167901  1.0000000000
-8.3543504691  4.4886764429 17.0798198426 -0.0771226762  0.1774153895  1.0000000000
-6.9446096510  4.5886377102 15.4619699760 -0.0132248807  0.1822350260  1.0000000000
-7.2885017920  1.9671502277 15.7015915473 -0.0608616343 -0.0920742292  1.0000000000
-6.8088301251  3.5045468651 17.0799650548 0.0393803432 0.0610507906 1.0000000000
-7.1782462452  4.1802866944 15.2029233635 -0.0586064315  0.1033963830  1.0000000000
-7.8600402298  3.7842603145 14.8399667034 -0.2174414270  0.0430680506  1.0000000000
-4.8905033346  1.9916809032 16.4058993129  0.2124161033 -0.1549703276  1.0000000000
-5.4383219351  2.6944185312 16.0946533728  0.1724038684 -0.1191350722  1.0000000000
-7.5335705069  2.6393059113 14.2881660329 -0.1854811938 -0.1402210164  1.0000000000
-6.8138350814  3.5390014752 14.2176582809 -0.1446142776  0.0219099686  1.0000000000
-5.3950118555  4.4352562040 14.8843915032 0.0873995786 0.1098203623 1.0000000000
-7.0680399249  1.0685741051 16.7106663470 -0.0051717287 -0.2310324053  1.0000000000
-4.3353267190  3.1022962747 15.0576711834  0.2280567208 -0.0718419885  1.0000000000
-7.0081788722  4.7150536118 17.1186804949 0.0338703620 0.1822704733 1.0000000000
-6.9683540622  2.2446526906 14.9098273910 -0.1022976365 -0.1034881525  1.0000000000
-4.8957928148  2.8989647207 14.3336396543  0.1747711382 -0.1396491712  1.0000000000
-7.3145818059  2.5539885301 13.7859336765 -0.2484657248 -0.1660688776  1.0000000000
-6.4838878574  5.0497671355 16.7266845287 0.0464856547 0.2379446754 1.0000000000
-8.5857984841  1.3739167291 15.6877055889 -0.1606480019 -0.1867434502  1.0000000000
-6.5088019725  2.7734362026 14.7707530683 -0.0368154659 -0.0981336884  1.0000000000
-7.4439235699  4.3712434798 18.0614065455 0.0442194129 0.1803272978 1.0000000000
-5.1600214566  3.4642511137 14.4836565882  0.1521276923 -0.0389171208  1.0000000000
-6.2017913420  2.6482878887 15.3704464662  0.0098019278 -0.0745669138  1.0000000000
-5.9836407968  4.7157287584 15.8614670723 0.0965301139 0.1941272247 1.0000000000
-7.0904400822  1.8436126246 15.3113854369 -0.0435253170 -0.1716987461  1.0000000000
-6.3865489327  4.0712297671 17.7431533743 0.0505227212 0.1342635462 1.0000000000
-4.8975806286  5.2205300177 15.2098197360 0.1719866036 0.2234873678 1.0000000000
-4.0118897825  3.6124376471 15.1317975892  0.2870931496 -0.0373897397  1.0000000000
-5.7273985629  3.7881682930 14.6022648513 -0.0041263483  0.0160969793  1.0000000000
-7.0424748086  4.9352781886 15.7146051620 -0.0664225352  0.2081773987  1.0000000000
-5.6914052453  3.2048559942 15.5847800736  0.0593373757 -0.0195046463  1.0000000000
-6.3883281395  1.3182598588 16.6561571901  0.0699570169 -0.1803983807  1.0000000000
-5.1482443236  4.0243850326 14.9428980412 0.1370348796 0.1003574743 1.0000000000
-8.7030843656  1.7025649758 16.2057748181 -0.1687596593 -0.1404415381  1.0000000000
-5.9918145954  3.7985255836 14.2803920537 -0.0471121928  0.0134094473  1.0000000000
50
-5.9701551928  1.7763717225 17.9103810491 -5.9201781295  1.0277573274 16.8719513865  0.1654838866 -0.0660827142  1.0000000000  0.1028298824 -0.1797559089  1.0000000000
-8.1418060722  4.7654892480 16.9924971060 -6.1626692698  2.7696572952 17.6025701642 -0.0932188353  0.1816993112  1.0000000000  0.1389649816 -0.0077165493  1.0000000000
-6.8151897346  4.0094667842 18.1296754663 -7.5193032677  3.3652570467 14.7687316291  0.1080911891  0.1235980710  1.0000000000 -0.1677805684  0.0032279360  1.0000000000
-7.7705500776  1.6135704351 15.7268516915 -5.4996583160  4.3557534909 16.8138281515 -0.1370191556 -0.2132419716  1.0000000000  0.1446472440  0.1451675309  1.0000000000
-8.5295318150  4.7098101825 15.6663357362 -6.3821072093  2.4430906818 15.8400599160 -0.2367814284  0.1990853976  1.0000000000  0.0208725828 -0.0913673247  1.0000000000
-5.5851501120  2.1784673037 16.5329837026 -5.2385872439  1.4855993828 15.9426908182  0.1679813108 -0.0972413474  1.0000000000  0.1913890323 -0.2014917040  1.0000000000
-5.2110721319  4.9226833129 15.9736180148 -7.4602506393  4.1861007913 15.7148975540  0.1896777937  0.2136932939  1.0000000000 -0.0675662722  0.0866960224  1.0000000000
-7.6433172661  4.2901600333 14.6462374494 -5.1756250957  2.1363443226 13.9092705484 -0.2447778769  0.1052678910  1.0000000000  0.0664002915 -0.2745707740  1.0000000000
-5.2784953810  4.7615241634 15.3753338927 -6.2292557460  2.6566193437 15.2581492571  0.1445731278  0.1605065856  1.0000000000  0.0310293463 -0.1102494801  1.0000000000
-6.5220154672  5.1779226744 15.0423712225 -5.3426672933  3.3022065811 15.1974861361 -0.0678393492  0.2112936531  1.0000000000  0.1085633794 -0.0534285882  1.0000000000
-5.2971213076  1.1515950011 17.0929519473 -4.9041641514  3.2156781570 16.9906395346  0.1912212006 -0.1870359711  1.0000000000  0.1985916509  0.0457443191  1.0000000000
-5.0577904710  4.4350367221 16.3793430359 -5.4034531008  2.8622612512 14.6384088365  0.2131997014  0.1393494492  1.0000000000  0.0645512401 -0.1493128231  1.0000000000
-7.0771197184  3.8293478243 15.2546439924 -6.9893737162  3.7319375994 15.7218648260 -0.0622131166  0.0783944788  1.0000000000 -0.0674519275  0.0721102643  1.0000000000
-6.9215002730  4.8030243992 14.0608082548 -6.9296968510  1.6142032150 16.3579781166 -0.2161402291  0.1542911974  1.0000000000  0.0155502822 -0.1667734442  1.0000000000
-6.3631484500  2.9361550285 14.6961014489 -5.6006192477  3.2941602224 17.0318292542 -0.0468689944 -0.0705616612  1.0000000000  0.2034426834  0.0185045116  1.0000000000
-4.7485151052  2.6757301380 15.7751520964 -6.4859206469  4.9432638568 15.2148029049  0.1765349881 -0.0947989864  1.0000000000  0.0028832795  0.2290642693  1.0000000000
-6.9960840424  2.5211813579 14.1079369428 -5.7313063047  3.1316714983 14.3766675611 -0.2133939281 -0.1706102661  1.0000000000 -0.0121842955 -0.0757712635  1.0000000000
-8.3723752269  4.1099589554 16.0584236264 -6.5991160988  1.7328454187 17.7193488462 -0.1541714717  0.0959884790  1.0000000000  0.0990603574 -0.0641995015  1.0000000000
-6.2562718552  2.6947502016 15.2300212330 -6.0010561326  1.5592135533 15.8564265421  0.0091879072 -0.0951085073  1.0000000000  0.0794285400 -0.1956595386  1.0000000000
-3.9109907941  3.0284778337 15.0506995484 -6.4172159397  5.1347856954 16.1905401899  0.3353512098 -0.0909987427  1.0000000000 -0.0094860914  0.2643789076  1.0000000000
-4.7664743280  2.5885627220 15.5524766241 -5.1094595012  3.6938805618 15.1487636245  0.2118364796 -0.1249705810  1.0000000000  0.1341778112 -0.0083871736  1.0000000000
-5.1879324982  4.1294433171 17.1847205773 -7.8401218515  4.4404052681 16.7062036350  0.2622975395  0.1225230206  1.0000000000 -0.0761761223  0.1319976963  1.0000000000
-7.6310175105  3.8766441790 14.2420032842 -6.9472142983  3.7178668756 15.0784102269 -0.2582677238  0.0483429403  1.0000000000 -0.0634107424  0.0416716498  1.0000000000
-5.4331629830  5.3900029708 15.1256222048 -5.9198255924  3.1236634408 16.4555331897 0.0800334364 0.2970218437 1.0000000000 0.1081310919 0.0074613412 1.0000000000
-7.5634630580  3.7753021556 13.9794031846 -7.7727544017  5.4728115964 14.2787374759 -0.2733725784  0.0387208222  1.0000000000 -0.2846459692  0.2645596601  1.0000000000
-7.5518714467  2.0443887463 15.8849617098 -5.4740823145  2.6948087821 16.5589427071 -0.0542490248 -0.1236746733  1.0000000000  0.1759580332 -0.0348025796  1.0000000000
-5.9616696807  5.2053172421 15.7261787064 -6.2264561803  4.3507099196 15.0138371833  0.0536677566  0.2020770900  1.0000000000 -0.0676277067  0.1512225859  1.0000000000
-8.3808243424  5.0792754215 15.4386788599 -6.2574915603  2.4307928952 16.0544365329 -0.2281371635  0.2473436864  1.0000000000  0.0573069465 -0.1260668586  1.0000000000
-7.0622333459  2.4094586282 17.0474419793 -8.3287616457  5.0683053238 15.3785114520  0.0076507512 -0.0498360301  1.0000000000 -0.2305677347  0.2334449759  1.0000000000
-5.6333331097  2.1750639353 14.5673324424 -5.9046396158  2.7914938333 14.7892774732  0.0562580038 -0.1674850801  1.0000000000  0.0341621816 -0.1120111570  1.0000000000
-5.0063704512  1.6084178910 14.9613796708 -7.9034425115  3.5738249386 15.3232580848  0.1578027395 -0.3008505702  1.0000000000 -0.1505293932 -0.0165842788  1.0000000000
-7.8373741241  4.8414101508 14.8888044261 -6.1983852490  1.0685560262 17.3912047700 -0.2281278457  0.2082553829  1.0000000000  0.1541917328 -0.2149434763  1.0000000000
-5.5014013706  3.6263455706 15.9611566177 -7.8146503703  2.0542475718 14.2527244843  0.1629821741  0.0400093205  1.0000000000 -0.2240594306 -0.1887874419  1.0000000000
-7.5402709251  0.8555757301 16.8287583897 -7.0198708019  3.2578004473 15.6437012618 -0.0243326940 -0.2182510930  1.0000000000 -0.0793707139  0.0166442275  1.0000000000
-6.6486420548  3.9563364152 16.1792287744 -4.8064011514  5.2692467572 15.4869676708 -0.0103990023  0.0585725111  1.0000000000  0.2047558216  0.2802675669  1.0000000000
-5.4628306792  1.8004039856 16.4540182185 -6.6605517843  4.1915510005 15.3007719113  0.1574003296 -0.1456944109  1.0000000000 -0.0516194042  0.0903772588  1.0000000000
-7.2048766196  1.5660781944 14.7716332615 -7.4508466240  5.0497054805 16.0818582839 -0.1315950915 -0.2154681418  1.0000000000 -0.0854648991  0.2530345205  1.0000000000
-4.8033704144  2.7728094707 15.7932462419 -7.4590089345  4.7376386869 13.6270714951  0.2370511685 -0.0687612709  1.0000000000 -0.3010414238  0.1760598450  1.0000000000
-7.5040639140  4.6293564147 13.7373385723 -6.3823445001  2.2173016758 15.5984133149 -0.3040101523  0.1171510017  1.0000000000  0.0265289169 -0.1249032417  1.0000000000
-8.3391159528  3.9543001842 16.7676752933 -7.6934390042  4.8260854133 15.0236165018 -0.0819200696  0.1100928358  1.0000000000 -0.2034131028  0.2029902684  1.0000000000
-6.6122039792  3.4416701026 14.2702235441 -5.8487393898  3.7452390263 18.6846949466 -0.1398727502 -0.0326737100  1.0000000000  0.1886416006  0.1410924272  1.0000000000
-7.8806904313  2.5007647737 14.2442813660 -5.1306910094  4.1408594611 17.4342942460 -0.2713182711 -0.1307568249  1.0000000000  0.2361050544  0.1375135556  1.0000000000
-7.7690151610  1.3044753234 16.4834308014 -8.4720374457  1.6551247360 15.5877559959 -0.0842959669 -0.1702059776  1.0000000000 -0.1602499697 -0.1818326442  1.0000000000
-6.0004232180  1.8167053160 17.0643349291 -8.9001762256  3.8607236361 16.1337669092  0.1145345354 -0.1263971541  1.0000000000 -0.2189055520  0.0526307986  1.0000000000
-5.2407110600  3.6934536812 15.8014220564 -6.2701971126  4.8915458245 16.5478354022 0.1503815844 0.0210886493 1.0000000000 0.1231043947 0.1930478653 1.0000000000
-8.1563440373  1.6431565500 15.0474882930 -5.9486486215  1.1236140998 17.4826862655 -0.1740081315 -0.1786530077  1.0000000000  0.1575369761 -0.2075331038  1.0000000000
-8.6851821437  2.7154457083 16.3350406140 -5.8349337975  1.0411266030 17.4828349947 -0.1596248158 -0.0331009270  1.0000000000  0.1500886543 -0.1853730879  1.0000000000
-5.7783425010  4.5379520664 18.5200397579 -7.4382103883  4.5618159962 14.3643263423  0.2519300482  0.1794397777  1.0000000000 -0.1820416219  0.1288425078  1.0000000000
-6.7066622957  3.6373957537 14.7510464718 -7.2093050578  3.1529872655 13.2333802310 -0.0857576020  0.0001473981  1.0000000000 -0.2754034969 -0.1346466095  1.0000000000
-5.3108525457  4.2266100282 14.6463465017 -6.8289236995  1.5268221838 16.5892286386  0.1070206271  0.0877042808  1.0000000000  0.0113898485 -0.1396465339  1.0000000000
