354.9000000000
50
-2.5560728672 -0.5943888940 -1.7673733183 -0.1240721934 -0.0657817000  1.0000000000
-4.7561178831  0.4945005844  0.7996196886 0.1937876927 0.0612407804 1.0000000000
-2.5999757132 -0.6637108604  0.5566484077  0.0833052665 -0.2242111559  1.0000000000
-3.2320407251  0.3586846209  1.9156963398  0.2244754847 -0.1183899336  1.0000000000
-2.7826006014  1.6972173431  2.2414825768  0.3093487348 -0.1336113111  1.0000000000
-3.2447388879  2.2822645789  2.0072790787  0.3389378987 -0.0924839443  1.0000000000
-3.5597876068  1.9044017624 -1.7396302866 -0.1673637759  0.1043952027  1.0000000000
-2.9424545919  0.1089229275 -1.3563057440 -0.0943708221 -0.0358090264  1.0000000000
-4.5084273279  0.5185281018  0.9886635814 0.2216256931 0.0242439327 1.0000000000
-3.7752651992  0.8079869144  1.3456975165  0.2003328004 -0.0328250258  1.0000000000
-3.3127229997  0.9063853006 -1.8582101445 -0.1555782695  0.0328287417  1.0000000000
-2.4808930799  2.0711179569 -1.2025054405 -0.1209943228 -0.0127191318  1.0000000000
-2.6693137504  0.7316536306  1.5873462748  0.1733297400 -0.2020153062  1.0000000000
-2.5618060238  0.1929953350  0.6189668891  0.0874250770 -0.2023672542  1.0000000000
-1.8317743992 -0.2784931905 -1.3731116239 -0.1267636943 -0.1645527287  1.0000000000
-4.4009222792  3.2912143125 -1.1033960564 -0.0924448237  0.3124284126  1.0000000000
-2.5763357712 -0.7881057034 -0.8078465786 -0.0720731228 -0.1467082872  1.0000000000
-3.5061242279  1.4639661193  1.6701565680  0.2420419767 -0.0419153639  1.0000000000
-3.6626937572 -0.4857474701  0.3897699208  0.1443202049 -0.0703943062  1.0000000000
-1.9777005164  1.7024682467  0.1794455475 -0.0426212847 -0.1860356496  1.0000000000
-4.0533328017 -0.4330368657  0.9679409300  0.1994641844 -0.0719629332  1.0000000000
-3.3743637342  1.8931036946  0.6483921130  0.0728640062 -0.0225693888  1.0000000000
-1.9215735972  1.6402274702 -1.6333667155 -0.2730645888 -0.0458263989  1.0000000000
-4.9739623637  1.9585789797 -1.1750541536 -0.0079300466  0.2064686124  1.0000000000
-1.5478137801  0.4974953003 -1.6378132829 -0.1970500190 -0.1459474970  1.0000000000
-3.9848225760  0.3500094226  0.9239427630  0.1703745280 -0.0242853789  1.0000000000
-4.1504878558  1.1622492352 -2.4384894205 -0.1545172945  0.1233393295  1.0000000000
-2.9814729547  3.1578964866 -1.6195605877 -0.2711832516  0.1455443483  1.0000000000
-3.0607913259  1.3649372780 -0.6649173183 -0.0428900917 -0.0222160514  1.0000000000
-4.4805440665  1.4476282733 -1.9456730394 -0.1016047949  0.1520689043  1.0000000000
-3.8103571947  3.3226595954  0.0478046574 0.0135406603 0.1814172587 1.0000000000
-2.9816503153  1.1200445243 -0.8233793998 -0.0382607095 -0.0450936898  1.0000000000
-3.9433893001 -0.2833518105 -0.2596305539 0.0689860338 0.0156682801 1.0000000000
-4.3654813854  0.9885026351 -2.6953778538 -0.2175928532  0.1470255873  1.0000000000
-4.3055439853  3.5938648473  0.5812221893 0.1327541426 0.2309138673 1.0000000000
-3.7986079780  2.1117326991 -1.0509221174 -0.0579885129  0.1335509366  1.0000000000
-4.9925098639  2.3807158278  1.4357753581 0.2611602153 0.1701562748 1.0000000000
-5.7370306411  0.0935255844 -0.3639412712 0.1050042717 0.1521967359 1.0000000000
-3.2050360010  0.6479785034  1.8905458825  0.2498858448 -0.1201377333  1.0000000000
-2.9451541050  1.8751364220  0.0698181260 -0.0152588950 -0.0357363790  1.0000000000
-3.8479772106  3.7085781051 -1.2046119632 -0.1917492999  0.3181858123  1.0000000000
-2.2640344481  0.9235080133 -0.7392993727 -0.0750092414 -0.1245693029  1.0000000000
-5.9148571228  0.0029721734 -0.1396194931 0.1296801862 0.1587151304 1.0000000000
-5.7894830667  0.6941429751 -0.3568468344 0.1360788208 0.1788810324 1.0000000000
-4.2377318767  0.5830590585 -0.1728160209 0.0677024767 0.0865667475 1.0000000000
-4.9569124529  2.0410432305 -0.1372802942 0.0978622405 0.1924372708 1.0000000000
-3.6755035789  3.0541484541 -1.8223126407 -0.2509602541  0.2278023041  1.0000000000
-3.1705214307  2.8959534589 -0.4658408278 -0.1219956200  0.0859984240  1.0000000000
-3.3156045539  2.0755066506 -0.8391739820 -0.0726509871  0.0468528285  1.0000000000
-2.8887737675 -0.7673475888  0.7232728730  0.0906359042 -0.2352660167  1.0000000000
50
-2.6002984728  2.2311415643  1.6470855431 -2.4028660233  2.9478000270 -1.4603264150  0.1706683189 -0.1384406610  1.0000000000 -0.2546067462  0.0316834955  1.0000000000
-4.0964105499  0.0362794816  1.0378362347 -3.1431142174 -0.3274104562  1.1761239701  0.2236426501 -0.0641579597  1.0000000000  0.1582096677 -0.1439856374  1.0000000000
-4.3727230546  1.6466093220 -0.8050037637 -2.6349845756  2.0327182807 -0.3101932124 -0.0595850596  0.1213691501  1.0000000000 -0.0348071482 -0.0334262703  1.0000000000
-3.2875045418  0.6442090013 -1.5275098751 -4.5918365394  3.1604395804  1.3639225719 -0.1238675081  0.0013897863  1.0000000000  0.2640501543  0.2482267673  1.0000000000
-1.8053425317  1.6809466332  0.6186331169 -5.0032927947  1.5678080729 -0.5448557403 -0.0094624082 -0.1852591896  1.0000000000  0.0541939425  0.2081927216  1.0000000000
-5.5280870173  2.0345776840  0.6289389290 -1.7222350237  1.7582242806  0.4390912538  0.1706738376  0.2239350686  1.0000000000 -0.0418506641 -0.1915000526  1.0000000000
-4.9174622056  2.6070976838  0.9531576611 -2.4072164657  3.1254045753 -1.5277150323  0.1943290722  0.1971941858  1.0000000000 -0.2745787944  0.0477764635  1.0000000000
-2.1014179059  2.2150233457  1.9873060387 -2.7000445970  1.6412430384 -1.0482438369  0.2118620439 -0.2458257251  1.0000000000 -0.1093172173 -0.0435045641  1.0000000000
-3.2162514305 -0.4246907800  0.5057541015 -2.1186978124  2.5168750993  0.9765602554  0.0992786917 -0.1343244574  1.0000000000  0.0419849518 -0.1335040585  1.0000000000
-4.2365202757 -0.2555141406 -0.0629392963 -2.0708684949  0.9434877906  0.7800570525  0.0602071350  0.0050657039  1.0000000000  0.0723059645 -0.1817309532  1.0000000000
-4.2606895200 -0.2621931881 -0.7292433322 -5.0596946635  0.4554941950 -0.2875721491  0.0493716423 -0.0101029294  1.0000000000  0.0970483929  0.0984314355  1.0000000000
-1.5465689157  1.2012296040  1.0198295385 -1.1486487469  2.3446579604 -0.3759755483  0.0636613607 -0.3178739143  1.0000000000 -0.2188834414 -0.2062605620  1.0000000000
-1.4368634845  2.2099831290  0.1667540446 -4.7685001564 -0.1304169389  0.0574587820 -0.1127425979 -0.1962806332  1.0000000000  0.1596464385  0.0666752183  1.0000000000
-3.4645090497  2.0856629262  2.1888925438 -3.2600700967  0.2240596319 -1.4595428429  0.3066051031 -0.0406071587  1.0000000000 -0.1095978868 -0.0079144880  1.0000000000
-3.1978885165  1.2007728583  1.0387381428 -4.2929776784  2.8636184689  1.3660044178  0.1473689299 -0.0723879887  1.0000000000  0.2412191724  0.1556581080  1.0000000000
-4.1709855420  1.1234550612 -1.0372569172 -2.6250585666  2.5937887470 -1.0239853531 -0.0569822043  0.1110253136  1.0000000000 -0.1917548358 -0.0269826385  1.0000000000
-4.4412419338  0.6261416142 -2.3560853039 -4.5258580398  2.1977257301 -1.3394610813 -0.1115109413  0.1424558080  1.0000000000 -0.0604786819  0.2078818345  1.0000000000
-2.0222641206 -0.0565792622  0.0567177689 -4.8335718226  0.7477835198 -2.8957545548 -0.0139502756 -0.2431327002  1.0000000000 -0.1397274127  0.1789227211  1.0000000000
-2.2950312493 -0.3432314959 -0.0322391031 -5.8972220465  0.8199837004  0.5199356303 -0.0305870813 -0.2005866418  1.0000000000  0.1989806033  0.1626959298  1.0000000000
-1.8014973998  2.8891633041  0.0385281060 -2.6568360660  0.6471806678 -2.0915311418 -0.1367348160 -0.1056963187  1.0000000000 -0.2103798921 -0.0719495196  1.0000000000
-2.6115885953  0.0146448849  0.9877220301 -1.8511066933  2.8972354139 -0.0565712421  0.1068849202 -0.1540007631  1.0000000000 -0.1086652870 -0.1247136654  1.0000000000
-1.5183676571  2.3634276546 -0.8899490327 -3.3110148457  2.7340427050 -2.0299990525 -0.2064332943 -0.1385977666  1.0000000000 -0.2631303513  0.1297754746  1.0000000000
-2.6740708555  1.0033042986 -1.9527811728 -3.5744880960  2.0360517802  2.1523690305 -0.2126112739  0.0207635941  1.0000000000  0.3276839351 -0.0368487779  1.0000000000
-1.2920549255  2.0878572676 -0.9487499754 -6.0393061551  0.9057875096  0.6339705713 -0.2468508824 -0.1956940195  1.0000000000  0.2286229909  0.1613017431  1.0000000000
-4.8341644309  1.6742753452 -1.7021940370 -5.1216628539 -0.1211890403 -0.3803204357 -0.1030936163  0.2180198748  1.0000000000  0.0616052937  0.0820126771  1.0000000000
-2.7450186526  2.4972856696  1.8389592153 -2.6378508759  0.4972478373 -1.5955085116  0.2390113731 -0.1433713809  1.0000000000 -0.1063463207 -0.0410285171  1.0000000000
-2.7926824991  3.1177458855  0.1760161141 -3.7187623374  3.6157704602 -1.1688795517 -0.0233952479  0.0058743804  1.0000000000 -0.1324178313  0.2895496769  1.0000000000
-3.3903158258  2.6355518860  0.7899760939 -2.9868244893  3.1942676446 -1.4483569384  0.1067485022  0.0011056552  1.0000000000 -0.2685567529  0.1214005159  1.0000000000
-4.1023651693  3.4610731624 -1.0302727156 -3.1938575131  2.8046015747 -0.9821160567 -0.1179110038  0.2675828278  1.0000000000 -0.1285652753  0.0695774328  1.0000000000
-2.0118023983  2.3366164386 -0.7138430771 -3.5421019125  0.6509339160  1.4124828447 -0.1848800639 -0.0942558069  1.0000000000  0.1886851007 -0.0854226905  1.0000000000
-2.0623119127  2.2148227972 -0.5223150814 -1.5768270483  2.1306303993  1.3105972247 -0.2260885613 -0.0820404245  1.0000000000  0.0504000183 -0.2482320545  1.0000000000
-1.0782202032  2.0372277516 -0.5542312854 -1.8333099998  0.8603288308 -1.6767387648 -0.2162582448 -0.2050898940  1.0000000000 -0.2042349377 -0.0929745271  1.0000000000
-3.4832815371 -0.0767487802 -0.1205712337 -3.1203304625  1.7091585612 -0.8200883818  0.0228022788 -0.0585322689  1.0000000000 -0.0985176758  0.0117743084  1.0000000000
-3.7011880770  1.7707461179 -1.3252858531 -6.0113164100  0.6524863184  0.3811839731 -0.1316287512  0.1229207121  1.0000000000  0.1923960754  0.1872366393  1.0000000000
-1.2598291735  2.5105617345  0.2106920936 -3.8021096192  2.5100428957  0.4883961217 -0.0945307580 -0.2561332659  1.0000000000  0.0676703713  0.0862723523  1.0000000000
-5.0273847359  2.9822703622  1.5548644649 -3.9147574346  2.9869713050 -2.0436465466  0.2759823528  0.2517042866  1.0000000000 -0.2354390052  0.2220315000  1.0000000000
-2.1487435176 -0.5997266100 -1.4976171528 -3.4805164418  3.3182124512 -0.1698101857 -0.1284925965 -0.1441413477  1.0000000000 -0.0397303405  0.0914591929  1.0000000000
-3.4789590511  2.5922170407  1.2868823122 -4.9734270747  1.7014269411 -1.7772945326  0.1603802685  0.0208329992  1.0000000000 -0.0839046809  0.2478918830  1.0000000000
-4.9888815735 -0.7806457725  0.8124037966 -3.2624127208  1.5357111420  1.8899215322  0.2080993883  0.0475908925  1.0000000000  0.2572708117 -0.0689214978  1.0000000000
-1.8335696868  2.5185752973 -1.0560642678 -4.0723432205  1.3157749105  0.5887316000 -0.2354010764 -0.0817051965  1.0000000000  0.1056558400  0.0682115582  1.0000000000
-3.7873915589  2.9044318866  0.6091957353 -1.4342260002  1.9181025034  1.2193259259  0.1184835354  0.1402989349  1.0000000000  0.0471537358 -0.3394765862  1.0000000000
-4.8913356421  3.2659626695  0.4207437143 -1.5287520485  1.2363727731  0.3732449531  0.1369674126  0.2880827869  1.0000000000 -0.0580588982 -0.2713615554  1.0000000000
-3.3137081962 -0.4636487643  1.5750239888 -5.3313477151  1.5790807728  1.0512077962  0.2476376712 -0.1540236339  1.0000000000  0.2430991832  0.1877117945  1.0000000000
-4.9038840181  0.9329875676 -1.0452936476 -2.9592589625 -0.6412828537  1.0513940929 -0.0191916174  0.1640947072  1.0000000000  0.1161991168 -0.1381819936  1.0000000000
-2.4339480997  0.4680654391 -1.3085390753 -5.1731629337  0.5765411351  0.0271547740 -0.1406880891 -0.1343044883  1.0000000000  0.1172643981  0.1362289025  1.0000000000
-4.7035835546  1.9387284710 -0.8142227266 -4.5857850771  3.3364740618 -0.2354560854 -0.0006872371  0.1912492711  1.0000000000  0.0642018871  0.2943366874  1.0000000000
-2.3968375641 -0.1373015956 -0.0712415879 -3.1580166500  1.4612179425  0.1717077687 -0.0005221954 -0.1906014496  1.0000000000  0.0488318542 -0.0430152293  1.0000000000
-3.0380212563 -0.6334799569  0.4179201393 -4.3778350037  0.4723520362 -0.6997611732  0.0804014430 -0.1219749604  1.0000000000  0.0340103608  0.0676609016  1.0000000000
-3.3355944868  0.3566916409 -0.9497693929 -2.1029185628  1.6779889021  0.3921963494 -0.0657113420 -0.0184005410  1.0000000000 -0.0313828974 -0.1742950784  1.0000000000
-4.7688875864  3.3077929310  0.7861864222 -3.9208872382  2.4515041117 -0.0257840163 0.1825338541 0.2807497939 1.0000000000 0.0073006027 0.1053160032 1.0000000000
