14.3000000000
50
-4.3161737009 12.2730963960  9.6366423051 0.2024030049 0.1817134577 1.0000000000
-3.5417901087 13.5880882698  6.4652411341 -0.0075383089 -0.1404936168  1.0000000000
-4.1654957133 11.5562595291  8.1031043521 0.1258711494 0.0578096404 1.0000000000
-1.8209127631  9.9811114812  7.8039868159 -0.3032930748  0.2408529847  1.0000000000
-4.6246762822 13.1420933763  6.2270645150  0.0476157175 -0.2336405672  1.0000000000
-2.5152062634 13.0129984338  6.7239083747 -0.1046515162 -0.0096022786  1.0000000000
-3.1805106749 11.2146680965  8.0966351667 -0.0126303692  0.1361970277  1.0000000000
-3.8037874901 10.6388343782  6.2683709037 -0.1513412685 -0.1337533221  1.0000000000
-1.5844637726 13.1238444244  8.8044219691 -0.0918924393  0.2094521865  1.0000000000
-2.2374894735 13.0110374209  7.1220176700 -0.1294956154 -0.0250465740  1.0000000000
-3.9953104592 12.7334632324  7.5967996750  0.0480419040 -0.0421530380  1.0000000000
-1.3101322579 12.6555502956  7.8851004989 -0.1988120684  0.1733465573  1.0000000000
-5.0219832921 11.8580363651  8.0805965589  0.1673990544 -0.0318531251  1.0000000000
-2.6724976132 10.7902792722  6.6489533557 -0.2365805291  0.0103747832  1.0000000000
-3.6673789830 11.2941234252  5.2833567928 -0.2396693506 -0.2578931152  1.0000000000
-4.8087171028 13.0151619883  7.2613032211  0.1250450132 -0.1215397771  1.0000000000
-3.3393997573 11.2546356254  7.9284142713 -0.0262785058  0.0773940676  1.0000000000
-3.3688793431 12.2114111361  9.5409665797 0.0733500144 0.2299864299 1.0000000000
-4.9716253905 12.6375067037  7.0987901598  0.1459887176 -0.1294680517  1.0000000000
-3.5636083255 14.2810326536  7.5771837458  0.0420080319 -0.0493206876  1.0000000000
-2.1741611536 11.2714142327  8.7728160695 -0.0824488631  0.2403028462  1.0000000000
-6.0441559453 11.7448599353  6.6945712058  0.2056569714 -0.2885748924  1.0000000000
-3.0642193841 12.4522296175  9.1089690462 0.0985607093 0.1488619200 1.0000000000
-4.3967721485 10.5630049932  9.8496495103 0.2163901251 0.2617389935 1.0000000000
-3.1741991910 10.8666959517  5.2436740568 -0.2891150647 -0.2548837623  1.0000000000
-2.1055620711 11.1729057135  8.1709509194 -0.1047945547  0.1791589550  1.0000000000
-4.3584773989 14.5475548458  7.6767481724  0.1451697306 -0.0870215490  1.0000000000
-0.6293178825 13.0753407788  8.4288535234 -0.1805061518  0.1759237926  1.0000000000
-3.7881920213 10.6050912757  8.2633833031 0.0677300198 0.1530872132 1.0000000000
-5.7224420192 12.7270682514  7.9060063884  0.2865397491 -0.1455509914  1.0000000000
-5.0381848398 12.2577914871  8.8088508205 0.2384124032 0.0425839716 1.0000000000
-3.1597404746 12.0192671177  6.9914551950 -0.0807960550 -0.0330206694  1.0000000000
-4.6399220629 11.9561772999  5.8467206126 -0.0109456157 -0.2969832821  1.0000000000
-1.6433534039 10.7017385840  7.9211273444 -0.2353564596  0.2306708654  1.0000000000
-1.6851675931 11.1604348699  8.2023454265 -0.1652373923  0.2272622483  1.0000000000
-3.7413823774 11.3703792912  5.6599631733 -0.1721227592 -0.2232357206  1.0000000000
-3.0596211957 11.9682128799  9.0307502846 0.0744533397 0.1512509361 1.0000000000
-2.9509136082 11.8062891446  9.0008180133 0.0025237647 0.2361397821 1.0000000000
-3.8042492344 10.9748621648  7.0827001127 -0.0422572854 -0.0517266072  1.0000000000
-3.7892939707 12.0491960648  7.3249814004 -0.0187053478 -0.0192584030  1.0000000000
-4.7511120086 14.5805236397  8.3004221948  0.1891408171 -0.0720238807  1.0000000000
-2.8024946181 11.6429279368  7.8467069154 -0.0847853975  0.1147333616  1.0000000000
-5.2552625663 12.4568430604  6.9186075726  0.1420737836 -0.2125714022  1.0000000000
-2.8966665778 11.4018624562  5.5384575922 -0.2254888028 -0.1529945992  1.0000000000
-3.5704804261 11.0941477762  6.4001601096 -0.0986389541 -0.1196801040  1.0000000000
-4.1994444387 11.5489550815  7.9386666857 0.1254113854 0.0546363353 1.0000000000
-5.8700096570 11.5913546716  6.7734551010  0.1915652029 -0.3058519549  1.0000000000
-3.2505447118 10.2832262551  7.3688836324 -0.1245582272  0.0567417284  1.0000000000
-3.4777567975 11.8454648371  9.8339513147 0.1519050654 0.2683099239 1.0000000000
-4.4711644651 13.9951983671  8.5330547850 0.1693861496 0.0044856909 1.0000000000
50
-3.0356521418 11.3660296504  6.6548052337 -4.6610761984 11.4115311635  9.1371019430 -0.1454723280 -0.0347966907  1.0000000000  0.2722345340  0.1073994438  1.0000000000
-5.1401190654 13.1933922311  8.7231450645 -3.0160149246 10.2125873719  6.8674119631  0.2473755960 -0.0012975240  1.0000000000 -0.1885179211  0.0511948878  1.0000000000
-3.1989261088 11.1738362826  8.5186924416 -5.4804916169 12.5161984822  8.4080526933 -0.0013995165  0.1597876320  1.0000000000  0.2733710538 -0.0502273933  1.0000000000
-2.4387390809 13.0209652488  5.9735176697 -3.6809192293 13.6877021728  8.2574149140 -0.1869997276 -0.1411638621  1.0000000000  0.1041272010  0.0177852068  1.0000000000
-4.1475623487 13.9789977620  7.3556729630 -3.2659059226 11.5542468134  5.5899774586  0.1053821878 -0.1035061393  1.0000000000 -0.1655385770 -0.2135876637  1.0000000000
-4.2462926283 11.0194422507  7.2798275108 -2.6631856244 11.3983569243  7.5823485321  0.0215618854 -0.0498056860  1.0000000000 -0.1197355087  0.0768604618  1.0000000000
-5.1439269453 11.6099993398  7.2339790208 -3.5247195480 11.2489075163  6.2194278835  0.1592530057 -0.1034053543  1.0000000000 -0.1446081702 -0.1502604310  1.0000000000
-2.1161377172 11.5349716776  6.7263170774 -2.1512580217 13.2692756025  9.2109996895 -0.2318441281  0.0052273005  1.0000000000 -0.0306376387  0.2424758991  1.0000000000
-3.5318645760 13.7141533045  8.6469825400 -2.2323342720 13.7971242279  7.0870508463  0.1173353653  0.0206606691  1.0000000000 -0.1138995226 -0.0119641275  1.0000000000
-3.8087956037 12.8272565326  6.9489706256 -4.1254335998 11.3364653902  8.0123198791  0.0368154962 -0.0776962224  1.0000000000  0.0593437019  0.0775259208  1.0000000000
-1.7830608669 11.2678609079  7.2284951906 -4.6352262387 14.3570553727  6.5040004225 -0.2627145707  0.0874356635  1.0000000000  0.0960837031 -0.1714048660  1.0000000000
-5.9226088771 11.5009220188  7.4047671238 -2.2635422758 13.5790625948  6.8160163244  0.3353107845 -0.1472278539  1.0000000000 -0.1088987845 -0.0304720350  1.0000000000
-4.0878567911 10.7304912508  8.8588017261 -4.1367112132 10.9464485878  8.2399922342 0.1468178708 0.1644105097 1.0000000000 0.1169094207 0.0430499567 1.0000000000
-2.7043509950 12.5114988755  7.1299175170 -4.7151407734 11.6830906833  7.6594530490 -0.1262839780 -0.0339646990  1.0000000000  0.1106732056 -0.1033306046  1.0000000000
-4.3360905624 12.1598245504 10.2853668892 -3.8438561505 14.3560071684  6.9245638472  0.2400483137  0.2229681973  1.0000000000  0.0171573693 -0.1169513803  1.0000000000
-2.5323122929 12.3113461048  7.2661458820 -2.7791180852 12.4961806927  6.8494535671 -0.1157554949  0.0159840065  1.0000000000 -0.0823239011 -0.0038831695  1.0000000000
-3.5966911867 11.2180618558  7.5541126457 -5.3069044853 11.3054030126  7.8705137056 -0.0117607648  0.0224171661  1.0000000000  0.2233998107 -0.0909466316  1.0000000000
-4.1811342483 11.6919241704  7.8176634767 -1.9299011861 13.9167698687  7.7740680100  0.0879749236 -0.0035273581  1.0000000000 -0.0893355902  0.1020789061  1.0000000000
-4.7372517559 13.2112210799  7.1894516806 -1.9450730075 13.4983129562  6.8897790393  0.1208701359 -0.1226727127  1.0000000000 -0.1678178035 -0.0155132720  1.0000000000
-1.2676797913 11.9111172285  8.2667047665 -2.0343882738 12.0636528487  8.4431473508 -0.2001684558  0.2253819904  1.0000000000 -0.1024780127  0.1907095408  1.0000000000
-5.1922866246 11.1364734500  7.8441761340 -1.8908154414 11.0510911863  8.6020655107  0.1782321651 -0.0520125231  1.0000000000 -0.1324047607  0.2593483634  1.0000000000
-4.9132015763 13.0344095840  7.1663443533 -2.1462668091 14.1292093898  6.5061487518  0.0839284460 -0.1518222602  1.0000000000 -0.1118341166 -0.0289566144  1.0000000000
-3.3819869706 13.5851676209  8.4767854085 -2.5884128163 11.8419900796  7.4792488393  0.0260379840  0.0981190676  1.0000000000 -0.1177793162  0.0019680266  1.0000000000
-3.7582377455 13.2645476874  6.6769204296 -5.8706479215 12.6379006238  7.0502355549  0.0069077870 -0.1293481474  1.0000000000  0.2829039357 -0.2224838527  1.0000000000
-4.4133389615 12.4803057576  8.8378398224 -4.7290736624 13.0731035419  7.0550972672  0.1610627508  0.0457398612  1.0000000000  0.0937328182 -0.1704341708  1.0000000000
-2.2722544938 13.5600034551  6.2502717709 -1.7633578256 12.4793488393  7.1951692527 -0.1436814603 -0.0629818210  1.0000000000 -0.1830487732  0.0664362490  1.0000000000
-3.0193637160 13.8232162591  6.1610356646 -4.3878300306 13.0746589385  6.6795111644 -0.0838546797 -0.1544899378  1.0000000000  0.0623546060 -0.1780357096  1.0000000000
-1.3876603925 12.5338721112  8.7182068423 -4.8969120419 12.0296065668  7.9105366784 -0.1336013516  0.2119491180  1.0000000000  0.1759848623 -0.0398978549  1.0000000000
-5.9554441607 13.4103807961  7.3489397924 -2.7149293287 10.2586005532  6.4967865319  0.2554444841 -0.2108214231  1.0000000000 -0.2684011608 -0.0368602459  1.0000000000
-2.8698242395 13.7334646588  9.8766216589 -4.4926245516 13.6077946403  8.7443592822 0.0993793089 0.1817568431 1.0000000000 0.1848395010 0.0052774111 1.0000000000
-2.7561552839 12.0448417497  6.5605072517 -5.3640048920 13.1818344721  6.6361612327 -0.1201161909 -0.0399219110  1.0000000000  0.1197474489 -0.2222409986  1.0000000000
-4.1903996721 12.7667976443  9.8550797414 -1.8665695757 13.4805914112  6.7699224754  0.2534632746  0.1421337394  1.0000000000 -0.1802473442 -0.0215904439  1.0000000000
-2.7840496425 12.0713241195  5.5632123459 -3.2833553433 12.7771654582  7.6132785600 -0.2049485603 -0.1860841154  1.0000000000 -0.0157332450  0.0371335501  1.0000000000
-4.5944944005 12.4135692749  6.2589434874 -6.1135282209 12.7292878019  7.3181708927  0.0511779997 -0.2283628669  1.0000000000  0.2735259397 -0.2038786321  1.0000000000
-6.0632637511 13.0325423044  7.0389143787 -3.3925630299 10.8607568353  8.5229705922  0.2436741568 -0.2331629515  1.0000000000  0.0335142382  0.1615977261  1.0000000000
-5.8300346609 11.2009566606  7.3971701093 -4.6407008843 11.3526837016  9.3334142147  0.3040744380 -0.2177170970  1.0000000000  0.2222574252  0.1647338576  1.0000000000
-4.0797566868 14.5601144992  8.0248835567 -2.5813327586 14.0146769652  6.3557245596  0.0901525872 -0.0543833707  1.0000000000 -0.1079573154 -0.0719225338  1.0000000000
-3.3027189352 10.2021743744  7.7597459456 -5.6380683610 11.0817969669  7.5057003760 -0.0847303297  0.1236784688  1.0000000000  0.2342787031 -0.1082837699  1.0000000000
-4.6007428423 12.4776660281  9.1997097250 -3.2490866565 10.5530132287  5.0834487806  0.1939567469  0.1354349998  1.0000000000 -0.2999885195 -0.2723499473  1.0000000000
-2.4200255660 10.1247817331  6.7216534732 -3.6350448229 14.2221870379  9.3350599156 -0.2801641241  0.0912425014  1.0000000000  0.1188077033  0.0920062121  1.0000000000
-1.5068382328 11.7035525590  7.7180110683 -5.7127971112 12.5101640720  6.6673675362 -0.2344255689  0.1435345619  1.0000000000  0.2181092192 -0.2797724807  1.0000000000
-3.7815467160 11.6429274969  5.3200354388 -1.9773344473 13.8370529201  9.2663494594 -0.1570130287 -0.2623321744  1.0000000000 -0.0075387234  0.2151237461  1.0000000000
-1.7542362119 10.5104833243  8.2489360681 -2.2229950679 12.0290233385  9.1408749740 -0.2464171789  0.2663977701  1.0000000000 -0.0319043585  0.2608482354  1.0000000000
-2.3243963359 11.6767879000  6.7092383663 -2.6726938276 11.4016889534  6.9314781224 -0.2287033812 -0.0157414993  1.0000000000 -0.1770409457 -0.0161862571  1.0000000000
-4.4944114688 11.8276353048  8.1641943887 -3.6072666626 11.7677128584  7.5496152966  0.1487687956 -0.0128872692  1.0000000000 -0.0208893403  0.0052341395  1.0000000000
-2.1850662010 10.4560230780  8.6671920131 -3.4219524443 11.2166045179  6.5528961646 -0.1757459555  0.2889550588  1.0000000000 -0.1036719979 -0.1085365058  1.0000000000
-3.1804867986 10.2995343053  7.3541112565 -2.7592152310 11.0205198229  7.3088133206 -0.1465201840  0.0589735948  1.0000000000 -0.1407116498  0.0547220328  1.0000000000
-1.7058895614 12.4864593033  8.0220167123 -2.4121341546 13.3088722436  6.5076764248 -0.1446762110  0.1415491729  1.0000000000 -0.1417426929 -0.0614315305  1.0000000000
-3.9160941239 10.9773423671  8.5985121415 -3.4945892612 11.5491745078  5.2528665148  0.0922312961  0.1336587157  1.0000000000 -0.2223432650 -0.2723037214  1.0000000000
-4.4193858666 12.2824732488  7.4852688870 -2.3718000683 10.5591150783  7.5076720253  0.1096558588 -0.0869270201  1.0000000000 -0.2054892680  0.1209539406  1.0000000000
