329.2000000000
50
12.0016851384  1.8475484107  5.8613116661 -0.0259303307  0.1877047125  1.0000000000
15.2781844544  1.3166698072  5.6061251373  0.2583527696 -0.2065959917  1.0000000000
12.1355197180  2.1944000652  7.9805262672 -0.1624165332  0.1365972645  1.0000000000
13.9308992682  1.2279294997  9.4274556750 -0.1477652932 -0.0387773489  1.0000000000
14.1416242780  2.1972971536  6.2839602605  0.1207015109 -0.0198418893  1.0000000000
13.7116196533  3.6785098664  8.4253372419 0.0448289374 0.1456635205 1.0000000000
14.0661759975  2.3538517150  9.1610582369 -0.0437265797  0.0191953315  1.0000000000
14.0356203867  1.1269402317  7.9198006624 -0.0339575508 -0.1262860751  1.0000000000
11.9732084475  2.1711708465  8.3127245668 -0.1935264644  0.0890150850  1.0000000000
14.1288510785  2.5527262407  8.2856199510  0.0715215709 -0.0243138681  1.0000000000
12.2691053110  3.1403344809  7.7065362748 -0.0483493494  0.2079146706  1.0000000000
12.7403071583  3.1244668796  8.0972958287 -0.0732213980  0.1526678908  1.0000000000
15.0859771773  0.7402284711  6.8517618278  0.1091481380 -0.2478899085  1.0000000000
13.8786311013  0.6636479535  8.8843044158 -0.1457723736 -0.1958321603  1.0000000000
10.8937386140  2.0510164531  7.2355795457 -0.2155210602  0.2517625983  1.0000000000
12.6268559336  1.1439358896  5.8533124614 -0.0285050331 -0.0420878569  1.0000000000
12.3045254424  2.7807789710  7.6556833788 -0.0471609833  0.1580821303  1.0000000000
14.2327888046  1.1317797259  8.6881039056 -0.0820256527 -0.0959781895  1.0000000000
15.2004303331  2.3386006849  6.6387098215  0.2075489727 -0.1129132913  1.0000000000
11.9630365128  2.3660027156  5.9820849669 0.0235174194 0.1991972640 1.0000000000
12.9494926681 -0.1162524473  6.2688906063 -0.1310574994 -0.1897345755  1.0000000000
14.9045855845  3.4365982663  7.8368685641 0.1517508692 0.0796753810 1.0000000000
15.0008508855  1.7305970015  8.7120788762  0.0279260434 -0.1291963739  1.0000000000
14.4614682900  1.9186623146  5.0046259610  0.3151055212 -0.0761445407  1.0000000000
13.5169198303  1.4888609524  5.3768739867  0.1451824498 -0.0271772534  1.0000000000
13.8648679254  3.9811301060  6.5289449636 0.1766559027 0.1925996903 1.0000000000
15.3575533903  1.7052946265  6.1057858247  0.2107287718 -0.1927656711  1.0000000000
13.7120648524  1.9906756265  7.9131006621 0.0013442920 0.0147525047 1.0000000000
13.9449626712  1.6939734045  9.5288311054 -0.1225948851 -0.0354855118  1.0000000000
14.0647098457  4.0075634725  7.7033494756 0.1341026201 0.1618960351 1.0000000000
14.7989254462  0.7096794994  4.9542753462  0.2816301165 -0.2985724586  1.0000000000
13.8258278587  4.1710081896  6.7286373124 0.2155245467 0.1752180846 1.0000000000
15.1453580310  2.6840376573  7.8139352006  0.1273363378 -0.0659976078  1.0000000000
14.0234326000  1.4319145693  5.9402477239  0.1163867211 -0.0783288671  1.0000000000
15.8324090437  1.2929283408  7.1969946444  0.1158600278 -0.2103265530  1.0000000000
13.5152125285  3.9821661532  6.5170579309 0.1863535215 0.1972587284 1.0000000000
12.8560526824  3.0865553560  8.1533346671 -0.0470105590  0.1651465539  1.0000000000
14.5098788773  1.3515587301  5.6039943695  0.1627069166 -0.1707335293  1.0000000000
13.6861833205  1.8161483181  7.6294989677 -0.0475795026  0.0294532898  1.0000000000
13.9071756320  0.7721201684  7.1459108015 -0.0260022604 -0.1616931460  1.0000000000
13.9339551666  0.0870967974  7.8670699273 -0.1265855122 -0.1964300870  1.0000000000
11.6461380558  2.7546663551  7.3821783100 -0.1615946477  0.2479876921  1.0000000000
14.5103007269  3.8123701873  7.3936297836 0.2020305190 0.0870511428 1.0000000000
13.7600419537  1.5135698142  5.6245697175  0.1738197548 -0.0586506058  1.0000000000
14.8890164343  1.3124230181  5.2656915352  0.2608147791 -0.1936815494  1.0000000000
14.2279082154 -0.0269499925  5.7908155571  0.0412620762 -0.3334558184  1.0000000000
13.3649175413  1.4252395192  9.5821050864 -0.1679168779 -0.0491693354  1.0000000000
14.4781542830  1.1040961395  5.5754887029  0.2223953867 -0.1682908964  1.0000000000
14.6496958115  3.5197309934  6.6228241519 0.1865158920 0.0754330120 1.0000000000
15.3216150494  1.1220560058  8.4110827007 -0.0387646803 -0.2223883071  1.0000000000
50
15.9230845783  2.7404328988  7.7348741743 14.3181643945  2.6842378918  6.0625760769  0.1643085919 -0.1090265457  1.0000000000  0.2150249581  0.0340132671  1.0000000000
14.5770421792  2.2436958164  7.9736867134 16.0487544093  1.7636902547  6.3981334975  0.0234867526 -0.0214730090  1.0000000000  0.2188185142 -0.1741109918  1.0000000000
11.8753272083  3.1585105768  8.4945899860 13.3108527861  2.0313365777  8.9975433807 -0.1382704110  0.2139304645  1.0000000000 -0.1032542520  0.0211240762  1.0000000000
14.3636556713  3.1639877884  8.2971361074 15.3371262619  2.7045958313  7.5213799963  0.0849982333  0.0501345731  1.0000000000  0.1577146396 -0.0751406463  1.0000000000
14.7862898244  2.0746917059  8.8171151842 13.0210024939  3.2366542953  7.3194098425  0.0095799800 -0.0862748797  1.0000000000  0.0578789530  0.1749115909  1.0000000000
13.7505632012  3.2706363199  6.1306428916 13.9153703323  0.2862058700  6.9323050196  0.1943061297  0.1332005974  1.0000000000 -0.0617834967 -0.1522386804  1.0000000000
12.8558602902  3.2994812830  5.5076768940 15.2048392991  2.9359782784  7.3321913538  0.2154371324  0.2239501401  1.0000000000  0.1770955958 -0.0089797590  1.0000000000
15.9822793303  1.8977693144  7.3713557425 13.0367751063  3.8533566636  8.8879346649  0.1807524982 -0.1835959646  1.0000000000  0.0125315290  0.1897937035  1.0000000000
10.9425630715  1.5912540026  7.1515679412 13.4997517681  2.6192795885  8.4255472260 -0.3049291633  0.2062844529  1.0000000000 -0.0165596183  0.0096231279  1.0000000000
14.2253157219  2.8754017267  7.1678547150 14.0396464915  0.4222264019  5.8786042935  0.0849932532  0.0148832380  1.0000000000  0.0129586905 -0.2151113894  1.0000000000
13.3101764053  1.9416773043  8.2183396835 12.6305597256  2.9068607189  7.3608510472 -0.0696720748  0.0242868070  1.0000000000 -0.0286535247  0.1839767864  1.0000000000
15.0439438072  0.6537083798  8.9739230100 13.9623673076  3.6122864277  7.1590804541 -0.0984504170 -0.2258967523  1.0000000000  0.1308127647  0.1568243611  1.0000000000
14.6660528652  2.9005803075  6.4999392541 14.4394165371  2.4152759662  6.1782807754  0.2365490137  0.0232369320  1.0000000000  0.1833239948 -0.0156649331  1.0000000000
14.3229760904  3.1885003205  7.8738141805 13.9345798615  1.8076496720  8.7812444532  0.0511393131  0.0428205665  1.0000000000 -0.0552456056 -0.0362920092  1.0000000000
15.4180476171  0.9053507670  5.5291681332 14.0901965172  0.5898581013  9.8253984160  0.2947235526 -0.2809847368  1.0000000000 -0.1703463728 -0.1135616817  1.0000000000
13.1515574086  3.0848298518  7.1045967114 14.4857491017  1.6315949584  8.5641000342  0.0329125281  0.1396122332  1.0000000000 -0.0515937980 -0.0620475507  1.0000000000
13.8659161690  0.4368383228  6.6929443335 12.1767658085  2.5254516251  8.2161290001 -0.0228642506 -0.1623611148  1.0000000000 -0.1542291205  0.1626216760  1.0000000000
14.3623743086  1.7770933416  6.3575871370 11.7965239560  1.7960062726  7.1294774270  0.1389230704 -0.1044038683  1.0000000000 -0.1724148145  0.1689331663  1.0000000000
13.6681647478  2.2051087676  5.2333117636 13.6658420449  1.4739709285  8.8393700275  0.2186804831  0.0366782621  1.0000000000 -0.1027511520 -0.0297479498  1.0000000000
12.0400387358  1.2325000595  6.4830509187 12.3648235637  1.2010907993  5.8658955455 -0.1338580551  0.1067528378  1.0000000000 -0.0575786438  0.0107136820  1.0000000000
13.0981444536 -0.6704987981  6.5455545264 12.7963782719  3.3434137748  7.7253157698 -0.1716040732 -0.2552091849  1.0000000000 -0.0233215777  0.2068805991  1.0000000000
14.0966518392  0.5048526985  5.5188589878 12.8776794027  2.6317805667  7.2420398382  0.1281385429 -0.2359813713  1.0000000000 -0.0270389261  0.1213871093  1.0000000000
15.7197360463  1.6406509483  7.1859625244 13.9480255314  1.5441587246  6.7833456646  0.1421350927 -0.1486876299  1.0000000000  0.0347199780 -0.0696920212  1.0000000000
12.8454783369  1.2442279546  8.3941086813 14.0989615467  1.0545303630  6.9631366214 -0.1824429034 -0.0321813951  1.0000000000 -0.0010585220 -0.1590838788  1.0000000000
13.1867959102  0.9045848320  8.5666586457 15.0786011656  2.3922108108  8.1658465730 -0.1630942328 -0.0769435123  1.0000000000  0.1045303776 -0.0860835956  1.0000000000
14.1171760421  1.7835744039  5.9668940593 15.0541551556  0.6707128317  6.8501048768  0.1574746688 -0.0862397048  1.0000000000  0.0869414754 -0.2430667997  1.0000000000
16.1306090514  1.8137404843  8.0589957670 13.6718963257  2.2486628386  7.3495246898  0.1515425832 -0.1748748275  1.0000000000  0.0446228769  0.0404707010  1.0000000000
13.8865396547  0.6363337193  5.3527568605 12.6144637229  1.7893652486  9.4092927992  0.0878492063 -0.2157751529  1.0000000000 -0.1565160899  0.0112344442  1.0000000000
14.1686695017  0.7773590028  6.9776584773 14.0460049001  2.7008471165  6.7723293464  0.0184939192 -0.1311505705  1.0000000000  0.1040351751  0.0784115162  1.0000000000
12.4226923709 -0.5212094992  6.6228113005 13.8516892292 -0.0574573213  6.2315482349 -0.2968382807 -0.1711287320  1.0000000000 -0.0291119684 -0.2813701702  1.0000000000
15.3800235246  2.5305584404  7.5290660946 13.9207813508  3.5744718050  6.5351097848  0.1582834702 -0.0679002786  1.0000000000  0.1973127107  0.1202840943  1.0000000000
13.7257532800  2.8899380585  5.1526508554 14.9685204942  1.6949913901  8.8259463191  0.2759320800  0.1264036082  1.0000000000 -0.0271231948 -0.1318277610  1.0000000000
14.7392054339  1.4403948977  6.7851438792 13.5342820296 -0.4557121249  6.4947184357  0.0996644103 -0.1937356078  1.0000000000 -0.0955139223 -0.3030146297  1.0000000000
13.0898810950  1.1268868332  6.0674438465 11.5328502601  2.5680469082  8.5204270605  0.0387511209  0.0028389456  1.0000000000 -0.2256129372  0.2268624781  1.0000000000
11.5979188423  2.5978571571  7.1632626335 14.1129044957  0.0945205735  7.3634274058 -0.1299846851  0.2148829454  1.0000000000 -0.0619955798 -0.2531240167  1.0000000000
13.7683305439  3.8496670745  7.9263487025 14.0595146763  1.6349157593  7.9020483126  0.0981045995  0.1395337341  1.0000000000  0.0141687458 -0.0456506466  1.0000000000
12.5886488299  1.2487265885  8.0884870279 13.2184263087  1.3800125905  7.3433953538 -0.1605492538  0.0399810261  1.0000000000 -0.0696121633 -0.0085500012  1.0000000000
13.4587747896  3.9754506034  8.3370332279 15.2710729073  0.7870028171  7.3036246201  0.0236201145  0.1813880545  1.0000000000  0.0815278574 -0.2207889253  1.0000000000
13.9507834063  0.4110096800  9.5116013826 14.0659511930  3.3524742606  5.6028348881 -0.1759739830 -0.1874931529  1.0000000000  0.3126926286  0.1435309832  1.0000000000
15.6760720432  1.1668229628  6.0029245981 15.2719041811  2.8875371305  6.6725065218  0.2015640344 -0.2562133422  1.0000000000  0.2519758746 -0.0215549096  1.0000000000
15.8491081040  2.4844384000  8.1487812536 12.0015774846  2.7251907935  8.3706571318  0.1500013319 -0.1414567384  1.0000000000 -0.1502388426  0.1674673379  1.0000000000
13.6833021373  1.3337315221  5.4377619559 11.3895529991  1.7003692403  7.0160087790  0.1128563425 -0.0729440751  1.0000000000 -0.2294893123  0.1433729143  1.0000000000
12.0166443134  1.6606915764  8.3813526391 12.4079472647 -0.3003710592  6.9916779216 -0.2365442993  0.0964893220  1.0000000000 -0.2790423432 -0.1428577866  1.0000000000
14.1392698850  0.3923994238  8.7851282707 15.3143757543  2.9033161116  7.2989352807 -0.1308518500 -0.1897582268  1.0000000000  0.1848339154 -0.0368080020  1.0000000000
14.4379526549  4.1079724843  7.0892234789 13.6987344223  1.6692193704  8.1176756845  0.2169037703  0.1541509749  1.0000000000 -0.0684804470 -0.0466564254  1.0000000000
14.4079032455  1.9893026176  7.4660233155 14.7287487823  0.3072274411  7.1240350766  0.0186349928 -0.0938038768  1.0000000000 -0.0001750492 -0.2490655449  1.0000000000
15.8679799529  1.5170189062  6.8325790214 14.3346161755  1.2170618430  6.2050086121  0.2021295945 -0.1981290437  1.0000000000  0.0787823821 -0.1872391917  1.0000000000
12.3831055095  2.4219009032  7.2730284360 12.8432781134  3.2896917186  6.8375613110 -0.0443866521  0.1794604821  1.0000000000  0.0726710808  0.1560720481  1.0000000000
13.8816642879  2.6796184427  6.8215457774 13.2203934039  1.0334641838  8.7206457829  0.0815741820  0.0819080803  1.0000000000 -0.1810048174 -0.0708518672  1.0000000000
15.7902990293  1.6463505515  6.6261436585 12.5141896935  2.4217170158  7.5744458079  0.2098220141 -0.2165705729  1.0000000000 -0.0639215640  0.1338922470  1.0000000000
