649.6000000000
50
 3.2219989301 -1.1546207910 16.2195254981 -0.0585592894  0.0379975757  1.0000000000
 3.1128650261 -3.3856443511 16.4607956663  0.1234780679 -0.1350249185  1.0000000000
 3.3266087630 -4.0874357083 12.6750065554  0.2697505648 -0.2088881882  1.0000000000
 4.0806917842 -3.4326643096 16.0376697898  0.1484080922 -0.0598306289  1.0000000000
 4.2491501610 -3.4322224693 16.3797334596  0.1788832474 -0.0568033035  1.0000000000
 3.5051896836 -0.2564785454 14.5073485290 -0.1301363068  0.1002741071  1.0000000000
 1.6298538562 -1.2561264397 14.5336710388 -0.1934253187 -0.1237934097  1.0000000000
 2.8537287059 -1.3156133048 16.1343815388 -0.0717953388 -0.0679068580  1.0000000000
 3.5107739303 -2.3086187870 13.1528755132  0.0444477798 -0.0223844207  1.0000000000
 4.1824848470 -2.5426546301 15.5056894559 0.1067550229 0.0144337073 1.0000000000
 5.2069608582 -2.4456286505 13.3792115855 0.2063523881 0.1583833182 1.0000000000
 4.3244024015 -2.9582143669 14.1048432144 0.2014446544 0.0095163326 1.0000000000
 4.0281848128 -3.0694267474 15.0223376636  0.1243038897 -0.0408847713  1.0000000000
 3.8696487699 -3.3431455455 16.4531726540  0.1502813623 -0.0465654900  1.0000000000
 3.0389318126 -3.4764812335 13.9924787804  0.0998756479 -0.1949888424  1.0000000000
 3.3918681195 -3.1641596466 12.9320087261  0.1302217712 -0.0997533772  1.0000000000
 2.7098515799 -1.5475160265 13.8084106148 -0.1277317002 -0.0409617877  1.0000000000
 4.9642928467 -2.3889744357 15.2886964165 0.1604717419 0.1025345314 1.0000000000
 3.2064673515 -3.3938096746 13.5527626186  0.1398561902 -0.1574841368  1.0000000000
 6.1669201714 -2.1454086823 15.1881838882 0.1961854562 0.2190520628 1.0000000000
 5.0906981765 -1.9081599966 14.5097300605 0.1268674131 0.1607504035 1.0000000000
 2.6125125152 -0.2490328333 12.7448050520 -0.2741744073  0.0489033754  1.0000000000
 3.2043256738 -1.9899391303 14.5423868316 -0.0068577200 -0.0273115200  1.0000000000
 1.9670016101 -1.1870763170 15.8238473993 -0.1694458805 -0.0840450312  1.0000000000
 3.9194116300  0.2617818387 12.2556276676 -0.2483862577  0.3661763205  1.0000000000
 4.0538271507 -1.4478271821 13.8347668389 -0.0081200990  0.1117101028  1.0000000000
 2.2841135767 -3.3515332674 15.9408649048  0.0282298244 -0.1930823699  1.0000000000
 5.5304548200 -2.6874964990 14.3045977137 0.2503092165 0.1456871336 1.0000000000
 4.2415898929 -2.4576703915 15.4965564235  0.1008460663 -0.0051260542  1.0000000000
 4.6401098620 -3.4662760506 15.4526402541 0.2484433512 0.0305307553 1.0000000000
 3.1430394311 -3.4700440685 14.9095243188  0.1588974745 -0.1607821066  1.0000000000
 2.0391157327 -2.2218584474 13.4714364179 -0.0973204389 -0.1594744496  1.0000000000
 3.9530482728 -1.3538762924 14.9434391448 -0.0329685736  0.0654057607  1.0000000000
 5.7103292095 -2.7184703046 15.9371111922 0.2274146548 0.1341508285 1.0000000000
 5.6669058562 -1.9402613828 15.8443409228 0.1100156274 0.1923489978 1.0000000000
 3.9665531028 -3.4195623092 14.9966757959  0.1686813608 -0.0643283420  1.0000000000
 4.4026772471 -0.0863839634 14.6633777066 -0.1291582036  0.2280864353  1.0000000000
 3.7233847449  0.2620764884 13.9122852568 -0.1955854027  0.2212762528  1.0000000000
 4.2942487806 -1.9363070044 16.2220469116 0.0482444408 0.0666442713 1.0000000000
 3.4561925330 -1.5338602825 14.1401921350 -0.0508138112  0.0742018760  1.0000000000
 2.1765381416 -1.3378273585 15.0433536334 -0.1752481977 -0.1058751106  1.0000000000
 4.7289846631 -2.3921000948 15.6954452930 0.1132105792 0.0488089310 1.0000000000
 0.9732217545 -1.3833503298 14.6745104293 -0.2426390476 -0.2116860249  1.0000000000
 2.4128748520 -3.6639970879 13.8105256707  0.0798379732 -0.2470588095  1.0000000000
 4.7971069132 -1.5659891872 12.8956403777 0.0769241719 0.2445148160 1.0000000000
 4.3324672984 -1.5519748072 14.4008236534 0.0252589882 0.1215036421 1.0000000000
 4.2539344576  0.1886036070 14.0604329650 -0.1960342408  0.2448665336  1.0000000000
 2.8347188497 -4.0810902341 14.1766111141  0.1833294886 -0.2245973826  1.0000000000
 3.7079607311 -0.6474293764 16.2023724572 -0.0845587967  0.0664119362  1.0000000000
 1.5811603027 -2.1668717785 14.8321942447 -0.1506040730 -0.1369606313  1.0000000000
50
 3.6829559019 -3.7050867272 15.3116997736  1.9165332732 -3.2263050563 14.0412293627  0.2083325940 -0.0989833389  1.0000000000  0.0111594173 -0.2428060907  1.0000000000
 2.0442659624 -3.5302630076 13.4727292393  4.5454072670 -1.9397062923 15.1564569053  0.0719365941 -0.2724868486  1.0000000000  0.0891757269  0.0752667692  1.0000000000
 2.6858700897 -2.7110661866 12.5946034621  3.8242543865 -0.5097494324 13.0120246456 -0.0035545186 -0.1383935506  1.0000000000 -0.1428480916  0.1824146666  1.0000000000
 1.4162634745 -2.2206568513 15.6298459696  3.9482823365 -0.6710941097 13.1672586340 -0.1254946839 -0.2488607988  1.0000000000 -0.0724484121  0.1414844103  1.0000000000
 3.4082441623 -4.4446006096 15.1410757907  1.9846452556 -0.9064101110 14.9527854922  0.2244685540 -0.2338912507  1.0000000000 -0.1776801607 -0.0860858762  1.0000000000
 1.4468458624 -2.5658529454 13.3824162312  2.5388353787 -1.8320665432 12.6756487383 -0.1044740257 -0.2713128590  1.0000000000 -0.1255858162 -0.0562824683  1.0000000000
 3.4598833022 -1.2159815069 14.5784160159  1.6661058133 -1.0069644388 13.1026667906 -0.0417220949  0.0254611018  1.0000000000 -0.2542911458 -0.1158403029  1.0000000000
 2.7425925624 -1.6684614896 15.6555384810  2.7899764698 -0.8084076589 13.6371046563 -0.0880864539 -0.0617624865  1.0000000000 -0.1862077625 -0.0041879698  1.0000000000
 2.1360690966 -1.3390101476 14.7714908746  5.0073013775 -3.3245269395 15.5760380168 -0.1375944959 -0.0864565326  1.0000000000  0.1884420366  0.0295201297  1.0000000000
 1.3707465878 -1.5223536470 13.0037936867  4.1717726496 -1.1314588133 12.5667393872 -0.2172607342 -0.1702257585  1.0000000000 -0.0371698877  0.1789269603  1.0000000000
 1.7286735363 -3.1751908772 13.2519708346  3.0008248742 -4.1872057915 14.4388983311  0.0236706973 -0.2625737064  1.0000000000  0.2113424498 -0.1999568173  1.0000000000
 3.9967747803 -1.4429037017 15.3875608330  4.9959437096 -2.3481665581 12.6854388310 0.0066344971 0.0464662151 1.0000000000 0.2247253312 0.1875730317 1.0000000000
 2.8462557836 -0.7243069646 12.8933646019  5.3749476112 -1.6327423765 13.9966237904 -0.2028348413  0.1113674795  1.0000000000  0.1311590265  0.2554885616  1.0000000000
 2.4620515949 -0.3762806388 14.8444134685  3.2864571698 -2.5520132522 15.6149415970 -0.1714173817  0.0187402850  1.0000000000  0.0166264361 -0.0624209483  1.0000000000
 4.1226744744 -2.9104085393 15.5284059551  4.0417841776 -2.0983537505 15.8137334761  0.1331411414 -0.0019323076  1.0000000000  0.0554758405  0.0010924382  1.0000000000
 4.2991941811 -1.9881297030 13.4593935137  2.9669563432 -3.3462591904 15.6327872248  0.0718719957  0.0746988408  1.0000000000  0.1289693956 -0.1342264300  1.0000000000
 4.5317214591 -0.4062534387 14.6508163910  1.0332595643 -2.0543694987 13.0318122716 -0.0962103945  0.2117052105  1.0000000000 -0.2012019010 -0.2280286435  1.0000000000
 3.3181556265 -3.3854217506 16.1018399324  4.2852092323 -2.3757609933 12.4577038555  0.0663931932 -0.1262035390  1.0000000000  0.1259622310  0.1182925092  1.0000000000
 2.2616111535 -1.4660522135 15.4686128830  2.4080053108 -3.0120426179 15.6781162077 -0.1187602578 -0.1115877069  1.0000000000  0.0636908943 -0.1904446433  1.0000000000
 5.7887771812 -2.7281857520 13.5824975273  4.1883058007 -1.6389425428 12.7708392255 0.2515617857 0.2178340195 1.0000000000 0.0704003393 0.1541863512 1.0000000000
 1.4988222405 -2.1003891649 15.5554355862  4.1330312243 -0.8887380467 13.6096171277 -0.1181162878 -0.2142267873  1.0000000000 -0.0459127236  0.1410285073  1.0000000000
 2.6746371461 -1.6371459938 12.5989573672  3.2674812635 -1.4382801644 13.8790275515 -0.1268089623 -0.0683101950  1.0000000000 -0.0317329865  0.0582764712  1.0000000000
 3.4722941149 -2.2671953082 14.5043084711  2.7026651313 -1.1874628153 13.4997990442  0.0065053635 -0.0170823981  1.0000000000 -0.1233333802  0.0099098034  1.0000000000
 2.9291494115 -2.4752330405 16.3887890443  2.0686003504 -3.5681269602 13.3931005310  0.0178022516 -0.1425397382  1.0000000000  0.0424391009 -0.2630824751  1.0000000000
 3.1346350356 -2.1305300172 15.3369258387  2.9475185037 -1.0046366376 15.2163080282  0.0160713205 -0.0514969158  1.0000000000 -0.1034029750  0.0011727915  1.0000000000
 2.0187544158 -1.9382454816 13.5093651115  2.8103392063 -0.4283292965 14.1895459168 -0.1195946486 -0.1116756288  1.0000000000 -0.2161143463  0.0843132251  1.0000000000
 4.2177224778 -1.6301841892 15.6475627729  0.8957147886 -1.9002480071 13.2327421565  0.0293548889  0.0298156388  1.0000000000 -0.2419223783 -0.2621868567  1.0000000000
 3.8101716946 -1.9630253449 14.3420492484  3.2932712916  0.1738155844 12.3977259905 -0.0144534580  0.0089609205  1.0000000000 -0.2712643403  0.2213001855  1.0000000000
 3.9005398170 -0.5902102913 13.2825812872  1.5929122600 -2.3963206087 15.7776007449 -0.1116225086  0.1513268716  1.0000000000 -0.0596235462 -0.2100756461  1.0000000000
 4.6227046516 -2.0068881008 13.7886402440  2.7617191449 -0.9302582607 15.8187886558  0.0908021772  0.0877762178  1.0000000000 -0.1122947737 -0.0205812355  1.0000000000
 3.7961203642 -1.3998751963 12.5954826739  1.2914499202 -1.2802279989 13.9452516588 -0.0086401280  0.1179307252  1.0000000000 -0.2285361498 -0.1549492727  1.0000000000
 2.4041508815 -3.7009157514 14.3741506767  3.2141930473 -3.2782251137 16.4138910172  0.0815661455 -0.2339873244  1.0000000000  0.1339899384 -0.1378458909  1.0000000000
 3.3764679034 -1.0165392603 12.5214226286  3.4390746478 -0.2141188590 14.6290933213 -0.1247648238  0.1681535745  1.0000000000 -0.1486652800  0.0797534695  1.0000000000
 3.1367409627 -4.5665656811 15.1868563228  5.7956667517 -2.6404838628 15.8428843224  0.2033095150 -0.2413901037  1.0000000000  0.1445936352  0.1111706278  1.0000000000
 2.9291488341 -3.5074109986 13.4017662954  1.5043935706 -1.8655642456 16.1270423900  0.1455769432 -0.1747107936  1.0000000000 -0.1159432880 -0.1861058456  1.0000000000
 3.1098602645 -4.2286306999 12.8374784411  2.4592041909 -0.6305514077 14.3061806235  0.2253153762 -0.2395789008  1.0000000000 -0.2105264487 -0.0350153564  1.0000000000
 3.9264576954  0.3137881811 14.1654991686  4.1302476026 -0.4459444584 12.9105282049 -0.1761508653  0.2129425444  1.0000000000 -0.0619200310  0.2835426923  1.0000000000
 6.2950059360 -2.2427917786 15.7241268362  4.1059563089 -2.6092336989 13.1128045553 0.1925231833 0.1789924718 1.0000000000 0.1388042242 0.0530325017 1.0000000000
 3.0635622335 -3.4788981693 13.8549984505  2.3228637023 -3.0738785933 13.7493933784  0.1533617194 -0.1708463391  1.0000000000  0.0553848128 -0.2220828033  1.0000000000
 3.4643055481 -3.2088146785 13.5333567997  3.5665124823 -3.4274229799 16.4399513116  0.1599845950 -0.1062572763  1.0000000000  0.1322973752 -0.1355652123  1.0000000000
 3.7535286450 -4.0361042759 13.1510579975  4.0504241632 -1.3129625534 12.4241962827  0.3019479706 -0.1785861812  1.0000000000 -0.0640513494  0.1847836139  1.0000000000
 2.3857908373 -2.2273978345 12.9830796457  2.8204614819 -1.4348771093 13.2776195997 -0.0552702410 -0.1048981235  1.0000000000 -0.1166987012 -0.0332167945  1.0000000000
 2.5898818973 -1.4519882319 14.4519369282  4.5709619748 -2.8400197601 14.2327831804 -0.1152250500 -0.0426366515  1.0000000000  0.1620199179  0.0588809681  1.0000000000
 3.6052213505  0.3648106698 12.8987792451  1.9974063320 -1.4684303405 16.2010450853 -0.2634666195  0.2676288200  1.0000000000 -0.1431527094 -0.1133183110  1.0000000000
 3.4654404242 -2.0950200329 14.2332892404  3.8490107658 -2.9531096754 13.2069650364  0.0550341582 -0.0376386057  1.0000000000  0.1432468431 -0.0263686752  1.0000000000
 2.5808333648 -0.3680674309 12.3103215692  5.0333485525 -2.4106645015 16.0402684922 -0.2769209375  0.1225552849  1.0000000000  0.1377127515  0.0902135676  1.0000000000
 3.4873078744 -0.0534330903 13.7619049215  2.3682884640 -3.3164344942 15.7103731411 -0.2156783770  0.1517666759  1.0000000000  0.0478359793 -0.2085152119  1.0000000000
 4.6197532690 -3.6336971459 12.6004300948  2.1081454923 -3.4711001060 13.9029878192  0.3440549099  0.0266952617  1.0000000000  0.0409985084 -0.2540861750  1.0000000000
 2.4620265082 -2.8261021273 13.1204074809  2.7621269545 -3.6784554245 13.3356821608  0.0362475616 -0.2037945352  1.0000000000  0.1659826901 -0.2027653640  1.0000000000
 3.0793691087 -0.8606004452 13.7459147539  5.0783741569 -1.6994413501 15.6794920491 -0.1213043080  0.0430994382  1.0000000000  0.0621912865  0.1232847601  1.0000000000
