643.4000000000
50
-2.2428109044  1.6628472069 -4.1174903085  0.0309772484 -0.1685605546  1.0000000000
-4.7881249128  2.5238809516 -5.5019802153 -0.1447609833  0.0990626631  1.0000000000
-5.1948612413  2.7887796116 -6.3258648198 -0.1683086495  0.1622376814  1.0000000000
-2.2698424290 -0.1219932369 -5.4214971883  0.1496048967 -0.1070846728  1.0000000000
-4.8943688464  2.8188582404 -6.2560530659 -0.1994964881  0.1386636471  1.0000000000
-5.1141860627  0.8992406538 -6.2365157907 0.0061097470 0.1564600720 1.0000000000
-6.2309945983 -0.5504137227 -3.4773371372 0.1872217768 0.3068574293 1.0000000000
-3.2949996811  0.6626370273 -2.0445996769  0.1318981016 -0.2307863052  1.0000000000
-3.6221614905  2.4261634975 -2.7305715450 -0.1511505505 -0.1478726175  1.0000000000
-4.1851511671  0.3307347921 -3.7767332163 0.0945643375 0.0393698615 1.0000000000
-2.0966806455 -0.2626860244 -3.0809778869  0.2440015977 -0.2447530020  1.0000000000
-3.3062872861  0.5787337184 -2.2783397298  0.1588156769 -0.2065349479  1.0000000000
-3.8424434722  1.3490896941 -1.8749982736  0.0059045083 -0.1992769014  1.0000000000
-3.1119898619  1.7767328031 -2.8803167329 -0.0092679577 -0.2158723417  1.0000000000
-3.6124935357  1.7221291511 -2.1927795754 -0.0370137013 -0.2197201347  1.0000000000
-5.4386436952  1.4286033364 -2.8785914408 -0.0714234255  0.0549348217  1.0000000000
-4.8737884749  2.0602366199 -2.5133175379 -0.1626320489 -0.0287472388  1.0000000000
-3.5243423021  1.9164371110 -2.4296267453 -0.0270168544 -0.1856081625  1.0000000000
-3.9956265639  1.1998612484 -3.4144480539  0.0008711641 -0.0561717908  1.0000000000
-1.8156537744  0.5355999887 -4.7527724387  0.1351544227 -0.1340500333  1.0000000000
-2.3252765896  2.7848820357 -4.9587887886 -0.1162388265 -0.1520264835  1.0000000000
-5.8011638118 -0.0111862529 -3.0751654882 0.1369897863 0.1976939163 1.0000000000
-3.6003055025 -0.1825120120 -2.8489399859  0.2476625341 -0.0972701172  1.0000000000
-4.9013252375 -0.7711091624 -3.9745726956 0.2795610125 0.1613021557 1.0000000000
-3.3202071942  2.3062381279 -3.6195927224 -0.0897305258 -0.1258565304  1.0000000000
-5.1108103020  1.2500732285 -2.9115005403 -0.0241928898  0.0015420487  1.0000000000
-5.1889942457  0.7041495526 -4.8986246576 0.0070444907 0.1424999584 1.0000000000
-2.7249136226  0.9848435557 -4.3163154371  0.0706681330 -0.1802252509  1.0000000000
-5.3483874642 -0.5324603583 -2.9669980004 0.2448571814 0.1324464528 1.0000000000
-5.1117160495  2.1061267659 -3.0990940429 -0.1687205646  0.0077692661  1.0000000000
-5.8235693002  2.3056650162 -3.8443122174 -0.1988582139  0.1278907193  1.0000000000
-5.1627530406  2.8218412541 -2.6890870030 -0.2429259198 -0.0406877169  1.0000000000
-4.1102370601  2.6984091078 -3.6536292694 -0.1359283622 -0.0436414261  1.0000000000
-3.9984973823  1.6715563707 -2.6481572120 -0.0604806090 -0.0746882811  1.0000000000
-4.2976623508  0.0060842560 -3.7912241958 0.1819358973 0.0658734264 1.0000000000
-1.8647438328  2.5982455669 -4.9854807264 -0.0757054648 -0.1561892010  1.0000000000
-3.8908054328  1.4586575488 -5.3176639120 -0.0427496452  0.0218364800  1.0000000000
-4.3945130108  3.2442874220 -1.9739523966 -0.2962033141 -0.2330764437  1.0000000000
-1.9115001726  0.8431876230 -4.2722282580  0.1174480719 -0.1806804992  1.0000000000
-3.3988380736  0.0997087660 -3.0016489226  0.1839719188 -0.1052192652  1.0000000000
-5.0595509951  2.9944447056 -2.5194223198 -0.2582958529 -0.0484326805  1.0000000000
-4.1757234186  1.9176603214 -4.2459314687 -0.0802197547 -0.0085430356  1.0000000000
-3.9704304858  1.4232958596 -5.7296325186 -0.0394599622  0.0285391489  1.0000000000
-2.7146695491  0.0863588919 -2.0356423930  0.2674562001 -0.2899256043  1.0000000000
-5.2567394116  2.5252080494 -5.5763835219 -0.1734702497  0.1134368615  1.0000000000
-2.3851625222  1.6446469229 -4.3266443582  0.0108195870 -0.1895223833  1.0000000000
-4.6930133205  1.1578852660 -3.4855914925  0.0348973404 -0.0042665442  1.0000000000
-4.5911604585  1.8926518916 -4.2458449283 -0.1149208421 -0.0019337758  1.0000000000
-3.5058520180  2.0067468895 -3.9494967917 -0.0519989874 -0.0763063710  1.0000000000
-2.6330004768  3.0868259588 -4.7080513066 -0.1356762801 -0.1693478081  1.0000000000
50
-3.2581246609  2.4650233477 -3.3420939241 -3.7480141074  0.3402191518 -4.1449399735 -0.1041946106 -0.1828510280  1.0000000000  0.1195226252  0.0187267184  1.0000000000
-6.4157588963  1.2563222883 -3.3700827082 -6.1411718094  1.2239615249 -2.8166992525 -0.0848221742  0.2493705482  1.0000000000 -0.0674378290  0.2120929970  1.0000000000
-6.3421642195  1.9008888220 -3.6692341095 -3.2148169197  2.1738149362 -5.4996349845 -0.1429065251  0.2373347553  1.0000000000 -0.0740347504 -0.0384070360  1.0000000000
-4.7460417285 -0.4986645687 -5.3715879038 -3.9324234801  1.6772899919 -1.7851126617  0.1340880822  0.1820286840  1.0000000000 -0.0481048191 -0.2314142740  1.0000000000
-3.9720397239  0.3527618761 -4.1760525655 -5.0636933969 -0.3508325747 -2.8072172071 0.0978029617 0.0181745401 1.0000000000 0.2315745222 0.1055228330 1.0000000000
-1.5989750146 -0.1389090631 -4.9010699530 -5.3188243611  1.1722872511 -3.2753507419  0.2058874141 -0.1407246640  1.0000000000  0.0081734805  0.0808514821  1.0000000000
-4.5365047344  1.6318027408 -6.1208232807 -5.8987340883  2.2543895138 -3.8434491458 -0.0566584759  0.1229004032  1.0000000000 -0.1727429529  0.1864638011  1.0000000000
-6.0376522166  2.6220530930 -5.5821465115 -5.1252001003  1.2441740026 -6.1329481633 -0.2437641560  0.2357103446  1.0000000000 -0.0287851108  0.1906988689  1.0000000000
-5.4238333492  1.8527266736 -3.1573111137 -5.5747014949  1.1298145403 -2.6590496547 -0.0793550183  0.0831995265  1.0000000000  0.0069391911  0.1144865356  1.0000000000
-2.7125500275 -0.2983841017 -3.2961296481 -3.8901559827  0.8748583888 -2.5005149841  0.2528453459 -0.1745418944  1.0000000000  0.0967601531 -0.1623522732  1.0000000000
-3.8687094086  0.4529142194 -1.7772211290 -3.2443733179  1.8273689376 -5.7036709092  0.2027825406 -0.1547975338  1.0000000000 -0.0636715933  0.0084737179  1.0000000000
-4.2029158299  2.6195363278 -3.6231590169 -3.8155425827 -0.5968327834 -5.2363295065 -0.1802415022 -0.0968813497  1.0000000000  0.2161035164  0.0789196215  1.0000000000
-2.4580255131 -0.1507862248 -5.1714482613 -2.0413003473  0.2769206094 -5.0345647879  0.2174570630 -0.0727132418  1.0000000000  0.1545910752 -0.1517291996  1.0000000000
-4.0421014768  1.3625659029 -3.2606785780 -4.0470289722  2.7373379073 -4.3673028653 -0.0027406541 -0.0644493573  1.0000000000 -0.1507929555 -0.0368122240  1.0000000000
-6.4042368296  1.3939607331 -3.1193027414 -3.3150755317  1.0815654368 -1.5099202662 -0.0441579936  0.2500265291  1.0000000000  0.0759749590 -0.2757203306  1.0000000000
-2.0595956720  0.3501194665 -3.6915925703 -3.0409777345  2.4789761185 -2.7695924759  0.2129335540 -0.2477946178  1.0000000000 -0.0647617897 -0.2760538281  1.0000000000
-3.4835787599  0.7398151564 -4.8340303617 -2.7732417087  2.3332752015 -5.0804118945  0.0870555941  0.0018536130  1.0000000000 -0.0770581811 -0.1270790662  1.0000000000
-2.2365422242  1.1362686852 -4.6648414602 -1.9425785440  0.4210337877 -4.2312626087  0.0318627847 -0.1159398628  1.0000000000  0.1239774668 -0.1889013832  1.0000000000
-4.0155144059  2.4696701953 -4.3706012259 -3.1491524816  1.1270643514 -1.7433916157 -0.1487072472 -0.0802569742  1.0000000000  0.0358037066 -0.2990594645  1.0000000000
-3.2479341977  1.6181772761 -2.3387401335 -2.7124531620  1.5216887238 -3.5228179963 -0.0016915634 -0.2553325407  1.0000000000  0.0363362385 -0.2127743872  1.0000000000
-5.5157495864  0.5950508709 -3.1941333113 -1.8013197018  1.3337686186 -5.1118840163  0.0394313415  0.1637664152  1.0000000000  0.0600435372 -0.2428432549  1.0000000000
-6.1621602880  2.4922847547 -3.8758746709 -4.4820024170  1.8660370435 -5.9908240415 -0.2477990459  0.1630791355  1.0000000000 -0.0870894240  0.1193794533  1.0000000000
-4.9870487988  1.2606803457 -3.1799416318 -3.0163228231  1.3597147433 -5.0327884172 -0.0123830110  0.0584646094  1.0000000000 -0.0107120619 -0.0860470083  1.0000000000
-5.0150521744 -0.9083421903 -5.3832473989 -1.4782395254 -0.0717949141 -4.5244109454  0.2144255607  0.2176345150  1.0000000000  0.1793877959 -0.2266727337  1.0000000000
-3.8366369778  3.1383460561 -3.6513130704 -4.8057855977  2.3397121318 -6.2829070962 -0.2294816403 -0.1029928988  1.0000000000 -0.1496887504  0.1276228927  1.0000000000
-5.4208971881 -0.7785083470 -4.6828869038 -6.0493472086 -1.2311752314 -3.1101205909 0.1985553108 0.2223352848 1.0000000000 0.3487540811 0.2514368793 1.0000000000
-2.6550019566  0.3135080028 -4.0641629860 -2.5250958368  1.4533760498 -4.1972199438  0.1207667795 -0.1627420642  1.0000000000  0.0120605402 -0.1820786571  1.0000000000
-4.9111663545  2.6844357800 -2.1145651452 -3.2816710947  1.6388382584 -3.3892960418 -0.2340757776 -0.1163222815  1.0000000000 -0.0099504737 -0.2108568984  1.0000000000
-4.7771110634  1.3056460078 -6.4426753019 -4.3947897182  1.2578977188 -6.0031534239  0.0023244071  0.1009292138  1.0000000000 -0.0005918318  0.1188087069  1.0000000000
-2.3745809094  0.7528039789 -4.9562639256 -2.3210073783  1.5711199747 -5.1183657193  0.0800926004 -0.1149419793  1.0000000000  0.0364436007 -0.1580352584  1.0000000000
-5.4510504329  1.0357741204 -2.9118444547 -4.1331179601  1.4252546499 -6.2145326835 0.0322460248 0.0797648304 1.0000000000 0.0006125739 0.1113755770 1.0000000000
-2.7282152756  0.9028812478 -5.4969577228 -1.9202070546  0.5952635246 -4.2902061068  0.0779747512 -0.0877816990  1.0000000000  0.1100422084 -0.2056537229  1.0000000000
-3.3916818221  2.9439614347 -2.7659806284 -4.5645856402  1.7381945705 -3.9285278830 -0.1942742946 -0.2192342427  1.0000000000 -0.1026916729  0.0365952246  1.0000000000
-3.8249330128  2.3587581454 -5.5568801674 -3.7917639859 -0.6287461450 -3.1495132990 -0.1113875114 -0.0761379445  1.0000000000  0.2601046050 -0.0551436851  1.0000000000
-3.4112772274  2.5804034617 -4.7160566492 -3.5274915384  1.8333939663 -3.5442994209 -0.1020971573 -0.0826483733  1.0000000000 -0.0053781886 -0.1559621616  1.0000000000
-3.3515261297  3.1841400249 -5.6387065719 -3.5293043305  0.3081789086 -3.5989392747 -0.1628595900 -0.0309076544  1.0000000000  0.1490971164 -0.0953932396  1.0000000000
-3.3682529354  2.9384269442 -5.1973540321 -3.1532649368  2.7807335133 -3.5365278497 -0.1409069935 -0.0729952618  1.0000000000 -0.1684689544 -0.1740884428  1.0000000000
-4.5666286640  2.0879301144 -3.3043409439 -5.3148858960 -0.3748753203 -4.4766188686 -0.0953196610 -0.0364320032  1.0000000000  0.1402743887  0.2069094786  1.0000000000
-4.8577954131  1.7117933765 -5.6339197344 -3.3405831348  0.5200804224 -1.5650187960 -0.1113593955  0.1013500977  1.0000000000  0.1565390298 -0.3006010171  1.0000000000
-4.9852385667  2.6867385008 -6.5052582191 -4.2225494038  1.9757686999 -2.6764294086 -0.1788365100  0.1671534210  1.0000000000 -0.0799398730 -0.1304966802  1.0000000000
-3.1138172482  0.6861421087 -3.9923729045 -5.2324361521  2.7206021031 -5.0779800348  0.0941046680 -0.0749502125  1.0000000000 -0.1923726078  0.1086159621  1.0000000000
-4.8664533654  1.4700341657 -3.9380830580 -2.8785977974  1.5016625272 -3.5127266529 -0.0435565128  0.0359713246  1.0000000000  0.0324375938 -0.1962052813  1.0000000000
-3.1692229606 -0.4743286914 -4.6339428781 -4.3764292246 -0.4021543492 -6.3910063175  0.2489936299 -0.0419367452  1.0000000000  0.1711022113  0.1525521355  1.0000000000
-4.2104415674  0.5829416888 -5.3633316643 -5.3502768295  0.0279684078 -2.9060596019 0.0755027250 0.0732956660 1.0000000000 0.1378344689 0.1582869649 1.0000000000
-4.2085978422  0.8406825912 -5.6028182668 -4.4800131019 -0.5417682157 -6.1108064220 0.0500310571 0.0981327543 1.0000000000 0.1811115717 0.2065010890 1.0000000000
-4.9289659418  2.4114973908 -3.0961594788 -1.7663477890  0.0793020707 -4.8428320447 -0.1962453861 -0.0056678597  1.0000000000  0.1890372091 -0.1756043177  1.0000000000
-3.4676273037  1.1720093634 -5.8027682038 -2.7087807066  0.9360515262 -2.7618720820  0.0236928434 -0.0303598252  1.0000000000  0.0850266662 -0.2828953228  1.0000000000
-4.8553848960  2.5298082102 -5.9366902058 -4.9559435423  2.9622821573 -5.7763843359 -0.1676785542  0.1227528753  1.0000000000 -0.1540427765  0.1285237281  1.0000000000
-3.7678871598  0.4915406157 -4.7277130059 -5.0329366213  1.4515482557 -3.6176728051  0.0907976970  0.0103355791  1.0000000000 -0.0567799742  0.0622052561  1.0000000000
-5.2623488878  2.7179865179 -2.3916609561 -3.0528050237 -0.4757902303 -4.1051392388 -0.2614540908 -0.0370741608  1.0000000000  0.2293414027 -0.0849374128  1.0000000000
