731.6000000000
50
-4.0411827189  6.2314807635 -8.1729866336  0.1232714437 -0.2218673370  1.0000000000
-3.9458381726  5.2164829824 -6.1952549015 0.1602228364 0.0416764209 1.0000000000
-5.6055408653  7.7728380551 -5.6633704860 -0.1737799207  0.0137012087  1.0000000000
-5.9580160782  5.8768620504 -5.7635271165 -0.0652890891  0.1011257901  1.0000000000
-4.9960445803  4.7915210719 -5.7685325411 0.0981479747 0.1379672388 1.0000000000
-3.1503880377  6.6041705391 -7.1854527178  0.0796130298 -0.1434002357  1.0000000000
-3.7244038959  5.2720325908 -6.5726320887 0.1647455356 0.0123170582 1.0000000000
-2.8651706864  7.6370615102 -6.3294611830 -0.0890597606 -0.1691403088  1.0000000000
-4.1669971179  8.5230636496 -5.8570710573 -0.2517642728 -0.1519995976  1.0000000000
-5.6357560774  6.6085619992 -4.1936215793 -0.1820658623  0.1944663063  1.0000000000
-4.9420938980  5.1695687181 -6.1167092600 0.0776380773 0.0366165449 1.0000000000
-4.1757489306  7.6529191221 -5.9508399340 -0.1556023482 -0.0294681682  1.0000000000
-5.0266827784  5.3741349093 -7.1298538259  0.1381549886 -0.0310325556  1.0000000000
-4.2702414937  6.3046553850 -4.9505214101 -0.0926498887  0.1006287941  1.0000000000
-3.5076204061  7.5326076728 -5.6958853877 -0.1290118191 -0.0367625086  1.0000000000
-4.6631692185  8.6639824900 -6.7605933965 -0.2129221916 -0.2315473349  1.0000000000
-6.2490407659  5.6563502879 -4.7742824013 -0.0723361476  0.1389271786  1.0000000000
-2.8565742081  6.1994515696 -7.2560748451  0.1101560116 -0.1499292587  1.0000000000
-3.8823519274  5.5573639858 -7.5738511217  0.1853987529 -0.1345591466  1.0000000000
-4.6593721977  7.9266647649 -5.9660577645 -0.1654063956 -0.0850794775  1.0000000000
-2.2331563928  6.7867055915 -8.0564261665  0.1684592031 -0.3072962199  1.0000000000
-4.0726823631  6.7701861354 -7.2248557736  0.0498497502 -0.1422346294  1.0000000000
-5.0426022576  3.8021704269 -5.5998576232 0.1812993337 0.1928242226 1.0000000000
-4.4238555146  5.9753751327 -7.3322825112  0.0912103756 -0.0818625262  1.0000000000
-3.2963411491  8.0932011192 -5.0333395276 -0.2344002277  0.0119545633  1.0000000000
-3.3414381058  7.2891932335 -5.3309406985 -0.0904800481  0.0513574632  1.0000000000
-2.3120720736  5.5362669596 -4.9186455195 0.1149640057 0.2700140903 1.0000000000
-3.3270466138  5.8557133710 -5.8638000327 0.0872041023 0.0363893584 1.0000000000
-3.9293440295  5.0695357079 -7.0704114948  0.2254229574 -0.0200535609  1.0000000000
-5.9569358318  5.9568763030 -6.2326688965 -0.0370204703  0.0023206876  1.0000000000
-5.2798794822  4.9061330965 -7.7407341999  0.1805659124 -0.0673456746  1.0000000000
-2.2705942678  4.7538716827 -5.3871802197 0.2648270929 0.1976080408 1.0000000000
-2.7573938356  6.8868583919 -4.8791010729 -0.0195455478  0.1248846492  1.0000000000
-3.9595087496  7.6361433176 -6.0430235177 -0.1366794873 -0.0869785528  1.0000000000
-4.9890715245  4.7319100238 -7.1414978178  0.1228380576 -0.0112282906  1.0000000000
-3.2905971727  4.5752051304 -5.8776803246 0.2283780479 0.1312054350 1.0000000000
-3.9932158649  8.1020268941 -5.3976922307 -0.2306872284 -0.0149143873  1.0000000000
-6.1252540079  7.8150904890 -7.2246257457 -0.1589473372 -0.1397071881  1.0000000000
-3.6524593135  5.9889622359 -4.1843574940 -0.0274138390  0.2762128166  1.0000000000
-4.6778437827  4.5328058367 -7.6484054593  0.2197528498 -0.0176276499  1.0000000000
-2.2475077016  6.0202175545 -7.5195028108  0.2629749375 -0.1920202548  1.0000000000
-5.4320931781  5.3299548957 -8.3264642565  0.1078841704 -0.1609194032  1.0000000000
-4.1809999541  4.6233173978 -6.9445451770  0.2139548858 -0.0246207679  1.0000000000
-1.8094201300  4.9337971424 -5.6769640250 0.2986739594 0.1633958299 1.0000000000
-4.5663373308  6.8978772290 -5.4349106875 -0.1349578818  0.0414162829  1.0000000000
-3.8828288521  7.9339068232 -5.2901229680 -0.2283366147 -0.0474702806  1.0000000000
-4.9566459728  5.9041310216 -6.0768251179 -0.0145832349  0.0485845951  1.0000000000
-4.9448731541  4.7793161853 -6.1680564612 0.1060920209 0.0755067511 1.0000000000
-4.9925939248  6.4182710521 -7.9932564698  0.0650090979 -0.1942444839  1.0000000000
-2.2325433153  6.3932254901 -8.0741286774  0.2297434047 -0.2707194441  1.0000000000
50
-5.2283635478  5.8123165407 -4.4795846982 -5.4370186265  5.5864701326 -5.4939885002 -0.0532772753  0.1360105765  1.0000000000 -0.0218685205  0.0862693466  1.0000000000
-4.4495786413  4.1062032443 -6.5745913897 -3.5498572262  5.4942421567 -6.0259949388 0.2198134337 0.0578887075 1.0000000000 0.1353692044 0.0646248551 1.0000000000
-4.2653367637  6.3492846799 -4.4233452691 -5.2660786347  3.8961374108 -5.2737749573 -0.0655200803  0.2000232748  1.0000000000  0.1423826456  0.1532557788  1.0000000000
-3.0334128865  7.2936062466 -5.7269436988 -6.0247814276  7.9554747129 -6.6463913338 -0.0538385379 -0.0012066906  1.0000000000 -0.2079863346 -0.1048818635  1.0000000000
-5.1317191730  6.9194832067 -4.5201305316 -4.0883001723  7.3595381473 -4.8728026423 -0.1616174723  0.1283049683  1.0000000000 -0.1831587581  0.1169441047  1.0000000000
-4.5706608932  8.0507268407 -6.0061078756 -4.6131398303  5.6021676066 -8.2267992146 -0.2008410793 -0.0985170171  1.0000000000  0.1505125591 -0.1633967085  1.0000000000
-3.2005450123  6.1072044425 -4.6065695646 -3.6150311821  8.5556086321 -6.1108044340 -0.0180116499  0.2053626232  1.0000000000 -0.1986193475 -0.1583091010  1.0000000000
-4.9280396911  3.9926514414 -6.6951046252 -2.3689555311  5.2351255090 -6.5289696117 0.2201459916 0.0999756227 1.0000000000 0.2445241741 0.0069970979 1.0000000000
-6.1340013240  5.7373905857 -5.9016230722 -3.4265322675  6.3045655672 -6.5058415034 -0.0077707269  0.0603499854  1.0000000000  0.0147818261 -0.0269854405  1.0000000000
-3.9094179857  5.9206238605 -4.1955344437 -4.7676981986  8.1942160535 -6.1957395383 -0.0448703489  0.2474006760  1.0000000000 -0.2314538601 -0.1266228973  1.0000000000
-4.8693532393  6.1518466590 -5.4101480003 -4.9695282105  6.1458439337 -6.6240202363 -0.0101785189  0.0663926765  1.0000000000  0.0206673222 -0.0742134204  1.0000000000
-4.5264680229  6.5285021215 -5.5757214526 -5.9023572707  4.8264661303 -5.8070598904 -0.0882335370  0.0310479865  1.0000000000  0.0772498342  0.1014743419  1.0000000000
-3.0498379253  7.4682354596 -4.9807930086 -2.0980053172  5.5053953801 -5.2449211363 -0.1492487838  0.0855757311  1.0000000000  0.2126894367  0.1667090794  1.0000000000
-6.0978725021  5.5777690321 -5.5095623279 -3.1772056044  6.2779018771 -8.1531668587 -0.0119233875  0.0916946995  1.0000000000  0.1942063155 -0.2329877279  1.0000000000
-5.4867772890  4.9338652946 -7.3581508640 -4.4283167900  7.3016821158 -4.0647843099  0.1411683288 -0.0603425428  1.0000000000 -0.2148237790  0.1724259747  1.0000000000
-3.5420978417  5.7070215476 -6.6380697678 -5.8318806362  7.7008500661 -7.0642157367  0.1702262482 -0.0255610919  1.0000000000 -0.1532254084 -0.1764517399  1.0000000000
-3.1177139509  5.4602698204 -5.8771962501 -4.8125053714  5.8519863540 -5.8351756829  0.1319259460  0.0653181601  1.0000000000 -0.0233302118  0.0511676497  1.0000000000
-3.9299957462  7.5510927895 -4.6758682744 -3.6334105017  4.6484825684 -6.1115540031 -0.2116932321  0.0690692234  1.0000000000  0.1722210567  0.1200083491  1.0000000000
-3.1777254388  5.9449281301 -5.6864985188 -4.5905087733  4.6371888525 -4.8654094880 0.0990073765 0.0732167765 1.0000000000 0.0699092170 0.2275709131 1.0000000000
-4.8045856265  6.9951555195 -3.8934351701 -2.6189042867  5.7123400833 -7.4564700750 -0.2122245379  0.2433516439  1.0000000000  0.2407337457 -0.0933696094  1.0000000000
-3.6836610446  6.7209455444 -5.1700737544 -2.4502464296  7.0117125722 -5.9699849506 -0.0539445169  0.0917963516  1.0000000000  0.0247823007 -0.0451558484  1.0000000000
-3.5532696584  7.4643641522 -4.4898929064 -5.3046649287  5.0936985772 -7.3891687836 -0.1853566411  0.1222875554  1.0000000000  0.1126053965 -0.0144202337  1.0000000000
-3.9604671809  6.3879387646 -5.6108993455 -4.7907648420  8.2149100275 -7.0261615497 -0.0456724904  0.0539034630  1.0000000000 -0.1363438826 -0.1939435907  1.0000000000
-3.4148965405  5.8246037561 -7.1117774181 -2.1055668471  5.2364066354 -4.4912976823  0.1433673831 -0.1530978782  1.0000000000  0.1694828830  0.2637268929  1.0000000000
-4.6313567628  5.6300581032 -6.8465361790 -4.4618345612  4.2685773530 -6.5335759132  0.0934629458 -0.0333722835  1.0000000000  0.1778878734  0.0291814443  1.0000000000
-4.6532077620  5.0055376074 -4.9215210479 -6.8229121899  6.3570332200 -4.2580173264  0.0538232943  0.2033954348  1.0000000000 -0.1477353673  0.1549695983  1.0000000000
-3.7676662776  6.1931052446 -8.0941081405 -5.3623336458  6.4489355758 -3.9844049663  0.1479190106 -0.1990473593  1.0000000000 -0.1720532806  0.2112974716  1.0000000000
-3.5072350615  5.8954448888 -6.9806361883 -5.0601773114  4.1124389349 -5.7066179565  0.1487816835 -0.0230868312  1.0000000000  0.1360116022  0.2015076207  1.0000000000
-6.5249088928  7.2691109832 -6.8956736610 -5.7092586743  7.6629864701 -6.6693511580 -0.1152354676 -0.1193400311  1.0000000000 -0.1152247267 -0.1529034991  1.0000000000
-4.1752082446  5.3928688080 -4.8030111923 -3.4519714717  7.5130750208 -4.9279030232  0.0073593796  0.2358193348  1.0000000000 -0.1724624459  0.0679084053  1.0000000000
-3.2717876618  8.5559698109 -6.0592710839 -5.5615306373  8.0494762610 -6.4573790243 -0.2174685858 -0.1408941855  1.0000000000 -0.2332940939 -0.1744144612  1.0000000000
-5.6169646610  6.8752954049 -4.8981618846 -4.7480463400  7.9915098648 -5.9833512780 -0.1726343008  0.0792875490  1.0000000000 -0.2540616294 -0.0959949144  1.0000000000
-4.7078969589  5.9374424229 -5.2832791536 -3.9285221086  7.0895281219 -5.4110452982 -0.0628764571  0.0818527781  1.0000000000 -0.1032317603  0.0494012335  1.0000000000
-2.8876815413  6.6220415911 -5.7645307177 -3.0516100171  6.1392681315 -7.2035985587  0.0122244975 -0.0248184301  1.0000000000  0.2002167510 -0.1265761355  1.0000000000
-3.7053594823  5.4268275807 -5.4285483413 -6.3053314839  5.6825787879 -4.7214837184  0.1163599117  0.1156720146  1.0000000000 -0.0838465520  0.1484209177  1.0000000000
-2.9343139346  5.7997128018 -4.2505940678 -2.9449428225  5.5034734323 -5.9339254719 0.0474795328 0.2771186352 1.0000000000 0.1587880880 0.0716898019 1.0000000000
-3.4820077525  6.9540042385 -6.5763529149 -3.4027008963  4.8463519606 -5.6182294215 -0.0434980656 -0.1282379794  1.0000000000  0.2173444350  0.1679541651  1.0000000000
-4.0541237649  6.3946669052 -6.7218221748 -6.3373594486  6.6742242626 -5.2331867812  0.0329723358 -0.0095065779  1.0000000000 -0.1572236405  0.1182784505  1.0000000000
-2.8703630163  5.6241311845 -5.1055079501 -4.2774326886  5.3683991678 -8.5344023067  0.1321390663  0.1999580691  1.0000000000  0.1949035737 -0.1794630535  1.0000000000
-3.7647123370  5.7809396527 -6.5075829798 -2.6153746448  6.6945140720 -6.2602546312  0.1212594071 -0.0599749963  1.0000000000  0.0812159319 -0.0610465653  1.0000000000
-3.6760301593  6.1986013126 -5.9481870590 -6.1981631505  6.2856256040 -4.8789620861  0.0211583661  0.0217360848  1.0000000000 -0.1161010743  0.1581173412  1.0000000000
-4.7356093698  6.8752729190 -7.7887909418 -3.1737711426  7.5997482507 -5.6275010480 -0.0158898530 -0.2076330376  1.0000000000 -0.1997485308  0.0212526656  1.0000000000
-5.6766041136  4.4880515721 -5.2196028265 -4.5095809631  6.3726827750 -4.6930524211  0.0625877881  0.1691000204  1.0000000000 -0.1030150118  0.1700285385  1.0000000000
-5.2674610663  6.5643434024 -3.8280986402 -3.8427702741  7.3514510347 -4.7833051867 -0.1840167471  0.1976287076  1.0000000000 -0.1783778285  0.0414795776  1.0000000000
-2.7891165112  6.9227842038 -7.5143502230 -6.2069107409  7.7872227284 -6.7823057085  0.1155389607 -0.2297301343  1.0000000000 -0.1652484184 -0.1550799740  1.0000000000
-3.8348879241  5.8869292780 -6.1062309410 -6.1542374047  6.0772814018 -6.6292362170  0.0767863159  0.0011574101  1.0000000000 -0.0014592447 -0.0027087962  1.0000000000
-2.9597138934  7.6210263022 -7.3972491256 -4.0930969287  5.2641925426 -8.1693662550 -0.0153219448 -0.2508734169  1.0000000000  0.2205035857 -0.1840748834  1.0000000000
-5.2104765449  5.3127060604 -8.5276958083 -4.1738661348  5.5573307918 -6.2545400882  0.2062186078 -0.1400924861  1.0000000000  0.1065625994  0.0466390832  1.0000000000
-5.2538365420  5.9627687312 -7.9369167315 -6.1288791439  6.4610368259 -6.6230757452  0.0920054872 -0.1936238138  1.0000000000 -0.0693314074 -0.0622770421  1.0000000000
-2.9084537324  6.8831803518 -5.5668095834 -4.9668947339  5.6603251559 -6.9446389130 -0.0163078303  0.0317769192  1.0000000000  0.0671605432 -0.0619908018  1.0000000000
