126.0000000000
50
 1.2853207359  0.1396229984 15.4030720459 0.1242101539 0.0699044745 1.0000000000
 0.8548945231  0.6104181360 17.0700404597 -0.0154813042  0.1686635637  1.0000000000
 0.6414004592  0.4470270413 14.8563934685 0.0550096777 0.0872775351 1.0000000000
-0.5073566517  0.0918844278 15.6560970944 -0.0857975426  0.0195981402  1.0000000000
-0.3734651357  1.3274688860 16.4919105717 -0.1107611679  0.2122422041  1.0000000000
-0.8723028050 -0.9829065977 13.1033885353  0.0478291879 -0.2868619507  1.0000000000
 0.8393588455 -2.2844106132 15.6265416473  0.0907543477 -0.1499520756  1.0000000000
-0.1798779611  0.4578684621 13.3141075621  0.0808109238 -0.0473908562  1.0000000000
 1.3476873555 -0.9677207870 13.3695216160  0.2240888979 -0.1750000722  1.0000000000
 1.0071235330  1.8571609890 13.5126866283 0.2126869346 0.1771616818 1.0000000000
 0.6382808131 -0.2845891494 15.6956808802 0.0208798824 0.0142234436 1.0000000000
-0.4346394967  1.4630613090 16.6150481644 -0.0924297288  0.2165810053  1.0000000000
-1.8095106057  0.8394336789 15.0395550570 -0.2693563996  0.0306880193  1.0000000000
 0.8965206778  0.8487290096 16.4137208180 0.0337156924 0.1873414817 1.0000000000
-1.6471530202 -1.7803216017 15.8160008460 -0.2183826131 -0.1992123871  1.0000000000
 0.8610594918 -0.0806150010 15.6876290522 0.0066243920 0.0305242152 1.0000000000
 0.9838796818 -1.6855465583 15.1768886715  0.0745215511 -0.1447383729  1.0000000000
 0.3048297533  1.6034044029 14.4695901733 0.0701452111 0.1575397932 1.0000000000
 0.7582270379  1.1363838711 14.9520169111 0.1109753009 0.1712612133 1.0000000000
-1.8771967442  1.0096662288 15.3383016432 -0.2460424752  0.0912548830  1.0000000000
-1.2368276557 -1.6043191438 16.2211415635 -0.1962270464 -0.1509997842  1.0000000000
 1.2797372659 -0.9144687583 15.0761426362  0.1186448726 -0.0771780487  1.0000000000
-0.8823802254  0.0974613194 14.6665409985 -0.0750870585 -0.0252387525  1.0000000000
-0.0074478336  2.1212464105 14.6988201361 0.0146648532 0.2467237183 1.0000000000
-0.8081034725  2.0806103968 15.5027648464 -0.1392694872  0.2622959224  1.0000000000
 2.0660008520 -0.5042847567 15.5403323733  0.1437740946 -0.0267487827  1.0000000000
-0.6628519230 -0.1772362012 13.0488181915  0.0777288738 -0.2039221212  1.0000000000
 0.4131264241  0.5146821338 16.9946359240 -0.0642488924  0.1263736725  1.0000000000
 0.4435936379 -0.3953484151 15.3896957800  0.0280018745 -0.0090496923  1.0000000000
 1.2689236607  0.2600058572 13.5605616378 0.2453650137 0.0173346153 1.0000000000
-1.1527711486  0.2303093576 15.7147519182 -0.2130695797  0.0292274249  1.0000000000
 1.8711536189 -1.3650971315 15.1125135144  0.1735094372 -0.0691683123  1.0000000000
 0.1639214873  0.8069240387 14.3636008368 0.0716250606 0.0669315047 1.0000000000
 0.6193958993 -0.9001061678 12.8625852032  0.2279381210 -0.2283075005  1.0000000000
-2.2330126872  0.0462132324 14.6728955301 -0.2460623815 -0.0916618760  1.0000000000
-0.6135464798 -1.4108326996 15.7783018688 -0.0967516215 -0.1345812640  1.0000000000
-0.3577411760  0.1863659927 17.6895245814 -0.1600536733  0.1186421093  1.0000000000
-1.1881123047 -1.8940028140 16.0689806543 -0.2147349415 -0.1650943758  1.0000000000
 1.3592864685  0.8884229190 13.6422826134 0.2882115664 0.0596039158 1.0000000000
 0.7301291501 -0.2243035783 15.7709089015 0.0164122436 0.0486188181 1.0000000000
 1.0543446079  1.0444181040 14.0534811186 0.1877919781 0.1300914093 1.0000000000
-0.5012207255  0.1227121470 15.8623812252 -0.0784048109  0.0099165163  1.0000000000
-2.1403608956 -0.6856800579 14.3504033526 -0.2478456250 -0.1748523947  1.0000000000
-1.1748228405 -1.4014922071 14.0551031511 -0.0707234066 -0.2728686671  1.0000000000
 0.0833805440 -1.9688174357 14.8377105219  0.0686250746 -0.2408515112  1.0000000000
 1.2091416299 -1.4578601772 15.6464796514  0.0735899252 -0.1213892034  1.0000000000
-0.1450136670 -0.7420575763 15.6165486744 -0.0513174075 -0.0316262665  1.0000000000
-0.1353011367 -0.5819812963 16.2399332282 -0.0700943365  0.0360710301  1.0000000000
-1.6654245998 -0.1670490805 15.4337325686 -0.2385902637 -0.0455460124  1.0000000000
 0.5206066487  0.7789555693 17.6479641992 -0.0765669043  0.1981953537  1.0000000000
50
 1.6927333141  0.0160914142 16.8079205905 -1.6844409566 -1.2578319035 14.0826400173  0.0946502426  0.1180160639  1.0000000000 -0.1251997801 -0.3143666726  1.0000000000
-0.1399415955 -1.9773779367 15.6879473420  0.5318034908 -1.1118076762 16.7293260762 -0.0283264946 -0.1880182328  1.0000000000 -0.0137404033 -0.0246007308  1.0000000000
-0.0013928251  2.0026099144 15.2281518808  1.8202451793 -0.3417961418 16.2287398376  0.0069988860  0.2619693272  1.0000000000  0.0921400735 -0.0053975852  1.0000000000
-1.1535867310 -2.2940622951 15.9915300930  0.2141087650 -0.6049212060 14.4343270153 -0.1423680373 -0.2297208476  1.0000000000  0.1135046057 -0.0641576585  1.0000000000
 1.2879645673  0.0162068645 12.9679273916  2.0013881490  0.3263232364 14.7131735119  0.2973542184 -0.0764504972  1.0000000000  0.2192254310  0.0569069732  1.0000000000
 1.0680679029  0.3801120782 14.9436975837  0.7919534094  1.8695646668 14.1048940463 0.1142197369 0.0703465997 1.0000000000 0.1465410864 0.2270978745 1.0000000000
 1.3504536007  0.7409443915 14.2663977468 -0.0366747719  0.0227301550 16.4536960135  0.1995203540  0.1374628299  1.0000000000 -0.0972828665  0.0988045689  1.0000000000
-0.9108789719  2.0798911607 15.0232612039  1.9920326190  0.9625772606 15.1075482834 -0.1159214548  0.2867374305  1.0000000000  0.2200223005  0.1754204870  1.0000000000
 1.4118710206  0.6680173554 13.9140000632 -1.3318464766 -1.5326163234 14.6708204230  0.2477582261  0.0753377221  1.0000000000 -0.1363337013 -0.1874379016  1.0000000000
-0.5260851737 -0.1974941592 12.9492908852 -1.2673356540  1.8487918082 14.4602941226  0.0837145877 -0.1710832713  1.0000000000 -0.1513853990  0.1816323455  1.0000000000
 2.0867627008 -1.6587741597 15.5398731293  1.2888098593 -0.6207255993 15.1046988310  0.1725390708 -0.0754857566  1.0000000000  0.1526267069 -0.0069007445  1.0000000000
 0.0034327233  1.1503611643 15.4801063611 -1.7538750992  0.4840058870 15.2845560629 -0.0385715940  0.1459474468  1.0000000000 -0.2258973806  0.0274745158  1.0000000000
 2.0707586780  0.3510653076 14.7370639585  1.5134133699 -1.6440074860 15.2166249234  0.2426106557  0.1288450036  1.0000000000  0.1173517074 -0.1357963083  1.0000000000
 0.2625957096 -0.3416340632 16.0801689180  0.6490757530  1.3190349160 16.3629230686 -0.0240490886 -0.0072745456  1.0000000000  0.0050324907  0.2101707976  1.0000000000
 1.8137310580  0.9396148707 16.6868970373  0.3993601035  1.7008634048 15.8227515511 0.1078656190 0.2268622240 1.0000000000 0.0023825206 0.2241019524 1.0000000000
 1.7988631295  1.0817428899 16.0058647549 -0.6800383517  0.1664848852 16.1722374429  0.1010693754  0.2302129022  1.0000000000 -0.1408227846  0.0424886144  1.0000000000
 1.2153574031 -1.5294076580 12.9927471070  0.4811159604 -1.2521183705 15.6089912860  0.2598716456 -0.2792649895  1.0000000000 -0.0000679530 -0.0974589537  1.0000000000
-0.1201137358  0.7272251512 17.2880420229  0.4862602513  0.1786890429 16.4768001675 -0.1647540417  0.1597868911  1.0000000000 -0.0093688560  0.0739400981  1.0000000000
 1.8039094073 -0.4535856463 14.3997036390  2.0005324483 -2.4628662924 15.2268542424  0.2434518007 -0.0397820133  1.0000000000  0.1467549964 -0.1843341687  1.0000000000
 1.7663842754  1.6199446839 14.8901477014  0.6726943900  0.2904287758 13.0743897495  0.1798290308  0.2506251948  1.0000000000  0.2750423426 -0.0401309104  1.0000000000
 0.9340962698 -1.5455365192 14.2195146072 -0.3357750139  1.0632403415 15.0820443154  0.1130193264 -0.1908665547  1.0000000000 -0.0261671756  0.1189787278  1.0000000000
-0.5230820320 -1.6101213673 14.6203065156  1.1899748877  1.1187786170 15.1927750344 -0.0521994625 -0.2117839877  1.0000000000  0.1091763629  0.1549844833  1.0000000000
-0.2257323680  1.3223296242 13.6042769736 -1.1833191050  0.2202554411 14.3760741275  0.0534554792  0.1105198724  1.0000000000 -0.1436383551 -0.0315122820  1.0000000000
 1.5312926895  1.4852504965 15.7479681187  1.6908614898  1.4895706870 15.3967238397 0.1274612768 0.2130582621 1.0000000000 0.1430131791 0.2369193362 1.0000000000
 0.8234453519 -0.3744254151 14.3082886798 -1.3837955696  0.2753222924 15.1587142281  0.1341394808 -0.0156320687  1.0000000000 -0.1951170945  0.0035644941  1.0000000000
-1.5835930814 -1.0207581859 13.7635988342  2.5240608464 -1.3418867516 15.3895763335 -0.1318577996 -0.2701052553  1.0000000000  0.2192800670 -0.0387033734  1.0000000000
-1.3335139480  1.6203134427 15.9499968809  1.8146755478 -1.0140848353 14.9191288212 -0.2178056234  0.2351297825  1.0000000000  0.1962679285 -0.0532828935  1.0000000000
 0.0750431197 -0.4595968449 14.6694311624  1.0249111759  0.9052382559 12.8414610853  0.0146903387 -0.0903945004  1.0000000000  0.3045195943  0.0059191544  1.0000000000
 1.0683995651 -1.0657314157 13.1456709681  0.9442501310  1.3598788580 13.1597984381  0.2728104500 -0.2177362923  1.0000000000  0.2327181622  0.1258532631  1.0000000000
-0.4151964365 -2.0195213749 15.9636449064  1.1806969975 -0.4809762125 14.6953577474 -0.0610452765 -0.1844158646  1.0000000000  0.1117413671 -0.0013086987  1.0000000000
 1.7678962733 -0.1896682601 15.3062005976 -0.0632690577 -0.8566767691 17.2495472948  0.1555169244  0.0329840748  1.0000000000 -0.1092741594  0.0082850315  1.0000000000
-0.2321728730  0.3187802893 17.9664438774 -0.7319913479  1.0144731142 13.8971465344 -0.1517245766  0.1425452860  1.0000000000  0.0107055876  0.0536668475  1.0000000000
 1.5153952060 -2.5912062906 15.1949655156 -0.8402780591 -1.6296687590 14.5950200453  0.1226908021 -0.2297338920  1.0000000000 -0.0662519765 -0.2067055075  1.0000000000
-0.1683280214 -0.4369719902 14.6604771397 -1.4119979348 -0.1837037494 15.1019942671 -0.0100620852 -0.0507498692  1.0000000000 -0.1532478490 -0.0542102611  1.0000000000
-1.3487099574 -0.6226131608 14.2786790047  1.1092056309  0.8670393793 15.2592507654 -0.0847314138 -0.1406205487  1.0000000000  0.1019229054  0.1673329360  1.0000000000
-1.0046693248  0.2799211860 14.8808641307  0.5342449437  0.4984099547 13.3629049226 -0.1292029526 -0.0049587991  1.0000000000  0.1555513923 -0.0072667410  1.0000000000
 0.2808799013  0.0836016279 14.2812449149 -1.0658010933  0.1354920083 15.3884439605  0.0601235012 -0.0267502797  1.0000000000 -0.1556713588 -0.0003778579  1.0000000000
-0.3478785042 -0.8809247278 16.6442150612 -0.1076583949  1.1426182376 16.6485332723 -0.1480510519 -0.0069456332  1.0000000000 -0.1259497816  0.1850944007  1.0000000000
 1.1853840300 -1.5913097098 16.1790953170  2.0000685143  0.5523807325 14.3448827674  0.1119974840 -0.1088169507  1.0000000000  0.2641280348  0.0689362673  1.0000000000
-0.3361377200  1.1972142446 16.6711315480  2.4075343568 -1.0515168015 15.3233051903 -0.1563951487  0.1983490095  1.0000000000  0.2333619888 -0.0423700001  1.0000000000
 0.3454371960  0.5978464632 15.7308944926  2.5770196725  0.5339790919 15.8804203918 0.0119527351 0.1222463017 1.0000000000 0.1967087222 0.1789385554 1.0000000000
-0.2972882514 -1.4410454907 15.1529841691  1.2181020603  0.6451803436 13.6350091778 -0.0565469669 -0.1178983568  1.0000000000  0.2606228879  0.0326338080  1.0000000000
-0.6020063375 -0.2265119468 15.0547074419 -0.9219058455 -1.8814220618 15.3503187172 -0.0548547779 -0.0611528740  1.0000000000 -0.1805143754 -0.2041187444  1.0000000000
 0.6046001578 -2.4135168249 15.5418757981 -0.8092815389 -0.0267704368 15.6341924815  0.0223583649 -0.1939077589  1.0000000000 -0.1090344741 -0.0154469147  1.0000000000
-1.5054569032 -1.3789900898 15.1886897988  1.1068427869  1.3779386858 16.3976439928 -0.1715634996 -0.2061411870  1.0000000000  0.0294883491  0.2236590853  1.0000000000
-0.3227578990 -0.1114811197 16.1709886434 -1.9123574131  0.2519587408 14.4953666828 -0.0917881596  0.0501982914  1.0000000000 -0.1945743317 -0.0635326142  1.0000000000
-1.7572801646 -1.0422029451 13.3872633740  1.1323463632 -0.9650687148 13.9453759295 -0.1266015937 -0.3200596055  1.0000000000  0.2096149662 -0.1203979603  1.0000000000
-0.7226218390  0.7808324209 15.3778047167 -0.3002258329 -1.1253102946 15.7830084701 -0.0982731579  0.0866381508  1.0000000000 -0.0517256068 -0.1077832134  1.0000000000
 0.1346425100 -1.9484690843 16.2998943167  1.6357005633  0.5845012280 14.7211927343 -0.0332692383 -0.1240398026  1.0000000000  0.1954885971  0.0916946731  1.0000000000
 1.9661752053 -1.6519691352 14.4139653277  2.7833216395  0.5871425133 15.8855224385  0.2152087277 -0.1594780786  1.0000000000  0.1884446902  0.1822276045  1.0000000000
