89.4000000000
50
 8.4278948489 -7.7836128404 -1.0309473909 -0.2228510043 -0.2434165244  1.0000000000
11.8150084525 -3.9637043622 -2.2633406752 0.2848172265 0.2621997917 1.0000000000
10.2768514667 -5.1793541139 -2.8431951866 0.0827411654 0.0916438374 1.0000000000
 9.5584521735 -5.4336326322 -0.4487854834 -0.0366348810  0.0469303054  1.0000000000
10.4772064589 -6.5891530279 -1.5016525088  0.0887721038 -0.1310657318  1.0000000000
11.8856037191 -4.8284100058  1.0303823159 0.1934672358 0.1085430835 1.0000000000
11.6046179741 -5.3604295478 -2.5767136347 0.2523584541 0.0842142035 1.0000000000
10.7886267881 -6.4082780879  0.3199139243  0.0556778180 -0.0738049491  1.0000000000
10.8536184714 -7.0649245814 -1.8757000072  0.1471457312 -0.2077398362  1.0000000000
 8.9913804663 -4.8783092944 -0.5716128344 -0.1191957015  0.0682181311  1.0000000000
 9.0579716247 -4.6062965952 -0.4471190862 -0.1466929028  0.1485297415  1.0000000000
10.7401282389 -4.6730770804 -0.7060965008 0.0959063563 0.1489788135 1.0000000000
11.4284995805 -6.3543516456 -2.0345556452  0.2297273050 -0.0631625173  1.0000000000
11.4950999891 -4.8535521110  0.3658739445 0.1776082375 0.0973702548 1.0000000000
 9.7941055200 -6.5779275385 -2.2821837657 -0.0051342214 -0.0790980573  1.0000000000
11.2817088486 -6.7387026625  0.5621619172  0.1686036837 -0.0955427224  1.0000000000
11.1842843050 -7.1504461525 -0.9885108626  0.1550544142 -0.1638743685  1.0000000000
11.4794099827 -4.5040920074  0.3455086729 0.1452300016 0.1155592963 1.0000000000
10.5497019643 -5.8284297932 -2.8331896057 0.0975604113 0.0406681270 1.0000000000
11.6299921099 -4.8150101041  0.1064252945 0.1772902375 0.1097950789 1.0000000000
 9.7766398950 -3.9024670484 -0.5467008782 -0.0285889922  0.2499338776  1.0000000000
 8.1455079838 -5.2956170987 -1.3085774042 -0.2177521411  0.0585546299  1.0000000000
10.4128090583 -5.8121593503  0.0378771395 0.0653820957 0.0059361779 1.0000000000
11.2391947903 -6.4131202343 -1.0834634216  0.1473953841 -0.0646113587  1.0000000000
10.5099628880 -4.6820169570  0.2226544561 0.0874051946 0.1375127660 1.0000000000
10.9275228837 -5.6263290185 -2.7528014949 0.2011116633 0.0150548358 1.0000000000
10.4359446357 -6.5965835049 -2.0647825083  0.0778621712 -0.1047828844  1.0000000000
 8.3058793963 -7.3154079817 -2.6893040884 -0.3096543892 -0.2653063634  1.0000000000
11.5539492436 -4.5968509106 -0.8675617198 0.2062521619 0.1570630089 1.0000000000
11.5453519965 -5.0827568989 -1.9134947647 0.2244980962 0.1069461632 1.0000000000
10.6667228167 -7.3719368003 -1.8888108884  0.1257742679 -0.2244431301  1.0000000000
 9.0934247463 -7.2990622492  0.8234476901 -0.1133139620 -0.1959255782  1.0000000000
10.3339477512 -4.9965116734 -1.2725991809 0.0690562102 0.0985574395 1.0000000000
 9.3241590514 -5.8881517499  0.1760640091 -0.0546122682  0.0059939838  1.0000000000
11.1394961783 -7.4148905036 -0.7640373880  0.1040860583 -0.2331599604  1.0000000000
10.0212470508 -4.5475559673 -2.5513923298 0.0087515162 0.2024949897 1.0000000000
10.2752416708 -6.1499792026 -1.2896313312 0.0543693452 0.0028930736 1.0000000000
11.0666899761 -5.8616737251 -0.7046764879  0.1382090040 -0.0037377595  1.0000000000
11.0811897657 -6.3621827214 -1.5167813440  0.1700079209 -0.0606515431  1.0000000000
 9.0963238579 -6.9288882398 -2.7015910427 -0.1202622570 -0.1662092787  1.0000000000
10.0108238062 -4.3219408264 -2.3259219378 0.0077969942 0.2250201821 1.0000000000
11.1160112871 -7.4110833098 -1.7680195758  0.1708204108 -0.2037575659  1.0000000000
10.7395998436 -5.0896691008  1.0570333984 0.0643666414 0.0524002916 1.0000000000
 8.1800667231 -4.0421225834 -0.8657084453 -0.2107363739  0.2436644063  1.0000000000
11.2032353852 -4.9372106191 -0.6163113551 0.1457766261 0.0891390424 1.0000000000
 9.3486060980 -6.9586514901 -1.1763886857 -0.0881443498 -0.1256012449  1.0000000000
 9.6370492760 -4.7308985481  0.4664974679 -0.0519503324  0.0857416929  1.0000000000
11.1228268905 -5.7344706822 -1.6565535493  0.1736064904 -0.0016992276  1.0000000000
 9.4128027653 -6.7885083981 -0.1076061882 -0.0879082979 -0.0720702329  1.0000000000
10.7688470874 -5.6659998138  0.7902036053 0.0459738416 0.0237489044 1.0000000000
50
11.3964762966 -7.6010519880 -0.1991232353 11.6961748088 -4.5775538333  0.2664013116  0.1041365261 -0.2346568323  1.0000000000  0.2118593293  0.1660951137  1.0000000000
10.3139690149 -6.0933042264 -2.5564922411 10.1816066673 -5.9332315352 -2.6236558059  0.0455617746 -0.0528559725  1.0000000000  0.0418602025 -0.0184573203  1.0000000000
 9.1662459168 -6.8160127971 -0.6573934073  9.9482095273 -5.5788171481 -2.4344395700 -0.1241423320 -0.1436313222  1.0000000000 -0.0095011410 -0.0011472477  1.0000000000
 9.0743499949 -4.0659006736 -0.8120778312 11.1486569795 -4.9182094091 -1.6099386347 -0.0665724145  0.2161335111  1.0000000000  0.1650341670  0.1513979404  1.0000000000
 8.4024292567 -7.7716593037 -0.2017986305 10.3481131677 -5.1063228094 -1.6659661993 -0.2342597259 -0.2377251180  1.0000000000  0.0506766395  0.0730198233  1.0000000000
10.5650143100 -6.4359259736 -2.0012561003  9.7410424231 -7.2875554944 -2.7525710979  0.1163447625 -0.0971626579  1.0000000000 -0.0457580063 -0.2691145685  1.0000000000
11.6629697729 -6.8749202335  0.7489205006  9.5035022200 -6.7748105429 -0.8547481697  0.1340300473 -0.1324855878  1.0000000000 -0.0504510290 -0.0853138328  1.0000000000
10.3856380046 -4.6486640277 -2.7611524863  8.7122817897 -4.3078465246 -1.6577940024  0.0866480293  0.2224404597  1.0000000000 -0.1784781857  0.2219666370  1.0000000000
 8.7075397538 -6.2858930253  0.3209202257 11.3916229325 -4.9258170029 -2.7802614869 -0.1803666521 -0.0373561144  1.0000000000  0.2634291859  0.1635996206  1.0000000000
11.7400127397 -6.3540776486  0.3586451408 10.4368552786 -5.2141946993  0.6060515693  0.1595849826 -0.0593090928  1.0000000000  0.0686807390  0.0589382433  1.0000000000
11.7182821985 -4.3382740151 -1.1470147406  8.2462688382 -4.4612764432 -2.4738430093  0.2109193307  0.1838846914  1.0000000000 -0.2534694681  0.2199904987  1.0000000000
 9.2211470550 -4.7598567409 -0.8313406761 10.3707544219 -6.7884357195 -1.4111701501 -0.1042860209  0.1037298107  1.0000000000  0.0422407841 -0.1494111128  1.0000000000
 9.6399919041 -6.6944058575 -0.0015247306  9.1177452202 -5.6054814175 -1.5591916455 -0.0262452056 -0.0897679157  1.0000000000 -0.1092810310  0.0690911167  1.0000000000
10.7866072123 -6.4512449506 -0.9008384941  9.6959001121 -6.3578100329 -0.3068826617  0.0612823332 -0.0862084206  1.0000000000  0.0065857824 -0.0678044882  1.0000000000
11.0980146109 -7.0476069908 -0.9359546055  9.6942052317 -7.6502624559 -1.2955659859  0.1224960033 -0.1515402167  1.0000000000 -0.0355951017 -0.2330393944  1.0000000000
 9.1693668261 -5.8518926066  1.0022119348  8.6217638332 -5.5875315977  0.7233456306 -0.0826471087 -0.0114033954  1.0000000000 -0.1446929545  0.0406897155  1.0000000000
11.8314183009 -7.4779731908  0.8911825858  8.6895044720 -6.2262217879 -1.8047195284  0.1517616286 -0.1906604552  1.0000000000 -0.1695815513 -0.0474066212  1.0000000000
10.0034182385 -7.3487890686  0.4176774284  8.1179383838 -6.2315140382 -2.0400848754  0.0201702986 -0.1439185724  1.0000000000 -0.2596316215 -0.0393947839  1.0000000000
 9.4471807691 -4.2057115315 -1.0636433778 10.9354730578 -5.6673549546 -2.4454656949 -0.0540560024  0.2492026318  1.0000000000  0.1631998873  0.0068162761  1.0000000000
11.8506194406 -7.6843941123 -0.9006927808 11.9521516434 -6.2049812390 -1.9727037392  0.2086509111 -0.2337259235  1.0000000000  0.2593365475 -0.0841103389  1.0000000000
10.0437090912 -6.4773606742 -0.3236260846  8.4107809461 -7.0473248193  0.7529669287  0.0272261827 -0.0950419595  1.0000000000 -0.1593209655 -0.1397159084  1.0000000000
 8.7100673504 -7.2495785288  1.2069298766 10.3333195622 -6.2342165670  0.6924952952 -0.1744200413 -0.1368023677  1.0000000000  0.0014693516 -0.0623978612  1.0000000000
10.6810108093 -7.0473145810 -2.6852524458  8.4531091723 -6.4245599207 -0.7979253257  0.0977675524 -0.1998947284  1.0000000000 -0.1866440835 -0.0885762324  1.0000000000
 8.0470713229 -4.6771650716 -0.7334860094 10.2542842523 -4.1342629875  0.5859319014 -0.2389488485  0.1403439545  1.0000000000  0.0298370668  0.1697956779  1.0000000000
10.3716485358 -6.1582438766 -0.4624713531 11.8866451058 -5.1542441776 -0.8721454640  0.0246088261 -0.0123689841  1.0000000000  0.2350339266  0.0502629760  1.0000000000
 9.3095964040 -6.7691223634 -0.8250566344 10.2661357146 -7.2229937029  1.0365768776 -0.1173881225 -0.1512580203  1.0000000000  0.0369234607 -0.1234105634  1.0000000000
10.7043200202 -7.3111168094 -2.7959982243  8.3278159743 -7.8764623161 -2.2100616070  0.1022747017 -0.2657739587  1.0000000000 -0.2574866020 -0.2626699844  1.0000000000
 9.2195462214 -7.6520242655 -0.1067297607 10.5531012863 -5.6701001191 -1.5769582050 -0.1461584326 -0.1827770321  1.0000000000  0.0922019654 -0.0050740484  1.0000000000
 9.9017526485 -7.6780928224 -1.1760998969  9.4362033302 -4.2449326211 -1.2063514852 -0.0241724483 -0.2149706701  1.0000000000 -0.0227281079  0.2003317214  1.0000000000
11.2725797289 -5.7638506092  0.8913915413  9.8826121853 -7.7895629199 -0.7651475225  0.1225103470  0.0102296690  1.0000000000 -0.0152097345 -0.2535204398  1.0000000000
10.8948503597 -5.7953656266 -1.0265158540 11.5438216077 -5.9005070031  0.1238515174  0.0829974400  0.0108271929  1.0000000000  0.1643846489 -0.0235471785  1.0000000000
11.9765817537 -5.8651021464 -1.8777597542 12.1436963101 -5.3168646426  0.7546306031  0.2689649012 -0.0099344183  1.0000000000  0.2096728870  0.0117293289  1.0000000000
 8.4364578969 -6.8159984497  1.1813927701 10.3939568187 -5.4944522886 -1.9218918490 -0.1230617022 -0.1003299045  1.0000000000  0.0987936345  0.0507709219  1.0000000000
10.6249576906 -3.8321621961  0.5463820673 10.2431294520 -6.2623214033 -1.6501906616  0.0705144367  0.2527187634  1.0000000000  0.0513103462 -0.0700807404  1.0000000000
 8.3300857153 -6.5432176244 -0.1220557181  8.2617379118 -4.5318284671 -1.0569658618 -0.1511211071 -0.0877041524  1.0000000000 -0.1837383295  0.2002121033  1.0000000000
10.4457639445 -6.5750567019  0.5762138548  8.2995886324 -7.6573721417 -0.4924647543  0.0575495487 -0.0929436365  1.0000000000 -0.1714384992 -0.2113207910  1.0000000000
10.1330373799 -6.5426327602 -1.2028674638  8.5614551724 -6.9169902880 -1.1906026736 -0.0197999436 -0.0882967592  1.0000000000 -0.2202629678 -0.1525012991  1.0000000000
 9.6303297987 -6.9592196170 -1.2531214286 11.9446364149 -5.9290927949 -1.1756213128 -0.0858815913 -0.1253172882  1.0000000000  0.2461804601 -0.0046188681  1.0000000000
11.8544552023 -6.5224348393 -2.7961951162  9.5176980640 -5.4008431128 -0.1511603535  0.2813015191 -0.1331741075  1.0000000000 -0.0844007123  0.0205917601  1.0000000000
10.8468307934 -6.7607542012 -2.0249761098 10.1727662488 -5.0793699130 -1.8422073665  0.1309989852 -0.1111172411  1.0000000000  0.0389208703  0.1062773502  1.0000000000
11.4390034342 -5.6129819883 -1.6582757394 11.8791031002 -7.3431702554  0.6018169992  0.1786634027  0.0072023522  1.0000000000  0.1927922478 -0.1706399824  1.0000000000
 9.1246100619 -5.8347294546  0.8306964374  9.9553849510 -4.2767082172 -1.2083186665 -0.0903381586 -0.0081952997  1.0000000000  0.0319869004  0.1688058996  1.0000000000
10.9865804733 -6.6913998211 -0.7759717345  8.8301452915 -5.0138219297  0.8172785093  0.1197906275 -0.1045773695  1.0000000000 -0.1115232355  0.1068359253  1.0000000000
10.0877279627 -4.8508141214  0.6135685202  8.5933521130 -6.2582347866  0.5344824492  0.0153004935  0.0921488691  1.0000000000 -0.1355829424 -0.0201078901  1.0000000000
 9.4953892974 -5.4255748713 -2.1162775293  8.3620626096 -4.4278240511  0.6996275004 -0.0619439445  0.0876021027  1.0000000000 -0.1705228055  0.1291331457  1.0000000000
10.5659762537 -7.1206282762 -1.2078614748 10.9612449100 -7.6183111032 -1.8273539334  0.0679962840 -0.1553968221  1.0000000000  0.1121585049 -0.2500930536  1.0000000000
 8.8204716719 -4.0965540715 -2.1296863225  8.5404645762 -6.4558803849 -1.1266312214 -0.1839425501  0.2944004965  1.0000000000 -0.2102212277 -0.0641251078  1.0000000000
 9.6573223743 -4.2961480877  0.7327130058  8.4774806315 -4.7634283624 -0.3506506575 -0.0706260813  0.1806309476  1.0000000000 -0.2046057870  0.1518038065  1.0000000000
11.4974301154 -5.1712976872  0.2009252487  9.0605299237 -6.0165166342 -1.7058291198  0.1900750711  0.0660431463  1.0000000000 -0.1277523417 -0.0736001021  1.0000000000
11.5041368259 -5.2152226917 -1.4191943033 11.0636141760 -5.7472066859  0.0962357035 0.2269849236 0.0385415806 1.0000000000 0.1132400271 0.0515137137 1.0000000000
