368.8000000000
50
-1.0327853684 14.5247827543 10.9097977629 -0.0466625631 -0.0231358008  1.0000000000
-1.4568329670 15.3581029599  7.5720116719 -0.0126856861  0.2847182166  1.0000000000
-0.3734616859 13.0450033773 10.0207209241  0.0859546309 -0.1027098354  1.0000000000
 0.6485841960 14.6367970479  8.0541967550 0.2461187012 0.1699129910 1.0000000000
-2.0766894258 13.2630080918  9.7303863049 -0.0795062445 -0.1377423322  1.0000000000
-1.4540814169 14.4799876011  6.7889923519 0.0548082398 0.1688350838 1.0000000000
 1.1851282126 15.5014946070  8.2964827511 0.2403703769 0.2241572670 1.0000000000
-1.9292948779 13.8201507958  9.5744740316 -0.0627687403 -0.0471937644  1.0000000000
-1.8156760484 12.2825999474  9.0895207971 -0.0012230713 -0.2245274172  1.0000000000
-0.3034088176 11.3908335920  8.2015681529  0.2369408521 -0.2648820952  1.0000000000
-1.0237000005 13.6012594653  9.7187280730  0.0540938937 -0.0756592714  1.0000000000
-0.9622308554 15.1897122986  8.8268559607 0.0092642105 0.1420242917 1.0000000000
 0.2740110643 13.8761412862  9.7093794819  0.1552064508 -0.0603328801  1.0000000000
-1.0361736204 13.6468162323  9.4260582880 -0.0156125540 -0.0404849921  1.0000000000
-2.1968335894 15.3954028485 10.3902720779 -0.1686052643  0.0669382371  1.0000000000
-0.7537905647 13.0674791266  9.7786706814  0.0308132044 -0.1233566839  1.0000000000
-0.5932062270 12.9364495146  9.6579953529  0.0505735662 -0.1432033747  1.0000000000
-2.4566694183 13.4351364623  7.4453045142 -0.0664181915 -0.0357727883  1.0000000000
-0.1105327834 14.5956239732  6.3130454095 0.2916171105 0.3082574037 1.0000000000
-2.5597032984 14.9794316158  7.3414795386 -0.1660681536  0.2354375673  1.0000000000
-1.4464574692 13.3407846352  9.0470798264 -0.0253707704 -0.0972525672  1.0000000000
-2.8139556521 15.1517934477  8.0340961092 -0.1965570325  0.2068017477  1.0000000000
-0.0357634964 14.2761800429  9.1527469226 0.1407175999 0.0376747953 1.0000000000
-1.9518527932 11.8751124487  8.0651025806  0.0456953003 -0.2620850114  1.0000000000
-2.3778008032 13.3305487476 10.7425319648 -0.1550376776 -0.1431522106  1.0000000000
 1.2622424097 14.8902769761  9.5183173293 0.1840990424 0.0869447381 1.0000000000
-1.4235564278 12.8837645391  7.8329532275  0.0674620534 -0.0448468751  1.0000000000
-1.8369160271 15.1956058507  9.4287360506 -0.1383749731  0.1007180839  1.0000000000
-1.9409866281 14.7643899618  9.3287331586 -0.0913974673  0.0446204489  1.0000000000
-1.7247394554 15.3580864590  8.3023602969 -0.0532451576  0.1867333099  1.0000000000
-1.0511798498 13.7370888151 10.1817024775 -0.0052289233 -0.1177143581  1.0000000000
 0.3397003180 13.4694862248  8.7713176796  0.1928099917 -0.0339584841  1.0000000000
-3.2126644733 12.6623478575  8.7566093213 -0.2010505411 -0.2074036916  1.0000000000
-0.3372554648 13.9760904148  7.3466507106 0.1758134563 0.1198970208 1.0000000000
 0.1849355074 14.5104237143  7.5622342664 0.2002257108 0.1764300270 1.0000000000
-1.3044266941 14.2302928844  7.0535539941 0.0778547006 0.1266812429 1.0000000000
-1.1370298847 13.2781280228  8.9915386736  0.0248054881 -0.0680063188  1.0000000000
-0.9352350401 13.5713073327  7.4456826780  0.1290733152 -0.0244552001  1.0000000000
-1.1533083870 15.6082455208  9.6626816126 -0.0561208297  0.1466774146  1.0000000000
 0.4273970096 12.4125390421  9.5124638490  0.1819739962 -0.1849482889  1.0000000000
-0.9574757259 15.0146610037 10.6854906592 -0.0656605536  0.0506331620  1.0000000000
-2.7502213397 14.1136231204  9.2688639389 -0.2240472659 -0.0006803740  1.0000000000
-0.3377593560 14.2048244469  8.8834098232 0.0884717796 0.0275935154 1.0000000000
-0.3538505781 12.9528670211  7.8897708170  0.1988594754 -0.0598427181  1.0000000000
-3.4852007726 13.0242003884  8.3611792969 -0.2590725739 -0.1313793059  1.0000000000
-0.6370808092 15.7863964618  9.4642259801 -0.0011173427  0.1434028995  1.0000000000
-1.5024493798 13.1502760062  7.7797295834  0.0600481956 -0.0623626529  1.0000000000
-2.7151700735 13.3189158218 10.8990557703 -0.2046366283 -0.1867420510  1.0000000000
-2.2446715943 14.1116931339  9.4599503708 -0.1460966560 -0.0050058740  1.0000000000
 0.8206241927 13.1592515700  9.0356466283  0.2926134360 -0.0620121496  1.0000000000
50
-1.8344736145 15.1594389769  9.4767563642 -0.1537083575 15.0380329090  8.6772588464 -0.1020455288  0.0828179882  1.0000000000  0.0822517168  0.1059179616  1.0000000000
-2.7235911413 13.5337324260  7.7724399846 -0.4220478612 13.2852192647  9.5668868796 -0.1130071349 -0.0248742244  1.0000000000  0.0747156753 -0.0748865139  1.0000000000
 1.0549033486 13.6328128193 10.0390010483 -0.6494526544 14.2243840181  6.2849608340  0.1602511428 -0.0954253317  1.0000000000  0.2026354130  0.2419993335  1.0000000000
-1.6768600977 14.2922307586 10.5308088776 -1.0068237939 14.4737125030 10.8736555847 -0.1075239226 -0.0343607271  1.0000000000 -0.0532153700 -0.0698997412  1.0000000000
 0.2815410411 14.3759971511  9.0094358164 -2.8048361206 14.3729229484  8.1957212687  0.1573620060  0.0770313439  1.0000000000 -0.1921335344  0.0292726878  1.0000000000
 0.6178398762 13.2389453029 10.0988676060 -1.0551738459 14.7447488670  6.6885389662  0.1495400284 -0.0842454654  1.0000000000  0.1167568435  0.2488414974  1.0000000000
-1.8764210312 16.3980834041  9.6058783189 -2.0905628662 13.8772970944  7.2274902928 -0.1884585880  0.2257355259  1.0000000000 -0.0343550814  0.0545720262  1.0000000000
 0.2934322637 14.1016872276  9.1133848142 -0.4043036640 14.2017397528  9.0938962320 0.1324393199 0.0542624756 1.0000000000 0.0727757814 0.0110946713 1.0000000000
-2.9666644906 13.9136518552  9.5035577937 -1.0543614951 13.6916107941  9.7841126607 -0.2664461177 -0.0985576823  1.0000000000 -0.0212312641 -0.0678016802  1.0000000000
-3.5893430317 12.1040825014  8.4978673419  0.0212796169 13.2923570668 10.0888659224 -0.2578417353 -0.3090020423  1.0000000000  0.0808626257 -0.0861220319  1.0000000000
 1.1912803549 12.7463554020 10.4887907164  0.6526296731 12.9992440625  9.9684812576  0.1669745157 -0.1265897317  1.0000000000  0.1979142450 -0.1335491985  1.0000000000
-0.1173879923 11.7594126587  9.1796648540 -1.2771368044 12.4418450119 10.0415382493  0.1890743899 -0.2681181396  1.0000000000  0.0242562925 -0.2275451445  1.0000000000
-3.4889451828 14.6859280195  7.5505650052 -0.3438173222 13.8223715475 10.1871886944 -0.3220941277  0.1642407192  1.0000000000  0.0463467137 -0.0684661908  1.0000000000
 0.6797724657 14.5827483356  7.7652345788 -1.7477005296 14.1036657161  9.2649946075  0.2370723839  0.1534248123  1.0000000000 -0.0640610886  0.0152792260  1.0000000000
-0.8117494893 14.7304515720 10.7908320633 -1.3528782114 12.6029401199  7.6451345315 -0.0200403151  0.0482932379  1.0000000000  0.1168690799 -0.1313527119  1.0000000000
 0.2557110484 13.2882314136  9.9849462980 -2.6593407661 13.4165289122 11.2109203611  0.1176058435 -0.0962900916  1.0000000000 -0.1579557879 -0.2185937721  1.0000000000
-2.6075442453 15.0138560027 10.0669193584 -2.8688581401 13.3470899095 10.1484898676 -0.2050588932  0.0639899460  1.0000000000 -0.1996309810 -0.1733014822  1.0000000000
-0.9940582880 12.0466311933  7.3543602198 -3.3264211193 12.1533245566  8.5392421087  0.1889108470 -0.1729540310  1.0000000000 -0.1930779880 -0.2909910609  1.0000000000
 0.7761634271 13.8637230851  8.7644150041 -1.3712193009 12.6310954446 10.0902022108  0.2278461932  0.0327130546  1.0000000000 -0.0416448904 -0.1971256000  1.0000000000
 0.9690873485 12.5445674627 10.5786116989 -2.4765124052 12.7844184579  9.1806274548  0.1913993772 -0.1692584406  1.0000000000 -0.1344544520 -0.1992019000  1.0000000000
-0.0643349203 16.2994901620  9.7424518587 -0.1157084482 15.1720695161  9.1651005567 0.0533392910 0.1725506812 1.0000000000 0.0850899993 0.1392889271 1.0000000000
-1.7578604539 14.4684135553 10.2213678428 -1.2544104575 12.6294770472 10.7346208385 -0.0977416356 -0.0295646707  1.0000000000 -0.0308807654 -0.2814704582  1.0000000000
-0.3464534706 12.5521904016 10.5795239260 -0.4224856216 12.4127550380  9.6675210303  0.0911283966 -0.2232039823  1.0000000000  0.1456964661 -0.1841967034  1.0000000000
-1.5373427196 15.4325440229  9.7396824691 -1.4978054754 13.9248363163 10.1050210989 -0.0883568052  0.1521980565  1.0000000000 -0.1003176931 -0.0378190873  1.0000000000
-2.1343283181 12.9422454256  8.1697761778 -1.4609429431 13.8945406053  7.2257852211 -0.0075299498 -0.0697243373  1.0000000000  0.0263817297  0.0717399820  1.0000000000
-1.1382981323 14.1485931179  8.1599732635 -1.2041241928 14.1685168201 10.6712238712  0.0318202443  0.0367001591  1.0000000000 -0.0600727962 -0.0519103558  1.0000000000
-0.1659156864 12.3536179531  9.2107447711  0.5924385558 15.4438830185  8.7447750393  0.1835156825 -0.1550879542  1.0000000000  0.1471909463  0.2093681504  1.0000000000
-0.2721579699 13.9947306938  6.9735119009  0.9051394097 13.2996506122  9.6785717710  0.2291832507  0.1465368058  1.0000000000  0.1785478104 -0.0511725670  1.0000000000
-0.6054543374 12.2950230569  9.3830737239 -2.1962203647 15.8851045314  9.9365076664  0.0869860240 -0.2069671134  1.0000000000 -0.1795533631  0.1063745622  1.0000000000
-2.0334539490 15.2713130033  6.9722420287 -3.1012408797 12.8781853698 10.2436156030 -0.0333321153  0.2856050970  1.0000000000 -0.2469273644 -0.2497387546  1.0000000000
-1.3593831873 12.9793910336  7.4122717309 -2.8247888125 13.9298238921 10.3039148455  0.0869279553 -0.0364865893  1.0000000000 -0.2096058948 -0.0602394809  1.0000000000
-1.5692751196 16.1576764641 10.4436552171 -2.3352324800 15.1080746926 10.2844375673 -0.1208284102  0.1402932156  1.0000000000 -0.2165917025  0.0427398350  1.0000000000
 0.1055964592 14.7593432234  8.4533892971 -2.6390263642 14.5661451361  9.1205812705  0.1574394442  0.1266648548  1.0000000000 -0.2126030071  0.0361314669  1.0000000000
-2.6039593561 12.6539740539  9.6015742333 -3.4364969723 15.2633771881  7.5731949440 -0.1819282577 -0.2123144728  1.0000000000 -0.3176314834  0.2003085224  1.0000000000
 0.2305037853 14.7269519482  6.3681819061 -2.8049752572 14.3544884965  9.6460951250  0.2841497562  0.2994947447  1.0000000000 -0.2063016410 -0.0345131135  1.0000000000
-1.2060796242 14.2281223401  9.0485480544 -0.8193553200 12.0944349971  7.9943030631 -0.0344187753  0.0030923805  1.0000000000  0.1321216780 -0.2022189622  1.0000000000
-1.4110429311 12.1451292942  8.2956347978 -2.3206486259 15.5505558233  8.0937188056  0.1011591271 -0.2189126019  1.0000000000 -0.1613906385  0.2515449119  1.0000000000
 0.3573009154 13.3398187408  7.9286309829 -1.3415528819 15.1009982457  6.9946259038 0.2627649490 0.0355020205 1.0000000000 0.0482228860 0.2791838434 1.0000000000
-1.1013333422 12.9483513430  8.2017608957 -1.2354761152 13.6754247671  8.9118450265  0.0934843404 -0.0984048641  1.0000000000  0.0224638502 -0.0410602006  1.0000000000
-1.2763501237 14.2657476153  8.7376733525  0.1856313965 12.0221329521  8.7938772418 -0.0424634505  0.0535010820  1.0000000000  0.2374415576 -0.1846747993  1.0000000000
-1.1554538606 14.5178203655  8.6557349051  0.3004582701 15.6029049406  9.7257558987 0.0423109335 0.0810955867 1.0000000000 0.0907798223 0.1277092861 1.0000000000
 0.0888366799 12.2185428334 10.0361419640 -0.7009309964 13.0244738242  8.2688794569  0.1384045481 -0.2291712554  1.0000000000  0.1651448551 -0.0488626007  1.0000000000
-2.0327738083 15.1977257269  8.9918500131 -2.2134131688 15.7917220161  8.6863394915 -0.1349845190  0.1147588014  1.0000000000 -0.2205026291  0.1958014961  1.0000000000
-2.0196380636 12.1806275014  7.8289787666  0.7768790111 14.2674619215  8.7111643834  0.0009493488 -0.2495953883  1.0000000000  0.2108077295  0.0538760606  1.0000000000
-1.7648032098 12.1216057741  8.3692331496 -0.4240661379 14.2493565147  9.1282271018  0.0426251331 -0.1909316313  1.0000000000  0.0826634977  0.0447859240  1.0000000000
-2.0154753023 12.6582945946 10.1807059643 -3.4486633471 11.9748672022  8.7078641566 -0.0953240919 -0.1922823010  1.0000000000 -0.2347427655 -0.3520634484  1.0000000000
-1.9731077518 15.4345849857  9.8075866978 -1.2554395893 12.3635789551  9.7330727956 -0.1478046485  0.1004086587  1.0000000000  0.0175284951 -0.1947363090  1.0000000000
-2.3755880172 14.1760456341  8.2400016021 -2.5898769623 12.7054073660  9.9025501107 -0.1232232567  0.0470114649  1.0000000000 -0.1625304123 -0.2298180066  1.0000000000
-1.6660607665 12.8629905849 10.1731410433  0.2102555007 14.0047063819  6.5731563345 -0.0452529768 -0.2095554147  1.0000000000  0.3191206359  0.1587831839  1.0000000000
-3.0226791691 15.4447730177  7.2262639108 -0.2957160065 14.2390672475  8.8649305708 -0.2252337932  0.3032919976  1.0000000000  0.0892165254  0.0350471072  1.0000000000
