682.6000000000
50
  2.9879456686  -6.3136125178 -10.0002672192 -0.1145776454  0.0916810036  1.0000000000
 1.5515161478 -3.9377303434 -8.5442210377 -0.0568333601 -0.0005777503  1.0000000000
 2.2384154657 -2.6854224190 -8.6211753708 -0.1955038852 -0.0310204960  1.0000000000
 2.9794943598 -4.9607776281 -8.4848193953 -0.1831064923 -0.0644324109  1.0000000000
 0.7604914463 -3.2578220862 -8.8321323826  0.0055402805 -0.0232930755  1.0000000000
 0.4584390111 -4.7525967180 -7.1863991199  0.0706858818 -0.2710858952  1.0000000000
  0.6518885198  -3.6644732070 -10.0414881986 0.0656217664 0.1651481080 1.0000000000
 0.3398140022 -5.6059228200 -9.3536301237 0.1428784984 0.0337120315 1.0000000000
  0.2213842893  -3.3729250704 -10.4863666064 0.1520313127 0.2391053205 1.0000000000
 0.1911894401 -4.8761634785 -8.9471939076  0.1371504271 -0.0248851091  1.0000000000
 2.0391824466 -3.7259150552 -9.2055356719 -0.1437773524  0.0508062015  1.0000000000
  2.6759271981  -5.1752340468 -10.5785760092 -0.1140265087  0.2092669920  1.0000000000
 0.6878451760 -3.1676083557 -7.3641282906  0.0758373603 -0.2617313713  1.0000000000
 0.8687487053 -4.8049203416 -7.5251822787  0.0292724082 -0.2004236939  1.0000000000
 2.9517605713 -6.2405800335 -9.4225929427 -0.1626718187  0.0871494032  1.0000000000
 2.3046182862 -6.3459614268 -7.9064628905 -0.1245684915 -0.0722980057  1.0000000000
  0.6697796573  -5.4455483711 -10.6196833292 0.0874844702 0.1661803613 1.0000000000
-0.5460920472 -3.7199834887 -9.6917855459 0.2410633236 0.0354716386 1.0000000000
 1.0297266907 -6.8084450750 -8.4457248699  0.0242293417 -0.0356704639  1.0000000000
 0.0961325701 -4.6324915159 -7.4550045629  0.1343102021 -0.2058194294  1.0000000000
 2.5540879350 -6.5634153238 -8.1623847072 -0.1293258121 -0.0693667483  1.0000000000
 1.5648165503 -6.3682084371 -9.0814922090  0.0083514421 -0.0075256303  1.0000000000
  3.2518210449  -6.3842020361 -10.8511063748 -0.1603731763  0.1824656358  1.0000000000
 2.1560693479 -2.9101321357 -8.9682632175 -0.1952544138  0.0081317240  1.0000000000
 0.6402611673 -5.6882432129 -9.7367359170 0.1200979955 0.0886790295 1.0000000000
  1.2034865875  -6.5649504235 -10.6028846935 0.0765098452 0.1474820637 1.0000000000
 1.2434610718 -5.9801236487 -9.3552823289 0.0174338446 0.0009709294 1.0000000000
 2.3434912121 -4.1832878184 -8.7607687273 -0.1469677073 -0.0366500923  1.0000000000
 1.5872969178 -5.5979082248 -7.1900943311 -0.0279351364 -0.2140584315  1.0000000000
 2.0263402886 -5.7599693048 -9.9427897012 -0.0575716251  0.1330137969  1.0000000000
  0.0820351705  -3.2351531981 -10.9099054973 0.2005076643 0.2531347612 1.0000000000
 0.0979451461 -5.2645733497 -8.7438345649  0.1695818960 -0.0659462634  1.0000000000
 0.5236254706 -5.1997514040 -9.1005028822  0.0744253885 -0.0049502390  1.0000000000
 0.4771026523 -3.2403630821 -9.8145519684 0.1197244508 0.1028110994 1.0000000000
 0.3725994056 -5.8227203333 -8.5941400320  0.0978246677 -0.1004174311  1.0000000000
  1.7895358458  -5.0704031522 -10.8118912091 -0.0799270322  0.1907936214  1.0000000000
 1.5016306811 -3.3392115380 -8.9086787239 -0.0728789105 -0.0110485706  1.0000000000
 2.6450530328 -5.0432196650 -9.4961005028 -0.1467503080  0.0906876749  1.0000000000
 0.7646619788 -5.4689915967 -7.1625154572  0.0478421986 -0.2396948177  1.0000000000
 1.9318946548 -4.2297389594 -8.3833140868 -0.0943754528 -0.0868957807  1.0000000000
 2.6532202010 -3.8048285121 -7.3601643994 -0.2510249224 -0.1977280132  1.0000000000
  2.9760947960  -5.2565286501 -10.4300523184 -0.1553532282  0.1960311437  1.0000000000
 0.2171593682 -3.5296646467 -9.4472905947 0.1198302217 0.0615372372 1.0000000000
 2.0245465636 -5.9546934487 -7.7847767194 -0.0696374681 -0.1828920536  1.0000000000
  1.6890373323  -3.3370790703 -10.6407384344 -0.0881470459  0.2383811161  1.0000000000
 2.3893474627 -3.0228024371 -8.1719102125 -0.2164456237 -0.1241541270  1.0000000000
 0.5266934554 -5.1919807084 -9.9365377696 0.0869564219 0.0761578150 1.0000000000
 -0.1823208489  -3.8747367119 -10.6466068597 0.2385106106 0.2038612479 1.0000000000
 1.0718304152 -3.7185548636 -8.6460286572 -0.0440744912 -0.0824429436  1.0000000000
 2.7720303618 -4.9069525603 -9.5021056274 -0.1588061121  0.0681464074  1.0000000000
50
  0.4283125727  -4.9310071709  -9.9876341768   1.0919616187  -6.0820688335 -10.3939205472 0.1258200946 0.0697539423 1.0000000000 0.0554848315 0.1000836247 1.0000000000
  2.4686564387  -4.6033195673  -8.9495893558   1.9323740327  -5.3091533873 -10.1742842366 -0.1715858583  0.0102577768  1.0000000000 -0.0846668726  0.0975369022  1.0000000000
 1.8369625976 -4.5976293268 -7.6448534302  0.7137028023 -5.4039299223 -8.2441880741 -0.0974047365 -0.1549891714  1.0000000000  0.0712227167 -0.0847990016  1.0000000000
  2.4087342151  -5.5880514213 -10.8274186963   2.7145144617  -3.8484466725 -10.1463225961 -0.0163258037  0.1970392602  1.0000000000 -0.1863104112  0.1953872469  1.0000000000
 1.0073721098 -5.0181801802 -8.2651742758  2.5527850430 -5.7412847296 -8.5559781154  0.0238290698 -0.1153277772  1.0000000000 -0.1788542795 -0.0572164503  1.0000000000
 -0.1082865492  -4.4382613999 -10.9732299131   0.3715683940  -3.2216947069 -10.1490657320 0.2253207801 0.2275907949 1.0000000000 0.1485559942 0.1687433204 1.0000000000
  2.3446760509  -5.3994737262  -7.8981404170  -0.2928666245  -6.4346333517 -10.9542972466 -0.1081182181 -0.1102611524  1.0000000000  0.2158615233  0.1771660276  1.0000000000
 2.3311863789 -3.5124086844 -8.3984761096  1.2211144937 -4.7806422519 -7.1198447628 -0.1822072142 -0.0482645647  1.0000000000 -0.0216530430 -0.2456491520  1.0000000000
  1.5443913500  -3.1082284181 -10.0406023707   2.0258387474  -4.1871810714  -7.2597647455 -0.0582834116  0.1553996804  1.0000000000 -0.1449730659 -0.2076879992  1.0000000000
 1.2785306820 -4.7839899024 -9.6110277229 -0.7197327997 -3.1047204823 -8.9889765779  0.0168845770  0.0332168127  1.0000000000  0.2807669686 -0.0766924291  1.0000000000
 -0.1072399470  -3.7058980890 -10.4165709510   0.8810995255  -3.0206187777 -10.6096450856 0.1946794691 0.1911264008 1.0000000000 0.0752877412 0.2481787641 1.0000000000
 0.1351067801 -5.8585168221 -9.5377515065  0.5547592560 -6.5556416997 -8.9251549079  0.1561674365  0.0225811287  1.0000000000  0.1001786926 -0.0070348646  1.0000000000
 3.1178793126 -6.1049876908 -9.4603127122  2.3092691801 -2.7629772068 -7.4798233512 -0.2065613595  0.0197012713  1.0000000000 -0.2846536710 -0.2138183935  1.0000000000
-0.3712306371 -4.8052158627 -8.3077978101 -0.2555839894 -6.3236111821 -9.8655770289  0.2255954669 -0.1416182133  1.0000000000  0.2538766873  0.0404656462  1.0000000000
 0.4662094649 -2.9990212384 -7.6849415556 -0.8845589569 -5.1590479774 -8.0024162184  0.0719305227 -0.2230657392  1.0000000000  0.2812700286 -0.1753138107  1.0000000000
-0.0021080302 -4.6221116729 -8.6319305312  0.4214858589 -3.8334727979 -8.7745848213  0.1776976973 -0.0913397313  1.0000000000  0.0880334211 -0.0301617578  1.0000000000
 2.2786849293 -5.8414200955 -7.4665526070  0.4509638277 -5.3000478068 -7.3813493158 -0.1132225017 -0.1701668141  1.0000000000  0.0753732836 -0.2178902070  1.0000000000
  2.1564180896  -3.8477458539 -10.7232910219   1.6264004512  -4.2333802405 -10.9629184393 -0.1403634943  0.2326035811  1.0000000000 -0.0226987673  0.2421760344  1.0000000000
 0.3843283491 -4.7768698000 -8.9357920073  1.6486506299 -3.9822548593 -8.0607027856  0.1277176060 -0.0369386338  1.0000000000 -0.1440857200 -0.1235141593  1.0000000000
  1.0926032437  -3.7602687883  -8.2686527013   1.0883902426  -6.0063616944 -10.4260610513 -0.0135414054 -0.1115186441  1.0000000000  0.1019559575  0.1694556104  1.0000000000
-0.6061582556 -6.1424595529 -8.3236347423  1.7507240464 -4.8471103156 -8.9236275734  0.1747632574 -0.1054532233  1.0000000000 -0.0478169992 -0.0132722859  1.0000000000
  0.9249956837  -3.4932453663  -8.2007925637   1.1904959976  -4.2686583769 -10.6135072004 -0.0034861775 -0.1679579359  1.0000000000  0.0398470560  0.2025504169  1.0000000000
 0.8159616463 -2.8295405305 -7.8205922878  1.2603014014 -3.8969848914 -9.3208388954  0.0012427459 -0.1896400468  1.0000000000  0.0028670190  0.0401107976  1.0000000000
-0.4952078573 -5.8935559728 -7.4786932291  2.3887607538 -4.2064877293 -8.3139088939  0.2129862147 -0.2180647576  1.0000000000 -0.1997652002 -0.0874886734  1.0000000000
 1.5309952240 -5.5945623394 -9.4520158063  1.8211817653 -3.3373941810 -8.5553361653  0.0110768440  0.0352101861  1.0000000000 -0.1048564776 -0.0412088703  1.0000000000
  1.0937645950  -5.8875690973  -7.8050500681  -0.5038989135  -5.9056930653 -10.1992281683  0.0261433588 -0.1483167696  1.0000000000  0.2018021257  0.0799145930  1.0000000000
  2.0663495729  -2.9195213580 -10.4595632963   2.4534556368  -4.8111385141  -7.9183589446 -0.1475037152  0.2411543281  1.0000000000 -0.1603933755 -0.1363529751  1.0000000000
 1.4759898853 -3.0406631194 -8.0313891237 -0.3134400110 -5.1886171893 -9.4823053530 -0.0811219453 -0.1319795094  1.0000000000  0.1929638421  0.0344270833  1.0000000000
-0.9152988991 -3.0616357979 -8.3734386404  2.3385805013 -6.1758167923 -9.5925691825  0.2750667440 -0.1572177795  1.0000000000 -0.1309710172  0.0719056148  1.0000000000
-0.6334649083 -3.1608839576 -8.7914706627  2.0710686800 -4.5919547443 -9.1025133183  0.2679458061 -0.0487092007  1.0000000000 -0.1335709589  0.0237797463  1.0000000000
 1.4161091693 -5.7678017908 -8.2930473847  2.1301527201 -3.6784922831 -7.0151625790 -0.0268399879 -0.1260984954  1.0000000000 -0.1967525378 -0.2821040016  1.0000000000
 2.6337448947 -3.5440833610 -7.2257745775  2.0943956997 -4.6700174192 -9.5540215349 -0.2722752872 -0.2563247975  1.0000000000 -0.0910964025  0.0666349423  1.0000000000
  1.2084522484  -5.3612811533 -10.0136330813   2.9328332303  -6.4318403268  -7.9701532078  0.0012035489  0.0931289040  1.0000000000 -0.1814296751 -0.0652105710  1.0000000000
 1.8618746154 -6.1271308757 -8.1202990809 -0.8195946456 -6.1902425076 -8.0421156788 -0.0424476008 -0.0791746936  1.0000000000  0.2380330263 -0.1580037841  1.0000000000
  1.2676802644  -2.9713855956  -7.8164649720  -0.0712995083  -6.6747610752 -10.0466295392 -0.0767919003 -0.2057704094  1.0000000000  0.1681060956  0.0776674190  1.0000000000
 2.1093353962 -3.4207096659 -8.6600143607  2.4010455246 -5.1586396915 -9.7026629292 -0.1365159169 -0.0112295641  1.0000000000 -0.1215399865  0.0924535795  1.0000000000
  2.2448208983  -5.7793193402 -10.7207104729  -0.5547317534  -6.2902472798  -9.1284157090 -0.0804442674  0.2293762821  1.0000000000  0.1692052483 -0.0053913805  1.0000000000
-0.0765122460 -3.3280374029 -7.5594450210 -0.8712714753 -5.6181289916 -7.5978073971  0.1387018796 -0.2298667291  1.0000000000  0.2519244141 -0.2230101282  1.0000000000
  2.4967788379  -5.4641814350 -10.5746282543   1.3717036627  -2.9497063617  -9.7844154520 -0.1129669823  0.1782622500  1.0000000000 -0.0365939251  0.1213396592  1.0000000000
  0.6265443589  -3.0307924658 -10.1111876073   2.0376794351  -4.3069409773  -9.6393408447  0.0979510546  0.1651757996  1.0000000000 -0.1040572693  0.0901177389  1.0000000000
  0.3942261765  -4.1276017727 -10.6580100526   1.5113393369  -4.7985304646  -9.0432850894  0.1350218984  0.2531483142  1.0000000000 -0.0095610696 -0.0388029345  1.0000000000
 1.7739450781 -5.6894424180 -8.1569796712 -0.4271132962 -3.2728312769 -7.6622505855 -0.0670649911 -0.1199156393  1.0000000000  0.1718685064 -0.2594401292  1.0000000000
 -0.7184308901  -3.1983865016  -8.0885744586  -0.1800754311  -5.9320745305 -10.6397986158  0.2620523926 -0.2392715810  1.0000000000  0.1945944357  0.1249946851  1.0000000000
 0.0004476991 -5.7951204069 -9.4617440154  1.3921202075 -6.5987608896 -9.4979590268 0.1635339642 0.0435198888 1.0000000000 0.0186638442 0.0080450854 1.0000000000
 2.1028990142 -4.1105040375 -9.5347336700 -0.5108351220 -6.9280491491 -7.5967500781 -0.1006819776  0.0374332959  1.0000000000  0.1719250684 -0.1943682926  1.0000000000
 -0.1933126107  -3.9997944603  -8.7459274833   2.4614213851  -6.5303571063 -10.5085247405  0.1696607855 -0.0703877325  1.0000000000 -0.0976281447  0.1369351934  1.0000000000
 0.8768891361 -4.3766730075 -9.6547657898  0.7262334541 -5.7937075093 -9.9904075913 0.0986903460 0.0114354301 1.0000000000 0.0687841107 0.1145087731 1.0000000000
 -0.1267735460  -5.0431692945 -10.2631925216   0.3268209861  -4.4525594256  -9.1290066330  0.1761970394  0.1252398555  1.0000000000  0.0925236481 -0.0241237138  1.0000000000
 1.9086753554 -3.9177405292 -7.7205886757 -0.5514003022 -3.5778991799 -7.8920364560 -0.1236761573 -0.1408021373  1.0000000000  0.2043345693 -0.1945875925  1.0000000000
 1.3336104279 -5.4044810241 -9.1442843151  1.2349919822 -6.4698773359 -9.0686038991  0.0332832177  0.0266370447  1.0000000000  0.0311129402 -0.0181054374  1.0000000000
