429.9000000000
50
-9.0984574538  8.4642748182  3.7616136694 0.2061586264 0.2240809536 1.0000000000
-12.4346061308   7.7277450315   3.9049197255 -0.1514246566  0.1815979124  1.0000000000
-8.9931306944  6.3716553360  1.9897886275 0.1852561440 0.0539191513 1.0000000000
-11.1840128175   4.4186958394   3.5770583676 -0.1328741259 -0.1521341271  1.0000000000
-8.9243191130  6.8633038970  4.2641415407 0.1747250445 0.0695815536 1.0000000000
-9.4001185339  6.8202520578  2.1453678562 0.1554368271 0.1026931175 1.0000000000
-8.7392061640  7.1624049734  3.1865746467 0.2431585652 0.0965967506 1.0000000000
-12.5822843835   7.6016598021   3.4817775946 -0.2391764747  0.1664036634  1.0000000000
-9.5110019866  4.8562924989  2.6064909074  0.0755060103 -0.2134900602  1.0000000000
-12.2868212904   6.9680932882   3.6437539915 -0.2106880138  0.1323493152  1.0000000000
-9.6168861526  7.2111684470  3.9234508157 0.0814734040 0.0720697303 1.0000000000
-10.6165403130   7.2028804745   3.4829648935 -0.0165994810  0.1469885939  1.0000000000
-10.6178884555   5.8507807433   2.0382882974 -0.1011495958  0.0145038871  1.0000000000
-10.0670862626   6.8180175234   2.3894036898 0.0369109197 0.1157626253 1.0000000000
-12.0489965805   6.4818122665   4.3898647099 -0.1367923055  0.0021752581  1.0000000000
-8.6468953355  5.7591295048  3.8889921924  0.1815472268 -0.1024130074  1.0000000000
-11.1563785413   4.4983768210   2.3879873875 -0.1850922278 -0.1526689172  1.0000000000
-9.1237079005  4.9693814779  2.3952868343  0.1079108227 -0.1392546791  1.0000000000
-10.5512901407   7.1600338338   2.4730804938 -0.0338291731  0.1444928289  1.0000000000
-9.3400883874  7.4221365369  1.6550063763 0.1343583367 0.2489499989 1.0000000000
-10.4991505626   6.7898184894   4.4410315277 0.0064782457 0.0446434703 1.0000000000
-10.9624064707   4.3243411647   3.9130388165 -0.1002419332 -0.2104220408  1.0000000000
-8.2967701765  5.8283650185  2.0641581398  0.2425416922 -0.0442068254  1.0000000000
-12.0941845158   7.8805951639   3.8555997634 -0.1328460231  0.2043983304  1.0000000000
-9.7434754604  4.4655828683  3.3765806745  0.0653906899 -0.2224101328  1.0000000000
-10.9448842466   7.9873850970   3.5680007818 -0.0131647394  0.1582524632  1.0000000000
-11.9955672332   4.6210733091   5.0361440715 -0.1899800235 -0.1794651278  1.0000000000
-10.8764929894   6.7347659754   1.5113903917 -0.0684738142  0.1509333122  1.0000000000
-10.1669398033   5.5794909483   5.2709331338  0.0664608678 -0.1138689201  1.0000000000
-8.9765017852  8.6270854132  4.2057077469 0.1959239090 0.2150270582 1.0000000000
-11.4575864285   5.6621947540   2.7465949360 -0.1505040564 -0.0106470001  1.0000000000
-12.1669006247   6.5155741573   2.6728657673 -0.2400060945  0.0834633365  1.0000000000
-9.9526428010  7.1094241562  4.6480972971 0.0445898282 0.0273511110 1.0000000000
-9.4459317069  7.8257715325  4.4064951540 0.1615362054 0.1125551308 1.0000000000
-9.6743304654  5.9711463746  5.0993417798  0.0628349940 -0.1039258889  1.0000000000
-12.0725463717   7.1023354455   4.1998579807 -0.1324171153  0.1070737567  1.0000000000
-8.5843913813  7.1216230321  1.0979601677 0.3156690673 0.1662574616 1.0000000000
-8.7776365993  5.2122062767  4.7703647873  0.1599285237 -0.1634938304  1.0000000000
-11.8120787015   5.8632724275   0.8834328462 -0.3136301873  0.1303908462  1.0000000000
-12.4930491178   6.6045224066   4.6353865652 -0.1472452672  0.0448964565  1.0000000000
-8.9425824300  7.4960422555  2.8757923012 0.2069632916 0.1239694225 1.0000000000
-10.9184707207   6.8719485371   1.4814469772 -0.0814913203  0.1758332089  1.0000000000
-9.1410068648  6.5981094283  4.4813220002 0.1437357225 0.0505234917 1.0000000000
-9.1784083641  5.6378330691  3.8213269709  0.1537098731 -0.0757441642  1.0000000000
-10.3712697949   8.3903499762   4.2806563991 0.0623833428 0.1813761217 1.0000000000
-9.7522220266  4.8385491751  4.1922655850  0.0905473946 -0.1188425582  1.0000000000
-10.6508055917   7.9239564789   2.4485637830 0.0072223517 0.2690191619 1.0000000000
-10.5823513268   7.4417135655   3.0542203506 -0.0054607591  0.1799987485  1.0000000000
-11.1809553172   7.0546847803   1.6136013890 -0.1174344598  0.2062549203  1.0000000000
-11.5291170149   7.7085822512   4.0108071613 -0.0760093314  0.1349915331  1.0000000000
50
 -9.6522697858   7.0263885239   2.1003889614 -10.1735228045   4.6999049174   4.5152175343  0.0940750593  0.1321370297  1.0000000000  0.0242725884 -0.1579366453  1.0000000000
 -9.0585266187   8.4202005973   4.6220517344 -11.4657355163   6.6471814745   3.8301718433  0.1546991648  0.1503411372  1.0000000000 -0.1031412679  0.0267284744  1.0000000000
-11.0101160362   4.8251902675   2.6848444094 -10.9569421438   7.0118661132   1.8465603823 -0.1828750075 -0.0782782375  1.0000000000 -0.1002798447  0.1835449626  1.0000000000
-11.0510119172   5.6005631074   4.9634976434 -11.6684858073   6.7941013340   2.3462857772 -0.0869607554 -0.0708699330  1.0000000000 -0.1401068788  0.1625624472  1.0000000000
-11.3590073485   3.5232671437   1.4204503206  -8.3225598209   5.6373999357   2.4694783257 -0.2974638618 -0.3039096279  1.0000000000  0.2425692262 -0.1149179113  1.0000000000
-9.3871483261  6.3986285680  1.5425569208 -9.3679672790  6.1394658178  4.3246562331  0.1113284506  0.0815212210  1.0000000000  0.1628624470 -0.0510751169  1.0000000000
 -9.3556858213   5.3707314144   2.2964879768 -10.5348732964   4.0973171377   2.1716474473  0.0603902628 -0.0689286273  1.0000000000 -0.1536635299 -0.2471727505  1.0000000000
 -9.9667999675   5.9298822064   2.8648649642 -10.9862289418   7.0516269404   3.3329168103  0.0476673711 -0.0393646842  1.0000000000 -0.0337051622  0.1216278540  1.0000000000
-10.0158622191   7.4448510708   4.7813972348  -9.9738732840   4.4447485100   2.6607751943  0.0833644390  0.0892894902  1.0000000000 -0.0638965283 -0.1669380363  1.0000000000
-9.8987720613  4.6408253090  3.2901599802 -8.7724145520  5.8863753800  3.3006223765 -0.0073497179 -0.1569789429  1.0000000000  0.2074015183 -0.0644943260  1.0000000000
-10.2176485504   5.8885689157   2.6555574557  -8.2956639734   5.0251436345   1.8014912775 -0.0283207069  0.0130791118  1.0000000000  0.3003504151 -0.1939111867  1.0000000000
-11.5384606774   5.9754598050   4.0791879452 -11.0428926652   6.4196074498   2.5529105316 -0.1408976306 -0.0299639355  1.0000000000 -0.0958854889  0.0881076465  1.0000000000
 -9.0178655460   4.8949391063   4.4318673414 -10.1616052209   6.6967902425   1.8790088063  0.1284396879 -0.1849768139  1.0000000000  0.0286245768  0.1264068175  1.0000000000
-11.5479814460   6.6528009770   3.1752985141 -11.0598531363   7.5746571244   1.6645278703 -0.1127527501  0.0785369831  1.0000000000 -0.0878680521  0.2615590904  1.0000000000
-10.4720841400   6.0055886415   4.0044341904  -9.0512481176   7.6837950045   1.7644248988  0.0090213088 -0.0321403021  1.0000000000  0.2187848270  0.2143058261  1.0000000000
-10.5036362603   4.7314357950   1.5185853219  -9.9397677989   5.5413799060   3.3849618125 -0.1032602776 -0.1625668681  1.0000000000  0.0627690078 -0.0533472314  1.0000000000
-11.7411955779   4.1305249569   2.8076221648  -9.6823966529   6.4900172167   3.4475044565 -0.2514395682 -0.2017289663  1.0000000000  0.0801836662  0.0312768800  1.0000000000
 -9.3824965862   5.6863402081   4.9216554250 -10.4921007197   6.1257437935   3.6098899675  0.1019925514 -0.0731579423  1.0000000000 -0.0161319740  0.0407437506  1.0000000000
-11.0694025037   3.9123936368   1.9542214886 -11.4935621668   5.1257564877   2.4499138082 -0.2465686075 -0.2478679250  1.0000000000 -0.2013822550 -0.0992137979  1.0000000000
-9.8466578140  4.7543891849  4.2019100393 -9.9980849779  5.0150417373  1.8397397681  0.0395366431 -0.1983233710  1.0000000000  0.0183447449 -0.0977873456  1.0000000000
 -9.4892717988   6.2286364268   5.0806967750 -11.9700366405   7.0084851721   1.5381635993  0.0866901728 -0.0330103178  1.0000000000 -0.2871403244  0.2461554861  1.0000000000
-11.4150172257   5.2696181595   4.2917320974  -9.7449275539   7.9739403247   3.9889448709 -0.1236576221 -0.1179565675  1.0000000000  0.1228498142  0.1685290727  1.0000000000
 -8.4657910985   7.4234916304   2.9110111759 -10.0001560101   5.3439465020   1.9898998835  0.2489395177  0.0859434767  1.0000000000 -0.0470147671 -0.0681093294  1.0000000000
-10.0502016690   6.3578775488   3.5974141456  -8.9699214596   8.1147052701   3.9296926716 0.0318510512 0.0201672480 1.0000000000 0.1572590065 0.1467064287 1.0000000000
-12.3165367229   6.1718589704   4.2499522970 -10.8895110810   6.5263770048   2.5151059219 -0.2128677567 -0.0080659487  1.0000000000 -0.0862333738  0.0842044292  1.0000000000
 -9.7322661434   7.0751595981   4.4650132536 -10.1428806360   7.7068797920   3.1487442717 0.1170790096 0.0745315853 1.0000000000 0.0291021384 0.1694966136 1.0000000000
-8.9482278446  7.2323595146  3.7788100211 -9.4548576222  6.5250067423  4.6647066636  0.1952675029  0.0757497422  1.0000000000  0.1225251376 -0.0532444718  1.0000000000
-10.6038529426   7.7899538237   3.0755441621  -8.5143306512   5.0144394149   4.0386428856 -0.0269482979  0.1903688905  1.0000000000  0.1895442017 -0.1948130289  1.0000000000
-10.4704820336   6.4966945983   1.1349707377 -11.1970009626   5.9717059778   3.4791951140 -0.0811598110  0.1123230967  1.0000000000 -0.1356332996  0.0044214980  1.0000000000
 -8.9642718742   5.9018115288   3.6152476301 -10.5700259672   7.2008153856   3.1287751649  0.1939237552 -0.0525317277  1.0000000000 -0.0207542760  0.1675602051  1.0000000000
-12.1667626601   6.6448121034   4.3796556423  -8.2864096462   5.6383391002   4.0885650347 -0.1729292986  0.0565138615  1.0000000000  0.2757915240 -0.1219698044  1.0000000000
 -9.8065796594   7.5389497453   1.7145576781 -11.6998207069   6.4570452749   1.1465999781  0.0432056713  0.2384081271  1.0000000000 -0.1906752081  0.2026262071  1.0000000000
-12.2343787511   5.5660118504   4.3851915184 -11.9278205490   7.4499844507   1.8874756101 -0.1510700340 -0.0520608018  1.0000000000 -0.1982493218  0.2290195527  1.0000000000
 -8.3188581245   4.4293157711   2.7168198816 -11.0294380511   6.7112190330   3.3449716629  0.2312545139 -0.2729517429  1.0000000000 -0.0704780031  0.1012931443  1.0000000000
 -9.4846180430   5.5955249844   4.9735134832 -10.6536419705   7.4380636461   3.5063144792  0.1098057815 -0.1610081766  1.0000000000 -0.0282671416  0.1259164654  1.0000000000
-11.6358461191   6.3461763088   1.3785674445 -10.5063515945   5.2318683438   2.2239642779 -0.2378823692  0.1158334060  1.0000000000 -0.0653132084 -0.0609127541  1.0000000000
-11.0032842164   6.0015730945   1.8109767968 -12.3852115194   6.8127429688   4.0055611720 -0.1501847982  0.0337089299  1.0000000000 -0.2085662160  0.0767342432  1.0000000000
-10.8652933481   6.7314644420   4.6972949683 -11.2349678612   8.0894446419   4.3784020524 -0.0486252595  0.0340409339  1.0000000000 -0.0212766367  0.1806547923  1.0000000000
 -9.9079833649   4.4250855719   1.7974396371 -12.2502057324   7.2788144917   4.2500592614 -0.0207960285 -0.2175929201  1.0000000000 -0.1485588011  0.1187687853  1.0000000000
-10.8398726990   6.4707253309   1.9354528048 -11.8245871844   5.7641573739   4.8442678526 -0.0702177825  0.1132379385  1.0000000000 -0.1359806277 -0.0465068545  1.0000000000
 -8.7468336857   6.5629011551   3.0201095999 -11.4797842845   7.0650643896   2.8813374098  0.2416293643 -0.0023592320  1.0000000000 -0.1422726716  0.1415344143  1.0000000000
 -8.8401141614   4.9471358233   5.3071353218 -10.0808770928   7.2574950372   1.4555855510  0.1570850125 -0.1984051928  1.0000000000 -0.0233795280  0.2025221542  1.0000000000
-11.7035420056   6.7157576759   1.4448724237 -12.2101521430   6.8974024581   3.0667395354 -0.1622754068  0.2285873123  1.0000000000 -0.1708306231  0.1608925526  1.0000000000
-11.1954683334   6.8169729219   0.7533423004 -12.2187397991   6.7671092841   2.4015756901 -0.1958424544  0.2651068801  1.0000000000 -0.3043659980  0.1665354571  1.0000000000
 -9.0753009241   4.6992404007   3.8771587333 -11.6672685183   4.3313512669   4.8694315810  0.1038744167 -0.1968303469  1.0000000000 -0.1819243509 -0.2109716122  1.0000000000
 -9.2931030974   5.7315568696   1.3795845295 -10.3359343808   4.6575035101   5.0845351870  0.1123260026  0.0013710802  1.0000000000 -0.0186097911 -0.2305914516  1.0000000000
-10.4019833136   7.4305924352   1.2362030519 -10.8473587376   4.8969589630   5.2115525803  0.0082242027  0.2564465988  1.0000000000 -0.0830526441 -0.1456227053  1.0000000000
-11.3793516636   5.0945545667   3.1573339040  -8.8936512799   8.2626461179   3.3556495268 -0.1529559808 -0.1135086419  1.0000000000  0.1800413595  0.2002102253  1.0000000000
 -9.4714681795   8.2705201159   3.4808499534 -10.0175097940   6.2308612768   4.8027501909  0.1195285753  0.1876795252  1.0000000000  0.0449132982 -0.0544826735  1.0000000000
-10.2017034886   8.4359482307   4.3612923901  -9.7921584718   7.7881847350   3.4027561460 0.0616399332 0.2066069122 1.0000000000 0.0884193491 0.2023502318 1.0000000000
