875.1000000000
50
2.5057080896 3.6542943876 0.2580815632 -0.0940664898 -0.1740257883  1.0000000000
4.2239847316 4.8252003682 1.8724488260 -0.1532993246  0.1099273648  1.0000000000
 3.8617172651  2.1051796108 -1.3088347418  0.1902837044 -0.2791071567  1.0000000000
4.4736085630 5.8439970750 0.8071112413 -0.1119203268  0.2222969802  1.0000000000
4.5822460858 3.4790226978 1.7912398969 -0.1115609917  0.0437011748  1.0000000000
 4.9709777647  5.5517935462 -1.6887886997 0.2568725674 0.1560507103 1.0000000000
 2.2053181330  3.6162252343 -0.1161565167 -0.1227318629 -0.2428438463  1.0000000000
 2.4792607540  5.2224683949 -0.2692685912 -0.1190179882 -0.0836829820  1.0000000000
1.8309312657 4.6341773101 0.7503456020 -0.2742752281 -0.1169207709  1.0000000000
 4.1768063659  5.2982945725 -0.2054053268 0.0101199999 0.1097000279 1.0000000000
4.1658789292 6.0674683592 1.7992496761 -0.2062844020  0.2369260143  1.0000000000
 2.0655321947  3.8152697979 -0.8114444505 -0.0526184959 -0.2653343393  1.0000000000
3.4710164392 6.5983670290 1.2111125828 -0.2575410515  0.2330958375  1.0000000000
 2.6488139037  4.2489083960 -1.5402922364  0.0662579000 -0.1939560058  1.0000000000
 5.1706327934  3.1736818467 -1.1617038943  0.2177284237 -0.0163372555  1.0000000000
 4.0946520322  3.4894036507 -1.3795141479  0.1629292545 -0.1147830574  1.0000000000
 5.2331190539  4.0271640954 -1.2745645185 0.2475405751 0.0333611617 1.0000000000
5.1488241399 4.4326165245 2.1316994187 -0.1107950933  0.1663005321  1.0000000000
3.6843882130 6.3906430732 0.3446358404 -0.1487053170  0.2045865593  1.0000000000
4.1424709254 2.8948228679 0.7796466366 -0.0475543886 -0.0920220829  1.0000000000
 4.6554963837  2.8744497257 -0.1070488063  0.1008714074 -0.0472348367  1.0000000000
4.4652869712 4.4809007231 2.2816274676 -0.1656127433  0.0668109552  1.0000000000
4.5925868174 4.6804711533 1.6195250274 -0.1595363546  0.1248625989  1.0000000000
4.1986179571 2.9313113540 1.1713786435 -0.0662480603 -0.0672805703  1.0000000000
 2.9232445998  4.2260432508 -0.3069276345 -0.0109130765 -0.1292420909  1.0000000000
 4.3132198737  2.3550757488 -1.7401561172  0.2503321404 -0.2258008435  1.0000000000
 1.8287819093  3.8329641766 -0.7603579957 -0.0727964938 -0.3368073738  1.0000000000
 5.0401280010  1.7727518943 -0.1366357595  0.0957672740 -0.1258899566  1.0000000000
4.9667414550 3.0171696569 0.2375137334  0.0783109239 -0.0215438473  1.0000000000
 4.8581511022  5.9385512493 -1.1478968809 0.1570539111 0.2474431166 1.0000000000
4.1989646300 4.3168877983 0.0213189733 0.0037752264 0.0161150322 1.0000000000
3.2367257992 5.4710003611 0.4019682161 -0.1482652934  0.0533093143  1.0000000000
 7.0234509775  3.3306126769 -0.1594342548 0.2032735684 0.1442191437 1.0000000000
 3.2289334660  3.5006452972 -1.1119367320  0.1101955033 -0.1778571810  1.0000000000
4.4708698876 4.0240488375 0.4365772031 -0.0061056960  0.0295109474  1.0000000000
 5.1728891113  3.4693430380 -0.1614808976 0.1335446383 0.0162415106 1.0000000000
5.1006937927 4.9030887124 1.6777811318 -0.1355550111  0.1960835235  1.0000000000
5.2385458694 3.6682907069 1.5930362058 -0.0340141002  0.0892621067  1.0000000000
3.0172442306 4.1478927815 0.1777932283 -0.0883487561 -0.1124611145  1.0000000000
1.5233350061 3.9154869707 0.2929818381 -0.2493786162 -0.2822511430  1.0000000000
4.1401515937 3.8310388197 1.6245441070 -0.1230346837 -0.0299095710  1.0000000000
 4.8749557004  5.0515137304 -0.4670986357 0.0868327618 0.1343250519 1.0000000000
 4.8429933145  5.3081443709 -1.4921400656 0.2188508358 0.1366804425 1.0000000000
 4.0883236100  3.9026255319 -1.2939714366  0.1444002236 -0.0625324654  1.0000000000
4.8938707520 4.4804279385 2.6149803810 -0.1534060892  0.1327884064  1.0000000000
 4.4775513838  4.3281823323 -0.5564835824  0.1048640791 -0.0206220346  1.0000000000
4.2054134887 5.6626947420 0.4405579930 -0.0751124030  0.1547065043  1.0000000000
3.2501345578 2.3561138122 2.3311855222 -0.2166627538 -0.1440972315  1.0000000000
 4.6591876453  4.1512908421 -1.7640795931  0.2357555917 -0.0276379795  1.0000000000
3.5369918477 4.9689854033 0.5095168970 -0.1023767640  0.0478974940  1.0000000000
50
 5.6550528528  4.5623653077 -0.8404153816  3.6137408558  4.4664363166 -0.9550907961  0.1928571887  0.1606368790  1.0000000000  0.0269081166 -0.0304622301  1.0000000000
3.2513210925 3.3332076882 0.5087796952 6.3881839105 4.7655303901 0.4153314085 -0.0674651690 -0.1551731924  1.0000000000  0.0810643617  0.2210901698  1.0000000000
 2.1435525726  4.0482319503 -1.4501219188  4.6239433451  4.0698784903  2.5278404059  0.0304647038 -0.3025106163  1.0000000000 -0.2233183271  0.0740342405  1.0000000000
 3.3883652474  2.9517691668 -1.9955269677  2.1816649429  3.0925734247  1.3205689328  0.2135125192 -0.3041389253  1.0000000000 -0.2028297248 -0.1725958858  1.0000000000
5.5875855978 5.3643533404 0.6016290236 3.2845804224 2.9455193643 1.9057252176  0.0401856514  0.2468038755  1.0000000000 -0.2122505262 -0.0877032644  1.0000000000
 4.8208539155  5.3256891895 -1.6030205893  5.8074958963  4.2688991695  2.3795678607  0.2665874330  0.1375098980  1.0000000000 -0.0689624685  0.1787806361  1.0000000000
4.3139542897 3.8121534044 0.3295512286 4.2015702626 2.1164203600 0.7837344169  0.0110983302  0.0007745820  1.0000000000  0.0493167377 -0.0975294371  1.0000000000
 3.7542922659  2.9287793395 -0.0768919674  1.8285491785  4.1464394042 -0.3149674999 -0.0062765553 -0.1348750488  1.0000000000 -0.0940961431 -0.2456958296  1.0000000000
 2.7983325981  4.7434855683 -0.0134841141  4.1514717305  6.6501292423  0.0390186355 -0.1251825286 -0.0665905078  1.0000000000 -0.1046620163  0.2690580497  1.0000000000
 2.9444626560  5.2408219907 -0.2821318645  4.0394936956  3.1352386440 -0.1321192353 -0.0903543646 -0.0379718350  1.0000000000  0.0486394326 -0.1415766253  1.0000000000
3.9285227626 3.5886411016 1.0554079864 3.4097707276 4.0277241206 0.9171574675 -0.0754204469 -0.0462578135  1.0000000000 -0.1481640892 -0.0561792898  1.0000000000
 6.5180300474  4.5756718565  0.4881469868  5.6266460432  5.5033691296 -1.3450534937 0.1045157607 0.2337453916 1.0000000000 0.2702366718 0.2336356038 1.0000000000
3.8028635189 3.8864571246 1.8671109231 3.3807140754 5.3563702132 0.6581111207 -0.1918418517  0.0070198499  1.0000000000 -0.1411183886  0.0568102833  1.0000000000
5.2148265862 4.8880217741 0.1775689965 5.8212745333 4.3686425470 1.0380491006 0.0210939086 0.1700057017 1.0000000000 0.0428116876 0.1912345597 1.0000000000
 5.7552828119  5.8878280511 -1.8509718105  3.7857608729  4.5752005697  0.7633227425  0.2988160508  0.2771968228  1.0000000000 -0.1542141177  0.0153718721  1.0000000000
 2.9783328889  4.3418152432 -1.8305202948  3.6259633655  5.6190965461  1.2096679326  0.1638758090 -0.1832172247  1.0000000000 -0.2416062962  0.1032218761  1.0000000000
 3.4387648365  4.3641734402  1.5185381897  5.4589818943  4.9525240446 -1.7771678360 -0.1662699360  0.0267128133  1.0000000000  0.2915864826  0.1491603631  1.0000000000
 3.3966536774  4.9243077408 -0.6904736012  3.4412451591  5.7712225157  0.9750308721 -0.0203682531 -0.0062087033  1.0000000000 -0.2418331623  0.1168735934  1.0000000000
 4.3130713617  3.0538395053 -1.6630724477  2.5737178265  3.6958427493 -2.4103483346  0.2632099363 -0.1545577820  1.0000000000  0.2161688442 -0.3045316304  1.0000000000
 3.8663654301  2.7526722469 -1.0263105512  4.0475657755  4.5130697421  0.7883595468  0.1422812998 -0.1597601038  1.0000000000 -0.0548992083  0.0410498595  1.0000000000
5.1808430908 3.6493342108 0.6942166137 4.8326883568 5.6241783539 1.1416842838  0.0438706914  0.0298245720  1.0000000000 -0.0978609809  0.2524868805  1.0000000000
 4.9560569780  3.5749377441 -0.6806913814  5.2440246060  4.3091325093  0.5559363044  0.1537544865 -0.0306944197  1.0000000000  0.0167635288  0.0984648246  1.0000000000
 4.4221164077  5.2687670136  2.3615612883  2.9744806260  3.7316564553 -1.8051156056 -0.2295946002  0.1988503565  1.0000000000  0.1418985493 -0.2264419237  1.0000000000
 4.8404477614  4.4534376820 -1.8754419051  4.7088210148  4.6448370563 -2.0824934302  0.2961564683  0.0175732005  1.0000000000  0.2979348498 -0.0365040031  1.0000000000
3.1473016158 2.0136034834 1.9681479927 5.2539900312 3.5119893351 0.0117423881 -0.2052454003 -0.1938137277  1.0000000000  0.0929230723  0.0352684055  1.0000000000
 2.3902351835  5.0498622438 -0.5121843469  4.5795600690  5.0370731021  1.3175443141 -0.1041199294 -0.1016324217  1.0000000000 -0.0955298727  0.0970967253  1.0000000000
 5.0731181920  2.5908430725 -0.0207425108  3.1345766637  2.4238675222  0.0145463950  0.1101499414 -0.1101856144  1.0000000000 -0.0543701309 -0.2358805622  1.0000000000
 3.5971085631  5.6011865554 -0.0302950640  4.2031358427  5.8542418444 -0.2885110334 -0.0738517810  0.1694174306  1.0000000000 -0.0021091436  0.1592169849  1.0000000000
2.7005142480 2.2192795106 2.0341725079 4.2518071037 2.2722998538 0.3233831771 -0.2138617040 -0.2126708177  1.0000000000  0.0607806951 -0.1613954800  1.0000000000
 4.2060452416  2.1800262678 -0.0018515236  5.3191374386  4.3685059216  2.2895107247  0.0565622791 -0.1339854665  1.0000000000 -0.0552049977  0.1119719074  1.0000000000
5.4732162429 4.9036320329 0.5505342249 4.4904272675 3.0197308675 1.4426161884  0.0265498884  0.2005656746  1.0000000000 -0.0984542113 -0.0185389375  1.0000000000
 3.3109863226  4.1655342879 -1.5623680643  6.4724598669  3.9989223577  0.5746070669  0.1471469534 -0.1383388223  1.0000000000  0.1239950723  0.1472184700  1.0000000000
 2.3867393753  3.3023773486 -0.3368757396  3.0221498147  3.0340519010  1.2342330591 -0.0187319216 -0.2283493855  1.0000000000 -0.1447662056 -0.1420863992  1.0000000000
 1.6613191220  4.0546655743 -0.1758640071  4.3005167490  6.1923639579  0.0168626179 -0.1721569794 -0.2423097699  1.0000000000 -0.0551347378  0.2330203832  1.0000000000
5.2471178926 3.9645224953 0.5923762638 3.9034225834 4.7648882558 0.1137584692  0.0088701672  0.0455892874  1.0000000000 -0.0407296334  0.0554195735  1.0000000000
 2.9391271606  3.1876024972  0.5341015847  2.6434260922  3.6881828910 -1.9995036548 -0.0762690283 -0.1297725308  1.0000000000  0.1747187150 -0.2881794028  1.0000000000
 4.2652372298  2.9484274546 -1.9899734261  3.0295835561  3.4676623314 -2.4203094913  0.2648229573 -0.1518958774  1.0000000000  0.2840453525 -0.2602166917  1.0000000000
 5.4361045435  2.4944347571 -0.6239915056  1.4933104730  3.9858131806  0.2931435662  0.1607997221 -0.0320329260  1.0000000000 -0.2039057017 -0.2783290368  1.0000000000
2.3197700381 3.8724075983 0.6109852963 2.8680837630 3.8863359949 1.5616847753 -0.1806471088 -0.1894465799  1.0000000000 -0.2788599470 -0.0966088405  1.0000000000
4.4201153989 1.3757631841 0.0082447369 3.4532000928 3.9719156234 0.6988719977  0.0960686851 -0.1567428309  1.0000000000 -0.0679360625 -0.0299564894  1.0000000000
 6.0493595132  4.2913060128  1.6193750158  4.8677948455  6.3081849966 -0.0447409319 0.0200908624 0.2069966026 1.0000000000 0.0475128955 0.2805433905 1.0000000000
5.1592845583 2.5184409456 0.4080379112 5.4837936131 2.7762479980 0.3271244829  0.0732904807 -0.0562024188  1.0000000000  0.1214457304 -0.0153948860  1.0000000000
3.3430403398 3.1853495872 1.8632280796 3.7465614044 3.9320550926 1.6867343039 -0.2127823273 -0.0923213118  1.0000000000 -0.1834819757  0.0046930713  1.0000000000
5.2646343161 4.5504822633 1.6452950188 5.1217282282 2.5854946215 0.4993422607 -0.0949345621  0.1657917897  1.0000000000  0.0469140722 -0.0560709409  1.0000000000
5.1546726749 2.3282105951 0.3808879336 4.5210510352 5.1191318163 2.1508580060  0.0597289803 -0.0629055042  1.0000000000 -0.2174727916  0.2016475590  1.0000000000
 6.8913613231  3.2186524628 -0.2829253292  6.2294679437  5.2662324749 -1.3450535276 0.2015731810 0.0908571693 1.0000000000 0.2619000231 0.2418321735 1.0000000000
 5.6479287326  4.3626742365  1.5718224033  5.7719824553  4.5031473476 -0.8324582104 -0.0463299617  0.1917758307  1.0000000000  0.2028263837  0.1611347213  1.0000000000
 3.0294285037  5.3195463727  0.5342080641  3.4253354267  3.7228233326 -1.1550405818 -0.1325409324  0.0496778706  1.0000000000  0.1103944672 -0.1592136436  1.0000000000
 5.3609744030  5.7423968536  0.3333243719  6.6431240608  4.3013689124 -0.3675828798 0.0150641073 0.2434743093 1.0000000000 0.1802771449 0.1791815809 1.0000000000
4.3179382145 5.7291269802 0.8125445065 2.4114785613 5.7169731630 0.2209122282 -0.0738748872  0.1882529055  1.0000000000 -0.2084589240  0.0315033718  1.0000000000
