498.3000000000
50
 1.7446207947 -5.1967444187 -5.2004322644  0.0165338630 -0.1922635094  1.0000000000
 1.0739258103 -5.4182962040 -3.6508119470 -0.2155744815 -0.1111101618  1.0000000000
 0.7794726023 -1.9309054285 -5.9362826021 0.2620792960 0.2012614950 1.0000000000
 0.6986969687 -2.6948313962 -4.5108904716 0.0245875607 0.2350324939 1.0000000000
 2.1913667407 -3.4401430660 -6.5361123691  0.2414534958 -0.0658565902  1.0000000000
 1.4913852611 -2.5039491034 -4.5341140446 0.0378328166 0.1524104098 1.0000000000
 2.0747374491 -2.1318758554 -3.2761612462 -0.0582662535  0.1778167526  1.0000000000
 0.6606779486 -2.3917280698 -6.1740963672 0.2799145923 0.1647131290 1.0000000000
 3.6555471479 -5.0679767131 -3.0799856333 -0.1668365451 -0.1120996100  1.0000000000
 0.0634393276 -3.2251650125 -5.4934690325 0.1123616783 0.1859579188 1.0000000000
 1.1980538863 -5.6563575270 -3.7572150151 -0.2096945641 -0.1804107926  1.0000000000
 2.3227675283 -4.4904482836 -4.5875106588 -0.0697921251 -0.0979122992  1.0000000000
 2.2883396128 -4.4947135638 -5.6836444803  0.1037895780 -0.0750392522  1.0000000000
 0.7004137751 -3.8053598362 -2.6949738423 -0.2308253048  0.1314825988  1.0000000000
 2.4361065727 -2.9175443961 -3.5562259080 -0.0541047628  0.1283186893  1.0000000000
 2.7223629828 -3.9370382987 -6.0424676962  0.1254860057 -0.0815848662  1.0000000000
 1.8302535499 -3.5326096880 -3.9497783866 -0.0568089532  0.0871572498  1.0000000000
 1.1571797656 -4.3400549951 -3.3340916283 -0.1929562040  0.0309549466  1.0000000000
 1.8133642987 -3.5422299218 -4.0018679772 -0.0407223143  0.1006103245  1.0000000000
 1.3084376591 -5.1203351486 -4.2758174740 -0.0886114120 -0.1276001824  1.0000000000
 2.0427312201 -4.3771803541 -4.2540525838 -0.0590290481 -0.0462025620  1.0000000000
 2.6780979908 -2.1159355388 -4.3962304489 0.0405571228 0.1388138662 1.0000000000
 0.1657797395 -4.8552950402 -3.8634395339 -0.2109191429  0.0002615158  1.0000000000
 3.1791202158 -3.1930468247 -4.9134590577  0.0687099203 -0.0145833056  1.0000000000
 1.8366495435 -1.8700615017 -6.0913106167 0.2375715315 0.1610363765 1.0000000000
 3.0724980863 -2.4512146495 -5.1597315735 0.1112771758 0.0372687466 1.0000000000
 0.9602548122 -2.2789988438 -3.6496172376 -0.0327563099  0.2749894154  1.0000000000
 0.9283077933 -5.1523313077 -7.1813640059  0.2667549034 -0.2490577688  1.0000000000
 2.3452763569 -4.0071392908 -3.8565403505 -0.0720930644 -0.0421024188  1.0000000000
 3.2921036502 -1.9030826107 -5.2915923914 0.1322664186 0.0879104346 1.0000000000
 1.7177401296 -5.9760303742 -4.0179042355 -0.2000330394 -0.2352624055  1.0000000000
 0.3733131032 -3.3339233256 -5.4113258767 0.0952361058 0.1102617974 1.0000000000
 1.8665458743 -2.3756881726 -4.1438034064 -0.0196325546  0.1689576661  1.0000000000
 0.5960875725 -4.1605865008 -5.3286567937  0.0510080334 -0.0272625809  1.0000000000
 3.5618269778 -3.3663928458 -3.9297344795 -0.0522620398  0.0085409343  1.0000000000
 2.9052961408 -3.8310916585 -6.6228720116  0.2423536820 -0.1039757185  1.0000000000
 2.2775839141 -2.7523179789 -5.6565379675 0.1636657029 0.0354419413 1.0000000000
 2.5631680457 -3.6295482605 -3.6932920485 -0.0738257705 -0.0028266603  1.0000000000
 0.1893616650 -3.2046518306 -3.9495352746 -0.0925326784  0.1908070487  1.0000000000
 3.4379220904 -1.8655058715 -5.7942332115 0.1847767260 0.0894030389 1.0000000000
-0.1440526196 -2.6089022478 -6.2859526710 0.2918766995 0.1755548568 1.0000000000
 2.6057240181 -3.8721285001 -3.5455169758 -0.1213706147  0.0626791132  1.0000000000
 2.9111092966 -5.5934870566 -4.8294023162 -0.0731149026 -0.2560016171  1.0000000000
 0.0295826414 -4.7221329823 -3.3262466143 -0.2448529799  0.0673154302  1.0000000000
 1.2817975676 -2.4507986822 -2.8933397958 -0.1630922302  0.2332747335  1.0000000000
 2.2505601645 -2.2666422750 -2.5626558846 -0.1377368599  0.1465362357  1.0000000000
 1.4248685943 -2.4568433199 -5.4189672351 0.1708721518 0.1261239860 1.0000000000
 0.6472213405 -6.0259123388 -5.2611394745 -0.0307197977 -0.2455937600  1.0000000000
 3.1303802297 -4.1750878898 -3.0694396145 -0.1503282083 -0.0188055201  1.0000000000
 2.1594274305 -4.3531709482 -4.1575057103 -0.0931807412 -0.0418090777  1.0000000000
50
 1.3100844848 -4.9133165562 -4.7492097761  1.3062174276 -3.2728158653 -6.2791103119 -0.0587324134 -0.0497972987  1.0000000000  0.2212878540  0.0206010497  1.0000000000
-0.2821048745 -2.2110038867 -6.0727084901  3.1309702380 -5.4264389493 -5.0571503673  0.2775196531  0.2824150886  1.0000000000 -0.0014276542 -0.2284800819  1.0000000000
 3.1624652740 -4.6811998636 -4.7064799110  1.3699029964 -4.7285574260 -4.7783297836  0.0023721697 -0.1200028887  1.0000000000 -0.0258020287 -0.0841731335  1.0000000000
 1.0169079282 -6.0345925932 -4.4111851692  2.1535032980 -3.9403737723 -3.8389431925 -0.1836430637 -0.1982624772  1.0000000000 -0.1126795951  0.0181608813  1.0000000000
 2.1939201073 -2.8806389583 -5.2372140539  0.8772571123 -2.7667560451 -2.7399912369  0.1432253156  0.0528781431  1.0000000000 -0.1908921363  0.2624854539  1.0000000000
 0.4856727736 -5.4124507171 -5.1528410920  1.7126558773 -2.9957640029 -6.4601061292 -0.0571115235 -0.1551260524  1.0000000000  0.2828633165  0.0220690463  1.0000000000
 1.2340541682 -3.0167841545 -6.3363705339  1.4061209580 -4.4154634250 -6.8592074594  0.2245023782  0.0785289342  1.0000000000  0.3093010542 -0.1723646567  1.0000000000
 1.6531776168 -2.4400849634 -2.5403817396  0.8882228548 -5.0657548238 -5.1344308480 -0.1329750453  0.2017992848  1.0000000000  0.0552536649 -0.0652194561  1.0000000000
 2.2623116838 -3.8604690228 -4.9869606755  3.3879118257 -5.6907117617 -3.4296401928  0.0705236103 -0.0410149092  1.0000000000 -0.1738339869 -0.1689454211  1.0000000000
 0.1705778175 -3.5122875637 -5.7337857277  3.5871624905 -4.5014167563 -5.5416942487  0.1249183037  0.1031164237  1.0000000000  0.0929030786 -0.1514616338  1.0000000000
 4.0670064420 -3.9085204226 -6.3201434536  1.0862922031 -3.7933361972 -4.7761439417  0.2081518095 -0.1970392503  1.0000000000  0.0240645526  0.0281688841  1.0000000000
 0.3285847157 -3.2646882422 -3.0033755554  1.3870207865 -5.7423612721 -4.9300238784 -0.1758948840  0.2044365929  1.0000000000 -0.0653225232 -0.1965959680  1.0000000000
 0.0745565363 -3.4455971698 -4.1160130781  0.4114903078 -2.3642340595 -4.8915049528 -0.1078832724  0.1876270644  1.0000000000  0.1061884514  0.2628982890  1.0000000000
 2.4783516420 -4.1195459832 -2.8523408217  1.2700732513 -5.4004802574 -3.6647489436 -0.1634983354 -0.0065693587  1.0000000000 -0.2204772739 -0.1187677841  1.0000000000
 1.7655718169 -4.1100574160 -5.9164648524  1.1010406582 -5.0391453114 -6.8991673062  0.1323415342 -0.1072797165  1.0000000000  0.2550826019 -0.2081312813  1.0000000000
 3.3584637063 -5.7552101472 -3.2213987858  2.8905034367 -3.9086798291 -5.0399380333 -0.2299952304 -0.2074627057  1.0000000000  0.0298037203 -0.0762254704  1.0000000000
 0.5431451977 -3.6855286303 -4.7816933537  0.6604942847 -2.6166609046 -4.8083531710 0.0251349713 0.0779289349 1.0000000000 0.0541838734 0.1711774603 1.0000000000
 3.1892316681 -5.4286440975 -4.6901301551  0.3463414652 -5.4048452234 -4.7944008862 -0.0809862813 -0.1921157772  1.0000000000 -0.1248734180 -0.1194402489  1.0000000000
 3.3185006172 -4.8329666160 -6.3978361674  2.7537344380 -4.7410128268 -3.3419862372  0.1686843200 -0.2388833299  1.0000000000 -0.1491331944 -0.0780544548  1.0000000000
 2.7076992010 -2.7762281852 -4.1200385287  1.7175487303 -2.5606377155 -4.7809801538 0.0327307565 0.0714786083 1.0000000000 0.1012770203 0.1177409398 1.0000000000
 1.6177390924 -3.4503831606 -5.3164680900  1.8571124494 -5.3798288367 -3.2576730247  0.1068671719  0.0234261790  1.0000000000 -0.2428053484 -0.1129319300  1.0000000000
 0.3874368672 -4.2536224353 -5.8082949918  1.6515456522 -2.7322212876 -4.4898167114  0.1436714710 -0.0384736751  1.0000000000  0.0410231235  0.1452866943  1.0000000000
 0.6747362876 -4.3594449738 -5.3384830050  2.2148440011 -3.3865492573 -6.0116086473  0.0599925540 -0.0320766993  1.0000000000  0.1667980708 -0.0151176351  1.0000000000
 3.9758023773 -4.1794174573 -6.1566867889  1.9925287084 -2.8811877580 -2.9296466130  0.1520791945 -0.1681168509  1.0000000000 -0.1190771375  0.1595578057  1.0000000000
 3.0766403590 -2.3981721444 -5.5864194550  1.7479192905 -4.9165721494 -5.7992279470  0.2091625459  0.0724599694  1.0000000000  0.1263812421 -0.2084390253  1.0000000000
 3.1766330467 -3.2402456577 -3.0546524721  2.9015059401 -5.1842841471 -4.9846065622 -0.1114503326  0.0903851852  1.0000000000  0.0082251332 -0.1942203449  1.0000000000
 3.1194582126 -4.2857225153 -6.6088310414  0.9747853111 -3.1093774999 -5.4437637716  0.1884669666 -0.1695771239  1.0000000000  0.1513854508  0.0963534385  1.0000000000
 2.4807181887 -2.7175108410 -2.7084085597  1.8034669195 -4.2428182973 -5.3971051048 -0.1224581013  0.1360537850  1.0000000000  0.0613955780 -0.0565902986  1.0000000000
 1.5142253999 -4.7432198650 -6.1157128887 -0.1420195482 -2.6884027860 -4.7588773889  0.1656289484 -0.1631650020  1.0000000000  0.0361430464  0.2691654774  1.0000000000
 0.5835568445 -3.5769626850 -3.4150601944  1.2231615729 -5.8690982387 -5.0430308103 -0.1624022580  0.1427197890  1.0000000000 -0.0614074919 -0.2315714224  1.0000000000
 3.9884633336 -4.3476534558 -6.7855534277 -0.2784154341 -4.5394653403 -3.4291246133  0.2463485508 -0.2029249659  1.0000000000 -0.2610724441  0.0818731575  1.0000000000
 2.0747566687 -5.0298434910 -3.9146019172  1.6947192381 -3.0564709258 -6.1553330132 -0.1155787466 -0.1477731733  1.0000000000  0.2267093476  0.0491461609  1.0000000000
 0.7757640496 -4.2166390553 -5.9808052137  0.4212166064 -3.5109183383 -2.9887206179  0.1453894717 -0.0371070461  1.0000000000 -0.2173538975  0.1878845374  1.0000000000
 3.9286469002 -5.0010117911 -4.0984820054  2.7261203730 -5.0045683224 -3.9662437131 -0.0519090631 -0.1750868714  1.0000000000 -0.1289709129 -0.1541043815  1.0000000000
 0.5245704182 -4.8519864533 -3.1856577212  0.9888951902 -3.9088800683 -3.1284283015 -0.2811169167  0.0144362400  1.0000000000 -0.1933471777  0.0775169785  1.0000000000
 2.6523541480 -4.0360153775 -3.0885979145  2.8993215680 -3.0339168005 -5.4249393051 -0.1180461586 -0.0165131759  1.0000000000  0.1360398853 -0.0365116671  1.0000000000
 3.5991548297 -5.7543140135 -3.2442127412  0.3293274447 -4.4097258997 -5.6275494698 -0.2378309649 -0.2275353620  1.0000000000  0.0695369703 -0.0696722522  1.0000000000
 3.1407279765 -3.6152913653 -2.4592394726  2.0816594850 -1.7370519595 -5.4480205319 -0.1943379197  0.0499022089  1.0000000000  0.1479532435  0.1980002326  1.0000000000
 2.5757451101 -1.8052301184 -5.7906134798  0.2239341836 -5.0601273524 -3.9474063215  0.2236935239  0.1350472106  1.0000000000 -0.2182082570 -0.0503344287  1.0000000000
 1.0683670461 -3.3115870844 -5.3675571994  1.9089821088 -5.9186399888 -4.8827020891  0.1363112371  0.0391954888  1.0000000000 -0.0913742268 -0.2828731965  1.0000000000
 1.3587169497 -2.4197973383 -5.7288832298  1.9805434515 -3.8141501925 -4.1166199495  0.1334864709  0.1558277008  1.0000000000  0.0012556692 -0.0034616772  1.0000000000
 1.3935271888 -4.6861367181 -4.6020658154  1.6802957595 -3.8433930300 -6.1723814667 -0.0502407481 -0.0496294523  1.0000000000  0.1827770417 -0.0432187288  1.0000000000
 3.8278794069 -3.8671974653 -4.1204179149  0.7396386411 -6.4316446792 -4.9955961515 -0.0686245844 -0.0381797862  1.0000000000 -0.1026070515 -0.3435795749  1.0000000000
 2.6676908526 -2.9842812129 -2.5132465394  2.5979793079 -2.1748979831 -4.1008520432 -0.1201157989  0.0946999948  1.0000000000  0.0021806125  0.1511543519  1.0000000000
 4.0697406124 -4.8943133859 -3.4036914855  2.3840912400 -4.1196441237 -3.4083720653 -0.1489449632 -0.1175796432  1.0000000000 -0.0888310975  0.0835055183  1.0000000000
-0.2786082823 -2.3093741363 -6.4095903366  3.2788845191 -3.4548300554 -4.3780119126  0.3352351654  0.2682343089  1.0000000000  0.0091728380 -0.0035736964  1.0000000000
 0.6301684199 -2.5933441277 -5.9409692828  2.7218200141 -5.1964198954 -4.1088268865  0.2106525323  0.2062238461  1.0000000000 -0.0901604555 -0.1998793087  1.0000000000
 2.2971069560 -4.9901675301 -5.5711505531  3.8130494450 -4.3936416988 -5.1951469292  0.0646254618 -0.2073247231  1.0000000000  0.0812606336 -0.1349411747  1.0000000000
 1.3100406093 -6.0461168935 -5.1465739988  0.2998324031 -3.2510460361 -3.4687999003 -0.0614219411 -0.2638019413  1.0000000000 -0.1466157287  0.2071680838  1.0000000000
 2.3182855000 -2.3805980468 -3.5144668016  3.6566054965 -2.6369006351 -5.5115370763 -0.0725848514  0.1617481145  1.0000000000  0.1505290981  0.0427478046  1.0000000000
