737.6000000000
50
  6.9593170164 -15.1596821587  12.1340171817 -0.1880711068  0.1778074253  1.0000000000
  6.0416763228 -12.9925189282  11.1743346062 -0.2025019337  0.0235776275  1.0000000000
  6.2815647243 -13.9873565672  11.3017079372 -0.1682764202  0.1626765612  1.0000000000
  3.3487483477 -12.3368792494  13.8134684173  0.1684696883 -0.2286389114  1.0000000000
  6.1585133554 -13.3615432209  12.2604234357 -0.1894692384 -0.0231678281  1.0000000000
  7.0789302370 -14.8706684134  11.5111815009 -0.2379991251  0.2292890034  1.0000000000
  3.9014936834 -12.5657847272  13.2175616212  0.0947304604 -0.1714691305  1.0000000000
  4.0594304787 -13.3145160178  10.9434163212 0.1147446114 0.0346145878 1.0000000000
  3.2662927998 -13.3983540329  12.9932967778  0.2066434979 -0.0760451940  1.0000000000
  4.8409318015 -12.3815089129  10.6660531247 -0.0277165147 -0.0288011317  1.0000000000
  5.1559615950 -12.4028358336  10.3082927032 -0.0393444934  0.0084611384  1.0000000000
  6.1376367462 -14.0727390841  11.8847690410 -0.1160469241  0.0556468826  1.0000000000
  4.7209064082 -14.4205876617  10.9078642059 0.0501511154 0.2424925289 1.0000000000
  6.5730481682 -13.5669648019  11.1578050255 -0.2123370594  0.1084085873  1.0000000000
  4.1732324707 -15.7596518617  12.7345045080 0.1295850721 0.1457675051 1.0000000000
  5.6145015245 -15.4417303484  12.4993601929 -0.0439096095  0.1735442612  1.0000000000
  6.1336490656 -12.5183471506  10.1955131213 -0.2367829861  0.0699816726  1.0000000000
  3.8426855430 -13.1544352407  13.1780379044  0.1295427390 -0.0965643215  1.0000000000
  6.2788762362 -10.9265901575  10.9770280918 -0.2774010313 -0.2246055874  1.0000000000
  4.1380210072 -13.8621025257  11.8959306649 0.0899095250 0.0336861418 1.0000000000
  3.5771261666 -14.1812988208   9.6700679169 0.2273462983 0.2777598053 1.0000000000
  3.4232603694 -13.0451404560  13.7982616701  0.1842910172 -0.1497809531  1.0000000000
  5.0342484951 -14.3934364710  12.1126635057 0.0114049676 0.0728229918 1.0000000000
  3.2371755739 -14.3613223394  11.1515051411 0.2281464428 0.1238720450 1.0000000000
  5.2750243311 -13.0114243437  11.1276938933 -0.1052595135  0.0199996158  1.0000000000
  5.5790477507 -14.1704103115   9.9367300386 -0.1118126433  0.3005713194  1.0000000000
  5.8241604503 -12.3976576722  13.8986725312 -0.0754270450 -0.2042343392  1.0000000000
  5.4222890426 -13.5087023430   9.9125407284 -0.0660302023  0.2171435828  1.0000000000
  6.6971345274 -13.7163715661  10.4314402813 -0.2552327312  0.2118237714  1.0000000000
  6.7304804166 -13.9694520199  13.1767860781 -0.1397712638  0.0021411719  1.0000000000
  4.5023241377 -13.6258202077  13.5983778890  0.0641185691 -0.0617454624  1.0000000000
  3.5787860763 -11.5070074479  11.1108243706  0.1682226725 -0.1769867674  1.0000000000
  5.0266676273 -14.5165131433  12.4427207501 0.0191026659 0.0489174147 1.0000000000
  6.0899832338 -13.5857630317  11.8160104898 -0.0750287364  0.0959727714  1.0000000000
  4.3940301397 -14.2109009346   9.7172877394 0.0611632787 0.2757075290 1.0000000000
  2.8349426108 -12.1147747882  11.1913361990  0.2633730957 -0.0957335074  1.0000000000
  6.0723364328 -12.5355117521  10.7771234469 -0.1879714633  0.0370107515  1.0000000000
  2.8488227882 -13.9193821749   9.7767232413 0.3107760873 0.2570157805 1.0000000000
  6.8318386630 -15.1286354624  12.3649549013 -0.1817933120  0.1875985446  1.0000000000
  5.3802181759 -14.6903953743  10.7384924468 -0.0572553882  0.2461640877  1.0000000000
  5.7168676895 -14.0652555307  12.7081052145 -0.0364820570  0.0507499027  1.0000000000
  5.5518393323 -11.3579908604  10.6268821378 -0.1768724683 -0.1333441882  1.0000000000
  6.0478949240 -14.5523209203  11.9338528798 -0.1339874496  0.1389850590  1.0000000000
  6.3233447936 -10.9205522631  12.3155463148 -0.2131676737 -0.2168081884  1.0000000000
  4.4105904362 -13.3335248882  11.1218301576 0.0882019133 0.0669023074 1.0000000000
  4.0376808033 -13.7675847528  12.3526322223 0.1120913048 0.0200592980 1.0000000000
  3.3732079536 -13.3664012961  10.5521089324 0.2146061146 0.1086617754 1.0000000000
  6.3931415871 -12.4146915222   9.9510970743 -0.2973023943  0.1045213793  1.0000000000
  6.8078797634 -14.6128959448  12.7951365379 -0.1766002213  0.1159618111  1.0000000000
  2.9634481619 -13.2367390223  14.2324543389  0.2094385616 -0.1777947319  1.0000000000
50
  4.7388315356 -13.0018339766  11.8218335086   3.5354680635 -13.4942320531  10.7753312209  0.0327525935 -0.0423693112  1.0000000000  0.1650849472  0.0866482548  1.0000000000
  4.4020616576 -14.2105168713  10.1951036427   4.8214076341 -15.7507972194  12.5347241498 0.0468322343 0.2365872579 1.0000000000 0.0495337622 0.1992402481 1.0000000000
  5.7224460562 -12.7047280247  11.0609466424   3.7028842691 -12.7977180639  12.8740115813 -0.1200998232  0.0621113024  1.0000000000  0.1060769373 -0.1162055435  1.0000000000
  4.6995984992 -11.1994460519  11.8519927954   6.2402452074 -11.3844216278  12.2184671508 -0.0476541636 -0.2572813205  1.0000000000 -0.2095803939 -0.2259069284  1.0000000000
  3.4267208183 -12.2673355229  12.3303266558   2.8420419034 -12.1746074593  12.1455766416  0.1508288471 -0.1769046891  1.0000000000  0.2711118537 -0.1505880230  1.0000000000
  5.1083984530 -13.0380482569  10.7562270154   6.8369660869 -14.5919220011  11.8688944652 -0.0563856219  0.0645305231  1.0000000000 -0.2120628027  0.1523121420  1.0000000000
  2.7312511074 -12.2934770654  13.0743326340   2.6787758782 -11.2582394316  11.8752923865  0.2513746806 -0.1984331624  1.0000000000  0.2535877904 -0.3117539511  1.0000000000
  5.0385481846 -13.1003580398  13.2599702522   4.5015934610 -15.7416246051  12.8586409664 -0.0331211449 -0.0633578271  1.0000000000  0.1035281255  0.2140317710  1.0000000000
  3.6628793038 -12.6584706096  13.7629295331   3.0372615931 -12.8056633157  11.0768367328  0.0986945561 -0.1778377083  1.0000000000  0.2402965467 -0.0238799005  1.0000000000
  6.4093385388 -13.6778543533  10.2369318604   5.2211476801 -11.1317677068  11.0402065532 -0.2158391796  0.1973586611  1.0000000000 -0.1496251922 -0.2057869893  1.0000000000
  3.4710927491 -14.2725182689  13.8720415082   3.5458489453 -12.0125554344  12.3615011398  0.2013528586 -0.0548221773  1.0000000000  0.1400738723 -0.1787577582  1.0000000000
  3.5079903039 -13.9793968373  11.4618304662   3.4641221401 -14.4383921342  11.1021102555 0.1899636509 0.1191075178 1.0000000000 0.1992890590 0.1777684888 1.0000000000
  6.0490828489 -12.9721723439  11.1705185820   6.7592495347 -13.8124936033  12.6906958293 -0.1263570914  0.0448571563  1.0000000000 -0.1856982116  0.0341884512  1.0000000000
  6.0722309038 -12.4669096934  12.2273277079   4.1954713228 -12.9886856358  11.2174408249 -0.1597880576 -0.0590396417  1.0000000000  0.1129225728  0.0062891418  1.0000000000
  4.7862370221 -13.5180626386  10.2971878775   4.1326347946 -14.0162709633  10.5694930165 0.0059071265 0.1463396065 1.0000000000 0.1050975817 0.1819951607 1.0000000000
  6.5875718656 -14.1032540368  11.4090697663   5.6528925594 -11.9217859716  12.4542902137 -0.1707429761  0.1543732171  1.0000000000 -0.0831342092 -0.1642242334  1.0000000000
  3.0625091223 -13.3858179109  10.8856377584   3.3910583237 -10.9748211603  11.5410054449  0.2987472975  0.0342514479  1.0000000000  0.1839147538 -0.3153019323  1.0000000000
  5.7364966925 -13.5988575137  13.6282431587   2.8618247142 -11.6462696533  11.3965066207 -0.0780002665 -0.0164672737  1.0000000000  0.2668919582 -0.2265399900  1.0000000000
  5.7476786906 -12.9599244428  10.3437446732   3.9347746192 -14.6197535608  10.4064622497 -0.1317549133  0.0888639898  1.0000000000  0.1448991583  0.2571225019  1.0000000000
  4.8098150003 -12.9847426541  14.1931105133   5.3274933676 -12.7297759201  11.8260069591  0.0180564108 -0.1542209624  1.0000000000 -0.0496675420  0.0041470833  1.0000000000
  6.1721722609 -13.7958306712   9.4860518937   5.2679757581 -12.3218053673  10.9818061533 -0.1898959028  0.3101096914  1.0000000000 -0.0872479378 -0.0682844330  1.0000000000
  3.1106602007 -14.0066262378  11.4779238357   2.9601753571 -14.0660740228  11.0613554926 0.2277393804 0.1040115703 1.0000000000 0.2617308155 0.1555816558 1.0000000000
  5.2068001966 -12.8253024523  10.1389483796   4.7567954177 -13.9306748360  11.0381747322 -0.0535937803  0.1473335171  1.0000000000 -0.0052480811  0.1431855697  1.0000000000
  6.0226945025 -13.9938591092  10.2529273347   5.9700434729 -12.1269808769  12.4720668413 -0.1494528933  0.2089042326  1.0000000000 -0.1695715671 -0.1153065378  1.0000000000
  5.2167894658 -11.5031621937  11.8002160635   4.0926963691 -14.3061727553  12.7776040847 -0.0806227417 -0.2039807942  1.0000000000  0.0735795261  0.0719370900  1.0000000000
  3.8079565995 -13.2773690813  10.3476628311   6.1629246298 -13.8084440848  10.2913547801  0.1682945037  0.0890769322  1.0000000000 -0.1460973889  0.2107428387  1.0000000000
  3.4664621962 -13.0528933375  12.7867196526   4.6510357269 -13.8784814413  11.7874268825  0.1857755986 -0.1017254083  1.0000000000  0.0477390916  0.0819566894  1.0000000000
  5.9964929891 -13.8244507347  11.4479205448   2.9326882546 -13.0561740426  14.1326239000 -0.1250170886  0.1088222900  1.0000000000  0.2164992960 -0.1595323551  1.0000000000
  3.1036932617 -12.9617978818  11.9146791997   6.5021642607 -14.5141472826  11.3247113766  0.2000451978 -0.0623394814  1.0000000000 -0.1407526861  0.2039448607  1.0000000000
  5.5996442757 -12.4900432264  13.5231025309   3.2499969681 -14.1278118866   9.7084239187 -0.0832728982 -0.1441054128  1.0000000000  0.2622358335  0.2854991387  1.0000000000
  4.5070084256 -12.4643945592  13.9740928596   4.9465693011 -12.6978791047  12.4117774131  0.0301270512 -0.1578597392  1.0000000000 -0.0510668033 -0.0595665747  1.0000000000
  4.1419975034 -15.2559668291  11.7790650139   5.1975597231 -13.0939745293  12.1006140334  0.1387957814  0.2167066148  1.0000000000 -0.0562337272 -0.0220574419  1.0000000000
  6.2678042659 -13.6987927299   9.4641529505   5.9049534491 -13.7701291478  10.5502587445 -0.2021931212  0.2563567573  1.0000000000 -0.1208614468  0.2172707834  1.0000000000
  4.0645764439 -11.9689073882  11.9096268103   4.6927961234 -13.6747709837  10.2911539955  0.0686920991 -0.1272560816  1.0000000000  0.0418491803  0.1996674906  1.0000000000
  4.0531716408 -13.2555189071  11.2800390692   4.5362035458 -14.0633525536  12.0971786209 0.1152011410 0.0240932782 1.0000000000 0.0505613327 0.0875218225 1.0000000000
  4.1542932867 -13.2294424959  12.1171446340   2.8692209258 -14.3560791875   9.6255174305 0.0736256116 0.0092885500 1.0000000000 0.3073030606 0.3070960035 1.0000000000
  3.3043417697 -14.1786330555  11.7658295282   5.0463018439 -11.6661239465  11.7928274368  0.1998478508  0.0619171431  1.0000000000 -0.0662787260 -0.1514361010  1.0000000000
  5.4626429432 -12.7433460113  12.9447611752   6.3669686333 -13.8974508632  12.6411705924 -0.0755181153 -0.1284665159  1.0000000000 -0.1441604161  0.0500716252  1.0000000000
  5.2009824104 -13.4605079877   9.4687954472   5.9605169611 -11.8922018975  13.2196555327 -0.1066710259  0.2383565709  1.0000000000 -0.1586619928 -0.2279798535  1.0000000000
  3.6039345474 -12.4143472901  11.0484159894   5.2430581065 -12.2563862751  14.0264117847  0.2093121803 -0.0702589459  1.0000000000 -0.0128855430 -0.2205475333  1.0000000000
  3.4719617072 -13.4665206383  11.7402479958   3.3758767864 -12.9961390320  10.4313402615 0.1946310950 0.0489112098 1.0000000000 0.1954033591 0.0855224713 1.0000000000
  4.4203946872 -11.1073405391  11.3169744864   4.3485264994 -14.0122830664  13.8569960535 -0.0070647189 -0.2076339665  1.0000000000  0.1221729290 -0.0665802225  1.0000000000
  2.6956529588 -11.7939717420  12.4910938150   4.8922285078 -14.8010970705  11.8270726881  0.2704860898 -0.2742166172  1.0000000000 -0.0152663676  0.1929865107  1.0000000000
  5.4511497546 -15.0861626136  12.2951581961   4.5698544211 -12.6256202033  10.9642183109 -0.0152586330  0.1545318022  1.0000000000 -0.0084686411 -0.0364775934  1.0000000000
  3.1578732039 -13.7923372500  11.3358589378   2.8038951141 -12.6859457982  10.8364079778  0.2154194584  0.0820969774  1.0000000000  0.2843711088 -0.0814650694  1.0000000000
  5.0871788467 -14.5534323747  11.0832103206   6.5818822736 -14.2083258449  10.2215577551 -0.0021082133  0.1767775181  1.0000000000 -0.2040853104  0.2654188419  1.0000000000
  5.5372414079 -10.8021603063  11.5891588136   4.2936979358 -12.0106216769  13.3702306897 -0.2076020888 -0.2755569790  1.0000000000  0.0295574356 -0.2273477975  1.0000000000
  4.0378563169 -12.5372733003  11.5686127889   4.4710050757 -11.2340184520  12.0781579777  0.0475250602 -0.0329632057  1.0000000000 -0.0383913268 -0.2706727367  1.0000000000
  5.7746465509 -15.0302508566  12.1222507315   3.1066244554 -11.5384026254  12.0345221799 -0.0780368344  0.1590139612  1.0000000000  0.2010828239 -0.2166698425  1.0000000000
  5.0025327400 -13.5707438211  12.8716344413   3.1738561126 -14.1186683519  12.4792017621 -0.0069111496 -0.0192199004  1.0000000000  0.2417510708  0.0196910465  1.0000000000
