212.7000000000
50
-0.9525716180 -2.4295943899 10.4766597822  0.1996247689 -0.1851749470  1.0000000000
-0.4952321083  1.3263440630  9.9065811549 -0.2343646588  0.1149863754  1.0000000000
-0.6537742199 -0.4181758514 11.7624285960 -0.0040024350 -0.0624304094  1.0000000000
-0.9288715471 -0.9710922977  9.9806072562  0.0226990217 -0.0323037111  1.0000000000
 0.2011282299 -0.2673905204  9.4838308221 -0.0306529532  0.1786563912  1.0000000000
-0.7067267673  0.2802912741  8.9546949470 -0.1226358527  0.1349707617  1.0000000000
 0.2418282193 -1.9991934872 11.4605351555  0.1478157602 -0.0379067315  1.0000000000
 1.1271019638 -0.4895895835 10.3729135051 0.0790323003 0.1380734214 1.0000000000
 0.8946305845 -1.3962277936 10.3633695205 0.1411633963 0.0812509165 1.0000000000
-1.1275822938  0.4854736561  9.9506149512 -0.1912835579  0.0587672853  1.0000000000
-0.6723057761 -0.6130438117 11.1528245318 -0.0145875485 -0.0463029408  1.0000000000
-0.5763504076 -1.4818909030 10.2517394431  0.0971981750 -0.0270849909  1.0000000000
 0.0879704057  1.6655551714 10.2606743283 -0.2007491445  0.1986595615  1.0000000000
 0.6111193237 -0.8474824540 12.9310129705  0.0560196894 -0.0231055545  1.0000000000
 2.0541412213 -1.0275427895 11.2308160165 0.1502822795 0.1653407266 1.0000000000
-2.1338417109  0.0159131854 11.7958164092 -0.1544214167 -0.2174793558  1.0000000000
 1.3464336011  1.5098230601 11.1725949812 -0.1102368465  0.2091918659  1.0000000000
 1.0815941124 -1.2065886751 11.4092332139 0.1556441769 0.0586996077 1.0000000000
-0.9147673834 -0.2608402626 10.6382961884 -0.0436295253 -0.0252300537  1.0000000000
 1.3923481024 -0.9105046574 12.2530154662 0.1670010711 0.0616772009 1.0000000000
-2.7503062116  0.0171235660 11.0826143495 -0.2287032839 -0.2720329864  1.0000000000
 0.9357324018 -0.1853758155 11.2134177983 0.0357085629 0.1181071449 1.0000000000
 1.3335944302 -1.1584392301 10.6474628713 0.1893752167 0.1510585470 1.0000000000
 0.1763713692  0.3042063611 12.3844783592 -0.0637066082 -0.0146572983  1.0000000000
-0.4519502387 -0.0655729025 12.0264002588 -0.0371652301 -0.0873622488  1.0000000000
-0.2805543831  1.0196236223 11.8804453086 -0.1002594796  0.0131040291  1.0000000000
 1.4218242948 -0.4488448079 11.2893187815 0.1152177180 0.1393227564 1.0000000000
-0.0657964544 -0.8006218835 10.3126694069 0.0470223010 0.0517255922 1.0000000000
 1.1547938134  1.2998866719 10.9410375649 -0.0749606527  0.1836590442  1.0000000000
 0.5750738385 -0.8687869170 10.0188880353 0.1018838946 0.1150834127 1.0000000000
 0.7529199086 -0.4748349161 10.0088627630 0.0686573316 0.1307343929 1.0000000000
-0.4637818812 -2.5543138248  9.9642079580  0.2879467409 -0.0704099391  1.0000000000
-0.2132615943 -0.9561044614 12.8418611094  0.0831193139 -0.1347024627  1.0000000000
-0.8513676694  0.4987927565 10.0862732501 -0.1195623440  0.0540650298  1.0000000000
 0.7613556409  1.7946888405 10.4312123891 -0.1736742188  0.2412837558  1.0000000000
-1.1388433679 -2.7077717992 10.6550854465  0.2050207959 -0.1721551482  1.0000000000
 1.9082795039 -0.0813595262 11.7343410523 0.0693775441 0.1392910571 1.0000000000
-0.5856651041 -0.4627358644 11.1420801277 -0.0446887504 -0.0523144074  1.0000000000
 0.8375577791 -1.4169465781 10.3918232706 0.1572119384 0.0639664150 1.0000000000
-1.0658443585 -1.5680044785 10.1328437949  0.1062925074 -0.1219390286  1.0000000000
 2.8724290437 -0.9843378804 11.6567956218 0.1820033203 0.1685041793 1.0000000000
0.3297360592 0.1186474384 9.6180241910 -0.0430535195  0.1914806896  1.0000000000
-0.2278154579 -0.6857674138 11.1116804647 0.0095501483 0.0111447136 1.0000000000
-0.6231226415 -0.4691175676  9.2722207782 -0.0126978500  0.0679881062  1.0000000000
 0.3113480758 -1.4980591119  8.9994359729 0.1592929139 0.1290328255 1.0000000000
-0.4993040632 -0.4497053628  9.6998647512 -0.0245931820  0.0755694182  1.0000000000
-1.4143320834 -1.8148365475  9.8361607176  0.1407272081 -0.0880230915  1.0000000000
 0.5137431270 -0.4461429593 10.2390837410 0.0497809623 0.1175657327 1.0000000000
-1.5631140964  0.5562674442  9.4120112640 -0.2170005839  0.0230473526  1.0000000000
-1.2731694019 -1.2005620626 11.4444595466  0.0099569752 -0.1997632497  1.0000000000
50
-1.1648382560 -0.4300118926 12.2586639953 -0.3210490367  0.7741015790 11.2429755485 -0.0368115804 -0.1480057508  1.0000000000 -0.1344346536  0.0066876151  1.0000000000
-0.2436409996 -1.1150100429 13.4544289546 -0.5183764727  0.2508244762 10.9156928980  0.0715151683 -0.1346960207  1.0000000000 -0.1019436201  0.0131855759  1.0000000000
-1.5544587659  0.8755495568 11.7789130874  1.0911007889 -0.4484704876 11.2692216204 -0.1180084471 -0.1010516695  1.0000000000  0.0991371074  0.0839529656  1.0000000000
 0.8905271463 -1.7643388270 12.8776961789  2.1366921246  0.1370704336 11.7960340403  0.1636444121 -0.0643027050  1.0000000000  0.0218708290  0.1061762109  1.0000000000
 0.5134097391  1.1970685502  9.6575521158 -0.4028836914  0.0418504926 11.0938536704 -0.1700707535  0.2354024144  1.0000000000 -0.0507156578 -0.0174487185  1.0000000000
-2.0075807617 -1.6026529412  9.9086788444 -0.2272744361  1.4294675472  9.7194390818  0.0465361431 -0.2151567501  1.0000000000 -0.2275476884  0.1751226981  1.0000000000
 0.3124526733  1.3462095121 10.4567599797 -0.7017593756 -1.5831873190 10.3905716668 -0.1000693545  0.1570077228  1.0000000000  0.1208837458 -0.0893748019  1.0000000000
-0.7339155591 -2.7135997199 12.1933898060  0.9416641474 -0.4645970202 10.7396851965  0.2082629197 -0.2579220136  1.0000000000  0.0986235216  0.1193344166  1.0000000000
 0.8015638940 -2.0696929713  9.7179780897  0.4465211862 -1.7493285587  9.4618061757 0.2647901746 0.0995315957 1.0000000000 0.2234940514 0.1061007443 1.0000000000
-0.1376461120 -1.7221418123 12.8516764610 -0.8489792552 -0.0047531126  8.8455699016  0.1853396880 -0.1694594484  1.0000000000 -0.1073262189  0.1148639953  1.0000000000
 0.1774193815 -0.1892557437 10.0610639313 -1.0756928055  0.0075803341 13.0099223288  0.0049432956  0.1247637447  1.0000000000 -0.0841790824 -0.1345038172  1.0000000000
 0.5251341464  1.6008705452 11.9034297690  0.5424094253 -0.2630259335  8.5515290655 -0.1495515635  0.0798058383  1.0000000000  0.0639521834  0.2922166152  1.0000000000
 0.3934883132 -0.2093438620 11.7437530085 -1.4520107884 -0.0182001721 12.2964302265  0.0227125595 -0.0070793107  1.0000000000 -0.1070171373 -0.2037580482  1.0000000000
-0.0072898420 -2.4655712722 10.6478422623 -0.1791566764 -1.1606579993 10.0271469083  0.2239368908 -0.0830243653  1.0000000000  0.0969539268  0.0315589256  1.0000000000
-0.7131879490 -2.0864187094  9.8253881558  0.1922198322 -0.0342237599 12.3869884787  0.1591869489 -0.0548233813  1.0000000000 -0.0033248004  0.0041220097  1.0000000000
-0.4535637645  0.7363767593  9.0736433382  0.2529502989  0.7507742687 10.8971774811 -0.1727757970  0.1846852573  1.0000000000 -0.1241453631  0.0867040758  1.0000000000
 2.0445952972 -1.4324657468 12.1747803369  0.8021128444 -2.1869978412  9.0342309983 0.1831375219 0.0549553863 1.0000000000 0.3152202687 0.2021495040 1.0000000000
 0.0754537672 -0.3065942262 11.1443831146 -1.4271650745 -1.7969757030 10.1666040829  0.0285446915  0.0152893477  1.0000000000  0.0787751999 -0.2015448312  1.0000000000
 0.7423591525 -2.2818376391 10.4204718577  0.5895550900 -0.3623778635  9.5672138634 0.2615181416 0.0663933597 1.0000000000 0.0512687351 0.1899504504 1.0000000000
 2.7722789498 -0.7991453683 11.5720738793  0.9189419642  0.7680693976 10.8761352691  0.1935586527  0.1655996778  1.0000000000 -0.0437739111  0.1579398319  1.0000000000
-2.8521754682 -0.5165025015 10.7424614441  0.7918600216 -1.7527556972 10.1101572378 -0.1894059614 -0.2494582481  1.0000000000  0.2286928176  0.1193098144  1.0000000000
 0.4759697797 -0.3172221490 11.0947466296  0.2871951591  0.6296142437 10.8198267970  0.0434947240  0.1123993464  1.0000000000 -0.0417410521  0.0924514109  1.0000000000
 0.0801910267 -1.9146074699 11.6447472749 -1.9539877576  0.3218172288  9.5178264658  0.1929581203 -0.0534980481  1.0000000000 -0.2038811082 -0.0393181863  1.0000000000
 1.3681934107 -0.3144854205 10.9405826229 -1.0108310425 -0.8298360890 12.3242743158  0.0762136980  0.1334423613  1.0000000000 -0.0102184999 -0.1889110227  1.0000000000
-2.0693634472 -1.2363079898 10.8791233770 -0.3440043998  0.3814437077  9.1149711563 -0.0123496304 -0.2213062961  1.0000000000 -0.1448589012  0.1714849897  1.0000000000
 0.8632999654  1.0212777680  9.9563465326  0.5304267430 -2.1125236615 12.0408998689 -0.1073000038  0.2548052282  1.0000000000  0.2606208698 -0.0594826595  1.0000000000
 1.4807845136  0.0726926914 10.2237328558 -1.0140472570 -0.0635395045  9.4056557759  0.0152067859  0.2395533129  1.0000000000 -0.1332188220  0.0932412645  1.0000000000
-1.0899072556 -1.4379168529 11.3889859014 -2.2289245498  0.4815722702 10.5908263772  0.0699853304 -0.2421171311  1.0000000000 -0.2660134069 -0.1243348364  1.0000000000
 1.6121851252 -1.1211230363  9.5670679334  0.3229589807 -2.4609132670  9.0510247547 0.1831035460 0.2515204899 1.0000000000 0.3302697504 0.0717676962 1.0000000000
 0.0906235079  1.7045331848 10.0100189731 -0.0774329593 -1.8527705669 13.3570700250 -0.2015085123  0.2083194416  1.0000000000  0.1276799171 -0.1648539105  1.0000000000
 0.1894044271 -1.7908180276  9.7317224375 -1.5128630475  0.4257418971 11.1811425176  0.2093983351  0.0672774248  1.0000000000 -0.1790474187 -0.0764379835  1.0000000000
 0.0967281962  1.4319160799  9.7669723901 -2.1202809214 -2.4892065202 10.2605091641 -0.2087588611  0.1748387210  1.0000000000  0.1584781442 -0.2951959011  1.0000000000
 0.0492368842 -2.0649738578 10.3255460853  0.5070621293  1.6917890360 11.5928019321  0.2754127193 -0.0103241969  1.0000000000 -0.1213338643  0.0955612193  1.0000000000
-1.4087627015  0.8991985576 13.0058990868 -0.3454518158 -1.5088817962 12.5332931914 -0.1567587402 -0.1631566830  1.0000000000  0.0645749234 -0.1502316929  1.0000000000
 0.9134644251 -0.3571119455 11.3101122372  0.9313415637 -0.6293138520 11.5951976372 0.0522849536 0.1059951657 1.0000000000 0.0603059078 0.0607512357 1.0000000000
 0.4722105521  0.8927800484 10.5306581121 -0.7949399869 -1.2049521691 11.0281648490 -0.1001224808  0.1562868673  1.0000000000  0.0302990943 -0.0958495136  1.0000000000
 0.5674267553  0.0188807230 10.5454269938  0.8263571541  0.0623799761 10.8639587171 -0.0374206507  0.0875229715  1.0000000000 -0.0042794826  0.1069450046  1.0000000000
-0.9304959146 -3.0513022734 11.3801732431  1.0321164855 -0.9644120808  8.9761886499  0.2819081385 -0.2319375627  1.0000000000  0.1398248359  0.2687482934  1.0000000000
 1.2626084428 -1.4091806239  9.5594033615 -0.9904874873  1.2285506419 10.1359415767  0.2425239911  0.2426902936  1.0000000000 -0.2374093595  0.0723870301  1.0000000000
-0.9986638207 -1.8661935746  9.8973466782 -1.4037816529 -0.1480545634 12.3722346282  0.1475698285 -0.0824445047  1.0000000000 -0.0584594799 -0.1964278122  1.0000000000
-0.5312132293  1.0704294980  9.9502223351 -1.2240500576 -0.5777777571 12.1689878607 -0.2078438828  0.1005567615  1.0000000000 -0.0254411539 -0.1964802142  1.0000000000
-0.8087205363  0.6925844732  9.5224189932  0.4539182178 -1.9125510498 12.0160119881 -0.1607445958  0.1204298139  1.0000000000  0.2010733204 -0.1177673101  1.0000000000
 0.6835826903 -2.1371538527  9.6185916515  1.1027363893 -1.6510259511  9.0801131961 0.2653596865 0.0859009678 1.0000000000 0.2356551446 0.2004993042 1.0000000000
 0.0388690092 -1.3917687099 12.9601808672  0.2026792559  0.3606190212 11.5894635022  0.1318924372 -0.1673183903  1.0000000000 -0.0126624786  0.0007693684  1.0000000000
 1.2201157597 -0.6648756744 11.4901362729  0.0175098968 -1.8917359290 11.0483727118  0.0967425852  0.0580344999  1.0000000000  0.1980260999 -0.0477606330  1.0000000000
 1.1278553457  0.0429688245 11.1692266233  0.5316331278 -0.8362560418 12.2711879868  0.0574064813  0.0811148748  1.0000000000  0.0732203617 -0.0036364754  1.0000000000
-0.4295496936 -0.0752559686  9.6911916601 -0.3912254303 -1.5306603167 10.8677923238 -0.0893617638  0.1243275365  1.0000000000  0.1070776972 -0.0867397364  1.0000000000
-0.5839547364 -0.1848171556 10.0168596126 -0.4020864880  0.4781260215  9.4327174801 -0.0784514075  0.0513772379  1.0000000000 -0.1505903609  0.1325884477  1.0000000000
-0.5381008400 -0.4565038547  9.2847542900  1.1650348657 -1.9304673739 12.4374658902 -0.0464698938  0.0995650232  1.0000000000  0.2321140184 -0.0085889072  1.0000000000
-1.2697050921 -1.8985793192 10.7053041685  0.1488521240  1.8156661683 12.0413610061  0.1364212591 -0.1861286108  1.0000000000 -0.2144941529  0.0357285808  1.0000000000
