844.5000000000
50
-4.3437498374  8.0452167991 -4.0580514845 0.0066904864 0.1585857405 1.0000000000
-3.9429994274  8.0966804104 -1.5633930803 0.1656645298 0.1037030650 1.0000000000
-5.9425603958 10.2403025574 -3.2004602314 -0.2143151244  0.2349768519  1.0000000000
-4.7039266492  6.6000361042 -0.4682393654  0.2510369856 -0.1581308542  1.0000000000
-6.4757130857  5.8551243784 -3.2439689753 -0.0821984144 -0.3052878602  1.0000000000
-6.2455556375  7.4857013760 -3.6413811756 -0.1596052873 -0.0687949512  1.0000000000
-4.7779510565  8.7636593150 -3.5983144698 -0.0492782870  0.2011937500  1.0000000000
-3.7034095559  9.2596066667 -0.5612998925 0.1890041080 0.2100925857 1.0000000000
-6.1982882992  6.4476923254 -2.0867774126  0.0303760332 -0.2081272534  1.0000000000
-7.0853832521  6.8666922904 -4.1065239698 -0.2536432196 -0.1524198116  1.0000000000
-5.8292951870  9.4314168227 -1.2219226118 -0.0386103884  0.0634891683  1.0000000000
-5.6158041759  8.3661420563 -1.9617467845 0.0011909325 0.0294657632 1.0000000000
-6.8906236359  9.2285064267 -3.0105558512 -0.2326420718  0.0962771309  1.0000000000
-5.2757351936  8.7382363270 -1.0508611224 0.0488858635 0.0145341750 1.0000000000
-5.6775414924 10.4611669984 -2.0286083306 -0.0874038003  0.2522625229  1.0000000000
-6.3165695095  6.6495968926 -2.8781841962 -0.0554136695 -0.1882337057  1.0000000000
-4.6690527357  7.3457587770 -3.3428122952 0.0597338712 0.0280242930 1.0000000000
-3.8723452180  6.5592408437 -3.0851907297 0.2300431792 0.0337469652 1.0000000000
-5.4757724966  5.3584288601 -2.4365121853  0.1136531807 -0.3252019752  1.0000000000
-7.5384996052  6.7566799852 -2.9468226074 -0.1967898969 -0.2500405872  1.0000000000
-5.9898839653  7.3601674140 -4.2030021693 -0.1739640625 -0.0121231806  1.0000000000
-5.9617928307 10.0394349275 -3.0163447764 -0.1618831401  0.1985000658  1.0000000000
-3.5835060910  8.4675210655 -3.0154019910 0.1527147461 0.2706364819 1.0000000000
-6.4458215769  8.9719273402 -1.3263755407 -0.0720068676  0.0108261068  1.0000000000
-6.4539245004  9.9944609858 -2.0179128990 -0.1802368846  0.1152679498  1.0000000000
-4.1385647515  5.1736494412 -2.3416134051  0.3338778766 -0.2261609772  1.0000000000
-5.9208667085  9.1572594552 -2.4757204558 -0.0765256445  0.0765559453  1.0000000000
-5.2674926263  7.4833279476 -3.6517185878 -0.0340209900  0.0161924694  1.0000000000
-5.7983873871  6.4898336840 -3.2165270980 -0.0018283029 -0.1423336565  1.0000000000
-5.1746451732  6.7066269985 -2.8698459372  0.0375975353 -0.0919222075  1.0000000000
-4.1497495140  7.7211458543 -0.8479513450 0.2166819502 0.0464875891 1.0000000000
-6.8166338649  9.2927688151 -3.0675299130 -0.2264748518  0.0874014086  1.0000000000
-5.3427999783  7.3753392055 -1.8013820012  0.0727296877 -0.0788203015  1.0000000000
-3.2928564918  7.1309946144 -3.1976976657 0.2426065009 0.1431422847 1.0000000000
-4.3014541095  9.2460466288 -0.9982945635 0.1211787998 0.1853164401 1.0000000000
-4.9359757212  9.7092151551 -0.7897574594 0.0883608055 0.1660879404 1.0000000000
-6.0181658627  6.7451106016 -0.8409887625  0.1072989823 -0.1918106545  1.0000000000
-5.8237370382  7.7125209168 -3.5150705928 -0.1160260692 -0.0099835432  1.0000000000
-4.7594230778  9.4022885294 -2.9117293544 0.0014356562 0.1975840158 1.0000000000
-5.5968526108  8.5353944709 -1.0173205864  0.0385939102 -0.0346576190  1.0000000000
-4.5646351762  7.2262932173 -2.0570788553 0.1787491202 0.0076515537 1.0000000000
-5.2440981561  7.0861836836 -3.8395049795 -0.0662498834 -0.0054967771  1.0000000000
-7.8272346292  7.2201169592 -2.9538669766 -0.2398280756 -0.2057039288  1.0000000000
-3.9933593658  8.7569952125 -3.8833742324 -0.0009625196  0.3036542119  1.0000000000
-5.3790456558  9.5468567674 -0.7333336980 0.0264360212 0.0784493931 1.0000000000
-6.5748129271  8.2779707617 -1.1879694133 -0.0606911982 -0.0702716097  1.0000000000
-7.5249760822  7.4530097807 -0.5290816094 -0.0537061326 -0.1879687166  1.0000000000
-7.3447928098  7.8986945745 -3.0881554304 -0.2313410797 -0.1130044050  1.0000000000
-5.6614890958  8.8196684064 -3.2649029189 -0.1473726846  0.1204980973  1.0000000000
-5.7028696278  7.7541422312 -0.0824144716  0.1203428804 -0.0762101589  1.0000000000
50
-6.7536166640  6.7066250487 -1.6899190158 -4.7750498546  8.0805718857  0.0621448858 -0.0256997311 -0.1704163506  1.0000000000  0.1884969388 -0.0521403514  1.0000000000
-7.6590751340  9.4628347231 -1.5418945719 -2.7674203056  8.6030250872 -2.0370264569 -0.1909738888 -0.0120011821  1.0000000000  0.2503015770  0.2577731670  1.0000000000
-4.6925832405  7.7996332570 -1.5695427491 -5.9066787662  9.8926419490 -3.2477252764  0.1406732138  0.0072416501  1.0000000000 -0.1947300920  0.2255235050  1.0000000000
-7.0271185954  7.4143788373 -3.0214100330 -5.9106327465  6.9165882603 -2.6167215673 -0.1906419920 -0.1212094771  1.0000000000 -0.0472947371 -0.1206517347  1.0000000000
-6.7474920596  8.9623422072 -1.9079400242 -5.6653407805  6.5153089293 -3.0061126431 -0.1248630717  0.0306101761  1.0000000000  0.0360808778 -0.1158545487  1.0000000000
-4.2155346789  8.0907389926 -3.7041970409 -6.4939013917  9.4328983604 -3.2733364363  0.0489981653  0.2159111409  1.0000000000 -0.2406543122  0.1329636574  1.0000000000
-4.8827234568  8.4898090787 -2.6379137372 -6.1507281111  6.6403219372 -1.9900883385  0.0017745066  0.1114821990  1.0000000000  0.0295292636 -0.1975089660  1.0000000000
-6.3986116979  9.0802118669 -3.5068408690 -4.1357600468  5.8257133242 -2.0730668438 -0.2372443333  0.1153871457  1.0000000000  0.3511157061 -0.1477778790  1.0000000000
-5.8046646734  8.3362942287 -3.5926907516 -4.3872163624  9.2446348909 -2.9546311747 -0.1403666566  0.0760750937  1.0000000000  0.0696087317  0.2328614490  1.0000000000
-6.8874042886 10.0779153581 -2.1411231504 -4.7324727598  8.7405029592 -4.5245664099 -0.2048080305  0.1023294414  1.0000000000 -0.0920750871  0.2582367925  1.0000000000
-7.7828939021  7.1106881210 -2.3100074540 -3.7364439309  6.8849210898 -2.9161574428 -0.1605548381 -0.2254161956  1.0000000000  0.2468023771  0.0469044502  1.0000000000
-5.8275313094  5.5137760369 -2.7303201308 -5.0221053691  7.6930816783 -1.2267237304  0.0786412729 -0.2433026056  1.0000000000  0.0971240007 -0.0375299851  1.0000000000
-4.4410939532  8.5733349375 -3.9129438564 -5.4288100896  5.6657014227 -2.3437099179 -0.0035087652  0.2407098320  1.0000000000  0.1437117948 -0.2696396319  1.0000000000
-5.9174638440  7.0399378064 -3.4579923090 -5.3805385906  8.8680427632 -3.2294112667 -0.1053708482 -0.0843954847  1.0000000000 -0.0690348962  0.1874766733  1.0000000000
-7.0376775017  9.7854880805 -1.9163671150 -3.9887380954  8.7067702391 -0.0583364649 -0.1926510882  0.0595830021  1.0000000000  0.2006307370  0.1197403647  1.0000000000
-7.1302728806  7.2845771093 -3.7965519600 -5.1889786650  6.9636635233 -2.4364724372 -0.2449087193 -0.1516270231  1.0000000000  0.0964485294 -0.0439146352  1.0000000000
-4.6862403504  7.0731428026 -3.0466450134 -7.8573219738  7.8147587033 -1.7964854935  0.1211906958 -0.0184504761  1.0000000000 -0.1917459150 -0.1442336763  1.0000000000
-4.3854703484  6.4842587816 -1.1065791493 -7.4215226421  9.2901709511 -1.6972179514  0.2558554115 -0.1132052252  1.0000000000 -0.1509688499 -0.0075788855  1.0000000000
-5.5634329260  8.7284402435 -2.1924773190 -7.9448871407  7.7405940322 -0.8464025502 -0.0182089176  0.0824655836  1.0000000000 -0.1497802057 -0.1493162324  1.0000000000
-3.1380737950  8.3512895891 -2.8374634703 -4.2513230416  8.6346711196 -3.1280459294 0.2112410168 0.2738023667 1.0000000000 0.0888396521 0.2103036707 1.0000000000
-5.0444940350  5.7052634090 -1.7948214663 -6.4067261884  7.6898071424 -3.2658117479  0.2139380122 -0.2080494916  1.0000000000 -0.1598730622 -0.0717673379  1.0000000000
-5.1835585904  8.6706903233 -0.4346657707 -4.8282064503  6.9453904091 -1.1109322967  0.0655561786  0.0326869028  1.0000000000  0.2197288810 -0.0950636254  1.0000000000
-6.1678511906  9.6558513535 -2.7364673947 -4.7740503383  8.6252812847 -1.7514244087 -0.1818362322  0.1133184606  1.0000000000  0.0896507095  0.1154594957  1.0000000000
-6.7591473420  7.9485950030 -1.8226570680 -6.0223252474  6.5613025962 -3.6134150209 -0.0881803631 -0.0838532976  1.0000000000 -0.0605164619 -0.1531767588  1.0000000000
-5.8815244734  7.7943144316 -3.3519077283 -5.4429544844  8.6514681288 -4.4327794157 -0.0637133095 -0.0017730069  1.0000000000 -0.2302857989  0.1585176866  1.0000000000
-7.3211041796  7.3109957932 -1.6060230854 -5.1362665136  7.4325276174 -1.7024514223 -0.0871934557 -0.1816860987  1.0000000000  0.1225456070 -0.0405110706  1.0000000000
-6.8585881377  8.2204599586 -1.7817624199 -4.2829833607  8.9954579806 -2.7339298207 -0.0978818846 -0.0740423801  1.0000000000  0.0658778440  0.2388504746  1.0000000000
-5.4865684077  7.8635852435 -3.2422178243 -7.3594907628  7.3447589866 -2.9361862405 -0.1032888760  0.0498263704  1.0000000000 -0.1819614118 -0.1310373900  1.0000000000
-4.4737868054  8.3524428195 -4.2782555790 -3.8047798092  8.8051767582 -2.9109017183 -0.0434017104  0.2245357160  1.0000000000  0.0886173203  0.2376148389  1.0000000000
-7.3063486924  7.8442922740 -1.9631140545 -4.8077106682  7.6212935122  0.4481436571 -0.1554584678 -0.1102858665  1.0000000000  0.1876730422 -0.0620374491  1.0000000000
-7.3469175420  6.3246919355 -3.7361193088 -5.2060142023  7.8836878253 -2.6149948123 -0.2021520859 -0.2249656417  1.0000000000  0.0247562123  0.0132305044  1.0000000000
-4.2716064467  5.8619398120 -2.7074955987 -3.9063879323  7.8342127152 -2.5120344080  0.2672617771 -0.1312349448  1.0000000000  0.1690762629  0.1271068494  1.0000000000
-7.4923130461  7.2400076152 -0.6765231694 -5.2522511877  7.1125253610 -2.8283462603 -0.0733620048 -0.2086605941  1.0000000000  0.0369260474 -0.0423159944  1.0000000000
-5.6655844286  7.6205391168 -2.8492052039 -5.5661073617  9.5325780390 -1.9611931891 -0.0777063022 -0.0578250965  1.0000000000 -0.0195970620  0.1480172184  1.0000000000
-5.1175122985  7.5151584184 -2.2642338400 -4.2614617177  7.2135185954 -0.9584636343  0.0809352401 -0.0142642413  1.0000000000  0.2123786040 -0.0275312044  1.0000000000
-3.8226189873  7.5356183947 -1.0715066308 -4.4703749639  9.5741765869 -2.0738572248 0.2599985481 0.0286065060 1.0000000000 0.0291872436 0.2114934898 1.0000000000
-4.9602449534  5.2028696317 -2.1236966206 -5.0222569073  6.3360628110 -3.4686099355  0.2395069617 -0.2819543428  1.0000000000  0.0584035189 -0.1250313622  1.0000000000
-6.1879415536  7.4503822981 -0.7579559777 -3.5381280158  6.4287815879 -2.3838178539  0.0308775222 -0.1218364987  1.0000000000  0.3635076026 -0.0027636209  1.0000000000
-5.1321258468  9.3301838896 -2.0172553205 -5.5933524073  7.6817400197 -4.0883894614  0.0208027939  0.1488863815  1.0000000000 -0.1404997632  0.0052633579  1.0000000000
-3.6234348244  9.0119949220 -2.3903461280 -5.8015247043  7.7152581326 -4.3575733578  0.1281967788  0.2913018572  1.0000000000 -0.1811384575  0.0271168635  1.0000000000
-4.8466353398  5.4143273564 -2.9083526422 -3.5747837812  7.5497066867 -3.6855316141  0.1579530524 -0.2439675959  1.0000000000  0.1359578571  0.1626562231  1.0000000000
-3.8255608199  9.0851595064 -1.9299882104 -5.7250676837  9.8156143611 -3.7251576163  0.1118359313  0.1675891720  1.0000000000 -0.1755698331  0.2176938730  1.0000000000
-4.9566333428  8.0345652069 -4.4734339127 -3.8104148891  8.8995460348 -1.7797079295 -0.0933038108  0.1768462454  1.0000000000  0.1194999638  0.2170615140  1.0000000000
-5.0405515477  8.1221111497 -1.7927439589 -5.5698836567  8.0012856724 -4.5074135313  0.0818696129  0.0444757399  1.0000000000 -0.2077300982  0.0819890364  1.0000000000
-7.0852071613  6.7799755140 -3.0600449581 -4.8574051806  5.6437417461 -2.8454628042 -0.1415898616 -0.2131418693  1.0000000000  0.1917369466 -0.1873685255  1.0000000000
-4.6220638684  5.8345330310 -1.9611586001 -4.9964624281  5.7171302188 -3.1728675285  0.2115631236 -0.1285606910  1.0000000000  0.1024857155 -0.2150808356  1.0000000000
-4.8143604555  9.0282968274 -1.4992004321 -5.8691482358  6.7890947166 -1.7711362394  0.0321987329  0.1277190483  1.0000000000  0.0373475858 -0.1418522280  1.0000000000
-6.7436670079  7.3353586203 -1.9524770880 -6.2005914840  9.9471850679 -1.7493620178 -0.0739387223 -0.1429549386  1.0000000000 -0.0974157385  0.1381902238  1.0000000000
-5.0168052649  7.3618417972 -0.8415637249 -5.5314975147  7.2358696172 -2.8021120371  0.1521651490 -0.0770764820  1.0000000000  0.0161775188 -0.0722176311  1.0000000000
-4.7111212047  8.3998825394 -2.2606643978 -4.2465289614  8.6423276894 -1.3810327801 0.0965861901 0.1204604542 1.0000000000 0.1450163098 0.1394349273 1.0000000000
