332.7000000000
50
 -1.0190818812 -11.0231074886   1.9381266846 0.2287186937 0.1863010250 1.0000000000
 -1.9330442851 -10.8721355571   3.0677438883 0.1442536003 0.1538464107 1.0000000000
-0.8852563546 -8.8418467697  1.6394255438  0.0298266341 -0.0356457171  1.0000000000
-1.9079641399 -8.1015411731  0.9413427966  0.0729304239 -0.2270039449  1.0000000000
-3.6769489434 -9.0059935979  1.5710175075  0.2485080244 -0.1712389968  1.0000000000
-0.8121202689 -7.2223199902  1.2583368363 -0.0530057158 -0.1881096253  1.0000000000
-0.5237739036 -9.3524443203  2.1181203364 0.0142149641 0.0772860822 1.0000000000
 0.9021458551 -8.6572691408  2.5514963890 -0.1486654666  0.1205807784  1.0000000000
-0.4052813062 -7.7996140631  2.5587541457 -0.1373153811 -0.0673160986  1.0000000000
-1.7878478496 -9.1907113998  3.5280754666 -0.0029667074  0.0025113761  1.0000000000
-0.9822494069 -8.0163705109  3.4949891359 -0.1707769758  0.0135446284  1.0000000000
-2.1642270385 -9.1212937967  1.6652335117  0.1659183113 -0.0869173618  1.0000000000
  0.5052400630 -10.4726159338   0.8673964030 0.1640230491 0.2327445392 1.0000000000
 0.7028320858 -8.0175703953  1.6228579760 -0.1586930252 -0.0169963382  1.0000000000
-0.6804512199 -9.2617995796  0.9913436002  0.0828459879 -0.0282288912  1.0000000000
-0.0343045388 -9.8493606606  2.0660195738 0.0340009723 0.1213072619 1.0000000000
-1.0974061580 -9.3779625869 -0.5252525401  0.2368655490 -0.1094269015  1.0000000000
-1.4600210836 -8.5941690194  2.9726057099 -0.0015771415 -0.0517253810  1.0000000000
 -0.5240339760 -10.1202254398   0.6683137774 0.1767843412 0.0853965708 1.0000000000
-1.9883592244 -7.5992668623  2.5211436660 -0.0473617091 -0.1562025848  1.0000000000
-0.2261806744 -8.1042051643  1.1336994989 -0.0303518812 -0.0534931519  1.0000000000
-1.1778953228 -7.0592526269  2.0969847383 -0.1168668234 -0.1705467783  1.0000000000
 -0.8933741828 -10.9203416815   1.5111068282 0.1714921003 0.1626358843 1.0000000000
 0.2977861210 -9.1345466843  5.0333690504 -0.1827304593  0.1989878153  1.0000000000
 0.2379274677 -8.6551741293  2.4609430008 -0.0928334958  0.1105402385  1.0000000000
-1.0195475567 -8.0965893535  0.4986238080  0.0268410044 -0.2084364592  1.0000000000
-0.6542054622 -6.3554462808  2.3880196153 -0.2431812394 -0.1864633747  1.0000000000
 1.4190877124 -7.7685865960  1.1599320996 -0.2653233347  0.0019512731  1.0000000000
-2.4527765866 -9.4901568341  1.3981646791  0.2078065002 -0.0755922552  1.0000000000
-0.1825814767 -8.6125345438  3.9021443145 -0.1704511328  0.1029325348  1.0000000000
-1.8657869803 -8.8534593270 -0.6137055804  0.3027555925 -0.2704170296  1.0000000000
 0.0488888826 -7.5906629496  1.4843695924 -0.1477069348 -0.0885491056  1.0000000000
-1.1204830804 -8.8789144651 -0.3380033783  0.2127750163 -0.1690862056  1.0000000000
 0.1991256617 -7.5125092997  0.6680785519 -0.1843218286 -0.1749973803  1.0000000000
-0.7526465973 -8.2581520594  3.1677106340 -0.0742085501  0.0221940467  1.0000000000
-3.2287330216 -8.2389334250  2.2148644742  0.1361631109 -0.1875634666  1.0000000000
-1.6429408879 -8.8436244603 -1.1636724335  0.3344569560 -0.2693378260  1.0000000000
-1.7169502585 -7.9871851445  1.4089412773  0.0257143817 -0.1527766023  1.0000000000
-2.7799407251 -7.8003390963  2.2742935709  0.0422867703 -0.2081864740  1.0000000000
-1.0287694493 -7.2801517774  2.2138118372 -0.1476194152 -0.1428669928  1.0000000000
-0.9659000829 -6.6353196574  2.7799778469 -0.2164745331 -0.1883579300  1.0000000000
 0.7126519834 -7.6464886943  0.6500809812 -0.1754297448 -0.0868375993  1.0000000000
-0.9497659648 -7.8861137035  0.5541340535  0.0320945663 -0.1884636896  1.0000000000
-1.2394897181 -9.0242620197  1.5822067084  0.0519241678 -0.0298071738  1.0000000000
 0.2371774898 -9.9851344621  0.1876214933 0.1754908007 0.1456734127 1.0000000000
 0.0073587673 -8.4816916289  0.4265013092 -0.0229094872 -0.1220328598  1.0000000000
-0.0824968952 -8.2389242750  0.7411077064 -0.0653444615 -0.0976095638  1.0000000000
 0.6731480063 -9.9436010308  2.0228031241 0.0401031803 0.1945803999 1.0000000000
 -1.6847517803 -10.1275216699   0.5288804319  0.2827397298 -0.0095093371  1.0000000000
 -1.3597271096 -10.5105386527   1.7364770560 0.2048080392 0.0921494339 1.0000000000
50
 -0.6306541206 -10.2127407847   1.7911371266   2.0927669678  -9.0936967399   2.3662875175  0.1370425891  0.1512987434  1.0000000000 -0.2596946550  0.2721453895  1.0000000000
 0.5954045692 -8.0754194196  1.4097488878 -1.8419072375 -8.1469741494  0.8717402998 -0.1564861508 -0.0198438686  1.0000000000  0.0859276487 -0.2241923638  1.0000000000
-0.7168055999 -9.5134390838  4.2575317976 -2.7910327817 -9.0347607299  2.8248953141 -0.0695039725  0.1219127140  1.0000000000  0.1166966286 -0.0823542370  1.0000000000
 1.8079983050 -8.4817278098  1.7708034826 -1.9005536989 -9.2949681576 -0.2043829817 -0.2831740685  0.1429946036  1.0000000000  0.2714139885 -0.1603024916  1.0000000000
-1.4483031282 -7.9094557120  1.8027717758 -1.9433740807 -6.7884992026  3.3755533424 -0.0132639184 -0.1430256157  1.0000000000 -0.1344239867 -0.1827625207  1.0000000000
 -1.6346626078 -10.1664023401   1.3635223260  -0.5073610218 -10.5746339326   0.7653962291  0.2665115160 -0.0052271846  1.0000000000  0.2179739948  0.1248895214  1.0000000000
 0.9690283835 -9.7998489852  2.2253087810 -1.0167559416 -8.5253027403  1.8855266513 -0.0662833256  0.2259115794  1.0000000000  0.0014214967 -0.0476826047  1.0000000000
 0.1199702986 -8.0092095207  1.0087817654 -1.4539668844 -8.9443761375  1.4179362008 -0.1138705396 -0.0881761807  1.0000000000  0.1164218921 -0.0252185509  1.0000000000
-0.0083356155 -8.5513111177  1.0765490828 -0.1120474136 -9.9117439123  1.3106211155  0.0261393056 -0.0109159934  1.0000000000  0.1132777509  0.0914629499  1.0000000000
-1.4633118552 -9.2480866954  0.1926850152 -2.8250857361 -9.4352013482  1.3949442759  0.2658398795 -0.1619743860  1.0000000000  0.2276458652 -0.1110497526  1.0000000000
-0.9892147240 -9.8908487322  3.5077327427 -1.7757006023 -6.9620471994  2.5246514369  0.0058294747  0.1098783385  1.0000000000 -0.0921006856 -0.1577027692  1.0000000000
 -0.6319029095  -7.7233893207   2.7332242838   1.1635008368 -10.3152326412   0.7991161808 -0.1464533014 -0.0183224076  1.0000000000  0.0405503184  0.2857223657  1.0000000000
-2.6199674087 -8.9578654951  0.3854080111 -0.8068587136 -8.8326013779  3.3894175628  0.2324410449 -0.2266806931  1.0000000000 -0.0842607123  0.0716223234  1.0000000000
 -0.5748810993 -10.7023298633   1.8182476658  -2.4912118942  -7.9216510382   2.6149439389  0.1842264454  0.2080992439  1.0000000000  0.0618071559 -0.1061885782  1.0000000000
-1.7443244170 -9.5133086199  1.3365023905 -0.3162299738 -6.7108382673  1.7988673943  0.1669348471 -0.0318297716  1.0000000000 -0.2436438028 -0.1923808437  1.0000000000
 -2.3646430566  -8.4848476162  -0.0623180814  -2.0619329018 -11.0005261107   2.6535605967  0.1770986155 -0.2921393552  1.0000000000  0.2372495291  0.1091147200  1.0000000000
 0.4012349275 -8.2088469277  0.8577589547  0.1467953133 -8.0421018811  1.6174392132 -0.0772300626  0.0065584168  1.0000000000 -0.1333862069 -0.0007791535  1.0000000000
 -0.4587348363  -9.8447165202   4.0270149126  -2.2257048048 -10.9564060357   2.4347632771 -0.0449732040  0.1388193778  1.0000000000  0.2414568931  0.0938347283  1.0000000000
-1.4090526153 -8.9312038628 -0.2653158702 -1.5364678857 -6.4605318400  3.6556481313  0.2407621056 -0.1539106619  1.0000000000 -0.1544786104 -0.1574458823  1.0000000000
-0.1444604247 -9.1704576259  2.1351995515 -1.3359772735 -7.7744195830  0.3415433196 -0.0187495982  0.0673278374  1.0000000000  0.0623636481 -0.2597664929  1.0000000000
-0.7938612805 -8.8745463489  1.1180295823 -0.3241286088 -7.8966923233  0.9592990848  0.0381423030 -0.0526778823  1.0000000000 -0.0701332138 -0.0974588749  1.0000000000
-0.9588672356 -9.4024761766  0.2009317729  0.2116766506 -8.8533745733  2.7855052558  0.1628944930 -0.0715696609  1.0000000000 -0.1224693463  0.1226464463  1.0000000000
-0.4660588263 -8.3594993746  3.5825794908 -0.9913498362 -9.8056901930 -0.0228217784 -0.1177659984  0.0291492862  1.0000000000  0.2833442556 -0.0401776025  1.0000000000
 1.2346411381 -8.2001264676  1.6906568906  1.2391019370 -8.3571071302  0.9371666207 -0.2051314567  0.0640044622  1.0000000000 -0.1265473506  0.0439829314  1.0000000000
-1.4769600424 -8.5281824670 -1.1018339025 -2.0563535339 -9.5610661904  0.5751639876  0.2738740913 -0.2890207439  1.0000000000  0.2332084843 -0.0706994474  1.0000000000
  1.0998515058  -9.0080567356   0.8460586676  -0.4453265473 -10.5675212423   2.5904996512 -0.0093461226  0.0981157865  1.0000000000  0.0853178749  0.2113116592  1.0000000000
 -1.7159019043  -6.6404253025   3.6625237414  -1.7385874695 -10.1201450572   2.5702894981 -0.1574288759 -0.1783947722  1.0000000000  0.0798053077  0.0631870227  1.0000000000
  0.5387359300  -8.3673627942   0.5850583692  -0.5718883179 -10.0854617568   0.5557099645 -0.0866184938 -0.0182841587  1.0000000000  0.1995360175  0.0822360938  1.0000000000
 0.8743674698 -9.5459617113  1.2010472078  1.5880063874 -8.4691775921  2.3637240681  0.0107962013  0.1681842307  1.0000000000 -0.2154756344  0.1706041854  1.0000000000
 0.9585700752 -8.6523905306  3.0349264650 -0.7397305902 -7.8373608771  1.2280526220 -0.1480689796  0.1287455787  1.0000000000 -0.0229391825 -0.1184726521  1.0000000000
  0.1697069258  -7.0127326118   1.7043623232  -1.5301580010 -11.3285167849   2.1252899406 -0.2179045761 -0.1133856569  1.0000000000  0.2323078554  0.1302554727  1.0000000000
  1.3158804971  -8.8988008391   2.6208665446  -0.8041619294 -10.0653071689   1.2736827499 -0.2091559559  0.2144411834  1.0000000000  0.1833751046  0.0721003077  1.0000000000
  1.1202754022  -8.7112316660   1.6167135410  -0.7394993705 -11.0556333096   2.0085176039 -0.1505307675  0.1316442396  1.0000000000  0.1860973009  0.1600782612  1.0000000000
-1.7197228967 -7.8466581610  0.5138974338 -1.7798775336 -8.0518488034  2.7232174307  0.0793021437 -0.2282029686  1.0000000000 -0.0496690744 -0.1028284056  1.0000000000
-0.3600859992 -8.9270128596  3.9286485587 -2.5093133681 -7.6915933519  2.7440192626 -0.1089055510  0.1598483309  1.0000000000 -0.0244630932 -0.1709458057  1.0000000000
-0.9753350742 -9.2554606033  0.8251009284 -1.5343269183 -7.9753223120  0.8089250271  0.1152260113 -0.0427390224  1.0000000000  0.0967391292 -0.2327455689  1.0000000000
-0.4397751303 -8.5925005650  1.5768100353  0.9625078631 -8.8492779116  3.2005252922 -0.0024983296  0.0008168294  1.0000000000 -0.2109182069  0.1790062575  1.0000000000
-1.9424960646 -8.2148383766 -0.0961680520 -1.1104537717 -9.6173080247  1.6239105570  0.1918974224 -0.2538847331  1.0000000000  0.0940213903  0.0506800576  1.0000000000
 -0.0317392605 -10.8000078006   1.6226264978  -0.2641370658  -8.4142251942   4.6554159605  0.1258805515  0.2638303215  1.0000000000 -0.1657557734  0.0991278376  1.0000000000
 -0.9376524613  -9.9377001735   1.1488832869  -1.8819215722 -10.0737731489   1.4985555448 0.1458260369 0.0672397648 1.0000000000 0.2421629469 0.0483743675 1.0000000000
 1.4606066966 -9.4696070648  1.3083282332 -1.8533523855 -8.0831320420  2.4443411119 -0.0672542045  0.2197566005  1.0000000000 -0.0291093831 -0.1189544695  1.0000000000
 -1.0598514012 -10.4256111018   0.8776610236  -2.8571067783  -8.6196308943   1.7898135960  0.2445538150  0.0828103965  1.0000000000  0.1213437900 -0.1373378722  1.0000000000
-2.5075831215 -9.5186116000  2.4791659863  0.1405103079 -9.8297223830  3.4016141302  0.1419347661 -0.0159034577  1.0000000000 -0.0327107982  0.2042493877  1.0000000000
-0.3892194555 -7.6874104016  1.5914968821  0.7704275610 -6.9154430797  1.2122538378 -0.1643899409 -0.1550293462  1.0000000000 -0.2519400900 -0.0950835582  1.0000000000
 0.1651713341 -9.6791617726  0.8055841066 -1.4955814882 -7.3235850230  3.5779055694  0.1140486410  0.1093710680  1.0000000000 -0.0962447467 -0.1023049170  1.0000000000
-0.8031092408 -7.0975275195  3.6389172462 -0.3023208031 -7.0317069435  0.7173877594 -0.1681784614 -0.0616434449  1.0000000000 -0.0921598306 -0.1897753989  1.0000000000
-2.1259109993 -9.8748007693  1.5491637645 -0.3962017899 -6.9955285536  2.5387197558  0.1808075594 -0.0146429815  1.0000000000 -0.1934737416 -0.1202018232  1.0000000000
-1.0974232834 -7.8025395965  0.8370596715  1.0213141948 -9.6376929113  1.3239432917  0.0078512391 -0.2003728600  1.0000000000 -0.0384742152  0.2035860607  1.0000000000
-1.8738822242 -8.6366075370  0.9407397014 -0.5868629824 -7.1032136778  3.3620056666  0.1265516192 -0.0937262510  1.0000000000 -0.1856138290 -0.0745331374  1.0000000000
-1.8619821597 -9.3523479525  2.4485606587 -1.7131198447 -9.8612962528  0.6523803344  0.0618360990  0.0037797495  1.0000000000  0.2223241797 -0.0568006224  1.0000000000
