394.0000000000
50
-4.3081564093  5.7065208632 -5.8286764785 -0.1310602179  0.1125823888  1.0000000000
-5.5003281547  4.0117831293 -4.7644972655 -0.1415349531 -0.1641017389  1.0000000000
-3.3946462916  2.9602296924 -4.2114894266  0.1456066232 -0.1443889686  1.0000000000
-3.6098786378  5.6936696618 -3.8751815789 0.0320363797 0.0540711182 1.0000000000
-4.0157039179  7.0769121025 -5.1293596544 -0.0912721948  0.1932021848  1.0000000000
-3.0868759791  5.6717882927 -6.4424493237 -0.0950270127  0.2498857448  1.0000000000
-5.8048276570  6.5094349971 -4.7777160958 -0.1077998869 -0.0010893588  1.0000000000
-4.2493079045  6.5171090925 -3.1730151337  0.0800727879 -0.0002431233  1.0000000000
-2.9433614832  6.9005191427 -3.9521882288 0.0747647219 0.1810660832 1.0000000000
-5.4726590858  5.8065328133 -4.5708479915 -0.1340823983 -0.0480933897  1.0000000000
-3.9972519814  5.2034098587 -4.7039699507 -0.0566807364  0.0550123642  1.0000000000
-2.2614155746  6.0258904872 -3.2820655921 0.1884848340 0.1032685815 1.0000000000
-5.0322582987  6.5356155692 -4.0030465880  0.0072293528 -0.0109781790  1.0000000000
-5.1973147115  4.4315390451 -3.8726409205 -0.0278785997 -0.1863511532  1.0000000000
-4.9978593392  4.8816080436 -5.7334940431 -0.2117572282 -0.0265678655  1.0000000000
-2.1038601534  5.1174135105 -3.6368604187 0.2689293665 0.1302165936 1.0000000000
-4.1690242030  7.1360860166 -5.1028691765 -0.0603005068  0.1619312767  1.0000000000
-4.4467168786  4.8407689011 -5.4347624660 -0.1152201639  0.0182346350  1.0000000000
-5.0805542377  3.8612678907 -5.1740159134 -0.1442986930 -0.1216919834  1.0000000000
-5.4595764364  5.7068214275 -5.4408994196 -0.1783219547  0.0309482103  1.0000000000
-1.5541454398  4.9876854360 -4.6548250251 0.2301292177 0.2519595680 1.0000000000
-2.5326870287  4.4611872030 -6.4440249488 -0.0792026333  0.2701099054  1.0000000000
-5.7551362274  4.8422545164 -5.4110146237 -0.1985111115 -0.1308465970  1.0000000000
-4.9201364751  6.3481630310 -6.1268156551 -0.2168505229  0.1105633785  1.0000000000
-2.4185185863  4.6573316961 -5.5152949822 0.0225275108 0.2126323159 1.0000000000
-5.0868495931  7.2187423587 -5.9125868618 -0.2043938624  0.1522638434  1.0000000000
-5.6190268610  5.0205747997 -3.4751640417 -0.0135201298 -0.1916854834  1.0000000000
-4.5250746065  4.0779331268 -5.1107451244 -0.0389715262 -0.0287372779  1.0000000000
-3.2746456848  5.2587894915 -3.8823592269 0.1198936943 0.0202690998 1.0000000000
-4.1282215206  3.9773008841 -7.0454166797 -0.3206863784  0.1058794250  1.0000000000
-4.1769055038  6.4849463254 -3.1168772090  0.1289838635 -0.0283815409  1.0000000000
-2.4251376931  6.9665521551 -3.2472153395 0.1521010955 0.2004610615 1.0000000000
-1.1522773334  4.7782207742 -4.3880388011 0.2896294085 0.2355672226 1.0000000000
-3.4629129532  7.4318120826 -4.5612728507 0.0177099178 0.2078952296 1.0000000000
-5.1979337701  6.0908478722 -4.9096040232 -0.1338053481  0.0403278686  1.0000000000
-4.4845966619  5.4167718489 -4.7157194009 -0.0342584099  0.0261346781  1.0000000000
-3.7551843013  6.8098120871 -5.6532168346 -0.0962480203  0.2306309819  1.0000000000
-5.2290198842  3.3005324273 -6.1076355808 -0.2984711463 -0.1177248277  1.0000000000
-3.4480148601  6.7624872803 -5.6442873013 -0.0746618353  0.2130305444  1.0000000000
-4.1553512722  3.2295314265 -2.6282523457  0.2279509337 -0.2537663593  1.0000000000
-3.0151892255  6.4889758392 -3.0329302661 0.1882348048 0.0750995928 1.0000000000
-3.1067543687  6.0251468862 -3.2038972027 0.1307792272 0.0971612364 1.0000000000
-3.3693908421  5.8325871670 -3.6205842433 0.1460420311 0.0163151917 1.0000000000
-4.0983811935  4.4997424755 -2.1666132681  0.2249605208 -0.1923542440  1.0000000000
-2.9854837350  3.3755272546 -3.5716724891  0.2452473168 -0.0637594750  1.0000000000
-3.3235957329  5.9773578662 -4.0629015799 0.0422439275 0.0826577398 1.0000000000
-3.5299703551  6.5681095064 -5.8952391463 -0.1053582904  0.2266756591  1.0000000000
-4.6537654226  5.0038546220 -1.3484098026  0.2374736360 -0.2138366136  1.0000000000
-6.1014144840  6.0511908611 -4.7685163937 -0.1584624473 -0.0576557030  1.0000000000
-4.7008541934  5.5231315322 -2.4183541427  0.1341319206 -0.1354994714  1.0000000000
50
-4.2418855656  2.8031934978 -4.0678311195 -4.1634705439  7.7139628390 -5.3833975678  0.0954547167 -0.2016181129  1.0000000000 -0.1141694992  0.1914315711  1.0000000000
-2.8728723119  6.1097342199 -3.3895823671 -4.7975133508  5.3124134668 -6.3982610751  0.1821364867  0.0892538203  1.0000000000 -0.2485101118  0.1160680625  1.0000000000
-3.7276905405  3.7467378527 -5.7168609927 -5.6197458744  3.6466200236 -5.6738063368 -0.1330847034  0.0055505203  1.0000000000 -0.2150277763 -0.1982892441  1.0000000000
-5.9796806831  6.4908474690 -5.1134555226 -5.3946213694  5.2342096551 -5.6839877844 -0.1999902892 -0.0062038177  1.0000000000 -0.2083735439 -0.0064661302  1.0000000000
-4.1318051023  4.9338439863 -4.9939248376 -4.0282047794  3.9453883915 -4.0927133857 -0.0509552940 -0.0075036970  1.0000000000  0.0808319274 -0.1007368478  1.0000000000
-3.2792590892  3.7907572297 -4.1644299387 -4.3142589890  5.6992251544 -3.1954963780  0.1457083045 -0.0525774899  1.0000000000  0.0620594672 -0.0664781359  1.0000000000
-4.5907979603  2.7029639864 -4.8224390620 -5.6247737595  6.6469084356 -5.2649838925 -0.0482790627 -0.2274963056  1.0000000000 -0.1428021815  0.0323487069  1.0000000000
-4.0425406589  6.6303449425 -3.8116865509 -1.8816242747  4.9317897473 -4.8180044346 0.0186645279 0.0521420525 1.0000000000 0.1744223897 0.2238735911 1.0000000000
-3.5253247036  5.1211588800 -6.2188475821 -3.5930411028  4.0271259826 -3.8977465898 -0.1136112808  0.1630427220  1.0000000000  0.1021598144 -0.0866578685  1.0000000000
-3.6575241252  5.3333390238 -6.0928427307 -5.2493786079  4.9630139264 -3.1743891076 -0.1036206755  0.2156178869  1.0000000000  0.0394033179 -0.1510419195  1.0000000000
-2.9857416422  3.9482973010 -2.9989245977 -4.6032520959  2.7785342817 -4.9553895023  0.3125966873 -0.0710680358  1.0000000000 -0.0512816875 -0.2322949357  1.0000000000
-5.1767321799  5.0600360773 -3.4968751118 -5.6256574238  3.0312405013 -5.6611878931  0.0100209281 -0.1356405877  1.0000000000 -0.2496474003 -0.2573275616  1.0000000000
-4.2876017287  2.7444206725 -3.4204858153 -4.7837064256  5.2540552534 -3.2431507933  0.1521373744 -0.3210507199  1.0000000000  0.0684881534 -0.0853198202  1.0000000000
-4.1304171421  5.2500730714 -4.7482043046 -2.6981698329  6.6267547480 -3.8433154475 -0.0501375129 -0.0045471624  1.0000000000  0.1517791847  0.1812327399  1.0000000000
-4.4291906109  4.2855066562 -3.6742177402 -2.4575156204  6.6988111220 -4.3232253773  0.0739999192 -0.1352343631  1.0000000000  0.1243234780  0.2182678486  1.0000000000
-5.2026754126  3.9923354840 -5.7742672544 -4.6327834937  3.9415980504 -5.4434329594 -0.2153018102 -0.1116350341  1.0000000000 -0.1251245990 -0.0684269717  1.0000000000
-5.4081883917  4.4573000612 -3.6725164525 -4.0476773053  3.0348497510 -4.4353952499 -0.0022019357 -0.1901713747  1.0000000000  0.0577057957 -0.1487371060  1.0000000000
-3.6438015103  3.6224689071 -4.6239760635 -4.7032826401  5.3112146571 -2.1422303503  0.0799890028 -0.0674972485  1.0000000000  0.1369229827 -0.1456213836  1.0000000000
-3.8243033301  5.3735933717 -5.2144765654 -5.3826847148  6.3119280012 -4.4375608375 -0.0348447658  0.0750208620  1.0000000000 -0.1124685663 -0.0336798286  1.0000000000
-3.1851093244  6.6021940450 -5.0019450057 -3.3762670779  4.6664629356 -5.1664854700 -0.0208367269  0.2295457921  1.0000000000 -0.0222283383  0.1016072683  1.0000000000
-1.4284375900  4.2748670005 -5.1434400103 -5.2001403697  3.0905114217 -5.4062081912  0.2141225636  0.2589397685  1.0000000000 -0.1946689147 -0.1874929450  1.0000000000
-3.6998486717  5.2019680740 -5.8854745172 -3.5312452758  6.8004283882 -4.6686096109 -0.1004542263  0.1225180059  1.0000000000 -0.0387568814  0.1480252134  1.0000000000
-4.0661213568  3.2941419746 -2.5946374911 -4.7723723183  7.4381401130 -5.9556173626  0.2358113395 -0.2605843282  1.0000000000 -0.1699003498  0.2014486823  1.0000000000
-4.1483230311  5.4366757128 -3.1568667610 -4.8624998363  3.3880131163 -5.6688918544  0.1018286884 -0.0526979720  1.0000000000 -0.1878524387 -0.1386445094  1.0000000000
-3.5691280353  5.8111784490 -6.8052637669 -4.5237122607  5.6119162976 -2.6069665934 -0.1988645654  0.2507078405  1.0000000000  0.0975688124 -0.0969240443  1.0000000000
-3.8529653513  4.0034597748 -3.8091565889 -2.8376668778  3.5699145055 -3.9044039847  0.0967498367 -0.1245878737  1.0000000000  0.2124290929 -0.0351427234  1.0000000000
-2.7589974994  5.0584668825 -5.0454637739 -4.0567136455  5.5819832075 -4.6097863648  0.0775355405  0.1591565119  1.0000000000 -0.0375667205  0.0672683886  1.0000000000
-2.2845407379  4.7049588752 -6.0715688733 -4.1075008742  7.4832324319 -4.6955159826 -0.0050601877  0.3055091871  1.0000000000 -0.0393121954  0.1446293341  1.0000000000
-2.3568260862  3.5894345447 -4.6519652352 -4.9552581972  6.5008780501 -5.8501300009  0.1681657720  0.0650957367  1.0000000000 -0.1976997486  0.0795345158  1.0000000000
-6.9330801440  5.6898369836 -4.3905756524 -2.5464480041  4.5994057317 -6.7707841830 -0.1957690194 -0.1758895079  1.0000000000 -0.0760597724  0.2757986038  1.0000000000
-4.6327321495  5.5191762927 -3.2595489424 -5.1895597870  5.0160937842 -5.8413310953  0.0662700387 -0.0515175668  1.0000000000 -0.2215478293  0.0089250584  1.0000000000
-2.0120011350  4.8993235647 -4.3651331113 -4.9864024795  6.1228464910 -3.8226960961  0.2287163242  0.1801594337  1.0000000000 -0.0170897690 -0.0298278655  1.0000000000
-4.0061266829  4.5791576455 -5.1118512897 -5.0923956209  6.2021438152 -4.7007936235 -0.0457501700  0.0236466710  1.0000000000 -0.0474404266  0.0230695181  1.0000000000
-2.5120243843  4.0130841186 -3.9654753688 -5.0331122695  6.0811103064 -3.0086300199  0.2403085813  0.0992457033  1.0000000000  0.0780253792 -0.1014055295  1.0000000000
-3.5194940009  2.7526052899 -4.1509671018 -3.5336992669  2.9411809883 -4.2386504849  0.1414967066 -0.2043831460  1.0000000000  0.1093857947 -0.1736470135  1.0000000000
-3.7150194000  3.3661305629 -2.3187409339 -4.7361961540  6.6550936331 -3.7760820150  0.2768649762 -0.2693658883  1.0000000000  0.0290347738  0.0091031135  1.0000000000
-2.9780117086  4.2758022889 -6.5468839792 -3.4673663433  6.6490110221 -3.6233373175 -0.1475015125  0.2331454474  1.0000000000  0.0906785788  0.1058124022  1.0000000000
-5.5832602737  3.5217523150 -4.7230975503 -2.6340496345  6.4519820031 -4.0955958073 -0.1319242335 -0.2744900523  1.0000000000  0.1573835495  0.1778820698  1.0000000000
-6.2743097458  5.6867853914 -3.4599148027 -5.3465779073  5.0521849107 -2.7081094268 -0.0331968203 -0.1320804687  1.0000000000  0.0474088215 -0.1426650881  1.0000000000
-4.0587606439  3.6646334557 -2.7402200585 -5.3253926846  3.0637492562 -5.5926589939  0.2072859737 -0.1936560029  1.0000000000 -0.2449021816 -0.2083177360  1.0000000000
-5.2153636471  6.0618597080 -4.9816821932 -3.8950319024  5.8078862698 -3.3345244333 -0.1493314018  0.0021917956  1.0000000000  0.1251245674 -0.0111290243  1.0000000000
-3.4463684896  4.2245160656 -4.7969932521 -4.9234088347  5.0060243015 -4.9081980588  0.0604269850  0.0282896838  1.0000000000 -0.1021526670 -0.0199367529  1.0000000000
-3.4624058703  4.7359476930 -5.8181823056 -4.8767919925  4.8989616103 -5.1699815982 -0.0524739814  0.1426643542  1.0000000000 -0.1127392146 -0.0603817762  1.0000000000
-4.3536073583  3.9798519951 -5.1993690101 -5.1110915859  4.5879822181 -4.0959934712 -0.0819784218 -0.0570748584  1.0000000000 -0.0711683896 -0.1288907870  1.0000000000
-3.1840421572  4.2257838410 -5.2502420739 -2.2845703086  3.9274131196 -5.2398009332 0.0466230895 0.0910766287 1.0000000000 0.1400247823 0.1660127605 1.0000000000
-4.3045307328  4.0207155652 -6.0666027588 -3.9058261032  3.9337895195 -3.7929506908 -0.1890506547  0.0115508522  1.0000000000  0.1329571010 -0.1045134744  1.0000000000
-4.0063135317  3.7440123374 -6.1950442088 -5.0141346087  4.3621830686 -3.1214070314 -0.1465722578  0.0174512431  1.0000000000  0.0533776705 -0.2013377364  1.0000000000
-5.4605041743  5.9211550551 -3.9892854346 -2.0481975625  4.6687956647 -4.7470679394 -0.0995351004 -0.0613153861  1.0000000000  0.1736461846  0.2095321633  1.0000000000
-5.9648776496  3.9710857125 -4.7110529625 -4.4167830898  6.2304560342 -4.5819040011 -0.1453689360 -0.1994008799  1.0000000000 -0.0306994965  0.0803059935  1.0000000000
-3.9842728956  4.8173867940 -7.0641503617 -2.7640321063  6.2678724745 -4.0311188510 -0.3215609561  0.1512599837  1.0000000000  0.1489666783  0.1861524673  1.0000000000
