179.8000000000
50
-6.5688811899  4.2282598065 11.8774402210 0.0808380091 0.0286989230 1.0000000000
-5.6142275734  7.0152738062 13.2681890663 -0.1874922289  0.1448493098  1.0000000000
-6.2714896635  6.1028549607 12.6262791760 -0.0840059500  0.1116309934  1.0000000000
-5.6541742289  6.9909342661 13.4079256107 -0.1727799420  0.1985014434  1.0000000000
-8.6344115061  3.3749316118 10.7324780440  0.2595557993 -0.1679851783  1.0000000000
-5.2813281068  4.3940782196 12.6582767524 0.1022430563 0.1316713810 1.0000000000
-8.5165651585  4.7693712539 13.9666033584 -0.0198184898 -0.1928060216  1.0000000000
-7.4772140020  6.3114291454 14.3443825560 -0.2055212972 -0.0416661725  1.0000000000
-7.2578471287  4.2820550991 11.1219043182 0.1353279212 0.0117620710 1.0000000000
-6.9160759027  4.3732951183 11.8454147789  0.1486671250 -0.0011586696  1.0000000000
-8.2136901359  3.2730149500 10.6295990690  0.3160353088 -0.0919981249  1.0000000000
-6.8698454779  4.7132749488 14.3657098476 -0.0017420306 -0.0491400424  1.0000000000
-6.4928481745  5.8993255552 13.3367360086 -0.0563248441  0.0485501772  1.0000000000
-5.9090534877  3.6603903441 12.2568208255 0.1991051900 0.0819092157 1.0000000000
-6.0263808197  4.0153133912 13.3493313374 0.1086386744 0.0508731767 1.0000000000
-7.1944522398  3.5819756558 13.1642524201  0.1430047118 -0.0906084871  1.0000000000
-6.0052406149  4.7594488654 12.9923632438 0.0107561040 0.0458417897 1.0000000000
-7.2174531110  6.1886058143 10.9492503051 -0.1024892694  0.1964143550  1.0000000000
-7.2712151346  6.0283856646 13.4370297705 -0.1056982744 -0.0347444247  1.0000000000
-8.8662574100  4.9387621384 12.0947503155 -0.0013851026 -0.1754128547  1.0000000000
-8.0697690813  3.0353050035 12.8004375489  0.1916511847 -0.1628794409  1.0000000000
-5.7953940355  3.1320529033 13.3474345303 0.2084710442 0.0326248642 1.0000000000
-5.5139878879  3.6729867850 11.6728556220 0.2831773042 0.1757890008 1.0000000000
-6.6483744231  4.5712789690 10.9740248087 0.1740433784 0.0846216487 1.0000000000
-6.8639883563  5.1237583737 13.8200355631 -0.0569056421 -0.0143153927  1.0000000000
-8.9356936607  5.6343908851 11.8496696809 -0.1543528244 -0.1498788337  1.0000000000
-5.9639182974  6.9767396239 13.6955070338 -0.1802386211  0.1061851078  1.0000000000
-8.1155731064  3.2973653747 12.9533688218  0.1683583257 -0.1907401855  1.0000000000
-8.2727022413  3.2621487705 10.6451092974  0.2812218003 -0.1336704729  1.0000000000
-6.7615183576  4.8354889453 10.8890229459 0.1313766086 0.1460568971 1.0000000000
-6.7343576757  3.6044342033 11.2148414503 0.2469342349 0.0773153215 1.0000000000
-6.3039341859  4.7976913901 13.7547797765 -0.0121025299  0.0234533571  1.0000000000
-6.8268349319  5.0318476035 13.2892549856 -0.0675503257 -0.0234467217  1.0000000000
-8.6741445290  6.3845863241 13.1589277194 -0.2367180134 -0.1278153952  1.0000000000
-6.2740365020  5.6007200805 13.8891884659 -0.0653897956  0.0773756503  1.0000000000
-6.7731153325  6.9030625520 10.8620531337 -0.1873385355  0.2455781125  1.0000000000
-5.1397060572  5.7874669324 13.5150235389 -0.0149380836  0.2073646196  1.0000000000
-7.4895691751  6.5232898337 10.8024807182 -0.1518464826  0.1628091900  1.0000000000
-6.5845977993  4.0516413756 11.2968856647 0.1625090571 0.0637000545 1.0000000000
-8.1948320310  3.5024587226 10.7696805573  0.3021141438 -0.1258159836  1.0000000000
-8.1122426478  5.9385291339 13.8305917477 -0.1531165017 -0.1567615944  1.0000000000
-6.8138392684  5.5109431089 11.1160696258 -0.0363989435  0.1443689321  1.0000000000
-7.9267200492  4.8177994691 13.8126589099 -0.0075256730 -0.1712535904  1.0000000000
-7.6512904973  5.6621178424 14.8043402139 -0.1600287837 -0.1370836406  1.0000000000
-6.8175813129  4.4923594790 12.4612390956 0.0627336467 0.0244974596 1.0000000000
-6.4748460984  5.0475225471 11.8928383101 0.0451415419 0.0921301349 1.0000000000
-8.7385143063  3.6976536115 12.3766950061  0.1233615067 -0.2085961402  1.0000000000
-8.5000016258  4.2926532226 11.0534937695  0.1275981644 -0.1142139878  1.0000000000
-7.8874581775  3.4082385526 13.6017798638  0.1433636226 -0.1586295852  1.0000000000
-10.0266343431   6.0106819779  12.0016675157 -0.1792449256 -0.3119152397  1.0000000000
50
-9.1595218478  5.3151552148 12.0659282345 -6.5002206893  6.4788213352 14.1020090916 -0.0644421394 -0.2242408525  1.0000000000 -0.1778894011  0.0167694123  1.0000000000
-9.7007973400  5.3959710044 12.1483893117 -7.6286017516  4.3031429677 14.3661155657 -0.1445937226 -0.3008106399  1.0000000000  0.0263265850 -0.1570980851  1.0000000000
-5.9008092686  6.8479736822 13.8210032757 -7.5022405852  3.8463106512 12.2836567018 -0.1707496246  0.1259906272  1.0000000000  0.1362639186 -0.0654832015  1.0000000000
-7.6082500332  2.9598668325 14.3592247620 -6.9930647298  6.8236625797 11.9180378438  0.1118035155 -0.1832364756  1.0000000000 -0.1872990972  0.1102544141  1.0000000000
-7.5921539457  6.0232657189 12.5353911303 -7.5839280564  6.2866867918 11.5112993977 -0.1303657947 -0.0238847521  1.0000000000 -0.1287493401  0.0621598608  1.0000000000
-6.5598235034  6.0193285578 11.3437951341 -5.7054842133  3.4359795243 11.9920579310 -0.0634660581  0.1999783932  1.0000000000  0.2064041741  0.1101137036  1.0000000000
-4.9569489699  3.5637493388 11.9855510499 -5.4905592820  6.4397195670 13.9279993442  0.2224084516  0.1696370371  1.0000000000 -0.1427792938  0.1050884462  1.0000000000
-5.9383775726  3.6090469073 11.4639254624 -8.2072015854  5.3608648456 13.0439295387  0.2431328047  0.0932026481  1.0000000000 -0.0585048106 -0.0954233553  1.0000000000
-8.6505179181  5.2235927684 12.1305349186 -7.9289017749  6.7762811102 11.2093268588 -0.0261409847 -0.1504081729  1.0000000000 -0.2064477530  0.0430970219  1.0000000000
-9.1425800396  4.2136587270 11.8911625693 -8.3147680023  5.8654235608 12.7443005557  0.0658052956 -0.2243092183  1.0000000000 -0.1112350649 -0.0711909694  1.0000000000
-6.9848915384  6.8071350098 13.2644095040 -8.6580758343  3.9345185287 10.7519484265 -0.1869144772  0.0436335598  1.0000000000  0.1545693058 -0.1878570138  1.0000000000
-6.2838187071  5.1893415209  9.6610472556 -4.7363421454  5.2051645935 13.3418667785 0.1375557959 0.3332441488 1.0000000000 0.0333579083 0.1984055206 1.0000000000
-8.1975961349  5.9587994392 11.3544361060 -6.1805427579  5.7280170696 10.1163232836 -0.1406372070 -0.0395963290  1.0000000000  0.0281781952  0.3101361742  1.0000000000
-7.8998440068  3.7863012162 12.0404034235 -7.2366327367  5.2247774125 13.6280390832  0.1452829784 -0.1185215622  1.0000000000 -0.0452426076 -0.0262640819  1.0000000000
-6.2189469948  5.1974882714 13.6311353374 -8.5918907708  3.5976466867 12.7355366604 -0.0185601058  0.0604108962  1.0000000000  0.1314374146 -0.2250171630  1.0000000000
-6.2709020342  5.7915077937 12.8589791354 -5.8922419923  4.8566791866 12.6403024445 -0.0864759447  0.0937085323  1.0000000000  0.0558962847  0.0985406110  1.0000000000
-6.3213463967  5.0856716310 11.8352136917 -6.9562897177  5.3771906509 10.7553370246 0.0124876647 0.1098266398 1.0000000000 0.0393530981 0.1695813091 1.0000000000
-5.1229508420  3.5371137360 11.9300228451 -4.3110541726  3.5124403785 12.7840423363 0.2315238022 0.1970668930 1.0000000000 0.1797813364 0.1850190108 1.0000000000
-7.8670953429  5.6864083914 12.7601268862 -8.6942836970  4.0495251351 11.8295894651 -0.1123420252 -0.0371429492  1.0000000000  0.0910814257 -0.2117830896  1.0000000000
-8.8085567519  5.1491379672 13.6706193347 -8.0653879368  5.8865881586 10.8254589513 -0.0879833792 -0.2481392873  1.0000000000 -0.0719718403  0.0387564924  1.0000000000
-8.1380200573  6.1224314666 14.1357794037 -6.1152162119  4.5929329108  9.8915437014 -0.1889444363 -0.1159554117  1.0000000000  0.2006408110  0.2925504540  1.0000000000
-7.1173710167  4.5288912383 13.0120980493 -7.5536508695  5.9598485081 11.4749313262  0.0277310074 -0.0403749421  1.0000000000 -0.1308135290  0.0536838625  1.0000000000
-7.8253120611  5.7126356406 13.9373378378 -7.9806073155  5.7720876142 13.9616342762 -0.1154305479 -0.0619692126  1.0000000000 -0.1116814774 -0.1422559433  1.0000000000
-5.9240153534  5.0018037957 12.7549850204 -9.6293491210  3.8855418588 11.1123763439  0.0242653944  0.1206250719  1.0000000000  0.1190773642 -0.3880699553  1.0000000000
-6.2753873697  4.1316446679 12.5062301548 -6.0726652648  5.7760344997 13.9368536030  0.1145825789  0.0491915499  1.0000000000 -0.1354861926  0.0580320990  1.0000000000
-7.8546101968  5.0001118205 11.7107053428 -7.4820085798  5.3005037768 11.8565064509  0.0331830010 -0.0271310112  1.0000000000 -0.0470880210  0.0300666690  1.0000000000
-8.5339134578  3.3997998029 11.2395100823 -7.0933162476  4.9256898172 13.3308450173  0.1853324750 -0.1778024196  1.0000000000 -0.0155841050 -0.0163463187  1.0000000000
-8.8626186395  3.9699880842 10.9346759232 -5.6916115660  3.8956498001 10.2196805831  0.1609672225 -0.1672165023  1.0000000000  0.2663971893  0.2658475000  1.0000000000
-6.5631728001  4.4140946736 11.4720103141 -5.5953834956  4.0911207031 13.3899267001 0.1772913871 0.0785255750 1.0000000000 0.0978390557 0.1281025247 1.0000000000
-7.6137915279  5.2505311120 13.2052367317 -8.5346210247  6.5925486940 12.7123105837 -0.0741000724 -0.0837539434  1.0000000000 -0.2645721240 -0.1101792661  1.0000000000
-6.6470398899  5.2175546568 12.8099197516 -5.8108652936  4.0160826047  9.9608112748 -0.0079802827  0.0546974766  1.0000000000  0.2695585955  0.3022456442  1.0000000000
-8.6755919068  5.7296355958 13.6261224723 -5.9445278073  5.1266290777 11.5913950537 -0.1761913178 -0.1767085701  1.0000000000  0.0660057280  0.1881299774  1.0000000000
-4.8102553750  4.1923153130 12.9381775899 -7.9846405902  3.5628338435 13.2002608305  0.1412203069  0.1832180413  1.0000000000  0.1088975188 -0.1547076450  1.0000000000
-6.9202526060  5.2789780926 12.8653152324 -7.8842039614  6.5384650944 12.3121490831 -0.0190948288  0.0082361851  1.0000000000 -0.2085714992  0.0003929660  1.0000000000
-9.2680554846  4.8935545070 11.5335866844 -7.0218789118  4.0217373413 11.9038754914 -0.0221945871 -0.2314952609  1.0000000000  0.1390500771  0.0205319421  1.0000000000
-8.5343572058  5.0697666575 12.9129258128 -7.2384697397  5.1907144495 14.3086052585 -0.0515032664 -0.1414170487  1.0000000000 -0.0607481086 -0.0881109855  1.0000000000
-5.0936877704  5.5144407899 13.1415322188 -8.5406773464  5.8300018197 11.0882560973 -0.0056345709  0.1554825126  1.0000000000 -0.0879614810 -0.1087139492  1.0000000000
-7.8620062968  5.7525455429 13.3921799433 -5.8142440952  6.1837380563 11.4879560949 -0.1183049580 -0.0601927388  1.0000000000 -0.1235696135  0.2329028683  1.0000000000
-7.0333551602  3.8448769693 10.5112070054 -5.5081476598  6.0149753850 11.9663157746  0.2743796807  0.0854154912  1.0000000000 -0.0246122198  0.2216834083  1.0000000000
-8.3447100794  4.3420275418 13.5385701882 -8.1488427089  7.0737483190 11.4229150282 -0.0037598619 -0.1835858215  1.0000000000 -0.3195583554  0.0688103958  1.0000000000
-8.4596699778  5.3476650499 14.7451055696 -6.0282573571  5.6553007912 10.7481782700 -0.1416734934 -0.1575443900  1.0000000000  0.0357094161  0.2892424259  1.0000000000
-5.9049681615  5.5942660267 12.1243879445 -6.3312731829  4.4680546316  9.6604892816 -0.0353894140  0.2191083846  1.0000000000  0.2341078206  0.2654744795  1.0000000000
-7.6787013645  6.3639425591 12.0027854983 -5.8494907494  6.8446570609 12.1427339443 -0.1496630239  0.0281734965  1.0000000000 -0.1611198646  0.2710674991  1.0000000000
-7.5929278258  3.2271519360 14.0251500134 -5.8025983205  4.0415920648 12.8107586433  0.1645020520 -0.1812209420  1.0000000000  0.1336923392  0.0681862378  1.0000000000
-7.9529429099  3.6136445310 11.0135446074 -7.0546080093  5.1600948483 13.0976795388  0.2310749973 -0.1054881693  1.0000000000 -0.0254704375 -0.0125313351  1.0000000000
-7.3845741136  4.8748049993 13.2877020137 -6.2104360821  5.2269204222 13.6025365762 -0.0278431388 -0.0519226449  1.0000000000 -0.0303220622  0.0210275820  1.0000000000
-8.6663542330  5.4926886214 12.6674458596 -7.9014975342  5.6191433340 14.3217172767 -0.0726296517 -0.1537443541  1.0000000000 -0.1511940947 -0.1228899368  1.0000000000
-6.5260310924  4.0830831879 12.7147438341 -7.8521230565  3.5237460088 14.0502312142  0.1249716388 -0.0065372672  1.0000000000  0.0722508647 -0.1388519894  1.0000000000
-6.0929313645  4.6844219794  9.5703081795 -5.7370633584  5.1411958972 12.9760383269  0.2366751566  0.3583199641  1.0000000000 -0.0026338137  0.1767430551  1.0000000000
-5.1976625896  4.1494693156 11.5257386140 -7.0209972381  5.7643828726 12.0684539220  0.2306519105  0.2084633001  1.0000000000 -0.0802279376  0.0846977904  1.0000000000
