654.9000000000
50
-9.8186382364 -9.9889976940 -3.8134709947 -0.1415332164  0.1270747025  1.0000000000
-11.3985847815 -11.9341753093  -1.7179225332 -0.0526127746 -0.1321505760  1.0000000000
 -8.3014827307 -10.7414677448  -2.6577919359  0.1188733175 -0.1220745686  1.0000000000
-10.9745464884 -11.2537807843  -1.8819850234 -0.0366084311 -0.0086342482  1.0000000000
-10.5992899564  -9.0789253236   0.5031963763 0.2042631913 0.2182509054 1.0000000000
-9.8676201270 -9.0368487456 -2.5750241579 0.0286669141 0.2501173853 1.0000000000
-11.3072272674 -12.9741414355  -1.4740958104 -0.0608809936 -0.1389484059  1.0000000000
-12.0807104357 -11.8590870151  -1.4701068536 -0.0757156201 -0.0617033568  1.0000000000
 -7.6913481805 -11.7902877356  -1.9909497776  0.2397797164 -0.1811863336  1.0000000000
-10.3645063865  -9.7010641544  -4.4154114139 -0.3087896399  0.1943302509  1.0000000000
 -9.9588979807 -12.7016156773  -0.7364089908  0.0912617054 -0.2481141824  1.0000000000
 -8.1563199838 -10.8397408518  -2.3116922566  0.1781722905 -0.0528657670  1.0000000000
 -9.4863298486 -12.5531395661  -1.9414216016  0.0689582052 -0.2381701693  1.0000000000
-11.2176201073 -11.4314808027  -0.7455314443  0.0264399750 -0.0406838416  1.0000000000
-11.9441015447 -11.6491560419  -1.9375167197 -0.0915787697 -0.0188162335  1.0000000000
-12.6150915959  -9.6590721613  -2.6130068522 -0.1786667094  0.1743842793  1.0000000000
-11.5345064949 -12.0990621143  -1.7962623708 -0.0957569840 -0.0377265396  1.0000000000
-10.3413136635 -10.6380878327  -3.7948719321 -0.1761365004  0.0316355626  1.0000000000
-10.6007917613 -11.3132342166  -3.6862372979 -0.2547512871 -0.0779666556  1.0000000000
 -9.8890548969 -10.8350053851  -4.0714969788 -0.2079759228 -0.0183113610  1.0000000000
 -9.5534469692 -11.9768463990  -3.8366888328 -0.1553644368 -0.1765934384  1.0000000000
-9.6362772035 -8.8434899076 -0.6820626981 0.2499220266 0.2227052813 1.0000000000
 -9.1609980118 -10.5698165133  -0.4619348349 0.2318349009 0.0253588981 1.0000000000
-11.3437616374 -13.0111447259  -1.0908792173 -0.0385977286 -0.1529580390  1.0000000000
-10.1557406786 -11.7971981370  -2.9225620370 -0.1328644463 -0.1316273768  1.0000000000
-10.4646590481 -11.6230257010  -3.5493636450 -0.1975257372 -0.0774980224  1.0000000000
 -9.7457198117 -10.2638336775  -0.5141928010 0.1898882987 0.0562683147 1.0000000000
-9.0717427777 -9.4514196834 -2.2370911874 0.1224133175 0.1848286575 1.0000000000
-9.9066118948 -9.2794590055 -0.5855539946 0.1894150951 0.1896065283 1.0000000000
 -9.2166799283 -12.5734399000  -4.1065914480 -0.2015613092 -0.3244643063  1.0000000000
 -9.7802684038 -11.8823813780  -3.4080832963 -0.1594980472 -0.1898008753  1.0000000000
 -9.2578005136 -12.0293327838  -3.2168046626 -0.0985718658 -0.2228990155  1.0000000000
 -9.5064460042 -12.2303412527  -0.4968014571  0.1613947966 -0.1842714802  1.0000000000
-11.3270257564 -11.0494765993  -1.8435329945 -0.0472459371 -0.0341511496  1.0000000000
-12.5793369524 -10.1836146270  -1.3457080379 -0.0915272858  0.1047777755  1.0000000000
-9.8511959176 -8.8582297624 -1.9810699326 0.0957672475 0.2417636512 1.0000000000
-10.7486591900  -9.6058244767   0.5251053380 0.2092450974 0.1361684991 1.0000000000
-10.7142218194 -10.8595867653  -1.3498533498 0.0589942952 0.0175358895 1.0000000000
 -9.7980638585 -11.0714722730  -1.2677402025  0.1144992202 -0.0345030508  1.0000000000
-11.1283491452 -10.6916469565  -2.5745004054 -0.0837833138  0.0545498221  1.0000000000
-11.9548347634  -9.8642699921  -1.8922691086 -0.0850279610  0.1738077697  1.0000000000
-11.1624225727 -12.2747823181  -0.8557230525 -0.0014749298 -0.1500996220  1.0000000000
 -8.0018742796 -12.0462972662  -2.6447494743  0.1549591408 -0.3164113298  1.0000000000
-10.7821750669 -11.3773817386  -2.3359854167 -0.0947512163 -0.0460072933  1.0000000000
-11.2828785558 -10.3197862898  -3.6841380032 -0.2532298644  0.1084586571  1.0000000000
-10.8224523283 -11.6547651796  -3.8878837104 -0.2619419233 -0.1078116769  1.0000000000
 -9.5370954371 -11.4859862436  -3.3890247347 -0.0837314529 -0.1446752659  1.0000000000
-11.9090146898  -9.8833866218  -2.2843828372 -0.1205268104  0.1613134767  1.0000000000
 -8.2056004957 -10.1038232439  -1.7559340193 0.2307674511 0.0439656279 1.0000000000
-11.4236342246  -9.9447344744  -1.6645306535 -0.0382781068  0.1644900946  1.0000000000
50
-11.0672810086 -12.7835160735  -0.6036964229 -10.3555548469 -10.4594501622  -0.5545005235  0.0329234335 -0.1628163286  1.0000000000  0.1363148866  0.0669647606  1.0000000000
 -9.5681807955 -11.6043283080  -0.6271242847 -11.4595703236 -10.7741983826  -2.3689470968  0.1943627174 -0.1266715795  1.0000000000 -0.0925916310  0.0363514552  1.0000000000
 -8.4384636087  -9.7752113625  -1.4096264426 -11.1630904559 -10.4892110473  -2.4671070689  0.2746364633  0.0794658919  1.0000000000 -0.0851828115  0.1005043521  1.0000000000
-11.7013751181  -9.3415379931  -0.7289902485  -8.7652871012 -11.7241766556  -3.3966155409  0.0217383775  0.1943421874  1.0000000000 -0.0087895040 -0.2024050504  1.0000000000
 -9.3133701736 -12.3377503664   0.0244496915 -10.5672557498 -10.9591887208  -0.3236943535  0.2380439104 -0.1989413453  1.0000000000  0.1184420795 -0.0063253597  1.0000000000
 -9.4050148629 -10.8233232972  -0.8218370860  -8.7629702615 -11.8420119970  -3.1967345719  0.2007051466  0.0163760167  1.0000000000  0.0157939599 -0.2284438601  1.0000000000
-11.0145769055  -9.9407787476  -0.3569285269 -11.1202432540 -11.4791688797  -2.0190677204  0.1349702039  0.0960639387  1.0000000000 -0.1080808978 -0.0246594278  1.0000000000
-10.4412101540 -10.5361668642   0.5494645440 -10.6428804303 -12.4572375093  -0.6946028211  0.1932533172  0.0826585562  1.0000000000  0.0543324363 -0.1558238660  1.0000000000
 -8.4800532975 -12.3826109869  -2.6694086977  -9.7361842387 -12.6422582713  -0.6031003381  0.0751068048 -0.3483218664  1.0000000000  0.1607590715 -0.2111566394  1.0000000000
 -8.6089626630  -9.3714878587  -1.8374417732  -9.5510304403 -10.4141515922  -3.4696648888  0.2246129581  0.1407553653  1.0000000000 -0.0991526786 -0.0000262168  1.0000000000
-10.1371931872 -12.6264035487  -0.1335534003  -9.3774477604 -12.1528075163  -0.0237944603  0.1530784005 -0.1899989180  1.0000000000  0.1965685661 -0.1302554446  1.0000000000
 -9.2516844133  -8.6398732401  -2.1114774828 -12.5081652373 -10.9431833893  -2.0407818572  0.1579573440  0.3689111498  1.0000000000 -0.1393495310  0.0732506846  1.0000000000
 -8.9676283199 -10.3326649654  -1.9678030676  -8.3480292667 -10.8086111199  -1.6255371188  0.1383275684  0.0382707862  1.0000000000  0.2346072752 -0.0576645433  1.0000000000
-10.2616824449 -10.8383151277  -0.0029196807  -8.6092526072 -11.6083616394  -0.9906053047  0.2000785737 -0.0147500661  1.0000000000  0.2491397720 -0.0992509118  1.0000000000
 -8.6899295288 -11.1085458954  -2.3739597108 -12.3752338209 -11.7818285753  -1.5431654525  0.1691751305 -0.1274287336  1.0000000000 -0.1358030399 -0.0732427269  1.0000000000
-10.1164925206 -11.7616945363  -3.0385487465  -9.9503833832  -8.7895846486  -3.1666570460 -0.0771199624 -0.1172080322  1.0000000000 -0.0427177439  0.2752282207  1.0000000000
 -8.9900272895 -12.0092271086  -3.4103313926 -11.9197431941 -13.2953724716  -2.6671826929 -0.0538999204 -0.2195968984  1.0000000000 -0.1742676282 -0.2249247155  1.0000000000
-11.2093970910 -12.1907618319  -0.6782257289  -9.6500493268 -10.9807111637  -0.2231187368  0.0162574928 -0.1068867399  1.0000000000  0.1875521203 -0.0008025961  1.0000000000
-10.2682717504 -11.9755329284  -2.0845645578  -9.7974315815 -10.2723575952  -1.7659127691 -0.0282965784 -0.1213052744  1.0000000000  0.1020591945  0.0719996186  1.0000000000
 -8.8662973143  -9.4164632377  -0.9793746854 -12.2250547845 -10.4054784411  -1.0554960245  0.2486260927  0.1383878043  1.0000000000 -0.0327396418  0.0725659897  1.0000000000
 -8.5137779024 -12.1298584800  -2.2727107997  -9.5334711360 -11.8971307969  -1.6274711728  0.0736152781 -0.2551551132  1.0000000000  0.0753983811 -0.1534069989  1.0000000000
-10.4839932788 -11.8441294519  -0.1603434475  -8.3684476026 -12.0581822950  -1.7091958724  0.1480970128 -0.1037424436  1.0000000000  0.1594677656 -0.2494060066  1.0000000000
-10.1922551860 -12.8266093883  -4.0109835823 -11.4286182869 -10.4411700708  -1.2906013606 -0.2847497275 -0.2619248728  1.0000000000 -0.0101121461  0.0945116111  1.0000000000
-10.1138401326 -12.0448805432  -0.7930641549  -9.8441121748 -10.2907740382  -3.4582672843  0.0438533383 -0.1216484501  1.0000000000 -0.1128256439  0.0432545873  1.0000000000
-12.6674622077  -9.7904831995  -2.5677988657 -10.6922639148  -9.3730417964  -0.3856043792 -0.1704466800  0.2265854702  1.0000000000  0.1325494674  0.2404311905  1.0000000000
 -7.8221444746 -11.9627060287  -1.7513805030 -12.2479127435 -11.2935778524  -2.4864952891  0.2217483356 -0.2658122270  1.0000000000 -0.1484962092 -0.0314803909  1.0000000000
-10.3356157219 -11.2999577239  -2.5845192378  -9.7112309959 -10.1188732659  -2.9292532696 -0.0990908158 -0.0223980935  1.0000000000  0.0192331068  0.0790595252  1.0000000000
-12.2572898416  -9.8256060820  -0.8226389961  -9.9924694409 -10.0620940856  -4.2960911826  0.0005650661  0.1649865415  1.0000000000 -0.2254679055  0.1064208754  1.0000000000
-10.5358165532 -11.4306486956  -2.4732543954  -8.2842814051 -10.2286315973  -1.4056236300 -0.0750126687 -0.0733635063  1.0000000000  0.3141910816  0.0502563597  1.0000000000
 -9.1371908545 -11.4117851947  -0.8711640060  -9.3055818819 -12.5332510599  -1.0726305821  0.2131842450 -0.0967692574  1.0000000000  0.1157864346 -0.2354370914  1.0000000000
 -8.6857957643 -11.8194534385  -1.3819841585 -10.3420253365  -9.0029618930  -3.1383328710  0.1492340489 -0.2143872683  1.0000000000 -0.0562572440  0.2608770748  1.0000000000
 -8.9414668267 -11.0169088746  -1.7451302698 -11.0794010315 -10.8299469316  -1.9376303896  0.1099626353 -0.0461164269  1.0000000000 -0.0527280677  0.0312703411  1.0000000000
 -9.6858668181 -10.5059912463  -3.7550836113  -9.3663237512 -10.3549516378  -0.5391670566 -0.1276201304  0.0494907772  1.0000000000  0.2231733138  0.0459550585  1.0000000000
-10.7375782233 -12.8820947636  -2.1028112241 -10.6324751746 -12.1165925997   0.3472043798 -0.0719241780 -0.2495267165  1.0000000000  0.1311416048 -0.0917329678  1.0000000000
-12.7526807654 -10.6926343918  -1.9621728012 -11.7655240785 -12.3200047891  -2.2320775752 -0.1158089900  0.0744185906  1.0000000000 -0.1604246276 -0.1137259572  1.0000000000
-10.9905016249 -10.6875547117  -2.3862009424 -10.8048726971  -9.7462440568  -3.0128494789 -0.0494329170  0.0489056141  1.0000000000 -0.1396639376  0.1644831711  1.0000000000
-10.1164744750 -12.5253018372  -1.0006541121 -11.1395987201 -10.1537306351  -3.0002248782  0.0872342102 -0.1431450628  1.0000000000 -0.1271613312  0.1341527758  1.0000000000
-10.9812023196  -9.8203103128  -0.3598457952  -9.3954010980 -11.3369761703  -3.6108398029  0.1186895636  0.1567480128  1.0000000000 -0.1089126469 -0.1206459517  1.0000000000
 -9.8019793916  -8.7248166744  -3.6377872568 -10.1565622908  -8.8627640211  -2.1470564434 -0.0258466837  0.2835821156  1.0000000000  0.0827210887  0.2457966181  1.0000000000
-10.3134847700  -9.1751911138  -3.4801460104  -9.8254597336  -9.8956761757  -2.4115785624 -0.1282086081  0.2482465923  1.0000000000  0.0310467803  0.0809399724  1.0000000000
-10.7998703211 -12.0700894597  -3.2796622439 -10.1125495488 -10.4037792353  -0.0124285254 -0.2338699961 -0.1157483228  1.0000000000  0.1913896999  0.0632699283  1.0000000000
 -9.8939483029 -11.5651052420  -4.7012208437 -10.4300951680  -9.8932133670  -0.8329934139 -0.3088577946 -0.1416997192  1.0000000000  0.1102082033  0.1257444209  1.0000000000
-11.3147592829 -10.8817587573  -0.9418476545  -9.8372225958 -10.1119399745  -0.6247818879 0.0479027499 0.0322052604 1.0000000000 0.1948513487 0.0637687050 1.0000000000
-10.7909134464 -10.3042286749   0.0891889045  -8.2110594089 -12.3468194592  -1.6996933778  0.1746941651  0.1128810052  1.0000000000  0.2267718997 -0.2427091283  1.0000000000
-10.2888161464 -12.2635448737  -0.5172314233  -9.2124233707 -10.7754630598  -3.2982009328  0.1101183527 -0.1303093728  1.0000000000 -0.0351169229 -0.0412112599  1.0000000000
-10.6210029494  -9.3722492175  -1.1960119107 -11.6779923634 -10.7089090864  -2.1280242611  0.0897600936  0.1943873077  1.0000000000 -0.0656384142  0.0734812761  1.0000000000
-10.6948865678 -10.3812731895  -1.4242582041 -10.9657491267 -11.9163550149  -2.1998758032  0.0797953570  0.1204276900  1.0000000000 -0.0381379150 -0.0724769314  1.0000000000
 -8.6019731753 -11.8996939687  -1.1668667753 -11.6637187046 -10.3344356759  -0.8526381651  0.2257996588 -0.2024232455  1.0000000000  0.0556376447  0.0915520886  1.0000000000
-11.9325015620 -10.8833040701  -2.2378971174 -11.6887038621  -9.8600393562  -2.6565418428 -0.1375269550  0.0284412188  1.0000000000 -0.1207021415  0.1380617241  1.0000000000
-10.4908046550 -10.3650593921  -2.6596357095  -8.6125921634  -9.5355942401  -2.0381468677 -0.0109718984  0.0745615598  1.0000000000  0.1856554527  0.1302122817  1.0000000000
