530.4000000000
50
-5.7696481403  9.1956335263  8.2831741250 -0.2131719242 -0.0991526551  1.0000000000
-3.1970077358  8.3225259344  8.3061515125  0.1015794451 -0.1571812661  1.0000000000
-4.8180031808  8.2757968452  8.2450235458 -0.0764451282 -0.2270523989  1.0000000000
-4.9382983091  9.8467143664  9.3856845956 -0.1107735695 -0.0844512650  1.0000000000
-5.2735094594 11.4559922107  8.0697398048 -0.2345020972  0.1839922409  1.0000000000
-4.3196604523 10.2929826208 10.0622947780 -0.0305113759 -0.0433648623  1.0000000000
-2.0092965291  9.6555004491  8.5747721994 0.2267352645 0.0087560269 1.0000000000
-3.3556939326 11.1379092027  8.6077798051 0.0581827125 0.1141586750 1.0000000000
-4.0691612086 10.5297579478  7.4220422462 -0.0254354130  0.1311164440  1.0000000000
-4.9981365029 11.4674922547  9.8445704472 -0.1241778953  0.0672744631  1.0000000000
-4.2634181028 10.3358814148  7.2945709035 -0.0804661373  0.1064146274  1.0000000000
-2.8595768960  9.3524036004  8.6086718198  0.1291898003 -0.0346514818  1.0000000000
-5.3478868222 11.0447321461  8.4866889416 -0.2017325513  0.1446045251  1.0000000000
-4.0560096699 10.6661734155  5.8845418027 -0.0631451711  0.2995798813  1.0000000000
-5.6901553928  8.8701768473 10.4549962008 -0.1544107379 -0.2384771445  1.0000000000
-3.1868956982  8.9441074196  7.8780715992  0.1437801475 -0.0832475236  1.0000000000
-3.5047040997  9.6532060154  9.8524440409  0.0135320775 -0.0673177929  1.0000000000
-5.0545181191 11.6295459026  8.1181116978 -0.1984097524  0.1661072668  1.0000000000
-2.7532427599  8.6524225180  8.3571625301  0.1692504427 -0.0696813509  1.0000000000
-5.2641344030  9.0982056789  6.8225160040 -0.1801300342 -0.0496003133  1.0000000000
-5.0579972406 11.5403436914  8.8791188701 -0.1287802558  0.1559848988  1.0000000000
-4.0747010951  9.5146521646  7.2215888445 -0.0232554248  0.0603881247  1.0000000000
-2.0283170954 10.6580379748  9.8252006322 0.1972768195 0.0320452212 1.0000000000
-3.2456002381 12.1145644525  8.9458006674 0.0194727436 0.1956493886 1.0000000000
-3.7709399598  8.8551862135 10.4741381460  0.0705665914 -0.1590576741  1.0000000000
-3.9368605996 10.3616549690  7.1176597537 -0.0604646652  0.1100868368  1.0000000000
-3.0267158834  9.2816822273  9.0575391267  0.1241346914 -0.0642217907  1.0000000000
-3.7081342477  9.6496995965  8.4512408994  0.0743685078 -0.0553230362  1.0000000000
-5.3514899480  9.6143079227  9.7578919392 -0.1388822715 -0.0755340007  1.0000000000
-3.8312259438  9.0116823809  7.5977262503 -0.0097352404 -0.0825946021  1.0000000000
-3.5344725062  9.1225592933  6.6671432150 0.0561344383 0.0155811689 1.0000000000
-4.1327910483 11.6798223358  7.9355257156 -0.0704428027  0.2069793820  1.0000000000
-3.4289432947 10.6703400073  6.7147631194 0.0368456180 0.1929744097 1.0000000000
-4.0484779280  9.1158014759  7.3810749136  0.0047614987 -0.0396782007  1.0000000000
-4.8790710155  7.7665347205  8.3554670542 -0.1025778138 -0.2356348690  1.0000000000
-5.1436097790  8.9821455597  6.7430007041 -0.1896162767 -0.0128077584  1.0000000000
-4.2814914261  8.3815977473  8.5347871898 -0.0374817227 -0.1755747975  1.0000000000
-5.5486719326 11.2796511313  9.3078157418 -0.1962517785  0.0967629456  1.0000000000
-3.5624142531 10.2979173313  6.5028081349 0.0503982458 0.2228077337 1.0000000000
-4.7139690553  9.3150542933  8.7392936288 -0.0882817052 -0.1037885924  1.0000000000
-3.4837711281 10.4655236713  6.1799855560 0.0063217064 0.2191755660 1.0000000000
-3.7695192964  8.0141956894  7.1145624442  0.0329105002 -0.1806991392  1.0000000000
-5.0679769583 11.6369987438  9.3893968674 -0.1528338350  0.1065283168  1.0000000000
-4.6449761889  8.6230963561  8.2945362262 -0.0556377161 -0.1329773208  1.0000000000
-3.7076959220  9.6238253140  7.8753017720 0.0706453092 0.0332308789 1.0000000000
-2.5045810560 10.8073415635  9.2433149586 0.1690356871 0.0753851549 1.0000000000
-2.7339135040  8.9907372703 10.7273724205  0.1534096729 -0.1357503408  1.0000000000
-5.1939601013  8.9114722042  9.3880354504 -0.1541382227 -0.1988483754  1.0000000000
-5.4969672672 10.5557022674  7.8568286154 -0.2164007994  0.1158375774  1.0000000000
-4.8600994874 12.0824712608  8.5925268780 -0.1521823091  0.2029385989  1.0000000000
50
-3.1706104683  9.9246253366  9.1314550281 -2.5188218826  8.2695337841 10.1073855696  0.0589633501  0.0432586734  1.0000000000  0.2129309301 -0.1812666822  1.0000000000
-3.3490600460  8.9041167501  9.9120230218 -2.2933350547  9.8100670737  9.0672417094  0.1325372319 -0.1600839053  1.0000000000  0.1785236835  0.0286047325  1.0000000000
-4.4623056939  8.9214665847 11.0119043717 -5.2162339022 10.9019718678  7.3125958797 -0.0323971287 -0.2019589749  1.0000000000 -0.1978899208  0.1511608923  1.0000000000
-4.8356524565  9.8418593308  6.8723356330 -4.1219858077 10.3791538072  6.3811776835 -0.1674468797  0.0542660075  1.0000000000 -0.0810159565  0.2051829018  1.0000000000
-5.3902327709 11.7510106110  8.5180589843 -2.1410339688  7.2453370244  8.0442759877 -0.2278513245  0.1881363663  1.0000000000  0.2916659049 -0.2868404577  1.0000000000
-3.7413782843 11.2295014986  9.6443003591 -3.7835914684  9.6790870625  8.8406818029 -0.0259909381  0.0616453821  1.0000000000  0.0394604432 -0.0425538488  1.0000000000
-3.2852680093  8.4979960516  8.8862316074 -4.8969329156 10.5811452834  6.4886607773  0.0784847425 -0.1449430906  1.0000000000 -0.1654352801  0.1830002867  1.0000000000
-4.8399481290 10.3643445391  6.0513247396 -2.0177187964  8.2206079049  8.7238813904 -0.1855494997  0.1859947075  1.0000000000  0.2319938210 -0.1292941890  1.0000000000
-3.3913224334  9.1141334709  8.7550334615 -4.0097189156  9.9017374218  9.3779836171  0.0759106580 -0.0575961787  1.0000000000 -0.0545240803 -0.0468905372  1.0000000000
-4.7221105343  7.9203107627  7.5191172677 -4.5162446779  8.5269954898  7.4039470102 -0.0315517944 -0.2024653630  1.0000000000 -0.0438451227 -0.1257943881  1.0000000000
-5.7396709882  8.4134299470  7.4482176011 -3.6519460744 11.0405365854  8.3355128659 -0.2443385087 -0.1728423713  1.0000000000 -0.0041402462  0.1801914059  1.0000000000
-3.2805782158  8.2382517288  7.4452340888 -3.8308771129  9.9244074138  9.6691843451  0.1080879924 -0.1507551947  1.0000000000  0.0112417422 -0.0217640401  1.0000000000
-4.4886103761 10.3497061074 10.2503370724 -3.5524856386 10.4044319089  6.6652726185 -0.0579555323 -0.0145197950  1.0000000000  0.0456940736  0.2008132085  1.0000000000
-2.5526288719  8.4306491852  7.5312648537 -4.9825568874  8.8029234633 10.1482923369  0.2278828712 -0.1447841390  1.0000000000 -0.0941418918 -0.1689567045  1.0000000000
-4.4165988011  8.1870559063  8.0275330925 -3.1696341903  9.0355043098  9.0610628269 -0.0470242304 -0.2178860522  1.0000000000  0.1151810697 -0.1174489027  1.0000000000
-2.2274380905  9.9546009228 10.1878025314 -3.2720071872  8.7419558257 10.9899322721  0.1522499071 -0.0584211689  1.0000000000  0.0928138142 -0.1980019585  1.0000000000
-2.1626293841  8.1763509199  8.9888550819 -4.0564714284 10.8491643810  6.3710023083  0.2572514209 -0.1614181193  1.0000000000 -0.0760712896  0.2383222085  1.0000000000
-2.4135084158 11.3214387771  8.3383324253 -3.5990817157  8.9346290460 10.8753833312  0.1332310851  0.1878404102  1.0000000000  0.0370371365 -0.1576807102  1.0000000000
-2.2167945414  8.5249495311  8.9146685902 -2.1276683259  7.4688828722  8.7023275629  0.2596856447 -0.1653939517  1.0000000000  0.2829924742 -0.2657705486  1.0000000000
-5.3086988675  9.2578386654  9.0998464777 -3.8022150085 11.7907953454  9.6937100033 -0.1380099514 -0.1134984385  1.0000000000 -0.0061450132  0.1811594892  1.0000000000
-2.2137336492 10.7610803173  8.7730189502 -2.1396430587 10.5104508696  8.4623822181 0.1570755724 0.1261446161 1.0000000000 0.2089749702 0.0988806259 1.0000000000
-5.8749209243  8.5909788080  8.0532066462 -2.0916433579  8.4935335570  7.9084291407 -0.2441491068 -0.1760908675  1.0000000000  0.2830044767 -0.0986878344  1.0000000000
-2.0568584311 11.4558929597  8.2065224812 -1.8246187988 10.9597405143  7.4826407699 0.2226540374 0.2225797054 1.0000000000 0.2533103871 0.1674202808 1.0000000000
-5.2207499605  8.9129455520  6.7350737246 -4.9290146773 11.6311570929  9.6405472884 -0.1786540815 -0.0381285481  1.0000000000 -0.0970037545  0.0937747501  1.0000000000
-4.1743588006 10.0161897216 10.3472992078 -4.9249911093  8.7062444934  7.2334513990 -0.0670106123 -0.0901597170  1.0000000000 -0.1312658099 -0.1152179430  1.0000000000
-2.1599556031  7.8521999742  9.5181385432 -2.9130472106  9.8931089681  8.0009078713  0.2573628927 -0.2650892565  1.0000000000  0.1085528393  0.0612637150  1.0000000000
-2.0028520434 10.6204835549  7.1519890159 -5.1269667612  8.3542023847  8.3123282841  0.2329501101  0.2161166390  1.0000000000 -0.1443022244 -0.1791251312  1.0000000000
-4.8947260437 10.5585498518  7.1497238110 -5.5239499636  8.2449477965  7.6078454935 -0.1827274400  0.1651494827  1.0000000000 -0.1839385190 -0.2115578957  1.0000000000
-3.8601256923  7.9607127777  7.4168708145 -4.8729005411  8.2181209053  8.0037768467  0.0416292658 -0.1887958699  1.0000000000 -0.1377795166 -0.1615023967  1.0000000000
-3.5411124478  8.1487036113  8.7580775038 -2.1363701967  9.0517725897 10.1876144196  0.0737402554 -0.2319280427  1.0000000000  0.1973055493 -0.1158502471  1.0000000000
-1.7782469474  9.8078148625  6.5319841690 -3.7195497663  7.9060546630  7.3527930099  0.3022050891  0.2099480849  1.0000000000  0.0799708091 -0.2373987488  1.0000000000
-3.9638401245 10.2033304419  9.4326867855 -3.2325981092 11.1153413213  8.5603582187  0.0006218059 -0.0068465694  1.0000000000  0.0451310669  0.1417188856  1.0000000000
-4.6076641316  9.0258749982 10.4806133442 -3.8904771148  8.1319818256  7.2949146571 -0.0247081203 -0.1870066496  1.0000000000  0.0118472568 -0.1605758199  1.0000000000
-3.0965760131  8.5085486684  7.6311453209 -2.3452298459 10.1591443086  9.2333950719  0.1064409877 -0.1587889015  1.0000000000  0.1718683903  0.0207708201  1.0000000000
-1.7140459009 10.3976343288  5.9825252156 -4.8807157971 11.2557517503  8.3817694630  0.2747382444  0.2917192347  1.0000000000 -0.1413726847  0.1287418392  1.0000000000
-1.7855678538 11.0106211735  8.2701848142 -4.9655475897 11.6549611175  7.9047020042  0.2084624644  0.1802549650  1.0000000000 -0.1747234276  0.2065287009  1.0000000000
-3.2123941371  9.8471902742  6.8161289359 -4.1616706323  9.4991854147  8.9829679805  0.0864727335  0.1531040904  1.0000000000 -0.0589103645 -0.0522151586  1.0000000000
-3.9018626862  8.3744571714  7.6980822396 -2.9062859669  9.0691563203  8.9204940297 -0.0061584319 -0.1303046301  1.0000000000  0.0924696990 -0.0270535187  1.0000000000
-5.5115066934  9.3573772209  6.7267815396 -3.4479774340  9.2009428627  9.8731063809 -0.2478242372  0.0150317948  1.0000000000  0.0485235364 -0.1379953161  1.0000000000
-3.5952130345  9.0173621530  9.3217619701 -4.0294855685 11.3600749607  8.1062562712  0.0773658795 -0.1278751114  1.0000000000 -0.0116790109  0.2248484795  1.0000000000
-4.7955228968 10.2613069116  9.3888572321 -5.3468433611  8.6575117392  9.8958206435 -0.1263353857 -0.0183930355  1.0000000000 -0.1670575583 -0.1784261597  1.0000000000
-2.4984074416  8.9790485571 10.3142631359 -4.6706468262 10.8693969475  7.8350983304  0.1884837049 -0.1722559697  1.0000000000 -0.1200049535  0.1078697881  1.0000000000
-3.5476953756 12.0980001896  9.1408549955 -2.5831298373  9.4627563447  8.1810945799 -0.0326690386  0.1738591107  1.0000000000  0.1766508537  0.0078481520  1.0000000000
-4.4995339319  9.5601400395  7.0735546245 -3.7147616488  8.7074740493  7.7485188143 -0.1069703428  0.0306237121  1.0000000000  0.0410068887 -0.1162157473  1.0000000000
-2.3478117784 11.8407695760  9.0687686426 -3.1075592119  9.7424439297  8.2135231445 0.1274627753 0.2211337918 1.0000000000 0.1032257812 0.0356082158 1.0000000000
-5.3290079033  9.8157965305  9.8802887872 -5.3961587941  7.5329848069  7.6067875956 -0.1581199475 -0.0841274342  1.0000000000 -0.1995886347 -0.3243007458  1.0000000000
-4.1797309146 10.7852267908  6.9065920256 -5.4202385794  8.8039321155  7.2548342862 -0.0580063431  0.2336107665  1.0000000000 -0.2058731072 -0.0827893413  1.0000000000
-5.6432814298  8.8473267575  8.2767774641 -3.4059013561 10.8448993234  9.4883562637 -0.2000308414 -0.1921483011  1.0000000000  0.0376022416  0.0595842436  1.0000000000
-5.0630584060 11.3766220225  8.4293101614 -4.2215924037  8.9412900611 10.8950847483 -0.1285815925  0.1628033125  1.0000000000 -0.0024281073 -0.1891686995  1.0000000000
-3.9119453890 11.3293051108  7.8491008348 -2.1382590141  8.6866501602  8.0961953683 -0.0375807323  0.2138300753  1.0000000000  0.2639224368 -0.0687436818  1.0000000000
