850.2000000000
50
 13.0075956298 -14.4944398884   2.5745151633  0.0609007649 -0.0987674756  1.0000000000
 13.5440222154 -13.9133049892   3.8508715585  0.1808322440 -0.0448527436  1.0000000000
 13.4399771622 -16.7564322050   2.4991802927 -0.1101505467 -0.1329810191  1.0000000000
 13.2802743689 -15.0820420816   4.3791177185 0.1261520363 0.0069987552 1.0000000000
 12.7326838879 -17.3123631149   3.1523601928 -0.2005448442  0.0019572821  1.0000000000
 15.0894771329 -15.7132029104   3.7023558837  0.0689031527 -0.2235475929  1.0000000000
 13.4626817622 -14.4703851490   2.5887762755  0.0583700413 -0.0887309603  1.0000000000
 13.8692834490 -14.9234824486   4.1480767259  0.1382266930 -0.0792750571  1.0000000000
 11.8257168266 -14.3875248898   2.8008211872 0.0203551194 0.1041920835 1.0000000000
 14.3812882406 -16.1467640252   3.3612663709 -0.0263439062 -0.1436804856  1.0000000000
 11.0631322359 -15.4361727895   2.0426106452 -0.1719558243  0.1083932042  1.0000000000
 12.3403065058 -15.7518779485   3.4864467965 -0.0248113801  0.0381989760  1.0000000000
 12.6929856827 -15.1869149073   5.4353714988 0.1521770376 0.1190856073 1.0000000000
 12.4754793185 -14.9700563397   2.8765485644 -0.0334265236 -0.0040336353  1.0000000000
 12.4279001337 -17.2547712804   3.5913738213 -0.1634928913  0.0458256732  1.0000000000
 14.6959221475 -15.0221288331   4.8775999246  0.2105369775 -0.1409113878  1.0000000000
 11.2913013623 -13.5773221851   3.7550299253 0.2095012580 0.2350264799 1.0000000000
 11.6705684743 -16.6784247220   2.6616873478 -0.1844391490  0.0683061421  1.0000000000
 13.7106784271 -13.7824141802   2.3159492785  0.1306719398 -0.1660371344  1.0000000000
 12.4918304342 -13.6981208907   4.0518924632 0.2300091304 0.0876780775 1.0000000000
 11.2768383431 -13.6129357515   3.1110439019 0.0696511721 0.2181442999 1.0000000000
 14.4523041207 -14.8336241824   3.8955643234  0.1260296876 -0.1249880429  1.0000000000
 14.1794493457 -15.6108530116   1.9342128313 -0.0289828630 -0.2633337605  1.0000000000
 13.0319181042 -17.5446966096   3.7725214180 -0.1505371327  0.0136382399  1.0000000000
 12.4034653502 -15.5132604265   3.8023081420 -0.0078006065  0.0713189941  1.0000000000
 12.8109762856 -16.7793914614   3.9952169938 -0.0207601539  0.0097865622  1.0000000000
 13.3014450614 -16.8637458042   2.9304654126 -0.1114287296 -0.0378743777  1.0000000000
 12.7988456818 -15.5548404468   2.4755939875 -0.0518403412 -0.0536854841  1.0000000000
 14.7189942866 -14.5187665569   3.5581030253  0.1662848946 -0.2029740864  1.0000000000
 11.3579987576 -13.1238099768   4.7563256905 0.2900977751 0.3430832287 1.0000000000
 11.3577109937 -14.6729966850   2.0191360771 -0.1006829770  0.1215633568  1.0000000000
 12.3869976519 -15.1242286772   2.2803076375 -0.0649648471 -0.0442268925  1.0000000000
 10.7332491845 -16.2192343621   2.2691637822 -0.2919044763  0.1293742266  1.0000000000
 11.4681619820 -16.2249056883   4.9185038781 -0.0336175370  0.1907592238  1.0000000000
 12.6435286441 -15.4260271936   2.9041503242 -0.0934192284 -0.0056648347  1.0000000000
 11.6533040899 -12.5984240970   3.7377216061 0.2833756686 0.2014055268 1.0000000000
 11.2726318861 -13.9564013330   4.6561334084 0.2299888441 0.2849116093 1.0000000000
 13.8234879896 -15.8285047695   3.7631670936 -0.0074041679 -0.0817763541  1.0000000000
 15.0640018510 -14.9493799368   4.6475436971  0.1531207904 -0.1807525315  1.0000000000
 14.5055567258 -16.2076537504   3.6446442055  0.0348236173 -0.1633587673  1.0000000000
 13.2188618846 -14.5878713719   3.8932461124  0.1327431207 -0.0012244673  1.0000000000
 12.7251410296 -15.6796066396   5.8891338487 0.1255789705 0.1649934734 1.0000000000
 11.4515698260 -17.4405991972   3.7151453196 -0.1522601156  0.1341210097  1.0000000000
 13.7228531847 -16.5682236926   3.2402710979 -0.0979260250 -0.0869842446  1.0000000000
 11.2726145617 -15.8374610712   2.1823312039 -0.2142012167  0.0986739570  1.0000000000
 11.6456974118 -14.0370411749   2.6034989287 0.0203751413 0.0725932758 1.0000000000
 12.2813921204 -14.0175162554   2.2598260467  0.0469749909 -0.0193127726  1.0000000000
 14.7873683448 -13.8635490022   3.0402751320  0.2128442002 -0.2169606645  1.0000000000
 11.4076896264 -15.0616079807   4.7474914143 0.0746724542 0.2209642333 1.0000000000
 13.1398508834 -15.9484455091   3.9057176086 -0.0373289595 -0.0041851467  1.0000000000
50
 13.0685270319 -15.8010808603   1.7513899311  14.3007094502 -17.6482457862   2.2761570944 -0.1673118172 -0.1322343799  1.0000000000 -0.1793161870 -0.1981706071  1.0000000000
 15.1940314375 -15.0442561754   4.2082002475  12.8012862734 -16.6064456005   2.6529632307  0.1781568085 -0.1438352183  1.0000000000 -0.1512392036 -0.0783542415  1.0000000000
 12.9892433839 -13.9224421944   3.8634923596  14.5217638393 -15.6082983678   2.8546241666  0.2498733363  0.0007651068  1.0000000000  0.0377449062 -0.1947291797  1.0000000000
 12.0243724766 -17.2946581609   2.8948598629  12.5239857822 -17.3435497377   2.9143102210 -0.2293055822  0.0876571126  1.0000000000 -0.2570075443 -0.0023798942  1.0000000000
 12.8694246259 -15.7930079021   0.5470110937  12.6202772137 -15.7692441531   4.1142608743 -0.2856895052 -0.2111842994  1.0000000000  0.0125528311  0.0426165664  1.0000000000
 11.3577554302 -14.2865512755   4.6307434985  12.2514705218 -14.7065556599   4.9550842128 0.1442056104 0.2401877858 1.0000000000 0.1490904677 0.1574473834 1.0000000000
 13.0763508561 -14.5403363402   4.8766373454  13.5278686954 -15.9658366443   2.4114261182  0.1873101381  0.0487218094  1.0000000000 -0.0885080360 -0.1177419945  1.0000000000
 13.1731890151 -14.8029004532   4.7674138084  14.3663381340 -14.2207612508   3.7940876544  0.1444872661  0.0678374795  1.0000000000  0.2328533593 -0.1261892829  1.0000000000
 10.7864448748 -14.0860546699   2.9783675285  11.0599032464 -15.5765443674   1.3354799003 -0.0038550959  0.2184424285  1.0000000000 -0.2666595684  0.0578095729  1.0000000000
 10.8716898120 -15.2420149346   2.0076116858  12.8423001949 -13.3868833323   2.8858961370 -0.2021795855  0.1888529725  1.0000000000  0.2046583210 -0.0298736321  1.0000000000
 12.1456691938 -14.8068584948   4.9696657979  12.9231820809 -14.7197993933   3.1644429887  0.1511955972  0.1978342912  1.0000000000  0.0544216032 -0.0544637538  1.0000000000
 13.3912293935 -15.3082448686   1.1011408994  11.7276584699 -14.3188879926   2.3554377239 -0.1698953102 -0.2628393886  1.0000000000 -0.0047819323  0.0752709355  1.0000000000
 12.7634663823 -16.3448114488   1.5980036475  10.9553316895 -15.2356896142   2.7061497943 -0.2357667667 -0.0607590017  1.0000000000 -0.1115148602  0.1588896961  1.0000000000
 10.5034420107 -15.2752220155   2.3085366823  11.9050836052 -14.7326491943   5.2177550579 -0.1945557575  0.2573905900  1.0000000000  0.1409151971  0.2068926992  1.0000000000
 14.7908893748 -15.5325395914   2.9323982350  13.9257142002 -17.6448359888   2.2848599797  0.0546308239 -0.2177786776  1.0000000000 -0.1761641669 -0.1549379162  1.0000000000
 12.5911533920 -14.5685443061   4.9214383434  13.7112735853 -15.6262270056   1.8655770273  0.1659462594  0.0846741701  1.0000000000 -0.1043399949 -0.2112820064  1.0000000000
 14.0781820911 -16.9092123997   4.0151974470  12.2003544805 -16.0153193381   1.2562769749 -0.0365488089 -0.0667636168  1.0000000000 -0.2473609609 -0.0544922825  1.0000000000
 11.9397203536 -16.3363139092   3.8760726380  11.0570413271 -16.9973807648   4.0347814802 -0.0213138165  0.0913193449  1.0000000000 -0.1932355599  0.2077765476  1.0000000000
 12.9333754354 -15.4649789911   0.1020327639  12.2262161872 -13.1229098184   3.9136918023 -0.2864669931 -0.2753919157  1.0000000000  0.2939440047  0.1128385302  1.0000000000
 14.6585898955 -15.2136428629   5.3740618450  13.5316930842 -16.6921693229   1.8518707351  0.1721910649 -0.0287303085  1.0000000000 -0.1746921693 -0.1856038257  1.0000000000
 12.3847231262 -14.4669932987   4.7764320093  14.4591250494 -13.7204667043   3.4687957702  0.1658618120  0.1493427593  1.0000000000  0.2221245510 -0.1775072543  1.0000000000
 14.0369385423 -16.6163688246   2.6439316728  12.9120854869 -13.9071361741   2.3742410176 -0.1135295885 -0.1777082383  1.0000000000  0.0759469832 -0.1021068836  1.0000000000
 13.7551751114 -14.7088872045   1.2246372829  11.6282424308 -15.6356854497   3.4031785829 -0.0726145273 -0.2965617205  1.0000000000 -0.0423723511  0.1107086507  1.0000000000
 11.9267929388 -15.7868324610   3.9564516323  10.9530647777 -16.7291053491   3.6598897927 -0.0049851064  0.1695401890  1.0000000000 -0.1737784895  0.1861549714  1.0000000000
 11.3986804198 -15.5495082234   4.2825920382  13.1363470399 -14.9942772815   3.6664162803 -0.0037270030  0.1922533953  1.0000000000  0.1046114111  0.0084092500  1.0000000000
 14.5241581020 -15.9310183018   2.4943244884  13.0818528939 -15.0012516781   3.2138071609  0.0083921961 -0.2294705447  1.0000000000  0.0718162289 -0.0350421882  1.0000000000
 14.2188549619 -14.4524968875   2.8607339024  13.3569628654 -17.0502224226   2.2961310531  0.1094927725 -0.2094029265  1.0000000000 -0.2176741530 -0.0932055641  1.0000000000
 12.3984802036 -15.9745962360   1.6901278519  12.3950916521 -14.7034512411   5.3564077601 -0.1887609548 -0.0485445377  1.0000000000  0.1852612166  0.1378828516  1.0000000000
 12.5588712348 -13.6987183274   2.3350056526  14.4539042887 -15.0209400023   2.5687520070  0.0683548388 -0.0606789550  1.0000000000  0.0676082966 -0.2473425604  1.0000000000
 12.5869194851 -15.5851283346   3.8346125976  14.0933244913 -12.8054824561   2.6171711438  0.0225629976  0.0612671046  1.0000000000  0.3437519560 -0.1990732097  1.0000000000
 12.9012526754 -14.4097429450   5.5429202297  13.2021006923 -14.5701336581   1.5851225356  0.2375301839  0.1187136290  1.0000000000 -0.0481925683 -0.2033903183  1.0000000000
 12.7973372572 -15.6512044522   4.1692881006  13.8801636215 -14.1423484612   3.3252583141  0.0445703261  0.0239313452  1.0000000000  0.1773034562 -0.1061833793  1.0000000000
 12.1385775371 -16.1652884329   2.6881231479  13.1721685806 -16.9411170509   1.9858271482 -0.1687416946  0.0397655217  1.0000000000 -0.2485335012 -0.0812685524  1.0000000000
 13.4120481725 -15.3018769805   2.7309764946  11.3073850172 -14.1932696588   2.8226697833 -0.0035595257 -0.0865927411  1.0000000000  0.0579438513  0.1978866915  1.0000000000
 13.0277108645 -16.9151047686   2.6649529926  12.2063134063 -15.1938286858   1.8346771564 -0.1474189570 -0.0771666591  1.0000000000 -0.1160072199 -0.0622773640  1.0000000000
 12.8329771916 -15.8750117823   0.6368867931  12.6664954452 -15.2603092571   1.3258386090 -0.2791775392 -0.1959805386  1.0000000000 -0.1628867935 -0.1264168470  1.0000000000
 11.6817864841 -14.5509102590   5.1673942116  12.1725311796 -15.5894248885   1.1393703485  0.1293950659  0.2023342189  1.0000000000 -0.2682233165 -0.0538599296  1.0000000000
 12.4563610843 -16.0244314111   5.4756274745  13.0881195392 -13.1418785239   3.1157603913  0.0881206572  0.1545469761  1.0000000000  0.2687233434 -0.0520784445  1.0000000000
 10.6407663475 -15.3330348707   2.4606882410  12.0163145963 -14.2726309247   5.6184209865 -0.1581648900  0.2175635145  1.0000000000  0.2424659002  0.2302784978  1.0000000000
 11.6239963690 -14.8893952547   2.2458666833  11.7814122408 -13.8720960277   3.9406700292 -0.0879424438  0.0407613424  1.0000000000  0.1828665866  0.1554155848  1.0000000000
 11.8535015874 -14.0669327658   5.2848795516  13.9083657746 -16.2599652505   1.9881384055  0.2542959365  0.2176112718  1.0000000000 -0.1145843767 -0.1891149214  1.0000000000
 12.2039046282 -16.8924084473   3.5863316482  11.9881404707 -15.2952995404   4.1926922402 -0.1438798566  0.0132766930  1.0000000000  0.0452107031  0.1238140443  1.0000000000
 12.1338294350 -15.9995833984   3.9004170677  11.7288727502 -13.8176373968   4.1771451051 -0.0585822853  0.1512322311  1.0000000000  0.1894503135  0.2265867530  1.0000000000
 10.8540285046 -13.9540147992   3.9138439137  12.3845362286 -14.6147744388   3.5794517961 0.1309319861 0.3055828951 1.0000000000 0.0677087933 0.0574427988 1.0000000000
 11.3477952773 -15.6289001574   2.8836786398  14.1323175295 -17.1123596120   1.8322500864 -0.1064962036  0.1615961888  1.0000000000 -0.1839363829 -0.2004263433  1.0000000000
 11.9196984493 -16.6551802840   2.1461147670  13.5826562677 -16.2183240164   1.2767999223 -0.2559876920  0.0171516615  1.0000000000 -0.1812518661 -0.2272443224  1.0000000000
 12.1839876834 -14.8087685143   4.8318195619  13.7200704778 -15.9766381075   3.9704548109  0.1659916154  0.1638078393  1.0000000000 -0.0107882808 -0.0641533395  1.0000000000
 13.9599142742 -15.6754443389   1.4586082928  13.3303149056 -17.2034971074   2.7000829663 -0.1061217782 -0.2563162640  1.0000000000 -0.1647227309 -0.0596930436  1.0000000000
 12.4056610483 -16.7108944002   2.5767835153  11.4291450698 -13.9833548804   3.9164386900 -0.1910777348  0.0306130715  1.0000000000  0.1471560310  0.2203577582  1.0000000000
 14.3361166212 -16.3879288308   3.7323860290  10.9591111990 -14.3321449576   3.1548737422  0.0330037284 -0.1058065468  1.0000000000  0.0502819171  0.2270957086  1.0000000000
