646.5000000000
50
-3.4000792427  2.7648762216  6.9024160399 -0.1372916163  0.1142748942  1.0000000000
-6.2206943460  1.1686294042  8.2870648110  0.0195281632 -0.1836585622  1.0000000000
-4.5040982829  0.1504410041  9.2367618311  0.1821587836 -0.0774876182  1.0000000000
-4.8243022673  0.2585956440  6.0762174484  0.0102410963 -0.2030783014  1.0000000000
-3.4487519084  1.4091090602  5.6803135446 -0.1044870848 -0.0472391505  1.0000000000
-2.5205524206  0.0292557643  6.6087675484 0.1867605249 0.0027016206 1.0000000000
-4.2260085578  1.0144413610  8.4768489785  0.1325529966 -0.0272703989  1.0000000000
-5.0560560020  1.9849052099  6.3241698484 -0.1590815735 -0.1172407582  1.0000000000
-3.2377052797 -0.1453067573  8.3295263559  0.2696807912 -0.0153824008  1.0000000000
-4.4011131335 -0.6523418479  8.1090085488  0.2431441034 -0.1665238972  1.0000000000
-3.2992645430 -0.3193618082  7.3814729400  0.2353160161 -0.0775166186  1.0000000000
-2.5878785946  2.6472608881  7.0248001587 -0.1108689634  0.1755276247  1.0000000000
-3.6117835957  3.2521924400  7.9555573100 -0.1221574079  0.1259892482  1.0000000000
-5.6464947317  2.8566266311  6.9986011784 -0.2277380498 -0.0932293434  1.0000000000
-3.2455276680  1.9457472741  6.2540880147 -0.1461756001  0.0677878436  1.0000000000
-5.0759384536  1.9013127530  7.7268903163 -0.0548244680 -0.0320050952  1.0000000000
-4.8507339314  0.5114424955  5.7639965352 -0.0490262534 -0.2741446146  1.0000000000
-5.3122935527  2.1656916954  6.0729413016 -0.1963400394 -0.1476721415  1.0000000000
-5.9425693321  1.3348290317  8.6412770148 -0.0065215933 -0.1185016828  1.0000000000
-3.8023302589 -1.1775922483  7.0714441751  0.3111463829 -0.1818434470  1.0000000000
-5.6350694801  0.6583563976  6.9879514812 -0.0288603504 -0.2015596035  1.0000000000
-4.1865704366  0.4005617375  7.5819173188  0.1248699902 -0.1350453841  1.0000000000
-3.8865147328  2.7877969291  5.9255874243 -0.2940183479  0.0272168958  1.0000000000
-3.6729074003  1.1274474912  8.4912075792 0.1197013505 0.0178806414 1.0000000000
-2.2124996431  1.9336670094  7.1248941959 0.0109035259 0.2216191289 1.0000000000
-4.7706971881  0.4402706146  7.8666784252  0.1239452245 -0.1430310987  1.0000000000
-4.0365093278  2.1376916317  7.9704777351 0.0024020940 0.0358124211 1.0000000000
-4.0668023485  1.9061574293  9.1894976618 0.0737669108 0.1137620283 1.0000000000
-4.3583047855  1.4580921106  4.9576029655 -0.2315407009 -0.1889150578  1.0000000000
-4.8388856127  1.6490648635  5.3421854894 -0.2331853139 -0.1790939240  1.0000000000
-3.2570192480  2.1189794516  6.4257576251 -0.1629454592  0.0969648276  1.0000000000
-4.2715165765  0.1734319521  8.2980000395  0.1698498191 -0.0622353597  1.0000000000
-3.8684435908  1.3155766527  5.8011942860 -0.1238386464 -0.0889737365  1.0000000000
-5.7064428356  0.5968340248  7.9504675281  0.0770266212 -0.1699065996  1.0000000000
-4.3751882256  2.6103245968  7.3772539579 -0.1100096098  0.0162894657  1.0000000000
-5.6183228819  1.5632720443  8.2302017436  0.0018599521 -0.0961098562  1.0000000000
-3.9133810121  3.1908785115  6.7255153679 -0.2250827388  0.0663100524  1.0000000000
-3.5896522470 -0.0657215231  6.7561582456  0.1428213016 -0.1243316999  1.0000000000
-3.8517845156  0.8557450298  7.3059573458  0.0417421066 -0.0568739227  1.0000000000
-3.8642576478  1.0821346231  8.1495141668  0.1086870467 -0.0038832778  1.0000000000
-1.9700629446  0.4501602022  7.9220932961 0.2196983478 0.2128500209 1.0000000000
-4.0893609235  2.8835196357  7.0969835746 -0.1231170705  0.0639582794  1.0000000000
-3.2855566358  2.1764483932  9.9117906287 0.1059774998 0.1614993468 1.0000000000
-2.3568461803 -0.3929307489  6.9471963914 0.2024846281 0.0408540899 1.0000000000
-3.1706353555  1.6241662372  8.4235991637 0.1044270946 0.1009471156 1.0000000000
-5.8479631918  1.9713634866  7.6779112080 -0.0795867140 -0.1479206820  1.0000000000
-5.1108487907  2.0278666640  6.5021593905 -0.1696938007 -0.1171193754  1.0000000000
-2.9796739591  2.4229893128  9.5198864765 0.1185605713 0.2167634417 1.0000000000
-2.7976941846  0.2343267308  7.6580082023 0.2477967811 0.0086531323 1.0000000000
-5.6922302939  2.1314705850  7.4985287061 -0.0983795036 -0.0483530348  1.0000000000
50
-5.6625313136  0.8416155346  8.2309839097 -3.8989039578  1.2398498229  5.2533761130  0.0679969468 -0.1486265168  1.0000000000 -0.1747040386 -0.1530735854  1.0000000000
-6.0285692458  1.6913613675  6.4883656486 -2.4494360178  1.8265871308  8.6424613546 -0.1581326762 -0.2442451391  1.0000000000  0.1135393111  0.1793665572  1.0000000000
-3.8669040451  1.8710872838  7.7057425882 -1.8080052632  1.2265192174  7.2997682396 0.0160585340 0.0564526633 1.0000000000 0.1348356109 0.2580822162 1.0000000000
-5.9554554810 -0.2302997798  9.3771828027 -2.8334178454  0.5311564616  8.7559263279  0.1791636909 -0.2133585898  1.0000000000  0.1977283734  0.0895905931  1.0000000000
-3.4505994963  1.2625813953  7.1282606604 -2.9885447435  1.3463101704  8.8326808733 -0.0075654505 -0.0270793830  1.0000000000  0.1532410260  0.1188336541  1.0000000000
-2.9274383311  0.2267058041  8.3191308565 -2.6968813754  1.9356139253  5.6014614030  0.2084266818  0.0365530619  1.0000000000 -0.1471500490  0.1045492709  1.0000000000
-4.3631526186  1.2907701852  5.9084457628 -3.0686380635  2.8327564901  6.9937771947 -0.0940923913 -0.1238679860  1.0000000000 -0.1622355066  0.2228696822  1.0000000000
-3.0766036425 -0.3561536266  6.8174352536 -3.7336932478  0.9488754194  8.1318422786  0.1997379502 -0.0696910084  1.0000000000  0.1147857117 -0.0107852730  1.0000000000
-2.9897883296  0.3308633162  7.2147706741 -4.7458284721  0.1291823311  5.7488442539  0.1584655860 -0.0132946760  1.0000000000  0.0055713641 -0.2620745832  1.0000000000
-4.0367711144  2.1671727141  4.9979635334 -2.3336948026  1.7097356069  9.1556942512 -0.2634887074 -0.0917409916  1.0000000000  0.1677359578  0.2995107253  1.0000000000
-4.1326257953  1.3674696385  6.8391415826 -4.3342059661  2.3388564306  5.8696922983 -0.0465529635 -0.0514227953  1.0000000000 -0.2252858448 -0.0702240753  1.0000000000
-3.7694947681  2.3060817426  7.5029632067 -6.4668187813  1.9916337487  7.1718188276 -0.0181855585  0.0595514280  1.0000000000 -0.1114375273 -0.1895290862  1.0000000000
-4.0185709490 -0.0696882405  5.7876015785 -4.6276496847  3.6552628850  7.9720064904  0.0754343333 -0.2467863318  1.0000000000 -0.1851952599  0.0882037894  1.0000000000
-2.6779359648  2.0710008788  8.5167952364 -4.7145942927 -0.1417026237  6.7240466882  0.0543247730  0.1953625521  1.0000000000  0.0805473298 -0.2194304963  1.0000000000
-6.1255278310  2.6196329337  6.8582670126 -4.2050024896  3.9448603985  7.6707124577 -0.1570422551 -0.0620672445  1.0000000000 -0.1474098791  0.1308148231  1.0000000000
-5.1969513124  1.1242591811  7.1601602455 -4.6167000181  1.0656508074  9.7561319240 -0.0419070671 -0.1427225070  1.0000000000  0.1395507047  0.0249716666  1.0000000000
-4.3941144979 -0.0792112964  5.5659780415 -2.4828775409  1.9620297443  7.8387418844  0.0075629734 -0.2348664382  1.0000000000  0.0655206161  0.1903606445  1.0000000000
-2.5037340499  1.8249998071  8.7608285374 -2.2654662408  1.8698409755  6.5642366247  0.1026315469  0.2265784534  1.0000000000 -0.0236521240  0.1732572739  1.0000000000
-3.8860742051  1.3380786644  6.0982499100 -4.1225446431  2.5913327402  8.5763379364 -0.0838122221 -0.0986408535  1.0000000000 -0.0478608487  0.0932682776  1.0000000000
-3.8392573316  1.0726632674  7.6084014688 -4.8119102180  1.2765494216  6.9533975840  0.0895148380 -0.0245851665  1.0000000000 -0.0434572344 -0.1002586935  1.0000000000
-2.8154756413  1.9243294358  8.1991130021 -4.3470247229  4.0114824388  8.3942435868  0.0711241742  0.1872724523  1.0000000000 -0.1443168055  0.1545185012  1.0000000000
-3.7344158612  3.7346236795  8.1242063974 -4.6146369383  2.1421347842  5.5658927188 -0.1437356168  0.2265229724  1.0000000000 -0.2122403418 -0.0901262612  1.0000000000
-2.9301763723  1.1734814062 10.1115064890 -5.2398478357 -0.4903978576  7.6647270710  0.2439760916  0.1504161015  1.0000000000  0.1355760320 -0.2305489630  1.0000000000
-6.1662985467  2.4229731626  7.8370043846 -4.4193776288 -1.0716920933  7.1547831554 -0.0899881438 -0.1585556066  1.0000000000  0.2531711566 -0.2776034050  1.0000000000
-4.4321763325  2.0890263150  7.9021553322 -4.8060759935 -0.3578755091  6.6176083125 -0.0302725398 -0.0102950731  1.0000000000  0.1140913542 -0.2500307754  1.0000000000
-4.2149734815  1.7461274150  8.1687136636 -3.6670059560  1.5663815879  6.4774372117  0.0212018663  0.0136778272  1.0000000000 -0.0291086627 -0.0225713797  1.0000000000
-4.6660272618  1.5596144915  6.2730174815 -3.7679597638  1.4069359248  7.8135235283 -0.1475184183 -0.1134445249  1.0000000000  0.0266072700 -0.0100817526  1.0000000000
-4.5218473652  1.4861695836  7.4869995093 -2.7839517980  2.5769416339  8.1984037469 -0.0343473211 -0.0633152222  1.0000000000  0.0058184580  0.1953098606  1.0000000000
-2.2490442525  1.5038133170  8.0547871676 -4.8688959531  0.0953969525  7.8413905278  0.1217111293  0.2038336444  1.0000000000  0.1605551716 -0.1677952440  1.0000000000
-3.0192854582  2.9047744168  7.4285779663 -6.0693686242  1.8754069059  7.7807002262 -0.0772899547  0.1680796258  1.0000000000 -0.0765968090 -0.1534799175  1.0000000000
-2.5382714907  1.1614910880  8.8914168352 -4.3329251101  0.5531946164  5.3404223359  0.1424626313  0.2166836769  1.0000000000 -0.1165199344 -0.2107820396  1.0000000000
-3.6119227621  0.9543208199  7.5400859151 -6.1474015922  1.6830102321  6.7337304276  0.1336256000  0.0177196256  1.0000000000 -0.1224644443 -0.2048278548  1.0000000000
-2.9128692118  1.0651587715  7.0540841201 -5.3136495536  0.9630962134  7.7337300199  0.0831051531  0.0730942285  1.0000000000  0.0089774947 -0.1476569543  1.0000000000
-3.0696793598  1.3531349504  6.3498211155 -5.7089847634  0.8569164903  8.2923123244 -0.0520988429  0.0875210045  1.0000000000  0.0578248606 -0.1392953494  1.0000000000
-3.7724213423  1.9148502292  7.8693879436 -4.5495882096  1.5117407824  8.9289342587 -0.0429768635  0.0960048529  1.0000000000  0.0607213471 -0.0102046234  1.0000000000
-4.6026636143  0.0417708743  5.8983847001 -3.9167710773 -0.4528590107  5.8363984965  0.0253567779 -0.3030652835  1.0000000000  0.1271633498 -0.2445041241  1.0000000000
-3.9211604393  2.4255235126  6.3534445675 -6.2619184959  2.4668137437  7.9376235541 -0.1928406819  0.0269629390  1.0000000000 -0.1155254852 -0.1669604105  1.0000000000
-3.0081526887 -0.0803821156  7.1677445373 -6.1983430291  2.5830603947  6.7604695824  0.2086504285  0.0024416584  1.0000000000 -0.2183940813 -0.1443822949  1.0000000000
-4.0242965728  0.4737398600  6.7989215534 -5.2732078412  0.2576891185  8.2119207382  0.0642721714 -0.0946502939  1.0000000000  0.1025767137 -0.1727132985  1.0000000000
-2.9743755361  2.0837142279  6.9383168421 -3.8548672047  0.8389561146  9.3485998262 -0.0271172125  0.1327655531  1.0000000000  0.1630383459  0.0612205847  1.0000000000
-2.4861304863  0.5000641568  8.6155947437 -4.5485842633  3.9421987061  8.2286809727  0.2514491085  0.1651826122  1.0000000000 -0.1764280459  0.1008240005  1.0000000000
-5.1334977634  0.4044295895  7.5158502927 -5.2471003154 -0.1048393263  8.4619975034  0.0507397284 -0.1991357947  1.0000000000  0.2039871096 -0.1509145661  1.0000000000
-5.7395768064  2.2075178266  8.0968714610 -5.9040985795  0.9858071060  7.5813966277 -0.0655890566 -0.0696767944  1.0000000000 -0.0180774248 -0.2159144817  1.0000000000
-4.6581057423  0.6674464368  8.6924529772 -4.4732146229 -0.9604257721  7.3910223045  0.1568327068 -0.0743094263  1.0000000000  0.3010746168 -0.2677558913  1.0000000000
-3.2114625320  0.1609285763  6.4070020682 -5.1508665707  1.4770037503  6.3562348631  0.1239162929 -0.0942947191  1.0000000000 -0.0679452750 -0.1692271321  1.0000000000
-3.8152658664  2.9696780702  6.0323372766 -3.0016635568  0.3411624797  7.5139907701 -0.2237501542  0.0319691382  1.0000000000  0.2006061673  0.0210985253  1.0000000000
-4.3319236295 -0.8808453766  7.4912440955 -4.4111102053  4.2213164610  8.3926901028  0.2451850269 -0.2009727232  1.0000000000 -0.1693400419  0.1599218304  1.0000000000
-3.9512350962  2.9004816149  8.4925830840 -3.1541063946  1.1963118861  6.1946335752 -0.0799983258  0.1477286268  1.0000000000 -0.0327504662  0.0132969851  1.0000000000
-4.5030215327  0.1897745339  8.0921178249 -2.8179278950  0.3516378121  8.0088927966  0.1687718016 -0.1529657341  1.0000000000  0.2370611698  0.0971209529  1.0000000000
-3.0816455106  2.2964296486  6.5057163364 -6.0295298402  1.4685582426  8.1781215288 -0.1330219180  0.1064409865  1.0000000000  0.0004921610 -0.1282425311  1.0000000000
