116.4000000000
50
4.0053627365 8.3626354176 1.8219220408 -0.1484053739  0.0125942621  1.0000000000
3.3184148496 8.0026616403 0.1563649090 -0.0873874814  0.1623462381  1.0000000000
2.7710591763 9.0386108046 0.6814544428 -0.2045389599  0.1356445318  1.0000000000
6.5256166340 7.5228174093 0.1877698175  0.1434930921 -0.1436591323  1.0000000000
5.0372344403 7.5040718807 3.0433423379 -0.1306545860 -0.1188539448  1.0000000000
 4.9611007694  8.5065416368 -0.1101303435 -0.0314002031 -0.0427185417  1.0000000000
6.2615893663 6.8375715622 0.9505681331  0.1770782043 -0.1716894068  1.0000000000
5.2268357733 9.2876225000 0.4196130591 -0.0560997633 -0.0682365157  1.0000000000
5.8276044480 6.8372774281 1.7301331577  0.1057197375 -0.1267945099  1.0000000000
 7.1814893972  7.9340872859 -1.0185745330  0.2016451667 -0.1876374835  1.0000000000
5.7481344073 7.9381103841 1.3143168733  0.0216861229 -0.1656997401  1.0000000000
5.3551081333 5.6596247699 0.4828493992 0.2545261290 0.0285694084 1.0000000000
4.7536292278 5.8843950558 1.5426984178 0.1754968161 0.0627853819 1.0000000000
5.0612970617 7.1263411971 1.6573613136 -0.0110492482 -0.0455456123  1.0000000000
3.5305309524 8.3371229033 1.0783178006 -0.0972883291  0.0828848814  1.0000000000
5.5030935514 7.4726666022 3.2533163888 -0.1365464949 -0.1940202078  1.0000000000
2.4527001272 7.1654041837 1.8570813241 -0.1525102206  0.2566441403  1.0000000000
5.6879193901 7.6002230066 0.8705501663  0.0550986450 -0.1119593154  1.0000000000
 3.1944140292  7.5887609079 -0.5089756334 0.0021007203 0.1837502244 1.0000000000
 3.8033900420  7.0162425014 -1.2334475137 0.1168171600 0.1890125430 1.0000000000
5.5322051260 5.9413223154 1.8844936363  0.1745470505 -0.0707248713  1.0000000000
4.7606745575 8.7340199736 1.0889440143 -0.1056550928 -0.0405747713  1.0000000000
6.3747726477 7.2387120243 1.9422803202  0.1074986301 -0.2304862111  1.0000000000
 4.8498543989  7.0001127808 -0.3293464206 0.1422508327 0.0576657854 1.0000000000
2.8756378520 7.9030645958 1.8658393566 -0.1927390241  0.1990520382  1.0000000000
6.5042299636 7.5918386518 0.7928911183  0.1469154299 -0.1611771035  1.0000000000
5.9526172380 7.1175051851 0.5404783941  0.1573263359 -0.0780548265  1.0000000000
2.4746774612 8.9619011114 0.4106479867 -0.2239220259  0.1751655101  1.0000000000
5.2631473505 7.9738890631 0.0020459786  0.0572871253 -0.0641725216  1.0000000000
5.7510545311 8.6055487771 0.9143522258 -0.0222450104 -0.1398734052  1.0000000000
2.8419189254 6.4120458121 2.2094762707 -0.0801242040  0.2887611780  1.0000000000
5.6323107915 8.0871977785 1.5957008547 -0.0428279655 -0.1427708429  1.0000000000
2.8575268824 8.3433643251 1.2689635141 -0.1948712564  0.1468767866  1.0000000000
4.1677297370 6.9497840528 2.1599914215 -0.0985571729  0.0727545998  1.0000000000
3.2617615350 7.2166705208 3.2541132220 -0.2581387671  0.1279147166  1.0000000000
5.0005275858 6.7916998817 2.3780245066 -0.0296610119 -0.0380695651  1.0000000000
5.0295472122 9.0786897033 2.5641750056 -0.1905869538 -0.1565680071  1.0000000000
5.8567946946 7.2144080978 1.6497108968  0.1399302269 -0.1184291161  1.0000000000
 3.4265708330  7.7510174674 -0.0272977054 -0.0311107658  0.1325792424  1.0000000000
5.0473551705 9.6453057453 0.4769908688 -0.1300545181 -0.0957370599  1.0000000000
 5.2045542631  7.0422957368 -1.1258823164 0.1631090241 0.0569829474 1.0000000000
5.5652112578 8.5976877100 3.9481101537 -0.3072468060 -0.3284957675  1.0000000000
6.1397079165 9.0289246870 0.1897944276 -0.0123660677 -0.1591806926  1.0000000000
3.9902497772 8.7263199238 1.9389272718 -0.1708264482 -0.0005587874  1.0000000000
4.0348512450 7.3270828568 2.4121002370 -0.1284090640 -0.0077052632  1.0000000000
5.9197365689 9.0439935775 1.6416523952 -0.1095320605 -0.2182658996  1.0000000000
5.9961559437 9.0377979499 0.7319139624 -0.0269422670 -0.1438583161  1.0000000000
4.6534451048 5.1162669212 1.6327765452 0.2826233184 0.1151145000 1.0000000000
5.4515603866 9.8329788250 0.9267977825 -0.1460451130 -0.1374789106  1.0000000000
6.0419106107 5.6309290129 1.4577169080  0.2412277595 -0.0748018612  1.0000000000
50
 6.0170728964  8.0034762393 -0.3536982758  5.9799089292  7.6456440009  0.0179212233  0.0667647063 -0.0692563345  1.0000000000  0.1416232249 -0.0708343498  1.0000000000
 4.4297769903  6.7976473945 -1.0201798683  3.2257696592  7.9261510194  0.2782387242  0.1634450827  0.1432655427  1.0000000000 -0.0606287552  0.1229734862  1.0000000000
6.8783661506 6.1812197757 1.5100071352 6.0019002908 6.0904205043 0.4473701971  0.2684003993 -0.2668346479  1.0000000000  0.2322487996 -0.0340167676  1.0000000000
 2.8843331037  7.1508151880  3.1192158139  4.7876377053  7.2782098557 -0.7110795983 -0.2880287166  0.1370454553  1.0000000000  0.1483302948  0.0581984948  1.0000000000
 4.4186304367  6.7071335342 -1.2835571170  3.4775281645  8.3635144801  0.5588342014  0.1990639437  0.1253303417  1.0000000000 -0.0871493986  0.0757288121  1.0000000000
 4.4730539554  8.1449341092 -0.3080163154  5.9366052546  7.1017760452  0.2576305529  0.0081744027  0.0524067496  1.0000000000  0.1505145151 -0.0772502866  1.0000000000
6.1777592141 7.4156519307 1.7507722252 3.3552605862 6.4454819699 1.7358574908  0.0772815383 -0.2065618943  1.0000000000 -0.0259309799  0.2358777751  1.0000000000
6.3537592348 8.0856765350 1.2699547210 5.6025985932 6.1556618769 0.2520307849  0.0713748103 -0.2200216121  1.0000000000  0.2372054594  0.0275281270  1.0000000000
5.1259973817 6.6284631507 0.7371340570 5.0746835363 8.1157430217 1.4723323828  0.1206183362 -0.0094167330  1.0000000000 -0.0512415733 -0.0948635350  1.0000000000
5.2303094077 8.3408130607 2.7868574217 4.0179375782 4.9402652221 0.7595765368 -0.1799866779 -0.1619592081  1.0000000000  0.2430467341  0.2463970189  1.0000000000
 3.7369078073  6.9080444915  0.9260862731  5.7630103397  7.8016171500 -0.9999146119  0.0600489306  0.1743354972  1.0000000000  0.1410977598 -0.0395691863  1.0000000000
 4.7745053484  6.4311188434 -1.0596217638  3.7705532858  5.5636073395  0.3559159827 0.2072179679 0.0792569699 1.0000000000 0.2000244327 0.2699903954 1.0000000000
 5.5264191531  7.0540473862 -0.6805799400  2.9164152010  6.7660089837  1.3273770532  0.1801068121  0.0065638867  1.0000000000 -0.0654043194  0.2408790497  1.0000000000
5.8713886925 5.9779482446 1.0831485632 2.8379790771 6.5003930713 2.7478715135  0.2100006315 -0.0542097986  1.0000000000 -0.1644035094  0.2309775898  1.0000000000
5.7701654682 7.8935446460 1.9775718147 4.9851901834 8.2841989123 1.3939079863 -0.0262627290 -0.1527969251  1.0000000000 -0.0510448494 -0.0484793007  1.0000000000
 3.0374686831  8.0385269812  1.6567779829  3.9137559469  8.1696358181 -0.7188292082 -0.1896982631  0.1602716400  1.0000000000 -0.0098217908  0.1011500016  1.0000000000
4.2453329876 8.8531813887 0.6517107315 2.8874193936 8.4192980667 0.4960069684 -0.0662544738 -0.0024367531  1.0000000000 -0.0979381881  0.2011650434  1.0000000000
4.5466599210 6.9136473776 0.3060067392 3.2746462611 6.3048452480 0.3892760005 0.1080746267 0.0617347763 1.0000000000 0.1412818257 0.2194545216 1.0000000000
 4.7332114907 10.0361131194  1.2681044534  6.3628229232  7.2142925258 -0.2579462815 -0.2148110993 -0.0866083689  1.0000000000  0.2107991826 -0.0834856314  1.0000000000
3.5048452084 9.5913298867 0.3100674983 5.7337149755 7.8945523558 1.9557521917 -0.1250829649  0.0435962575  1.0000000000 -0.0276317263 -0.1696552862  1.0000000000
 3.7332324056  8.6421345357  0.8113778011  5.2782688634  6.8652306120 -1.0785744616 -0.1482348240  0.0435469974  1.0000000000  0.1819344692  0.0254349756  1.0000000000
5.1358593735 7.4289190222 1.7714400358 5.7962410075 8.7825761875 1.5505255256 -0.0410339852 -0.0963388772  1.0000000000 -0.0921803475 -0.1776882834  1.0000000000
 5.0070704780  6.5369070904 -1.0335484456  6.8950045428  6.6291516894  0.6735493705  0.2220530233  0.0735034501  1.0000000000  0.2506238418 -0.1752763055  1.0000000000
2.5456166414 6.6591978092 2.5151763497 3.9970539913 6.3534003636 2.2536162596 -0.1806534024  0.2807055565  1.0000000000 -0.0288491374  0.1336529949  1.0000000000
3.4972256723 9.6148985267 0.1587603077 6.0009725430 7.8263177214 3.4731882287 -0.1458279122  0.0532041556  1.0000000000 -0.1281474996 -0.2934190342  1.0000000000
 4.6525859286  5.9510847714 -0.0036676829  4.4730641745  7.8586873702  0.3836766266  0.2212011290  0.1498354169  1.0000000000 -0.0052482835  0.0400974106  1.0000000000
 3.9275630443  6.1727954736 -0.5990136388  5.5634854150  5.1760913516  1.3730162889 0.1967809105 0.2023913258 1.0000000000 0.3223015533 0.0158402119 1.0000000000
5.7558848548 7.1979597523 1.2646824168 4.3905301735 6.0904071047 0.5914398801  0.1031898352 -0.0611908375  1.0000000000  0.1413880964  0.1164390141  1.0000000000
4.0437693540 5.9722433286 0.7555852304 3.1584449011 7.2199301099 0.6733900786 0.1125801332 0.1260127488 1.0000000000 0.0105028240 0.1956267232 1.0000000000
 2.5422179779  9.3434912464 -0.0385868008  2.3246037025  7.0344304274  2.7932614824 -0.1891572215  0.1535750447  1.0000000000 -0.2377721138  0.2902932945  1.0000000000
5.5265672900 6.3211052306 0.9832841391 5.8369495042 7.7720545993 2.5549622454  0.1727876473 -0.0103391380  1.0000000000 -0.0673161123 -0.2270193635  1.0000000000
 3.4489376780  8.2233748720  0.4519216192  4.0556934232  6.2804939743 -0.2362954754 -0.0807667138  0.1281631413  1.0000000000  0.1617944170  0.1449549876  1.0000000000
4.8063406451 9.1043936217 2.0256732135 4.8036734786 5.5647475368 1.2241802335 -0.1890437434 -0.1469396481  1.0000000000  0.2083608648  0.0444001325  1.0000000000
 3.3073398677  7.4185187920 -1.2300339181  4.7750827555  7.7436328672  0.3868575284 0.0490572294 0.2040079779 1.0000000000 0.0176517151 0.0006011370 1.0000000000
4.5969393934 6.6757519825 2.5291331082 4.2474370748 6.8158367524 2.3755475817 -0.0508918834 -0.0120005307  1.0000000000 -0.0727721048  0.0421084523  1.0000000000
3.8526869020 5.2236625452 0.8537651964 6.7728075915 5.5269008619 2.0742062753  0.1889431862  0.2268890035  1.0000000000  0.3333483743 -0.2266027450  1.0000000000
3.7690428498 6.0350082634 0.5496229435 5.0023666322 7.7735580231 0.3860619796  0.1420051158  0.2054443650  1.0000000000  0.0327293538 -0.0140752219  1.0000000000
7.1171765877 7.2132055967 0.9850627335 5.8380082211 8.1553979730 1.2315338123  0.2258732290 -0.2232703700  1.0000000000 -0.0075627446 -0.1354077301  1.0000000000
5.9965016877 7.8716536026 1.8918348723 4.5637162279 4.5536572727 1.2289312967  0.0152897938 -0.2153489926  1.0000000000  0.3137507381  0.1838070672  1.0000000000
3.3756963015 7.1409007127 0.4325698383 5.6541990319 8.2900948080 4.1172331151 -0.0571853082  0.1661216411  1.0000000000 -0.2842679371 -0.3188951354  1.0000000000
6.6572423230 6.2742582488 0.7285218909 5.0692855832 8.2608281806 3.0419360454  0.2946149666 -0.1554343400  1.0000000000 -0.1942026751 -0.1606035457  1.0000000000
3.4968131576 7.9089260365 3.0182732287 5.5273208756 8.7441482243 0.1334392990 -0.2828976954  0.0341937042  1.0000000000  0.0292573755 -0.1012757022  1.0000000000
3.8314267448 6.9954543108 1.0062554146 5.7119836667 6.7148424928 1.6668664614 -0.0293324423  0.1286745181  1.0000000000  0.1226829797 -0.0996979987  1.0000000000
 4.5867361397  6.9140895667 -0.5810628633  4.0932933597  6.1837118594  1.5412182136 0.1617778905 0.0880144490 1.0000000000 0.0695041237 0.1218649697 1.0000000000
5.3928287820 7.1205341760 2.3516640119 5.4199565118 8.2332707774 0.7835997879 -0.0137090327 -0.1242730097  1.0000000000  0.0075735044 -0.1075714500  1.0000000000
 4.4359158634  7.1987188492 -0.2769026900  4.0829674242  6.2136408076 -0.8925380106 0.1244451858 0.0750179494 1.0000000000 0.2170668689 0.1887150638 1.0000000000
 6.3137539969  8.9257484409  0.4456773433  3.7351192042  6.9033256796 -1.1655534193 -0.0223271410 -0.1619834682  1.0000000000  0.1571961969  0.1743340727  1.0000000000
 5.2641329638  7.2327174171  1.6636472162  4.9311348062  7.0977542714 -0.8445119868  0.0100530787 -0.0583698248  1.0000000000  0.1541747697  0.0450412841  1.0000000000
5.2796492637 7.5474832366 1.1426487519 4.0424588014 7.5329100832 2.1428845527  0.0313306395 -0.0541312961  1.0000000000 -0.1498530761  0.0596923741  1.0000000000
 3.9643282597  7.8072984107 -0.5882597931  5.6917973830  6.1875294477  0.8806161354  0.0091275331  0.0785440889  1.0000000000  0.1886638551 -0.0631824417  1.0000000000
