98.2000000000
50
1.6045555227 7.8384986427 1.4058098678 0.2230660448 0.1686952482 1.0000000000
-0.2458400414 10.4619207756  0.5629183373  0.0541933676 -0.0244784801  1.0000000000
0.2771616559 8.2275287787 4.2519446148 -0.2639887663  0.2737989182  1.0000000000
3.2177422932 9.6374067583 1.9607545213  0.2304692419 -0.1795860153  1.0000000000
-0.7722425176 11.4925163670  2.3796810636 -0.1256054232 -0.0630373404  1.0000000000
 1.0365840065 10.5658240531  4.1246005966 -0.2114673987 -0.1169992967  1.0000000000
-0.1176511274 10.6826565987  0.6900931589  0.0811072558 -0.0676069849  1.0000000000
-0.3258319256  8.9862800095  3.3078885552 -0.1478699236  0.1183462042  1.0000000000
0.8295048713 9.7720830409 0.0550661838 0.2051239798 0.0182625947 1.0000000000
 0.8510716496 10.9451230106 -0.3821616816  0.1941370816 -0.0893434483  1.0000000000
 1.4650812528 11.2953168433  0.1954990403  0.1841022189 -0.1599397730  1.0000000000
0.2193830640 8.8489710890 3.6350727306 -0.1510528709  0.1555448742  1.0000000000
0.3948380382 8.4707671241 3.8689110536 -0.1751685439  0.1652470061  1.0000000000
0.3283563714 9.3956777006 2.7870629651 -0.0941763880  0.0357389521  1.0000000000
-0.7485307212  9.3811761470  1.7733947632 -0.0222457801  0.0917346755  1.0000000000
1.1499520471 8.0497357373 3.3971591022 -0.0755241988  0.1921532220  1.0000000000
1.1493860647 9.8478770777 1.5060512666  0.0954114361 -0.0481378855  1.0000000000
1.3720077791 9.0465621395 1.9581163668 0.0582589139 0.0324498404 1.0000000000
-1.0355730764 10.6916754025  2.5819489307 -0.1924953822  0.0091429729  1.0000000000
2.6729298083 8.8914571441 1.4386761868  0.2753419682 -0.0038573235  1.0000000000
2.4750109746 9.5282729397 1.2986823320  0.2045031380 -0.0923388538  1.0000000000
2.5023096523 8.7888793584 2.3685111598  0.1491205832 -0.0016712012  1.0000000000
-1.4957154983 10.3435423751  2.8602028626 -0.1726784063  0.0513135669  1.0000000000
-0.6411897354  8.4572282635  2.7931397177 -0.0752079792  0.2326437398  1.0000000000
2.0546509811 9.7794957119 1.7047056120  0.1374456730 -0.0705968883  1.0000000000
1.4720328145 8.4348388589 2.6404024176 0.0708336489 0.1631583826 1.0000000000
 0.9854100864 10.3524203017  1.3630867088  0.1038123054 -0.1022121038  1.0000000000
 1.9811744162 11.3831612575  3.7886071487 -0.1451648074 -0.2852465439  1.0000000000
 0.8878594220 11.5729824269  1.4169847736  0.0532757512 -0.1278364668  1.0000000000
 2.3644308421 11.1225430079  2.8713484638 -0.0408665158 -0.3104804050  1.0000000000
-0.0944622845  8.5551099299  1.3424752793 0.0795800030 0.2272381013 1.0000000000
2.4683397435 8.5353022880 1.3930617923 0.2702652398 0.0024562757 1.0000000000
 0.6267703819  9.5394822011 -0.2585026088 0.2032086614 0.0205327071 1.0000000000
0.0498557134 8.7235073449 0.0844188771 0.2252689769 0.1674870914 1.0000000000
1.5796444769 9.0058599712 2.9795464701 -0.0776271725  0.0280864160  1.0000000000
 1.0441085694 11.5684729951  0.3453139994  0.1356116080 -0.1504207401  1.0000000000
1.9946646183 8.1052550794 0.9354985134 0.2440757596 0.1174766223 1.0000000000
0.9545872448 7.7956391666 2.0802666727 0.1066695377 0.2169179686 1.0000000000
1.9861725879 9.3662551132 1.0246466502 0.2467944203 0.0231673519 1.0000000000
0.6662001566 8.0700171668 1.6051545977 0.0777815836 0.2198457499 1.0000000000
2.2542253305 8.9960780814 0.9274288190 0.2359273010 0.0148721362 1.0000000000
 0.0388392227 10.6421750908  0.8499919775  0.0023189926 -0.0105587572  1.0000000000
1.5513177379 9.8760399481 1.0634827656  0.1576230770 -0.0264387901  1.0000000000
 1.8870405827 10.1711044565  1.9153515884  0.0915130632 -0.0985564655  1.0000000000
-1.0216850943  9.8004419107  1.2389667415 -0.0511838995  0.1111692901  1.0000000000
2.3326232781 8.8460798350 2.5323756783  0.0995196057 -0.0006767605  1.0000000000
 0.0125457678 10.3094853462  1.2728899972 0.0154162631 0.0074722266 1.0000000000
 1.4830976449 11.2452752320  0.5296795018  0.1687646967 -0.1716941393  1.0000000000
 1.8801806312 11.3965436883  4.0854183263 -0.1971257117 -0.2774450010  1.0000000000
1.6122292655 8.5132252518 2.7901082986 0.0644105962 0.0947361014 1.0000000000
50
-0.3226161832  9.8882610318  0.5761909467  1.2951857883 10.6013681333  3.9818332567  0.0826761274  0.0551035783  1.0000000000 -0.2072706229 -0.1382302931  1.0000000000
 2.7175392926 10.8126992422  2.7766843023  0.4935880576  9.2369005440  0.5224547054  0.0076788600 -0.2598135300  1.0000000000  0.1467950555  0.0836047748  1.0000000000
 2.8342990170 10.3427610719  2.7757847350  0.7746671978  8.5086622256  4.3233986766  0.0523993889 -0.1812352679  1.0000000000 -0.2333540020  0.1770366658  1.0000000000
 2.3797630489  9.8083455329  2.5055443967  3.4560736230 10.0349729387  2.4473975906  0.0863213336 -0.0963950879  1.0000000000  0.1708359270 -0.2398637622  1.0000000000
 1.0326811335 10.9709433234  0.7689778348  1.6624832664  8.1542580781  3.3606011220  0.1392170224 -0.1395551235  1.0000000000 -0.0455837633  0.1680146239  1.0000000000
 0.6519788062  8.9321205702  4.2625972495 -1.3478309154  8.8971659985  1.9250500929 -0.2720040034  0.1174436184  1.0000000000 -0.0758096039  0.1618288051  1.0000000000
 0.0069621684 11.8378212121  1.6641640076 -0.6015933471  8.7355562230  3.6284213337 -0.0487544108 -0.1289600841  1.0000000000 -0.1994563554  0.1977185043  1.0000000000
 1.8981437475 11.3544199971  3.6848480855  1.5606515210 11.2675502603 -0.1362857209 -0.1158716563 -0.2910922160  1.0000000000  0.1986039203 -0.1611075401  1.0000000000
-0.3733346387 11.3936273063  1.9742250515  1.0383770920 10.4941878656  2.3815053397 -0.1029000339 -0.0376966234  1.0000000000 -0.0336106575 -0.0652459746  1.0000000000
 2.7329705200 10.5377264393  2.1934666273  0.0711064008 11.9319508831  1.4760341437  0.0968707099 -0.2113317108  1.0000000000 -0.0731232339 -0.1355098182  1.0000000000
 0.8515794177 10.5962447009  3.7078332507  0.9144167467 11.2682741341  3.7018339456 -0.1757657585 -0.1208950829  1.0000000000 -0.1886861628 -0.1856558785  1.0000000000
 0.4014170924 11.8433542149  2.4696227909  1.1445935749  9.2207236178  4.0750848981 -0.1255472524 -0.1993320752  1.0000000000 -0.2072481866  0.0538534370  1.0000000000
0.4712347425 8.3057363969 3.8326256113 0.4372997299 9.0842520444 3.0330064290 -0.2017468772  0.2127852051  1.0000000000 -0.1402717222  0.1133116390  1.0000000000
 1.2513195103  8.9986237393  2.0689985802  1.9816553783 10.8618139436  0.4349218302  0.0836498830  0.0650355255  1.0000000000  0.1974075742 -0.2398271692  1.0000000000
 1.5170406815  9.8225077007  4.6299568729 -0.0848237066 10.9247912039  2.7641888847 -0.3059968282 -0.0664293808  1.0000000000 -0.1378648883 -0.0581160465  1.0000000000
 1.4820947472  8.2608890141  2.8805183937  2.5361056115 10.2158385052  2.1952098462 -0.0054276348  0.0958705071  1.0000000000  0.1080606229 -0.1651841376  1.0000000000
 1.0193420609  7.5585908894  1.5317598835  1.1544180067 11.3711442367  2.5868868107  0.1851254684  0.2703489940  1.0000000000 -0.0508542272 -0.2148790541  1.0000000000
 0.0818688955 11.0579821685  2.7247087130  0.1803286072  9.3333730207 -0.0711501877 -0.1116481089 -0.0660484378  1.0000000000  0.2114553708  0.0572636573  1.0000000000
 2.7928912365 10.6691452196  2.7887612053  0.0950012962  9.2964267044  0.9072454026  0.0175947728 -0.2420161071  1.0000000000  0.0711711656  0.1042804384  1.0000000000
-0.9650759142  9.4917674290  3.1161787660  0.1693199342 10.1939380879  1.8417182452 -0.1693148342  0.1160347801  1.0000000000 -0.0438267502  0.0246163912  1.0000000000
-1.0754339463 10.2537288115  2.2690227324  0.3407693105  8.3436100220  2.5978290910 -0.1151035018  0.1035304993  1.0000000000 -0.0506891241  0.2098882099  1.0000000000
 2.6347893243 10.1359348744  3.5116872665 -0.4632291313  9.3576968438  1.3979982974 -0.0681550169 -0.2306866621  1.0000000000  0.0145116373  0.1065275804  1.0000000000
2.6415179751 8.9394152003 1.7713703572 1.7431831047 9.9715404656 2.3536962264  0.2265123591 -0.0026237153  1.0000000000  0.0234032527 -0.0786226137  1.0000000000
 1.8538981200  9.1558401331  2.2918482214  0.2246348291 11.1670169971  2.1570170969  0.0187617700  0.0140418906  1.0000000000 -0.0535581642 -0.0916953059  1.0000000000
-0.5951334181  8.4393644897  3.4523320762  0.6885180647  9.0978171605  1.6222070686 -0.1708518106  0.2544416883  1.0000000000  0.0893455781  0.0884159435  1.0000000000
-1.1060296819 10.5551570981  1.9241261893  0.2443115182  7.9322780055  3.9599545057 -0.0741161614  0.0232249875  1.0000000000 -0.1919158530  0.2854981872  1.0000000000
 1.2911477998 11.8062513120  2.5640468926 -1.8538040778  9.8818816931  2.3937079462 -0.0764388429 -0.2106792828  1.0000000000 -0.1563742769  0.1342427204  1.0000000000
0.2229456912 8.1084659501 1.7842304796 2.6931735154 9.7944051521 1.0467794538  0.0483925940  0.2501890194  1.0000000000  0.2576027401 -0.1167628815  1.0000000000
-0.2622825969 10.3168035046  1.4882587004  1.8601737904 10.1871570787  1.3947669178 -0.0406899574 -0.0042000690  1.0000000000  0.1078303997 -0.1213576568  1.0000000000
-0.0580568660  9.1912893912  0.7458232053 -0.0914501565 11.2957378852  1.6591844160  0.1002204279  0.1129691578  1.0000000000 -0.0408694636 -0.1087685272  1.0000000000
 2.1825301076 10.1774202853  0.5131107531  1.0264919195 10.0094585082  0.0557861769  0.2146188306 -0.1129601814  1.0000000000  0.2061513568 -0.0085920837  1.0000000000
 1.4446405397 11.6576091385 -0.1913136294  3.0640051687 10.7458377096  1.8574291188  0.1965339767 -0.1861814033  1.0000000000  0.1809031514 -0.2635441709  1.0000000000
 1.7191898104  9.2442732357  1.7167802142 -1.9598654116  9.7703841958  2.8268404210  0.1233674867  0.0519414859  1.0000000000 -0.1774364940  0.1417261179  1.0000000000
-0.4809390462  9.6763042744  1.1720255194  2.7127540849 10.3277107482  1.3656544838  0.0244855221  0.0885297883  1.0000000000  0.2043031500 -0.1932750200  1.0000000000
1.4597535552 7.3138824812 2.5888701167 0.1401149005 8.5767492678 0.0996327505 0.0966544651 0.2819674066 1.0000000000 0.2136993713 0.1377229250 1.0000000000
 1.4583463425  9.8420136990  3.9194974558  2.8592567689 10.1432529112  2.4671135065 -0.1955994935 -0.0582104733  1.0000000000  0.1138787897 -0.1908151100  1.0000000000
 3.3116583009 10.2931314635  2.4448282663  3.0542910409  9.3049798240  2.4106343331  0.1336914622 -0.2598104646  1.0000000000  0.1618929786 -0.0953651113  1.0000000000
-0.7517676938  9.8175703321  2.3594957087 -0.0731355033  9.6986470801  3.5074749344 -0.1076046428  0.0793326676  1.0000000000 -0.1657378484  0.1024517701  1.0000000000
1.5135567131 9.5187353160 1.1361472167 2.5498658042 7.4086180444 1.4803449012  0.1779290484 -0.0180322124  1.0000000000  0.2965006599  0.2318848202  1.0000000000
-0.1190033214  8.6284087076 -0.2135017847  1.2274451289  8.8242115070  1.0700577702 0.1728775649 0.1691105887 1.0000000000 0.2024986190 0.0796062141 1.0000000000
 0.0378867979  8.6023966126  3.2702358358 -0.4055799326  8.2584709723  2.2482982159 -0.1373110837  0.2080241236  1.0000000000 -0.0371196050  0.2348650293  1.0000000000
 2.6298117663 10.7783105675  2.8411256182  1.2346275259 11.5789281572  0.2175756169 -0.0027324729 -0.2634185415  1.0000000000  0.1303170113 -0.1796430456  1.0000000000
-0.0493359455  8.6585133769  1.7236009121 -0.4977947022 11.2068519557  2.5559134186  0.0247132099  0.1627281302  1.0000000000 -0.1155013512 -0.0032420449  1.0000000000
-0.7706278390  9.1859321250  0.6029559702 -0.5616910569  8.8757235925  1.6190396904  0.1027952154  0.1585799949  1.0000000000 -0.0295901754  0.1646424061  1.0000000000
-0.4068597859  9.3407790360  2.0452368319  0.1838803343 11.3318741539  3.3427626511 -0.0413870824  0.0797977994  1.0000000000 -0.1961227375 -0.1219914412  1.0000000000
 1.6264390405  8.8968733490  0.7848728797  1.8279801370 10.8075205233  0.4214305609  0.1997471504  0.0651103057  1.0000000000  0.2184896478 -0.1432477773  1.0000000000
 3.3260917974  9.0133797472  1.4298457564  0.3459278108 11.0842930641  3.4864704071  0.3381917581 -0.0706793645  1.0000000000 -0.1977273468 -0.1137622657  1.0000000000
 1.3026464338  7.8870672923  0.7921050771 -1.2037220235  9.8914566925  1.8709821403  0.2657357870  0.2203564008  1.0000000000 -0.0424626675  0.0994410532  1.0000000000
 1.0822589866  8.7613370505  4.1732739632 -0.5435727011 10.8972664991  3.2311190650 -0.1863098404  0.0685786353  1.0000000000 -0.2187216327 -0.0464119325  1.0000000000
 3.0067821233 10.3395838344  1.8117563158 -0.8105870222  9.4514501869  3.4808871187  0.1665035975 -0.2529025610  1.0000000000 -0.2541738600  0.1485542270  1.0000000000
