156.6000000000
50
 5.4529881866 -4.2675077838  1.3718462674 -0.0481041630  0.2450503282  1.0000000000
 5.9206847555 -5.0894971452  0.2618728761 -0.0703981843  0.0568447903  1.0000000000
 5.2343026089 -6.6393703706  3.5444564885 -0.2160787535  0.0003014756  1.0000000000
 5.7418132856 -4.4682588193  1.4404200189 -0.0601888692  0.1498951183  1.0000000000
 6.5382969990 -5.7338098084  2.5531162219 0.0011710088 0.0268573055 1.0000000000
 8.5448552718 -6.6129367185  1.4944883544  0.1558226498 -0.2018190796  1.0000000000
 6.0465491147 -6.9292772958  1.3356354441 -0.1145424242 -0.1284684834  1.0000000000
 7.5100954173 -4.3220505998  0.1853361087 0.1783194351 0.0840516118 1.0000000000
 7.7090021694 -5.0858124986  2.8356137696 0.1426881158 0.0241249447 1.0000000000
 5.6404583946 -5.1146281920  3.5189643430 -0.0838811627  0.1177955426  1.0000000000
 6.1398757872 -7.6625751463  2.8165996173 -0.1254477749 -0.1520282454  1.0000000000
 6.6772236634 -5.4876904161  1.5649481966 -0.0002782492  0.0377507290  1.0000000000
 7.4269762618 -5.4735054606  3.4673878469 0.0481232685 0.0495083144 1.0000000000
 6.6196318471 -4.0490161423  3.1707619628 0.0616393998 0.1378102487 1.0000000000
 8.6525153516 -5.3199075328  0.8290509980  0.3008124599 -0.0669327014  1.0000000000
 8.0096197237 -6.4335015445  1.2244550895  0.1323431988 -0.1901357663  1.0000000000
 6.2789157297 -6.4076408098  2.5421850984 -0.0693333979 -0.0438885754  1.0000000000
 8.0033719672 -6.1436875295  0.9787670868  0.1578467313 -0.0899890774  1.0000000000
 7.1985286653 -2.9805727274 -0.1767794808 0.2860655578 0.3236002497 1.0000000000
 8.1376648104 -6.3604000332  2.5366574724  0.1551734469 -0.0878355843  1.0000000000
 7.7282322825 -6.0454504788  3.2307163974  0.1163282558 -0.0703833286  1.0000000000
 6.1507219807 -4.2308128884  1.8178290853 0.0340897013 0.1681823714 1.0000000000
 8.2363400821 -4.5973924305 -0.3539285088 0.3365204156 0.0472419592 1.0000000000
 9.3353527039 -6.5758582061  3.0738466627  0.2071557836 -0.1693986911  1.0000000000
 8.3932546183 -6.5647968139  0.6278776311  0.1575659781 -0.2303049129  1.0000000000
 5.1497547990 -4.9808990234  2.0685740164 -0.1376941022  0.1903368033  1.0000000000
 8.2052155196 -6.9929741895  3.0254497615  0.0802114447 -0.1268496012  1.0000000000
 5.7097345195 -4.2616909596  0.6529140370 -0.0371688341  0.2035190271  1.0000000000
 7.3758804515 -3.9736228297  0.4048600640 0.2247164913 0.1564981562 1.0000000000
 7.9413558403 -5.0733160390  1.1896606875  0.1633901699 -0.0113256802  1.0000000000
 7.9835507243 -6.8332680298  2.5367421141  0.0780666955 -0.1636047271  1.0000000000
 7.0200684241 -5.0344144570  2.4420671632 0.0985987140 0.0537575015 1.0000000000
 4.9055203365 -5.6285865412  0.7209380395 -0.2517396741  0.0989455848  1.0000000000
 5.1942210929 -5.7084703317  1.1151279625 -0.1725941490  0.0523933398  1.0000000000
 5.4995564219 -6.4602617185  1.3672298036 -0.1742020151 -0.0342124927  1.0000000000
 6.4244384605 -5.1311983802  0.6544763401 0.0045784901 0.0556259627 1.0000000000
 5.2991559671 -7.0907591245  1.0536965268 -0.2285284301 -0.0643168963  1.0000000000
 8.0986838072 -4.0277813108  0.4931022820 0.3067212969 0.1061731200 1.0000000000
 5.2547402737 -5.7747254396 -0.2280896050 -0.1918904735  0.0335357974  1.0000000000
 6.4671074783 -6.3213610762  1.5695675833 -0.0596585623 -0.0537875135  1.0000000000
 8.6631872943 -7.0110070740  1.7805270800  0.1471922159 -0.2349953892  1.0000000000
 6.8989774958 -4.9138744620  0.8744163328 0.1172108114 0.0361756129 1.0000000000
 6.0410252721 -5.3198755403  3.5428130410 -0.0368258399  0.0826480968  1.0000000000
 6.4116640877 -4.2374508153  2.0238536836 0.0364439731 0.1553241491 1.0000000000
 9.1490813970 -7.0671969189  2.9684135098  0.1262952338 -0.2344185517  1.0000000000
 6.0887924179 -5.9416188707  1.9607986635 -0.1074506055 -0.0087590854  1.0000000000
 7.1005083237 -5.5470814883  2.9986099471 0.0403942068 0.0488707730 1.0000000000
 8.2723630908 -4.8647656519  1.6749488404 0.1604817172 0.0146351591 1.0000000000
 4.9154369474 -5.1397503842  0.2263505193 -0.2004826102  0.1348060921  1.0000000000
 6.0883500067 -7.6054716909  1.2491812194 -0.1422393861 -0.2294372617  1.0000000000
50
 6.1566823919 -4.2989866761  2.5498649021  5.1287224583 -6.1009955110  1.1053192989  0.0195824157  0.1678296387  1.0000000000 -0.2164437397  0.0177145079  1.0000000000
 7.4732235956 -3.9410799817  2.2969129121  7.6283692902 -5.7602332992  1.8352583316  0.1717435616  0.1525517710  1.0000000000  0.1010407750 -0.0877198902  1.0000000000
 7.5779836880 -5.9519121494  0.0083388040  5.2924987298 -5.5585995937  0.2917783851  0.1243702323 -0.1448941817  1.0000000000 -0.2085667792  0.0851645073  1.0000000000
 8.2931695340 -6.6008038619  2.0805173944  6.6335428556 -7.5215912868  1.6428375983  0.1622279674 -0.1481316900  1.0000000000 -0.0897628231 -0.1853730461  1.0000000000
 5.1322562538 -7.1461410246  0.1088868082  5.2934661611 -6.4261738963  0.5308869842 -0.2767739076 -0.1356158653  1.0000000000 -0.2161614105 -0.0486807291  1.0000000000
 5.6751250995 -7.9819400016  2.1411982101  6.7871050503 -5.6695606908  0.1226031572 -0.2086111634 -0.1463938472  1.0000000000  0.0279600553 -0.0383114806  1.0000000000
 6.8093555517 -7.2182305509  0.3179235195  7.2885826775 -4.3121084805 -0.1377574665 -0.0591510240 -0.2543681766  1.0000000000  0.2153306329  0.1208096750  1.0000000000
 4.8353139688 -5.1850585358  2.9158062621  6.6611344213 -3.6345664309  1.6012655119 -0.1547005266  0.1716545807  1.0000000000  0.1109819193  0.1907006930  1.0000000000
 7.7894638728 -4.5469706349  2.1515339441  8.5829466296 -5.8666343402  0.8590868623  0.1755683077  0.1005442266  1.0000000000  0.2760408778 -0.1516483521  1.0000000000
 5.7839355537 -6.7156709157  2.3594560925  6.9806670964 -5.3022305526  2.4295958806 -0.1350755737 -0.0493810714  1.0000000000  0.0496323339  0.0405317830  1.0000000000
 7.8526659675 -6.4221645687  2.6292304281  5.5443148700 -6.7814145567  2.9951145452  0.0541731958 -0.0467218338  1.0000000000 -0.1875523395 -0.0163626655  1.0000000000
 5.2102637475 -5.5455264307  1.3247381170  7.8482475817 -4.4652368120  2.6593209022 -0.1396107949  0.1004840968  1.0000000000  0.1628526146  0.1168231968  1.0000000000
 7.5017183964 -5.5457327393  1.7300364460  6.7698971074 -4.0176869069  2.3451071426  0.1168907786 -0.0489044492  1.0000000000  0.1215690694  0.1995312863  1.0000000000
 5.9167261810 -5.6502740945  0.9467019237  6.1394983351 -3.7268985697  0.4764075023 -0.0531137879  0.0173707366  1.0000000000  0.0938710000  0.2847900092  1.0000000000
 7.9264979379 -4.2340859734 -0.1922015938  6.9487270992 -6.0108674889  0.3806648629  0.2859804171  0.0756140516  1.0000000000  0.0211590940 -0.0721321983  1.0000000000
 8.5074199844 -6.5262276136  2.4031799958  6.3754345417 -7.8572022905  1.1541813815  0.1457686658 -0.1277860831  1.0000000000 -0.1401661925 -0.2999494739  1.0000000000
 8.2569021397 -5.4979905106  1.5095052280  7.6328082063 -6.8614771384  2.0997773818  0.1977770474 -0.0590254885  1.0000000000  0.0773855872 -0.1416646735  1.0000000000
 4.7184119355 -5.5661727467  2.0598002199  8.3671594989 -5.3276063537  0.2443743002 -0.2102562446  0.0993499578  1.0000000000  0.2701183845 -0.0927412634  1.0000000000
 6.6153937022 -5.1892234720  3.1586413341  5.8001344331 -4.3925549969  0.6249560748 -0.0161143952  0.0568301596  1.0000000000 -0.0364248821  0.2261594836  1.0000000000
 4.7026586590 -4.9897179313  3.0438083453  7.0837019581 -7.2568267424  2.1926062760 -0.1756937674  0.1702174916  1.0000000000 -0.0076996290 -0.1723203346  1.0000000000
 6.2597562106 -3.8617870314  0.8573761327  6.9883663081 -5.7546648635 -0.2961658270  0.0388430906  0.2216617060  1.0000000000  0.0743691995 -0.0847791527  1.0000000000
 7.7504309432 -3.2973940253  0.7562390534  5.0338354186 -5.6306513416  0.3127434388  0.2973730678  0.2464688938  1.0000000000 -0.2209100781  0.0416010622  1.0000000000
 8.7025713247 -6.4597487743  2.0061067728  6.0596350346 -6.6420021357  2.5100192700  0.1566760432 -0.1621512212  1.0000000000 -0.0785163892 -0.0603017329  1.0000000000
 8.7123913732 -6.0262361191  1.9187244102  7.5026155864 -5.3209250469  0.0683240495  0.1947514764 -0.1289639602  1.0000000000  0.1235513936 -0.1036286325  1.0000000000
 7.7248525977 -6.5397745518  1.6199620419  7.1652989058 -3.7674864132  2.3059545623  0.0431103492 -0.1515393972  1.0000000000  0.1161777513  0.1983455857  1.0000000000
 7.6316445083 -6.3345294422 -0.4927846325  5.5842100603 -7.3940463219  2.0347981288  0.1569638591 -0.2244560285  1.0000000000 -0.2143879248 -0.1299563160  1.0000000000
 8.2819287091 -4.8188200359  0.2721709602  6.6343587347 -4.9495241277  0.4065803279  0.3070131495 -0.0010212663  1.0000000000  0.0770716729  0.0938509299  1.0000000000
 7.7028560060 -5.8706152630  0.6925524151  5.7122182126 -7.7399712713  0.1912077981  0.1605706750 -0.0812317381  1.0000000000 -0.2099408051 -0.2699158149  1.0000000000
 5.7523544837 -5.0285947319  1.4449703495  7.0892886767 -3.7598474050  1.0272873558 -0.1106262837  0.1322022132  1.0000000000  0.1954504651  0.2026397074  1.0000000000
 8.3187205349 -4.8678113466 -0.3565768650  8.9302531416 -6.6278518320  1.9321443584  0.3723486120  0.0076074263  1.0000000000  0.1856822138 -0.2035874795  1.0000000000
 5.6818318486 -7.6243764154  1.3250322661  5.4008886611 -4.8369283844  0.4225835896 -0.2090296890 -0.1785782846  1.0000000000 -0.0635254803  0.1576791808  1.0000000000
 6.9190595317 -3.3298935137  0.6078365205  6.6940511228 -6.8685579942  0.0459529285  0.1756920528  0.2891438734  1.0000000000 -0.0358259765 -0.1981773740  1.0000000000
 7.7232332061 -5.4574134487  2.3848819015  7.4896864256 -4.5464738803  1.3844850640  0.0984915660 -0.0053351416  1.0000000000  0.1678439512  0.0393539601  1.0000000000
 7.4014006532 -7.1597755399  1.4446774922  6.6606595016 -6.3448191746  3.0236445664  0.0478789656 -0.1989287544  1.0000000000 -0.0470973823 -0.0561397977  1.0000000000
 8.0876629936 -5.3178888388  2.0196039376  8.8412712020 -6.2758859497  1.7052207660  0.1130977884 -0.0329748231  1.0000000000  0.2202604024 -0.1642166261  1.0000000000
 4.9213080704 -5.8832731333  1.9261291583  7.5337602108 -4.2160956781  2.0326832164 -0.1425900710  0.1022773113  1.0000000000  0.1717464487  0.1286025544  1.0000000000
 7.3039342719 -3.6797685516  3.3399689877  9.0023267888 -6.3954148420  1.8774871028  0.1467444568  0.1518845610  1.0000000000  0.1925066001 -0.1863707201  1.0000000000
 5.6857989056 -4.2354175916  0.2131202835  5.7239707009 -7.1168980506  2.8041773125 -0.0300379719  0.2024628476  1.0000000000 -0.1697037940 -0.0756225750  1.0000000000
 5.1163839570 -4.9064922150  2.2822810733  6.5093566863 -4.4927702795  0.1195853014 -0.1064618995  0.1640362226  1.0000000000  0.0844466853  0.1716267601  1.0000000000
 5.2978416979 -6.7872952022  1.5688660951  4.8797204537 -4.1495137904  1.2694617934 -0.2110113926 -0.0801139323  1.0000000000 -0.1619579423  0.2458327813  1.0000000000
 7.8319437275 -4.8643971304  0.4053287980  7.6161390610 -6.7127155680  0.4168780521  0.2220180513  0.0128451685  1.0000000000  0.0797498389 -0.2016319661  1.0000000000
 7.5518995689 -7.0525846859 -0.3904595453  7.4842591101 -4.7441038265  3.0864552318  0.1104899032 -0.3060277461  1.0000000000  0.1061033638  0.0954474338  1.0000000000
 6.8122451249 -4.6206383685  2.9542641134  7.8879577228 -4.5554778574  0.4563200295 0.0234319043 0.1661644080 1.0000000000 0.2546268037 0.0779551764 1.0000000000
 7.9867202638 -6.3298728703  0.6147990462  6.9255023639 -6.4858460066  1.4987880658  0.1572417853 -0.1903194207  1.0000000000  0.0002781625 -0.0944017415  1.0000000000
 7.3359330694 -3.9518231358  0.0842635134  8.3845205940 -6.4965547040 -0.1517544029  0.2535591406  0.1614378106  1.0000000000  0.1934966156 -0.2427762900  1.0000000000
 6.4399148395 -6.5003778325  1.0513339944  6.3970559410 -5.2068887932  0.6137662538 -0.0123979797 -0.1183858912  1.0000000000 -0.0061588697  0.0519603234  1.0000000000
 6.6976629329 -5.1494458691  3.1136667388  5.5477388239 -5.8866332305  1.5343608630 -0.0141304301  0.0696903826  1.0000000000 -0.1365415756  0.0431570814  1.0000000000
 8.5459757302 -5.2295709608  0.0458022471  7.0525471932 -5.2864226150  2.6441246675  0.3351424727 -0.1053844722  1.0000000000 -0.0058093027  0.0397784586  1.0000000000
 7.1856189596 -3.7336355173  2.3823345110  5.1320251736 -6.4875272986  1.2874498674  0.1439558355  0.1833892394  1.0000000000 -0.2495342636 -0.0202677181  1.0000000000
 8.0654800500 -5.1417236111  2.9023757375  8.0190542194 -4.3415211633  2.3291725235 0.1556021113 0.0547933107 1.0000000000 0.2090771443 0.0793568523 1.0000000000
