126.4000000000
50
11.5120468699  5.9605096175  0.7321072252 0.2492217199 0.1432595176 1.0000000000
 9.5148998874  4.1534008749 -0.3980097729 -0.0513810851 -0.0200313864  1.0000000000
10.4851173129  3.2585690008 -1.8362683214  0.1190754057 -0.0969589948  1.0000000000
9.7000830213 3.2384624042 0.4873987767 -0.0200299307 -0.0954290385  1.0000000000
7.9571994984 4.0745953585 0.9289691251 -0.1516914952  0.0002529587  1.0000000000
10.4095060449  4.1730386754 -0.8259024133 0.0804120238 0.0124889814 1.0000000000
 9.4130543743  3.6778443519 -2.5781618943 -0.1095241828 -0.0296577440  1.0000000000
10.1571012086  6.0046340282 -0.7507023783 0.0309239495 0.2893609533 1.0000000000
 8.7304351997  2.5359352424 -1.8120060665 -0.1659361368 -0.1853810515  1.0000000000
9.5333840385 2.2602546011 1.4821151725 -0.0173066713 -0.1908535756  1.0000000000
8.8008476581 6.0514079676 0.7955975243 -0.0707934173  0.1909294967  1.0000000000
 8.4375496519  3.5802415614 -1.0168966490 -0.1780740357 -0.0582474073  1.0000000000
10.6812147196  2.3249306714  0.4498824675  0.1213805937 -0.1862509709  1.0000000000
11.2022789842  4.3231764607  1.3944927911 0.1745519291 0.0065911416 1.0000000000
10.3978722828  4.3462494127 -0.7347317346 0.0700971238 0.0175633887 1.0000000000
10.0137279148  3.0484936619  1.3913293645 -0.0138038843 -0.1480015256  1.0000000000
 7.8787783085  4.1755936798 -1.1131051381 -0.2307621158  0.0036921580  1.0000000000
 8.0320753660  2.5982437264 -1.1089816435 -0.2625272480 -0.2113221852  1.0000000000
 9.9466027819  3.4842981927 -0.4575225642  0.0543048682 -0.0748773471  1.0000000000
10.6414839118  5.2550367734 -0.5316078173 0.1160255709 0.1324524365 1.0000000000
10.7863718560  2.4317919753 -0.4384469180  0.1236191500 -0.2089896436  1.0000000000
10.2862971536  3.0769931714  1.0600190542  0.0367947112 -0.1376679568  1.0000000000
7.8194468747 5.7509840957 0.7823087069 -0.1791161057  0.1685180944  1.0000000000
10.8619027647  5.2764352446 -0.9971464389 0.1788348740 0.1665312295 1.0000000000
10.7199678632  4.0097551725  1.3104609387  0.1368026018 -0.0228770659  1.0000000000
 8.7135081792  5.8910640045 -2.2112550264 -0.1628339869  0.2580142943  1.0000000000
 8.4824111200  6.0723823802 -0.0270039739 -0.1176083751  0.2439695159  1.0000000000
10.3001534785  2.3167211790  1.0059465746  0.0605888791 -0.1909045903  1.0000000000
 7.9267816194  4.0590158536 -1.9475540987 -0.2691299134 -0.0042067240  1.0000000000
9.8827067254 3.2882515044 1.3514296590  0.0327557337 -0.1362043294  1.0000000000
 8.1312341945  5.7578480433 -2.7110906793 -0.2609159940  0.2912999553  1.0000000000
10.1484139583  4.4405812005 -1.6524943250 0.0684371525 0.0847140327 1.0000000000
 9.7437659491  4.5667599944 -2.0649520459 -0.0178522101  0.1215880340  1.0000000000
9.2449779422 3.8488279110 1.1040678920 -0.0579610845 -0.0354018278  1.0000000000
11.1034451120  2.7813928152 -0.9964186193  0.1919703940 -0.1976654413  1.0000000000
10.9262291795  3.6470482355 -1.1211396060  0.1185077944 -0.0691110841  1.0000000000
11.5237173576  4.4825648562 -1.1658418523 0.2508940412 0.0665489366 1.0000000000
10.4458613140  2.8961580395 -1.0618125236  0.0725147826 -0.1761991260  1.0000000000
9.7636083526 3.0338209820 1.0398297506 -0.0176610679 -0.1165447632  1.0000000000
10.6795504731  4.9827056279 -2.0319817652 0.1631847588 0.1865483146 1.0000000000
10.5848136571  5.2285088200 -2.1689349623 0.1024790039 0.1936300394 1.0000000000
10.6811267286  3.6863705386  0.3547233140  0.0893388012 -0.1022066949  1.0000000000
11.6703164213  5.4703049675 -1.1468583446 0.2586479150 0.1846887124 1.0000000000
8.3143905932 2.9196968557 0.4496904363 -0.1516010756 -0.1462964280  1.0000000000
7.8568541170 6.1024834543 0.8226167153 -0.2043531522  0.2310224849  1.0000000000
 9.5273913492  5.0351020960 -1.4754705498 -0.0243036198  0.1368621492  1.0000000000
10.7817127186  4.9566005337  0.9531667623 0.1439260608 0.0471220082 1.0000000000
 8.4729598798  3.0877297456 -2.2956683969 -0.1859492161 -0.1424309968  1.0000000000
 9.7505209145  5.1976555122 -1.5574173493 -0.0012206392  0.1991593338  1.0000000000
 9.4792577971  3.8999163922 -2.5540813873 -0.0643275819 -0.0167911478  1.0000000000
50
11.1815623597  2.8665032630 -0.3246326905  8.4622978134  5.6291856809 -0.2150055273  0.1920937249 -0.1569220707  1.0000000000 -0.1421146138  0.1986101481  1.0000000000
 7.8459757993  5.3801190690 -1.3527639977  8.5238731340  6.0201175087  0.1164349687 -0.3040137871  0.2391540668  1.0000000000 -0.1579779667  0.2299984984  1.0000000000
 8.7546798607  2.2068298283 -0.4934576982 11.6746316388  4.0421325729 -0.6925218525 -0.1505545665 -0.2235136301  1.0000000000  0.2564546243 -0.0408513471  1.0000000000
10.3084255012  3.1579275147  0.5357480169 11.4889945999  3.6673616353  0.1533766161  0.1137644390 -0.1046507444  1.0000000000  0.2106783143 -0.0860683491  1.0000000000
10.5242285617  5.5550293277  0.3136428314  8.8156857307  2.7475881409 -2.4458239834  0.1347454854  0.1409879088  1.0000000000 -0.1761108686 -0.1890899003  1.0000000000
 9.3623710449  4.9051791434 -2.4683240574  8.7557476302  3.7523540258  0.8822799056 -0.0784697270  0.1498681758  1.0000000000 -0.1349170235 -0.0386568400  1.0000000000
 8.3281651553  4.9896420563 -2.5097724770  8.2887090678  3.9706032555 -2.3930581218 -0.2388920001  0.1960889479  1.0000000000 -0.2359563769  0.0254783623  1.0000000000
 8.4775216917  2.1246165128 -1.3864816386 10.1588043011  4.0904303088 -0.5858784400 -0.1729359878 -0.2333621037  1.0000000000  0.0380375447 -0.0255975598  1.0000000000
11.1515687294  3.1948917267 -0.6259777561  8.5402821670  5.5591032556 -2.4984190778  0.1572141177 -0.1582914362  1.0000000000 -0.2187979836  0.2603661480  1.0000000000
11.9302119224  4.7301488092 -2.5268760827  8.5711638935  4.9251618643  0.0689094825  0.3733456636  0.1506605288  1.0000000000 -0.0875042243  0.0775823135  1.0000000000
11.4479029824  5.4172087576  1.0259492182  9.2386976177  4.6500061621 -1.6313949942  0.1781163359  0.0649546142  1.0000000000 -0.1144965850  0.0624584964  1.0000000000
 8.2541089688  4.9746323062 -0.7155333574 10.2747038227  5.4702144297 -0.1825261239 -0.1535239984  0.1258248167  1.0000000000  0.0959056476  0.1371466242  1.0000000000
10.5467407638  2.7149445005  0.3785653228  8.3738393777  4.6485634497  0.5699855998  0.0468541072 -0.2035843734  1.0000000000 -0.1594167692  0.0707318850  1.0000000000
 9.6169614439  2.4405382571 -0.8633430974  9.3050612354  2.7065350470 -1.6491267468 -0.0440449438 -0.2336814076  1.0000000000 -0.0864212998 -0.2099096647  1.0000000000
11.9009633985  2.9233427229 -0.8092398410 10.5788002364  5.6905387477 -1.1089538468  0.2979922065 -0.1639207226  1.0000000000  0.1025651366  0.2272720236  1.0000000000
 9.6305352554  5.3361886040 -0.3113874069  8.4459037415  2.3446512483 -0.3835147897  0.0195337564  0.1626412480  1.0000000000 -0.2000108519 -0.2320344993  1.0000000000
11.1779984079  4.6974596997  1.0119512584 10.7989339644  2.9214174727 -2.4323378977  0.1568074176  0.0200303503  1.0000000000  0.1333220204 -0.1606963712  1.0000000000
10.9650677433  5.9791318848 -0.0890100850  9.6133226676  5.1400341387 -1.4327208194 0.1886271578 0.2638119092 1.0000000000 0.0088953047 0.1618585323 1.0000000000
10.0530211222  2.8826872148 -0.5770859903 10.5928818222  3.9654302461  1.0614067525  0.0688435344 -0.1391219303  1.0000000000  0.1150791666 -0.0348486454  1.0000000000
11.4171073609  5.3958534018 -1.6756356744 11.1155479612  2.9718723289 -1.5384794111  0.2136080899  0.1949590095  1.0000000000  0.1794832127 -0.1557084022  1.0000000000
10.0019760178  5.5475461877  1.0068471336 10.5345585229  3.6316030501 -0.9373584998  0.0617878733  0.1109115516  1.0000000000  0.1287769572 -0.0698608087  1.0000000000
 8.9110256171  3.1669510324 -0.4824076476  9.8452521407  3.2353964450 -0.9453140384 -0.1000938483 -0.1347326104  1.0000000000 -0.0028475685 -0.1101667371  1.0000000000
 9.5549647388  5.7204694746 -2.3821551558  8.5681352799  3.2181051962  1.0192815042 -0.0555473164  0.2781553145  1.0000000000 -0.0950736378 -0.0805865573  1.0000000000
 9.3791207835  5.0399912284 -1.2850535613 10.9259562876  4.9189768540  0.9942751290 -0.0079646261  0.1208262596  1.0000000000  0.1701318659  0.0686043506  1.0000000000
10.2362522419  5.7369497858 -0.2628152889 11.2906707454  2.6953773952 -0.3845067519  0.1078973863  0.1679722366  1.0000000000  0.1895595530 -0.1902485526  1.0000000000
10.6606689037  2.3198331628 -1.2541254458  7.9310469948  3.9578968546  0.8011525730  0.1402569030 -0.2512437237  1.0000000000 -0.1522584519 -0.0315868043  1.0000000000
 9.0053676705  6.0566676476 -0.6366311538 10.2033615586  3.8336641673  0.6530810469 -0.0985834328  0.2389093898  1.0000000000  0.0593564840 -0.0367743807  1.0000000000
10.0791810466  4.0644412262 -1.4437948317 11.0221373586  3.9178178098  0.3401065924  0.0515458345 -0.0308989193  1.0000000000  0.1394285751 -0.0590744967  1.0000000000
 9.8933981551  5.3651418227  0.9531071290  8.7108060404  4.7106835325 -1.5379806886  0.0507471952  0.1469830606  1.0000000000 -0.1381783645  0.1356059630  1.0000000000
 8.4141129992  3.0974083996 -2.2033776409  8.6254202897  5.3441419982  0.1747629732 -0.2434359071 -0.0815115122  1.0000000000 -0.0867163682  0.1454794500  1.0000000000
 9.0344955778  2.5165397632 -0.2044942092 10.7699607834  6.0572613161 -1.6727410239 -0.1138466674 -0.1617466435  1.0000000000  0.1280059092  0.2539325179  1.0000000000
10.8303763738  4.2762170667 -1.3468293503  8.3940339693  3.4712783307 -0.1670436021  0.1089949822  0.0175756453  1.0000000000 -0.1718001923 -0.0734066061  1.0000000000
10.4376975047  4.6385827579 -1.6828570155  8.0223993420  3.5432840729  0.4276051155  0.0961463888  0.0647756546  1.0000000000 -0.1788352138 -0.0680543622  1.0000000000
11.2032759880  3.3334975916 -0.1022324651  9.9927091034  4.3479729806 -2.0376813469  0.1860306243 -0.0675504517  1.0000000000  0.0332324118  0.0835872384  1.0000000000
11.0901348449  4.9393759736 -1.1452538163 10.3438846987  3.9104275018 -0.6956361543  0.2063365865  0.0900231836  1.0000000000  0.0857605343 -0.0253928170  1.0000000000
10.7833527208  2.3743590666  0.3722759819 10.6186878574  3.4965725492  1.4229881483  0.1161519831 -0.1907660356  1.0000000000  0.0760587428 -0.0486192433  1.0000000000
 8.8005012776  4.5439707710  0.1866943580 10.3463729312  3.0707402536 -0.6469320757 -0.1015016277  0.0428814231  1.0000000000  0.1156503406 -0.0994581661  1.0000000000
 8.8378643026  3.9793280541 -0.2587217649 10.4235295281  3.0998119766 -1.5281770245 -0.0633891862  0.0118459580  1.0000000000  0.0745663666 -0.1476806772  1.0000000000
11.3926417489  5.5457800726 -1.4089298065  9.9561338271  2.0274114948 -1.8986929778  0.2137189473  0.2006980603  1.0000000000  0.0116636125 -0.2472735236  1.0000000000
 8.5380487149  3.5701541164 -0.0233958366 10.2625548850  5.4970625740 -0.7851261647 -0.1492955478 -0.0872691084  1.0000000000  0.0664131968  0.1580725741  1.0000000000
10.5723918571  4.2054530283 -2.1841191025 11.5550395666  4.4341449758  0.7945117782  0.0991068464  0.0029218712  1.0000000000  0.2384938325 -0.0007583402  1.0000000000
10.1159083524  3.1861925661 -0.3391728596 10.8798851544  5.1831260977  0.6197049109  0.0354325376 -0.0680251867  1.0000000000  0.1063779688  0.1055357380  1.0000000000
 8.9685907232  3.3878501044 -0.9402525858  9.8728456544  4.5122243912  0.0687748080 -0.0936533365 -0.0863846001  1.0000000000  0.0219463816  0.0078459171  1.0000000000
 9.3251667848  5.5858630550 -1.5874791302  9.5485577966  2.1501552458 -1.7365353378 -0.0751780004  0.2173169445  1.0000000000 -0.0652930613 -0.2562478359  1.0000000000
10.7519113965  5.0222555156  0.0634210712 10.1811526608  2.9697601841  0.8963531469  0.1514445159  0.1000979170  1.0000000000  0.0464940394 -0.1326713189  1.0000000000
 8.4468236103  3.1656551130 -0.7526086850 10.6899741557  2.5137155508 -1.9158776762 -0.1359354936 -0.1156901034  1.0000000000  0.1029753078 -0.1975456248  1.0000000000
11.6247541381  4.7556975070 -2.1918173305 10.4263169414  4.1156331303  0.0295118182 0.2828455475 0.1311079714 1.0000000000 0.0823066163 0.0401578231 1.0000000000
11.7378021366  5.8270056132 -0.8252854795 10.0777003699  4.5428517936  0.2344216753 0.2693110629 0.1672217076 1.0000000000 0.0421618963 0.0325509363 1.0000000000
 9.7175165851  5.5686606079 -1.7701132510  9.9261484272  2.4808159672 -0.0050316914  0.0120171073  0.2057300439  1.0000000000 -0.0059213179 -0.1718398226  1.0000000000
 8.7678738481  4.9151871592 -2.7494669645  9.3120022368  4.5949840310  0.3392375627 -0.1992998151  0.1892370401  1.0000000000 -0.0622674487  0.0613837761  1.0000000000
