670.7000000000
50
11.3163468093  2.3354794185  1.7484987487 -0.0281102686  0.0143592479  1.0000000000
9.8921036958 1.6331364428 0.1962232289 -0.0980898262 -0.1349179129  1.0000000000
11.7736703381  3.2075203456 -0.7105578184 0.2402936090 0.0749935357 1.0000000000
10.8588351367  2.8122428809 -0.0246802484 0.0474345658 0.0598056076 1.0000000000
11.2121625000  0.8176264438 -2.1154660099  0.2671038323 -0.2729405570  1.0000000000
10.8626751738  4.1343596131 -0.6535765887 0.1878965023 0.2237201008 1.0000000000
10.7501906132  4.5430682759 -1.4459467125 0.2035105701 0.2994923462 1.0000000000
10.1850393251  1.1332003499 -0.6279826307  0.0007391073 -0.2055556720  1.0000000000
12.4243324659  2.4279662404  0.9689269581 0.1017120260 0.0650637317 1.0000000000
10.8112614520  4.4111820471 -1.0950271845 0.1540716685 0.2677161086 1.0000000000
11.7648275935  1.5825707686  0.4725528839  0.1243673951 -0.0737934491  1.0000000000
 9.7376428286  3.2995379460 -1.1120879350 -0.0060558913  0.0678808808  1.0000000000
12.6210159021  2.5079087068 -0.1305532782  0.2112887346 -0.0069818050  1.0000000000
 9.8357446610  0.9285632238 -0.3348357736 -0.0575673616 -0.2182326725  1.0000000000
11.2780072034  0.7934955247 -1.4746289966  0.1916089585 -0.2541431619  1.0000000000
8.5597391940 3.3473914461 0.7100353156 -0.2574590707  0.1315836188  1.0000000000
 9.2940043633  2.7705122765 -0.2572390629 -0.0994480091  0.0496131626  1.0000000000
 9.8935843823  0.7488443871 -0.4003389905 -0.0200255150 -0.2206702331  1.0000000000
12.3323386759  3.3388551222  1.1287757152 0.0936649488 0.1205957996 1.0000000000
11.8453271479  2.4551061013  1.0004331576 0.0576454878 0.0284359783 1.0000000000
10.6793202619  1.6168058044 -1.7603799797  0.1986100674 -0.1681880966  1.0000000000
11.5584067448  3.1942638108  1.2941400346 0.0100528281 0.1003439649 1.0000000000
10.5501873867  3.2788985148 -0.3225844449 0.0036019561 0.0940350530 1.0000000000
9.8692118014 0.6794685776 0.2375250869 -0.0988193485 -0.2110021155  1.0000000000
11.0528789017  4.0635976948  0.2101767344 0.0909453783 0.2232840383 1.0000000000
11.4483776332  4.4765371445 -1.3496451100 0.2668128666 0.2455648872 1.0000000000
10.2976944949  1.0900597657  1.7699146824 -0.0925625863 -0.0918200808  1.0000000000
11.0396663591  2.6833751062  1.8589208849 -0.0620878382  0.0883328954  1.0000000000
11.4918055225  1.7898021453  0.2126394383  0.1060474137 -0.0764787914  1.0000000000
10.1188834738  4.4297834275 -0.3669245159 0.0481391369 0.2754028376 1.0000000000
10.0650902217  3.3650359166  0.5849907132 -0.0638654635  0.1585042694  1.0000000000
 9.8596318386  1.7193781622 -0.8711903747 -0.0000180197 -0.1678585703  1.0000000000
11.0208529387  3.4415674967  2.1899865833 -0.0762291400  0.1710676686  1.0000000000
12.1614648519  0.7528541119  1.0854122982  0.0420685938 -0.1050948883  1.0000000000
10.2760653218  3.0041406659  2.6631314287 -0.1556408173  0.1121680243  1.0000000000
11.6315133262  2.9795448027  1.2830704372 0.0312796767 0.0769199387 1.0000000000
10.5010694738  4.1762856708 -1.4270600738 0.1285113331 0.2566829343 1.0000000000
11.3633120208  1.0045038681  0.5999999954  0.0240730590 -0.1555939487  1.0000000000
 9.3893867410  3.9094176822 -0.4972743182 -0.0501595005  0.2438847801  1.0000000000
 8.1314426612  1.9351351968 -0.0666945573 -0.3068829368 -0.1081587189  1.0000000000
10.6901365724  2.8581687895  2.0070360620 -0.0718284860  0.1011105239  1.0000000000
10.1788587444  1.4978579561 -1.6325872774  0.1500290541 -0.1890180290  1.0000000000
12.9134229112  2.1214829740  0.7684844282  0.1698871090 -0.0266480880  1.0000000000
10.3874426606  1.1476605587 -1.8178126969  0.1234891763 -0.2349439143  1.0000000000
12.1539529692  0.8484664233  0.6893682414  0.0822357545 -0.1553052902  1.0000000000
11.0887358989  3.1039043447  0.5093253669 0.0403155639 0.0841589839 1.0000000000
10.1430727065  2.1781475298  0.3463936340 -0.0428926479 -0.0338849086  1.0000000000
10.9003630918  4.2070385842  1.1536579451 -0.0158176321  0.2799253367  1.0000000000
9.5546841055 1.8283120652 0.8386274168 -0.1607806699 -0.0064573432  1.0000000000
10.7277697576  1.7461534230  1.7404017264 -0.1017404703 -0.0689580674  1.0000000000
50
10.3461766496  3.1124627003 -0.2390258199 10.4514961606  1.9865671742 -1.5309728989  0.0351498199  0.0884891236  1.0000000000  0.1473208962 -0.1536499110  1.0000000000
 9.0400532443  1.1244128960 -0.0801552522  9.3259212037  4.0353807950  0.0860893531 -0.1328572155 -0.2357201418  1.0000000000 -0.1041911687  0.2385029061  1.0000000000
10.0506446741  2.7656514901 -0.2163059081  8.7266578467  0.9747543257 -0.1960882775 -0.0270361953  0.0725753022  1.0000000000 -0.2182208994 -0.2025040182  1.0000000000
11.6304625929  2.2023363471  0.7550500453 10.2865252980  4.3100733390 -0.6099761826 0.0323948568 0.0322787871 1.0000000000 0.0651611841 0.2379995553 1.0000000000
12.9494216175  0.7740871036 -0.2606462593  9.8161012704  1.9403464894 -0.2942896535  0.1856814259 -0.2046619436  1.0000000000 -0.0654064283 -0.0493852317  1.0000000000
 8.3236916476  3.1949503507  0.2337970158 10.6305955209  3.5026240971  1.1537899560 -0.2726003776  0.1213687079  1.0000000000 -0.0540620575  0.1281977083  1.0000000000
10.3428622679  0.7495649010 -0.7175676451 10.4982470173  1.3113402275  0.2877786947  0.0213794149 -0.2462424021  1.0000000000 -0.0249511733 -0.0983986091  1.0000000000
13.0460588427  2.4843127425  0.0130655685  8.9476152853  3.1870657576  0.6110623201  0.2284482295  0.0412038436  1.0000000000 -0.1760187167  0.1268921502  1.0000000000
10.8153441265  2.2875909069 -0.3325970245  9.6305434829  3.2797143235 -1.2505965076  0.0924953182 -0.0384929365  1.0000000000  0.0420943836  0.0991609574  1.0000000000
11.3962542060  2.2052076858  0.1843921669  9.3760593668  3.0701995147  1.8981168306  0.1081601092 -0.0152146254  1.0000000000 -0.2437927475  0.1153033370  1.0000000000
12.5152088840  3.4337572776  1.5171468779  9.5580191072  2.4969115691 -1.2394606021  0.0647734432  0.1481106402  1.0000000000  0.0457351527 -0.0555997622  1.0000000000
10.6877766645  3.5555438812  0.0217720509 12.7133493816  1.4062217900  0.7185366077  0.1275556021  0.1508830372  1.0000000000  0.1645526572 -0.0436824391  1.0000000000
 9.8116430794  0.8868226166 -0.0403008127  8.9064453531  1.8166558585  0.8776790595 -0.1234462213 -0.2109070774  1.0000000000 -0.2291092677 -0.0925183531  1.0000000000
10.6697571260  3.5193052832  0.4421759719  8.5786775117  3.6869620657  0.1195207673  0.0168591300  0.1033747355  1.0000000000 -0.2349071116  0.1825107015  1.0000000000
11.3124535992  1.9397593469  0.3399479031  9.6770309291  4.3716504977  0.3182575353  0.0541812739 -0.0540526961  1.0000000000 -0.1275091098  0.2908691895  1.0000000000
 9.1613620247  4.2306762590  0.7129252590 12.2764127855  4.0697598964  1.7337568115 -0.1662407661  0.2801147399  1.0000000000  0.0084804032  0.1875286026  1.0000000000
10.2836937193  1.9873976386  0.3011211735 10.1277378158  2.1751635865 -1.8368143055  0.0198776315 -0.0226005365  1.0000000000  0.1642446202 -0.1161622356  1.0000000000
12.5114950204  3.1343199033  0.6122860392  8.8341726826  0.8672868067 -0.3969413932  0.1873308292  0.0723258847  1.0000000000 -0.1505771492 -0.2709320846  1.0000000000
11.4665988898  3.0426804690 -1.8527712432 12.0614900747  3.0001870892  0.2086031775 0.3169958585 0.0264886254 1.0000000000 0.1463120392 0.0361337005 1.0000000000
10.4695897014  1.2394100908  1.7960919313  9.4537497324  2.5737061912  0.7909198235 -0.0686393616 -0.0764394905  1.0000000000 -0.1651472846  0.0941803380  1.0000000000
10.2071001777  3.4093032465  2.1050435188 10.6175508500  3.1306816941  2.5911462765 -0.1677993887  0.1620484792  1.0000000000 -0.1995118245  0.1946152600  1.0000000000
10.8799154374  1.4299957183  0.0219043021 12.9632971265  1.3724311099  0.4089810821  0.0176487357 -0.0711479998  1.0000000000  0.1675129213 -0.1218577973  1.0000000000
11.3150766929  0.7570273063  0.0410429238 11.1461022289  1.5085576186 -0.6200130465  0.0534170106 -0.1986987380  1.0000000000  0.1133303217 -0.1031423152  1.0000000000
10.3050527696  1.9539084529  1.1746689043 12.3106100172  0.9459709591 -0.7390762686 -0.0853290277 -0.0321745306  1.0000000000  0.2060190421 -0.2050843633  1.0000000000
 9.6653545568  4.0024793200  0.9498416966 11.8347504009  1.7460328158 -0.3107392417 -0.1512238747  0.2102899054  1.0000000000  0.1389824883 -0.0693289222  1.0000000000
11.7300484349  0.5345602597  0.4200773512 11.5552818000  3.9162187778  2.0398170054  0.0716205643 -0.2103718975  1.0000000000  0.0105767389  0.2204099987  1.0000000000
10.1834755880  2.7277104991 -1.5950794506 12.4046123788  2.1662609172 -0.6651559320  0.1185083564 -0.0047735016  1.0000000000  0.2317713209 -0.0291216976  1.0000000000
 9.2660909058  0.4239601555  0.9310131481  9.1471884142  2.5045014786 -0.5374575962 -0.1776832567 -0.1996394496  1.0000000000 -0.1383792066  0.0142582362  1.0000000000
12.2067729066  0.7655523455  0.2518648061 10.8369824539  3.7377960588 -1.8034241483  0.1342472588 -0.2153994559  1.0000000000  0.2239880494  0.1729008722  1.0000000000
10.3593955359  1.4261674008 -2.2825435558  8.8853827728  3.3587949338  0.5082722252  0.1923584468 -0.2204374127  1.0000000000 -0.1840149545  0.1205487823  1.0000000000
 8.5461004961  2.6228898780 -0.4672721082 10.0045455593  1.8398796180  1.4714874286 -0.2058978086  0.0128433954  1.0000000000 -0.1572942280 -0.0379433073  1.0000000000
10.1494189248  2.6169327020 -1.4597119113  9.9782886356  0.3576186938  1.7654045324  0.0827806460 -0.0275833951  1.0000000000 -0.1620734160 -0.1793729160  1.0000000000
10.0954772697  2.3260802318  1.9329863483 11.7889375061  2.8715881018  1.0316205810 -0.1094605604  0.0328787270  1.0000000000  0.0305494743  0.0885996574  1.0000000000
10.4425468706  2.6000588048 -1.5048012381 11.5005040763  2.2709846582  1.5071412755  0.1324805073 -0.0175531151  1.0000000000 -0.0122201122  0.0162824125  1.0000000000
11.6365873745  2.4219613991  0.7580317400 10.3460563040  3.3570895303  0.9432479122  0.0680542616  0.0216389272  1.0000000000 -0.0370958587  0.1143281254  1.0000000000
12.2619631702  3.5414362035  0.0905944939 10.8773874921  1.8222944402  1.8249097879  0.1498892080  0.1309221120  1.0000000000 -0.0781398932 -0.0291686779  1.0000000000
10.3009782030  2.8702253778 -1.8516427108 12.1265250633  1.5313966637 -0.1920052140  0.1753539078  0.0194407828  1.0000000000  0.1039735482 -0.0992435885  1.0000000000
10.9151000543  0.2647476606  0.9067304790 10.2711752083  3.1926360059  2.6959312577 -0.0451627122 -0.2226535058  1.0000000000 -0.1492022372  0.1140157240  1.0000000000
10.7804648268  4.0882796402  0.4129779130  8.6345721086  3.5945072729  0.5822794422  0.0184359348  0.1984562914  1.0000000000 -0.2681369111  0.1809826102  1.0000000000
11.4480157290  2.4735205872  0.4631368667  9.6961645935  0.8397279560 -0.5432662383  0.0650280510  0.0512564781  1.0000000000 -0.0265441925 -0.2545126608  1.0000000000
 9.9791294365  3.1305532452  1.5311077526 10.9906057714  2.8191563176 -0.1047228733 -0.1559902142  0.1064584442  1.0000000000  0.0702552349  0.0481317638  1.0000000000
10.1724258275  2.5106762073  1.9387989822 10.4114027668  1.4981236526  0.2350258484 -0.1750837483  0.0444836150  1.0000000000  0.0299630596 -0.1001918478  1.0000000000
 9.9986993961  0.6366798273 -0.5314581150 10.4898019566  3.7156352147  1.7806842034 -0.0588013107 -0.2707272274  1.0000000000 -0.1048874964  0.1357869399  1.0000000000
10.3469048508  1.5792818545  1.7298966400 11.7148174214  2.9573114688 -1.5285925298 -0.1209808993 -0.0639840289  1.0000000000  0.2806573944  0.0397072285  1.0000000000
10.4047059451  1.3769914031 -0.4525450095 12.2044807111  2.0055895489  1.4353653396  0.0452362542 -0.1352048854  1.0000000000  0.0378299450 -0.0254340792  1.0000000000
 9.8240521619  0.7647302850 -0.1171940493 12.1899655311  2.6705254147 -0.6807197867 -0.0660422139 -0.2670470009  1.0000000000  0.2541771861  0.0124811263  1.0000000000
 9.9921746362  1.7499138501 -1.0938749720 11.2845781474  3.6869894952 -0.9880489184  0.0533966732 -0.1641881391  1.0000000000  0.2225911800  0.1187282142  1.0000000000
12.3459573622  0.7282612139 -0.2899889857 10.7338609895  3.8378878919 -1.2317982587  0.1634702745 -0.1944300823  1.0000000000  0.1490825303  0.1726181932  1.0000000000
 9.3650430986  2.5035994717  0.9014053452 11.6346003178  3.7404945294  0.2962373821 -0.1646558841  0.0057972660  1.0000000000  0.1548473219  0.1784140799  1.0000000000
12.2044099751  1.3326777325 -0.7818584972  9.3853703752  1.3656099347 -0.9825252208  0.1899834124 -0.1298518522  1.0000000000 -0.0062602621 -0.1735935585  1.0000000000
