942.5000000000
50
 3.3031818306  1.7485870618 -0.9216273597  0.1959902992 -0.0394260429  1.0000000000
 5.4127896817 -0.3453305454 -1.4233382597 -0.0210330762  0.1204871821  1.0000000000
 5.4686764028  1.4548771158 -2.3139531938 -0.0545306913  0.0584499295  1.0000000000
 3.6358253148 -0.6130417825 -0.8579300288  0.1209688059 -0.0873622775  1.0000000000
 6.5500281845  0.7028171817 -2.6109457269 -0.1613159659  0.1524391260  1.0000000000
 5.3592987682 -0.1328848706 -0.2339963836 0.1272469593 0.1815759877 1.0000000000
 5.6552488171 -1.1854027762  0.0048230440 0.1294785670 0.2219916471 1.0000000000
 5.6731587863  0.9521816098 -3.8062975616 -0.2124541748  0.0117663573  1.0000000000
 3.8860562450  0.4275821549 -2.9060796103 -0.0973908778 -0.1397358872  1.0000000000
5.2903596089 1.6638434432 0.2817260774 0.2568209268 0.1772317092 1.0000000000
 4.9938788856 -0.6978663671  1.0258683035 0.3196595697 0.2028926781 1.0000000000
 3.4687570331  1.5362918252 -1.4706292815  0.1568993450 -0.0688377320  1.0000000000
 5.9963328891 -0.1798838021 -2.4968728951 -0.1684287678  0.1249047126  1.0000000000
 5.4754262761  1.0094521766 -3.8656451347 -0.1952648912  0.0272534161  1.0000000000
 5.4184300951  0.7728841899 -2.6191954408 -0.0966129843  0.0607364733  1.0000000000
 3.0170132217  0.7837238653 -0.6455702005  0.2459791419 -0.1233588500  1.0000000000
 6.6203129732  0.0542912269 -1.5256463975 -0.1200864846  0.2704397371  1.0000000000
 6.5561419081  2.1327666887 -1.9442973634 -0.0105181329  0.2551847241  1.0000000000
 4.6290556884 -1.3038477960 -2.7209808533 -0.1390445440 -0.0466048239  1.0000000000
 3.1583360584 -0.8280048756 -0.6099294560  0.2289653472 -0.0778676428  1.0000000000
 3.6424597878 -1.5231952301 -1.4658428108  0.0858610924 -0.1684185981  1.0000000000
 2.7732054865 -0.2123872557 -1.9316568669  0.1236670231 -0.2232715642  1.0000000000
 3.6941722461 -1.4173754574 -1.9289611289  0.0244057338 -0.1527146025  1.0000000000
 2.8439213556  0.9345557057 -0.8487299554  0.2239719535 -0.1515413679  1.0000000000
 4.0200704996 -0.5687970314 -0.3165802698 0.2328868119 0.0490067752 1.0000000000
 4.5111412374  0.3391179340 -1.6738744136 0.0596684416 0.0182552911 1.0000000000
 6.4144530150 -0.0596760669 -2.5136397237 -0.1223820580  0.1332396421  1.0000000000
 3.2565659049  0.0218347468 -2.1417734323  0.0790607180 -0.1565340543  1.0000000000
 4.0115970024  1.4859875344 -2.1689480373  0.0430758690 -0.1036399573  1.0000000000
 3.0286570721 -1.0206089514 -0.8644641643  0.2163776890 -0.1873892983  1.0000000000
4.7024367387 0.5472712879 0.4892611126 0.2653998709 0.1265951864 1.0000000000
 5.3860002792 -0.2903826751 -3.2885565552 -0.2061807389 -0.0205665728  1.0000000000
 6.2472367192  1.3299274479 -1.2636328821 0.0055044638 0.2208412568 1.0000000000
 5.8047049097 -1.3655192211 -0.0090780527 0.1328308005 0.2629499344 1.0000000000
 6.0089468555  0.1733019271 -2.2312674334 -0.1014037773  0.1206909186  1.0000000000
 3.9679071367 -1.7111214732 -1.7706164010 -0.0339108642 -0.0702483427  1.0000000000
 5.3241729300  0.9554103927 -4.0276426315 -0.2143599548 -0.0371436698  1.0000000000
 2.8095090492 -1.8956641317 -2.1260716645  0.0094117313 -0.3191454870  1.0000000000
 5.8617630895 -0.6822494181 -3.1396434191 -0.2453278677  0.0713445652  1.0000000000
 3.5425868664  1.0185655201 -0.9612906784  0.1809510773 -0.0244412923  1.0000000000
 5.1598179548 -0.6017726104 -3.5828189405 -0.2162314001 -0.0554305829  1.0000000000
 4.5672850919  1.7445459941 -2.5952757637 -0.0018892493 -0.0168127463  1.0000000000
5.2464285424 2.4108738345 0.0697104448 0.2329806209 0.1914416212 1.0000000000
 4.4101945139  1.6897228244 -1.3785753278  0.1253524722 -0.0139626101  1.0000000000
 5.1900290471  0.9208862674 -0.5898510849 0.1396344014 0.1550603645 1.0000000000
 4.2209755568  1.3496440723 -3.4771543875 -0.0468892081 -0.1071153872  1.0000000000
 4.0769874548 -0.7884264781 -2.6118237198 -0.0884568408 -0.1350951756  1.0000000000
 6.1440427202 -0.6213031015 -2.0906492040 -0.1668869408  0.1261901049  1.0000000000
 6.1586735644  1.6896523104 -2.6573138272 -0.0880852713  0.1507817396  1.0000000000
 4.8254754757 -0.2303839524 -0.8576456600 0.0526744219 0.0688038172 1.0000000000
50
 4.6727444113 -0.3432303029 -0.4521496339  3.8380873667  0.5475175177 -3.8536543307  0.1348433567  0.0835005467  1.0000000000 -0.1262808801 -0.1338378244  1.0000000000
 3.7984129567  0.2526622296 -4.0633331438  5.1591231004  0.8804490543 -0.7336864490 -0.1671196608 -0.1794225111  1.0000000000  0.1080890111  0.1112478224  1.0000000000
 4.5922002771 -0.0752968074 -1.7172944425  5.0131562461 -1.1690852233  0.1494746755 -0.0267207262 -0.0091970015  1.0000000000  0.2085766607  0.1694136767  1.0000000000
 4.2021293650  1.1990786921 -4.6312230606  3.3087350264 -0.3991683437 -0.8829759757 -0.2057535987 -0.1645210207  1.0000000000  0.1711970007 -0.0575850094  1.0000000000
 4.5453462499  0.8381051825 -1.5403419885  3.9763492478  0.0675734814 -3.3012992034  0.0265061901  0.0505137391  1.0000000000 -0.1112674060 -0.1500608737  1.0000000000
 3.6960998333  2.2448271635 -0.9529579286  4.5560665274  0.1686225921 -4.0787592502  0.1600315330  0.0156094730  1.0000000000 -0.1841117991 -0.1157661377  1.0000000000
 6.8525163368  1.3401612301 -2.7719361481  3.8846770773 -1.3505082288  0.0731141317 -0.1646549411  0.1984932538  1.0000000000  0.2453599588  0.0331255016  1.0000000000
 6.4552925730  1.0367061310 -1.5424428122  3.5360094749 -1.5901167842 -3.4816011355 -0.0763230235  0.2089583422  1.0000000000 -0.2032944002 -0.2979542384  1.0000000000
 6.7085254214  1.9642143142 -2.1656586661  3.5900484750 -1.7739466057 -1.3051576361 -0.0842386675  0.1651262051  1.0000000000  0.1027308328 -0.0932614153  1.0000000000
 6.8019453414  1.1924637107 -2.5285383746  4.9884663245 -0.3288738753 -2.2093965119 -0.1239583311  0.2005068136  1.0000000000 -0.1130299575 -0.0149265443  1.0000000000
 3.8561800457  1.1357117584 -1.0433018910  4.2512879976 -0.1386559695 -4.1353032841  0.1311764895  0.0129217377  1.0000000000 -0.2614561550 -0.1404545245  1.0000000000
 1.9945394243  0.8924214766 -1.3702179631  2.9619388074  0.7716238704 -3.0573204099  0.2551055901 -0.2336084558  1.0000000000 -0.0279234435 -0.2148425102  1.0000000000
 5.4740064496  0.6371020667 -1.6749753163  6.1928338411  2.2292052481 -1.6707163819 -0.0029660192  0.1171827158  1.0000000000  0.0043502631  0.1860623897  1.0000000000
 6.0876328213 -0.9900273220 -0.8042984787  5.5706963665  0.3952989011 -0.1939893106 0.0045439294 0.2543936635 1.0000000000 0.0763549967 0.1979537586 1.0000000000
 5.0415487726 -1.3033250605 -0.2943072718  3.9757471977 -1.5469097448 -3.1358848416  0.1007366178  0.1301576520  1.0000000000 -0.1766587501 -0.1824347684  1.0000000000
 5.4568696872  0.5825247403 -0.6893887630  3.7937939963 -0.1871732302 -0.7415851341  0.1123435103  0.1280739651  1.0000000000  0.1484565750 -0.0420549329  1.0000000000
 2.5168502723 -0.2116207155 -1.4246576500  5.0490429606  0.0362039328  0.0959117237  0.1977911882 -0.2140440851  1.0000000000  0.1993438508  0.1854281041  1.0000000000
 4.2847080809  1.3863161566 -2.1064845175  4.3729861028 -0.7847274333 -1.6749090963 -0.0043079375 -0.0217019233  1.0000000000 -0.0154098299 -0.0149622339  1.0000000000
 5.1603495721  0.9942249951 -2.2074116069  3.3754159628 -1.4940591142 -2.8827607151 -0.0117134784  0.0281654498  1.0000000000 -0.0792755560 -0.2647211107  1.0000000000
 4.1230373884  1.0371476143 -4.5332987993  4.4750482097  0.0096391124 -3.2469134556 -0.1712994703 -0.1703837308  1.0000000000 -0.1197038390 -0.0921375372  1.0000000000
 6.6548630722  0.8315492505 -2.9969686781  3.4713208193 -0.3689293906 -2.3594274820 -0.1793314037  0.1586292343  1.0000000000 -0.0175923247 -0.1721696807  1.0000000000
 4.6227028733 -0.8594611694 -1.1105754974  6.1419158753 -1.5940134317 -0.8217344992  0.0350618831  0.0269851731  1.0000000000 -0.0926866528  0.2747132978  1.0000000000
 4.7107301853  1.9506183497 -0.6728581270  6.7294703215 -0.1943050206 -1.4910077754  0.1633649268  0.0940747825  1.0000000000 -0.1147421532  0.2515286778  1.0000000000
 4.6617468958  2.1892818463 -0.5510809834  5.1611172769  0.0601479338  0.6966449984 0.1921329030 0.0818160635 1.0000000000 0.2641000891 0.2593260171 1.0000000000
 6.6509462348  0.2845836941 -2.8005117326  4.5901750821  0.5732110020 -2.6588637932 -0.1928236116  0.1538894107  1.0000000000 -0.0931678835 -0.0628745877  1.0000000000
 4.1152559628  1.0592286615 -3.9015679007  5.2255600183  1.6298785171 -2.5731537006 -0.1120757595 -0.1496255563  1.0000000000 -0.0774557370  0.0584116628  1.0000000000
 4.8341659450  0.3752053530  0.2907688311  5.1512502802  2.4722093280 -0.6701590159 0.2532575573 0.1941750591 1.0000000000 0.1073440936 0.1229489957 1.0000000000
 5.1466403367 -0.2009676054 -1.1617243252  3.0914358517 -1.1335106212 -2.1119701870  0.0370387060  0.1070924292  1.0000000000  0.0428606251 -0.2388558368  1.0000000000
 6.7716338719  0.1221632442 -1.6118377614  4.4924567325 -0.7637605765 -3.0631690139 -0.0879147606  0.2429849593  1.0000000000 -0.1990711325 -0.1412833702  1.0000000000
 6.9668156940 -0.8322701340 -2.3574796444  5.0029007328 -0.3811423948 -1.6639220195 -0.2431272493  0.2203009295  1.0000000000 -0.0433279046  0.0223045429  1.0000000000
 4.2372735439  1.0835966124 -1.7149863006  4.7571662334  1.3171906739 -3.4184438958  0.0191071562 -0.0321796529  1.0000000000 -0.0771150643 -0.0484766880  1.0000000000
 6.4995638885 -1.1160033487 -2.5171076939  4.7784100697 -0.5538934111  0.3112968837 -0.2613643104  0.1720524711  1.0000000000  0.2566356836  0.1488205630  1.0000000000
 3.2102535866 -1.8995199473 -1.6918529931  3.8034735865  0.3862803322 -1.5934952527  0.0830578391 -0.1960191649  1.0000000000  0.0609480626 -0.1133248023  1.0000000000
 5.4937672916 -1.1310069599 -0.1105410925  2.7571771670 -0.1062734006 -0.6025488276  0.1292718889  0.2177274932  1.0000000000  0.2680554150 -0.1347060699  1.0000000000
 4.0436827756  0.7076289411 -0.4734250164  6.1381122061  0.5765484347 -1.1567751454 0.2104944094 0.0385081336 1.0000000000 0.0032701612 0.1836745178 1.0000000000
 4.2087326463 -1.2051933433  0.5182565922  5.1260442847  0.4785315354 -2.4354392299  0.3357313558  0.1188615266  1.0000000000 -0.0626909790 -0.0016562890  1.0000000000
 6.4683360236  1.2437994723 -2.8840613511  2.1063523326  1.7595267246 -1.9139514377 -0.1460058006  0.1434483412  1.0000000000  0.1792118846 -0.2222973526  1.0000000000
 3.7799670226  0.3606201607 -4.5796012162  4.9245575426 -0.6616376981 -1.8180235925 -0.2126017794 -0.2341024307  1.0000000000 -0.0483269283  0.0651575059  1.0000000000
 5.5224305380  1.7373681406 -2.9085249598  6.2432214133  0.8534376042 -1.0506529729 -0.0844836472  0.0400635192  1.0000000000  0.0580451876  0.2236039065  1.0000000000
 5.5008837716 -0.0143613580 -3.3360612485  2.1524115061  0.2820484481 -0.9303373674 -0.2093993198  0.0024474092  1.0000000000  0.2766398723 -0.2438822958  1.0000000000
 2.9045372376  1.7219689988 -2.6241812851  5.9794850110  1.3496347436 -2.8259321610  0.0908475819 -0.1700476877  1.0000000000 -0.1075136462  0.1421125530  1.0000000000
 5.7832051473 -1.4992043752 -2.9081293192  5.3969289911 -1.1087826202 -3.2520687213 -0.3029314521  0.0135333741  1.0000000000 -0.2326115504 -0.0163040920  1.0000000000
 4.5346179444 -1.6566776158 -3.5699114857  4.5537547293 -0.7698208783 -1.2009902382 -0.2748936227 -0.1782966407  1.0000000000  0.0584733074  0.0582299424  1.0000000000
 5.2123606291  0.3575203190 -2.9701143059  3.9752884934  1.1321916786 -4.0713521819 -0.1391181347 -0.0145380898  1.0000000000 -0.1392964660 -0.1298150566  1.0000000000
 4.9595865437  0.0647920467 -0.6700217073  2.9349346880  0.0951236756 -1.4929041171  0.1309679746  0.1258881801  1.0000000000  0.1372678176 -0.1623739695  1.0000000000
 2.5288251448  0.1164035922 -1.3060702552  6.0902942686 -1.0922232100 -0.1438101335  0.1907840601 -0.1961217737  1.0000000000  0.1089433672  0.3165943203  1.0000000000
 4.1431494960 -1.2080179657 -3.2994127444  4.3243748799 -0.4938135607 -1.1749797192 -0.1564532534 -0.1731093249  1.0000000000  0.0796736908 -0.0084527705  1.0000000000
 4.5975655216 -0.0870893978 -0.0711322447  6.3523891139 -0.3693110370 -1.1754075668  0.1948344755  0.0967025563  1.0000000000 -0.0391979630  0.2610257825  1.0000000000
 4.1531895157  2.1529903161 -0.8399122178  5.4749889708 -1.8901133299 -2.9542623668  0.1627157875  0.0297087582  1.0000000000 -0.2717385277 -0.0316322224  1.0000000000
 5.4839661863 -0.2738838704 -0.0152243147  3.3099093942  2.2472339385 -1.2498365627  0.1734942239  0.2210849460  1.0000000000  0.1573928675 -0.0339276034  1.0000000000
