531.6000000000
50
 0.1060904667  5.7064351340 -0.6346709195 0.0967321299 0.1676183880 1.0000000000
-2.6836957179  5.1268377604 -2.2969524781 -0.2266071641  0.2284258745  1.0000000000
-2.6272471469  4.2568689740 -1.8012701799 -0.1919599655  0.0910207164  1.0000000000
-1.7477078851  4.8645903487 -0.7013650794 -0.0791493838  0.0962739185  1.0000000000
-0.2151700354  3.1794980488 -1.5691761407  0.0760718174 -0.0568217723  1.0000000000
-2.0985422621  3.0359533060 -0.0209157487 -0.1057971953 -0.0836933401  1.0000000000
-0.2289314651  5.6854725342 -1.3978009549 0.0726930311 0.1753142777 1.0000000000
-0.2003402977  5.7648470596 -1.2170225130 0.0602996638 0.2125743128 1.0000000000
-2.1286834815  3.8056890186 -3.4633250447 -0.1787952573  0.0581004084  1.0000000000
-2.1962828504  4.9638248970 -3.5195219923 -0.1957001280  0.2431133014  1.0000000000
-2.5154915899  4.7064071368  0.2237328084 -0.1909483642  0.0445718143  1.0000000000
 0.8407380587  4.7310173496 -0.4390892115 0.1511752936 0.1008895722 1.0000000000
-1.6457919765  4.4948322450 -1.8809563675 -0.0873767795  0.0683211840  1.0000000000
 0.1353322641  5.2110019763 -3.3399260980 0.1768303137 0.2962591622 1.0000000000
-0.7422320821  4.1065873533 -1.6700506268 -0.0072005775  0.0317347212  1.0000000000
 1.1270358277  4.9341815838 -1.0284290913 0.2670370024 0.1377517863 1.0000000000
 0.4283144178  3.4606479428 -0.9264917326  0.1316704162 -0.0488759159  1.0000000000
-0.9328681036  2.0114513872 -0.7787103107  0.0086936938 -0.2381102018  1.0000000000
-2.1691288981  2.3013180001 -2.4363236738 -0.2200424556 -0.1967616172  1.0000000000
-2.0704130721  2.8239667713 -3.0114849786 -0.2122069433 -0.1072437255  1.0000000000
-1.6750171004  3.6135758790 -0.7041476025 -0.1264778649 -0.0232553142  1.0000000000
-1.7981089745  2.8712490995 -2.0026634771 -0.1162499615 -0.1190628293  1.0000000000
-2.4988190483  3.6679025772 -3.5022800645 -0.2554320399  0.0542155411  1.0000000000
-0.5565310993  3.5702154298  0.3069639891  0.0263192632 -0.0596079286  1.0000000000
-0.0055179971  5.1435382922 -1.8700125285 0.0900317122 0.1578338890 1.0000000000
-2.0621827487  4.7547161178 -2.8637616090 -0.1798505247  0.1881259539  1.0000000000
 0.8204544119  4.3283002241 -1.3421732214 0.2079674799 0.0496240476 1.0000000000
-0.5734956920  2.1770904111 -0.7517332193  0.0330511534 -0.2722819891  1.0000000000
-2.2327347225  2.9220213444 -0.1451391206 -0.1435622824 -0.1093035993  1.0000000000
-1.5504142501  3.0155660418 -2.8969402537 -0.0546060302 -0.0571178751  1.0000000000
-1.2015752196  4.4318892794 -1.6235259896 -0.0725350600  0.0081632878  1.0000000000
-2.4227918269  5.6414563809 -0.6836503823 -0.2041662291  0.1306554951  1.0000000000
-1.1448583400  5.5713030716 -2.4393647876 -0.0261478486  0.2643254656  1.0000000000
-1.0399489851  4.0851857160 -0.7614304874  0.0080711857 -0.0534166977  1.0000000000
-1.2700321376  2.7418785047 -1.1343202492 -0.0390173110 -0.1243832086  1.0000000000
 0.7339533948  3.3103014591 -2.1405898826  0.1790551339 -0.0724752436  1.0000000000
-2.2688677134  3.4414018556  0.3574296318 -0.1156794780 -0.0532102576  1.0000000000
 0.0746328309  5.6033847776 -0.0470501097 0.1051212100 0.1351697229 1.0000000000
-1.6058683673  5.2983185380 -3.2383063074 -0.0997710297  0.2637693183  1.0000000000
-2.3884157525  2.9749473210 -1.0901708511 -0.1783683334 -0.1208860943  1.0000000000
-1.9533086287  4.1771591567 -2.8513581020 -0.1691979090  0.0911749564  1.0000000000
 0.1077045591  4.4290245667 -3.4193455632 0.1252035512 0.1692347284 1.0000000000
-0.6062170557  2.1289358032 -2.9595016900  0.0366264459 -0.2228136988  1.0000000000
 0.9717699485  4.2913007339 -1.4251870718 0.2602949387 0.0584531982 1.0000000000
-0.1948251318  5.9086169444 -0.9365223767 0.0739155004 0.2086094772 1.0000000000
-2.0934930570  4.8433953998 -3.1157172289 -0.1422199543  0.2259168989  1.0000000000
-0.7137209044  5.5668587230 -2.1197163820 0.0208504152 0.2213391721 1.0000000000
-0.9680190452  4.2594106946 -2.4861548195 -0.0034796469  0.0716675353  1.0000000000
-1.0747803073  5.4078039703 -2.9532071992 0.0021961277 0.2817822224 1.0000000000
-0.2793904478  2.1310199321 -1.0784075093  0.0692317417 -0.2271314666  1.0000000000
50
-2.0589371350  2.6116518982 -2.5978929779  0.8927640425  5.6884228054 -2.5924731946 -0.1434509300 -0.1567791462  1.0000000000  0.2543752394  0.2765011781  1.0000000000
-2.4114694133  3.9742260993 -1.7124916978 -0.0381195880  3.8091788395 -1.4748778618 -0.1957129414  0.0175898053  1.0000000000  0.0592493962 -0.0242369401  1.0000000000
-0.2159982052  2.0234304495 -2.7932215299 -0.7976651946  3.4668152000  0.0829965667  0.1089135981 -0.2490379340  1.0000000000 -0.0208837268 -0.0629208300  1.0000000000
-1.1192390746  4.7153901056 -3.6059939051 -2.4167025589  3.0395969401 -1.2304549463 -0.0449240757  0.2377329436  1.0000000000 -0.2247712596 -0.0931435832  1.0000000000
-2.5717903566  5.0255805850 -0.4691577692 -2.4140097921  2.8240891666 -3.0026248090 -0.2245036726  0.0895981497  1.0000000000 -0.2462607898 -0.0940503684  1.0000000000
-1.3123823152  3.9907275436 -1.1674032603 -1.3218269253  5.6080437679 -0.8128339552 -0.0434439209  0.0105506511  1.0000000000 -0.0701794987  0.1695106321  1.0000000000
 0.8900827056  3.4791293338 -0.6470683665 -1.2118891160  5.5871858873 -0.7317707424  0.1952408601 -0.0558213185  1.0000000000 -0.0291881413  0.1477651773  1.0000000000
-0.7457452343  5.6770221209 -2.0745561857  0.4634755052  4.8829975881 -3.3858194099 0.0588126396 0.2631286178 1.0000000000 0.1852812137 0.2068903457 1.0000000000
-0.1644332894  5.5471667035 -1.5530902510  0.9723060381  3.1743134409 -3.3526590503  0.0871572409  0.1819025769  1.0000000000  0.2959773959 -0.0311970075  1.0000000000
-0.0940433165  2.5682954532 -2.8318361634 -2.7235524639  2.9012728321 -2.6592342895  0.1294841867 -0.1240764041  1.0000000000 -0.2771320846 -0.0634591169  1.0000000000
-0.7064368210  5.3611819840 -2.9132078563 -1.1172619401  4.8655754360 -1.2905310200  0.0252731532  0.2682373232  1.0000000000 -0.0145357758  0.0693540521  1.0000000000
 0.3300957244  4.1098784830  0.3465219249 -0.1685275446  3.2572408297  0.1857215734  0.1231797096 -0.0143011271  1.0000000000  0.0876873503 -0.0863578657  1.0000000000
-0.3696687570  4.5682137264 -2.6472246377 -0.9161673483  5.5502845355 -0.7527728008  0.0999137814  0.0926041872  1.0000000000 -0.0369868077  0.1630627581  1.0000000000
-1.2723911174  3.8612629545 -1.0566241142  0.4244370688  3.7055596587 -2.4788726228 -0.0302954491 -0.0160320381  1.0000000000  0.1673283502 -0.0322362855  1.0000000000
-2.5469496069  4.0991229711 -2.7206788095 -1.1227100182  5.4067397339 -0.2986878619 -0.2802484903  0.0778361408  1.0000000000 -0.0770917037  0.1821978673  1.0000000000
-1.2853395495  2.5631228977  0.4690182557 -2.4490560199  4.5411049254 -1.9210024597 -0.0346643417 -0.1728527443  1.0000000000 -0.2154398286  0.0738209132  1.0000000000
-0.6283504240  4.9085117729 -0.3514848245  0.3528872060  4.2894790290 -1.2050883502 0.0466638816 0.0724922331 1.0000000000 0.1391813692 0.0220227913 1.0000000000
-0.7573916126  5.0383331534 -2.8571306854 -1.2219520360  4.8296663385 -0.2832643441  0.0357546249  0.2053823403  1.0000000000 -0.0488577736  0.0647129633  1.0000000000
 0.6480343833  2.8768585592 -2.0684644559 -1.2802687247  4.2914113182 -0.8364968168  0.1866001982 -0.0963098951  1.0000000000 -0.0636763130  0.0296453162  1.0000000000
-2.7699083312  4.9655004560 -1.7677792637  0.4594725171  4.6725235880 -1.5117044327 -0.2108317046  0.1657146809  1.0000000000  0.1570869802  0.0939645658  1.0000000000
 0.7817750088  4.7374431443  0.1416029538 -0.4598877098  1.9592912183 -1.8122833733  0.1923878226  0.0295219618  1.0000000000 -0.0010954142 -0.2434399630  1.0000000000
-1.7736214264  5.3690319104 -2.2607977055  0.6249097978  4.4299595729  0.0890019447 -0.0981396942  0.2223193693  1.0000000000  0.1252618234  0.0209475727  1.0000000000
 0.0434801518  5.2207745264 -0.9979677737 -1.3399124594  4.2361622717 -2.7174733620  0.0437153328  0.1648768915  1.0000000000 -0.0927641986  0.0543167603  1.0000000000
-0.1783154373  5.8961614340 -1.5838498845 -1.9072309028  4.5818152631 -1.8152461695  0.0656628110  0.2139667904  1.0000000000 -0.1060867465  0.0908335216  1.0000000000
-2.6708757224  3.0044782352  0.1071630767  0.0519361972  5.2601280094 -0.4927866693 -0.2017628243 -0.1334652839  1.0000000000  0.0996586198  0.0794409047  1.0000000000
-1.5349247154  4.9791520927 -1.1696602491 -1.2857479696  2.2705494963 -1.0169003909 -0.1038518732  0.1532254664  1.0000000000 -0.0569903636 -0.2000169658  1.0000000000
-1.7007262181  3.4833035102 -3.0564265913  0.4739794066  3.5449559977 -2.0629272395 -0.1351804564 -0.0029254211  1.0000000000  0.1765846516 -0.0379648004  1.0000000000
-0.3407393850  2.3183829213 -2.4079086948 -1.6310742549  3.9088390460  0.1328887485  0.1057626878 -0.2233432286  1.0000000000 -0.0761081753 -0.0467217439  1.0000000000
-1.6871869955  1.8414150947 -1.9691100550  1.1314982711  4.3479134181  0.0397344553 -0.1339524531 -0.2686040349  1.0000000000  0.1917016996  0.0326893779  1.0000000000
-2.1190562039  2.9758768027 -2.7564330513  0.9914033028  2.4419113830 -2.6607626689 -0.2037597968 -0.0892804271  1.0000000000  0.2981788957 -0.1728532132  1.0000000000
 0.0306717657  5.6617367384 -0.5313663015  0.3375753153  3.2175563036 -2.7879679154  0.0853075662  0.1313147717  1.0000000000  0.2038750803 -0.0522242618  1.0000000000
-1.6221351916  3.9767400533 -1.4283664151  0.1768454052  5.7003786580 -0.7540095184 -0.1327556106 -0.0170595535  1.0000000000  0.0761803452  0.1671378492  1.0000000000
 0.9155813442  2.4594467579 -0.7501801386 -1.4470038381  1.7233044198 -2.1205334292  0.1717743805 -0.1853760964  1.0000000000 -0.0750993814 -0.2706620570  1.0000000000
-1.2807148660  3.0694350153 -1.3285686062  0.8190638430  3.0863463584 -0.2819692434 -0.0276623288 -0.1061293948  1.0000000000  0.1867253782 -0.1359634014  1.0000000000
-1.7392713189  3.6187039714 -0.4895960813 -0.8753212450  4.4240996939 -0.0124031289 -0.0886294052 -0.0371581339  1.0000000000 -0.0034719111  0.0367373239  1.0000000000
-1.3711923433  3.8424320177 -0.0883740653  0.2398757643  4.2529469963 -1.4741496144 -0.0778757583 -0.0542354125  1.0000000000  0.1070477400  0.0562012155  1.0000000000
-1.6443376972  2.2299298162 -1.8234283830 -2.0848187524  5.6619880102 -1.4694123003 -0.1073789700 -0.1741054375  1.0000000000 -0.1442448379  0.1825420078  1.0000000000
-1.6598103563  3.9713527547 -2.1550131990 -1.6095172079  4.8098254897 -2.7247233212 -0.0991040263  0.0098579231  1.0000000000 -0.1411392426  0.1383202774  1.0000000000
-0.3501086234  3.2312318678 -1.0172263393  0.6269252031  2.7292618798  0.5983240586  0.0526641339 -0.1056083277  1.0000000000  0.1429293261 -0.1849396476  1.0000000000
-1.8988213898  5.4832593398 -0.4786220935  0.2225934076  4.4562955081 -3.3728557992 -0.1146531859  0.1313486885  1.0000000000  0.1521384940  0.1115863222  1.0000000000
-2.0678974932  4.3127163719 -1.3668597529  0.3465969066  2.9285272767  0.3068030318 -0.1523295131  0.0193813200  1.0000000000  0.1643980116 -0.1141115391  1.0000000000
 0.7992378005  4.0134112164 -0.9872164393  0.6122879752  2.8159541457  0.4583089413  0.1996135274  0.0264190944  1.0000000000  0.1567926149 -0.1675180176  1.0000000000
-1.2224497389  3.4169008504 -3.0358005549 -1.9932358161  4.7334150557 -2.1750205911 -0.0496834344 -0.0388020496  1.0000000000 -0.1372953793  0.0923776598  1.0000000000
-0.6756490494  3.4826403572 -0.6634854296 -0.3398071453  2.9893996987 -2.2016936064  0.0307852338 -0.1000548150  1.0000000000  0.0750505790 -0.1210252792  1.0000000000
-0.9983847714  2.2608748207 -2.7042657744 -1.9862069043  2.8623645021 -1.9410146545 -0.0500837538 -0.2615492536  1.0000000000 -0.1761322711 -0.1016730418  1.0000000000
 0.3731151303  4.8775830323 -3.4709465966  1.0376759868  4.6973818219 -2.7207584573 0.2070436824 0.2044409553 1.0000000000 0.2790480643 0.1367693866 1.0000000000
-0.9681237724  3.1368457309 -3.2637219499 -0.3847821234  3.7540302031  0.2303409703 -0.0361052235 -0.0666610635  1.0000000000  0.0489128011 -0.0541858398  1.0000000000
-2.4755243118  4.0214506743 -0.4885864779  0.4576223607  5.0322502244 -3.2970039791 -0.1416420772  0.0229234122  1.0000000000  0.2135222693  0.2133130697  1.0000000000
-2.0735932665  4.0280719594 -2.1590563087 -0.7383364006  5.6945818045 -0.4735201852 -0.1546194033  0.0281829276  1.0000000000  0.0102888204  0.1413489904  1.0000000000
 0.0113879701  1.9520026585 -1.1874234299  1.1802737101  3.7278381276  0.1889528636  0.0975098784 -0.2196982271  1.0000000000  0.1975162973 -0.0381294621  1.0000000000
