852.2000000000
50
7.8873298690 7.9590387806 6.3793600430 -0.2240378260 -0.0345593411  1.0000000000
7.4226352527 6.3120338506 5.0364294200 -0.1308908243 -0.0172905496  1.0000000000
7.3930727373 8.4377904035 4.6920890823  0.0110980942 -0.0718852445  1.0000000000
7.2299277685 8.3642001651 4.3471727845 -0.0026128922 -0.0514907995  1.0000000000
5.6692676672 5.5993770092 3.1792235063 0.2131467187 0.0588516635 1.0000000000
8.5903137102 6.6354872041 4.0876223323 -0.0811811639 -0.2516952880  1.0000000000
6.9585682587 7.0963261962 4.9535698449 -0.0659323533  0.0087042015  1.0000000000
5.0021801657 6.0736769653 4.2352131184 0.1602352029 0.1977219765 1.0000000000
6.7819701370 8.3275303733 4.6679632277  0.0430026246 -0.0145484958  1.0000000000
5.3726257706 5.6986856479 5.5647510262 -0.0277469092  0.2821680952  1.0000000000
4.5275785693 7.9982877555 4.4947534755 0.1704747206 0.2067785874 1.0000000000
7.3106936369 5.8660433917 2.8635315848  0.1372237815 -0.1967434638  1.0000000000
7.1864269830 6.4431408132 6.2519715297 -0.2641680666  0.0699898715  1.0000000000
7.1808143203 8.7840474615 2.8789548787  0.2032479710 -0.1578407015  1.0000000000
4.7397891394 6.7509447254 4.7088324076 0.0769461474 0.2566857727 1.0000000000
7.0849855362 7.1933836054 3.2407352262  0.1142938328 -0.1739270576  1.0000000000
7.2184997224 8.4145169274 6.4890242367 -0.2136245205  0.0885015477  1.0000000000
7.1662076952 8.4824901228 3.9629617237  0.0747427208 -0.0613270986  1.0000000000
4.8196263405 6.5546518315 3.8153559340 0.2069099353 0.1954397195 1.0000000000
7.4470119369 6.3471648738 3.0763407869  0.1263269486 -0.1679710104  1.0000000000
4.1974974766 6.1398860907 4.0125271759 0.2318767844 0.3100011088 1.0000000000
6.0510494279 6.6265628776 4.5975601995 0.0111145683 0.0609728186 1.0000000000
5.6555966660 5.3120397606 3.9149151879 0.1031501743 0.1757832060 1.0000000000
7.2502046169 5.4316270502 5.5905419487 -0.2713666702  0.0109785477  1.0000000000
6.7369421544 6.1911857385 2.2160675886  0.2539216758 -0.1759442706  1.0000000000
5.6230181708 6.3660701800 5.9052776514 -0.1281376219  0.2294565765  1.0000000000
7.7197934800 5.6201055770 2.2137410554  0.1561119694 -0.3543857742  1.0000000000
5.7503880677 6.5852100337 3.9606141908 0.1403232740 0.1180032586 1.0000000000
6.6801351363 5.7809092314 4.0861072407  0.0055910610 -0.0516805281  1.0000000000
7.3912804654 6.8629206348 2.5779733186  0.1789222637 -0.1996012470  1.0000000000
6.0381460086 5.8252392529 6.7882492301 -0.2648490356  0.2877280141  1.0000000000
7.4921096894 8.7198704842 5.8646668541 -0.1336043885 -0.0541505508  1.0000000000
7.9264498242 8.0065930356 3.5344242408  0.0560408298 -0.1523136947  1.0000000000
7.4839223458 6.2713622414 3.2113109301  0.0702686716 -0.2044070085  1.0000000000
7.5555931679 7.3414770905 2.6464239549  0.1449198202 -0.2172743610  1.0000000000
6.2796385499 7.1090098182 2.7128161742  0.2338603644 -0.0539295328  1.0000000000
8.4335463226 6.6470932280 4.1949999961 -0.1214069672 -0.2316645547  1.0000000000
5.9552304624 5.1061745340 5.1792533452 -0.1154344180  0.1737006326  1.0000000000
7.1898017124 7.4320073330 3.5759297572  0.0873605054 -0.1199561668  1.0000000000
7.6698732723 8.0998668569 2.7437610890  0.1339642454 -0.2161953719  1.0000000000
8.9552450332 7.2460843493 4.9443884418 -0.1299247135 -0.2134630330  1.0000000000
7.4278231342 5.5020299163 3.7556526096  0.0400457258 -0.1669743746  1.0000000000
5.4547949815 5.7119283553 5.0836225661 -0.0226948246  0.2210337991  1.0000000000
7.5404420299 6.2160302688 5.5315126031 -0.1683930672  0.0118584105  1.0000000000
7.8709602926 6.8270509072 4.4039515092 -0.0267086431 -0.1450866425  1.0000000000
7.3733130284 8.7335805921 3.1066617656  0.1703204425 -0.1695462352  1.0000000000
7.6274303379 8.3962449252 5.8671737765 -0.1636736885  0.0094239687  1.0000000000
5.6801035437 7.8880964159 4.9646332727 0.0762925810 0.1281668987 1.0000000000
6.9107504336 9.1038175530 4.3518578784  0.0702626566 -0.0491981873  1.0000000000
8.3271313384 5.0352856912 4.5101617747 -0.2059255813 -0.1967216071  1.0000000000
50
8.2206249663 7.8844222281 5.6766123987 6.0074640321 6.5076305978 5.2407902606 -0.1669526339 -0.0611239816  1.0000000000 -0.0476293904  0.1304478947  1.0000000000
8.2344645073 6.8382881208 4.6059348807 6.9515030401 7.9784099716 3.4699522594 -0.1582727407 -0.1478363826  1.0000000000  0.1624172072 -0.1129735084  1.0000000000
5.1071322629 5.6865595936 2.7027065502 7.6611415963 6.5999637315 5.5320889820  0.3349884241  0.0992003534  1.0000000000 -0.1653872693 -0.0202735611  1.0000000000
6.1023644957 6.2986777341 4.1930120405 8.0262817230 5.8545418821 4.0030226993  0.0225777213  0.0472454216  1.0000000000 -0.0672894326 -0.1710196727  1.0000000000
5.2788627216 8.7873082581 4.6481983542 4.3795920457 8.8463634477 4.2849300204 0.1247086389 0.1213460516 1.0000000000 0.1745868051 0.2039778767 1.0000000000
6.5071746261 8.3159035754 6.1566621788 9.1231961847 8.6366458838 5.8296029436 -0.0703869631  0.1055855107  1.0000000000 -0.2264604010 -0.1550865812  1.0000000000
6.9502422032 6.3222633282 5.5137536792 7.6174827794 7.7132469151 4.0637801525 -0.1261475023  0.0860754328  1.0000000000  0.0054221123 -0.0897322988  1.0000000000
8.2132368710 6.2760964630 4.9809092102 5.7358997309 6.4655674415 4.4431344320 -0.1547787156 -0.1428513570  1.0000000000  0.0306668603  0.1118326107  1.0000000000
5.6205923200 6.4478375617 6.4161194831 7.9270064679 5.2231465390 3.7505487894 -0.1899692099  0.2341082300  1.0000000000 -0.0462162137 -0.2023554771  1.0000000000
8.8149853124 6.3621955956 4.5457181627 5.8872939267 5.0674347306 6.2204402228 -0.1593954876 -0.2324100532  1.0000000000 -0.1944537193  0.2592195317  1.0000000000
4.7495426386 5.6048774678 3.5290195793 4.5822742745 6.6884858641 3.3707154273 0.2182120357 0.2138554848 1.0000000000 0.2587171516 0.1743293332 1.0000000000
7.5408866275 6.4672853607 3.4641263089 4.9307933520 7.2872238562 4.1595036531  0.0246153624 -0.1627279679  1.0000000000  0.1316043055  0.1997197008  1.0000000000
8.7927691251 8.6342941149 5.8274886757 5.9881500186 5.9700094240 3.2504312643 -0.1629973851 -0.1377382307  1.0000000000  0.1881128645  0.0218957770  1.0000000000
4.6421440836 8.0656376484 4.7819631305 4.2663068121 8.9650363416 4.4242420120 0.1487078924 0.2140155303 1.0000000000 0.2157826791 0.1997655113 1.0000000000
6.1489116751 6.7726070060 2.2523127700 5.9718468775 7.2980936525 2.8530649412  0.2841097319 -0.0973611024  1.0000000000  0.2188282425 -0.0215254795  1.0000000000
6.2111332285 7.5138411723 3.6156835415 5.5302683143 6.6224202530 4.6176444977  0.1580988523 -0.0184778871  1.0000000000  0.0532501728  0.1435074262  1.0000000000
7.5353452427 6.8840409841 2.4788519382 6.3355298586 8.7061950827 4.5765619633  0.1797431844 -0.1860557448  1.0000000000  0.0212802427  0.0578440423  1.0000000000
5.9194050731 8.1089326074 3.7040984951 6.4505969164 7.7569945531 5.6067054681  0.1721087944  0.0429000989  1.0000000000 -0.0456294401  0.0705724686  1.0000000000
7.4445745585 6.8834270046 4.8995591858 7.7533856877 5.9350726255 4.4973721453 -0.0645088162 -0.0416719123  1.0000000000 -0.1118381058 -0.1209148350  1.0000000000
6.1269592468 5.9400914572 3.8319016751 5.7765934476 5.2425144222 6.5133309275  0.0681508426  0.0573192247  1.0000000000 -0.2611172673  0.2985444331  1.0000000000
6.3736988387 5.6112679868 3.8848668616 5.7636782851 8.1954867595 6.1426483185  0.0826473505  0.0344452479  1.0000000000 -0.0663093941  0.1570402056  1.0000000000
7.7999972696 6.8434402357 4.1188129746 6.9998288912 6.6169989402 1.8085306222 -0.0456447030 -0.1343547470  1.0000000000  0.3055733655 -0.2450253592  1.0000000000
5.7563750921 8.3521214868 5.2902476992 7.2939166442 7.3919976542 5.5752792489  0.0133115844  0.1106675965  1.0000000000 -0.1397729023 -0.0077569841  1.0000000000
4.9152841721 8.9418020795 5.5881758196 6.7416767699 6.7550398466 2.3365839989  0.0643510273  0.1852598897  1.0000000000  0.2602338016 -0.1606961744  1.0000000000
7.1363514429 7.3350004990 4.3981160045 6.4878464776 5.8214922802 4.3737062110 -0.0461536132 -0.0284018526  1.0000000000  0.0169831626  0.0434409922  1.0000000000
5.1253685474 6.6005184522 2.9155901989 6.0116703865 8.6891488455 3.5426434451 0.2998287617 0.0861155690 1.0000000000 0.1757361707 0.0489839106 1.0000000000
5.9171602569 5.2130948508 6.2915396269 8.5168670938 7.1286139536 4.7682953005 -0.2621502401  0.2945319210  1.0000000000 -0.1350146314 -0.1284330591  1.0000000000
4.0547363833 7.5811942028 3.8479931353 6.1309545990 5.3408137103 4.2704858354 0.2863626971 0.2606540453 1.0000000000 0.0283150043 0.1020702288 1.0000000000
6.2745666793 6.1425423242 4.4746549610 5.0341162291 8.6341935866 4.9114826088 -0.0165776779  0.0646877357  1.0000000000  0.1296535453  0.1362598058  1.0000000000
7.7650618768 7.7715374645 5.9145141054 5.8764356182 6.2367716879 3.8966414082 -0.1569550011 -0.0281261683  1.0000000000  0.0642129082  0.0847544163  1.0000000000
5.8601049971 7.5701987475 6.0216222853 5.5007562165 8.0632724663 3.9603564951 -0.0780575378  0.1640322134  1.0000000000  0.1450571518  0.0277273088  1.0000000000
5.1043767549 7.4611247962 4.3451548196 6.3674500035 8.1108955501 3.0587934474  0.1229722570  0.1701338608  1.0000000000  0.2127316385 -0.0522848381  1.0000000000
4.6569234857 8.7219943692 4.3964740730 5.2360927189 8.2750104197 5.7065037831 0.1713056916 0.1709219746 1.0000000000 0.0167394173 0.1989498510 1.0000000000
8.4359181709 6.1345673783 4.9716411913 7.2418693185 8.9491526750 2.2798957764 -0.1931791354 -0.1771667350  1.0000000000  0.2242994956 -0.2031023458  1.0000000000
5.6475377864 7.0401579979 5.3805295779 9.0707414510 7.2706578967 5.1946530395 -0.0290915761  0.1818301318  1.0000000000 -0.2042823751 -0.2056301676  1.0000000000
4.8299285513 6.6478071465 3.3931155519 6.6938004470 7.6040439101 4.1218560445  0.2422471565  0.1499453616  1.0000000000  0.0615701077 -0.0365520342  1.0000000000
5.1246065387 6.5335062618 5.6283598124 5.5209731746 6.0322139307 3.4105536991 -0.0047726726  0.2751910453  1.0000000000  0.2124520611  0.0852178791  1.0000000000
6.2209574817 5.5503968900 3.3164449915 7.1420726992 8.9032754559 4.0402056374  0.1269843068 -0.0022940130  1.0000000000  0.0781741987 -0.0609725298  1.0000000000
5.4595588866 7.0900563300 3.5022362067 5.9941398670 7.6351375586 2.9906633172  0.1635744290  0.0848531187  1.0000000000  0.2262531624 -0.0396501686  1.0000000000
4.5189100733 7.2967735478 4.5607107029 5.7688500223 9.1625442912 3.9896082336 0.1392721855 0.2505193721 1.0000000000 0.1380322035 0.0467243115 1.0000000000
4.9824492571 5.2016869246 4.3418307537 7.7520651718 8.3082552726 6.2886614649  0.0848523266  0.2514954587  1.0000000000 -0.2022391983 -0.0011306617  1.0000000000
6.2524260439 6.6336568618 6.7148044115 7.9983613341 9.1439861064 3.3218449126 -0.1947111793  0.1894067078  1.0000000000  0.0746569029 -0.2139966847  1.0000000000
8.8459262429 7.8006679219 4.8866231072 4.9849593312 6.6734485664 5.3680905538 -0.1222318626 -0.1895377198  1.0000000000 -0.0053206932  0.2563367815  1.0000000000
7.6346071435 5.0942954530 4.9769682254 5.1728403527 8.6813306632 5.4011717551 -0.1934779793 -0.0606657399  1.0000000000  0.0376156802  0.1818434153  1.0000000000
6.8796433337 8.4934923746 4.4088055779 7.8062342528 7.1864555440 5.3679288136  0.0324951162 -0.0483573264  1.0000000000 -0.1634312077 -0.0777421631  1.0000000000
7.9901868789 6.4600906872 5.5791071170 7.1719697541 5.4922256733 3.4400159223 -0.2608464199 -0.0434319577  1.0000000000  0.0417347241 -0.1435335107  1.0000000000
5.6280582595 5.4688446674 4.9256780021 5.7806836253 5.7481822550 4.7324909446 -0.0332446671  0.1611414377  1.0000000000 -0.0384312286  0.1382468980  1.0000000000
6.7469790461 8.5892989165 4.6409486507 5.0912273980 5.2959448406 4.6856123381  0.0364441027 -0.0004726665  1.0000000000  0.0484742450  0.2598615264  1.0000000000
4.2096996755 7.6066493454 4.0078418665 4.7264480410 8.0932053354 4.2452366771 0.2298233628 0.2271803642 1.0000000000 0.2099380089 0.1662279441 1.0000000000
6.3522504040 5.9974607087 5.3715218964 7.1505213269 8.7035952244 3.9060566335 -0.1349967179  0.1432052339  1.0000000000  0.0609526336 -0.1127137066  1.0000000000
