865.5000000000
50
 4.4167479573  0.2542359301 -4.5286248145  0.0798057804 -0.0127169935  1.0000000000
 4.6101152289  1.4969209609 -3.2616033038  0.0025395494 -0.1507759126  1.0000000000
 4.6729558001 -0.5791287174 -1.9941953747  0.2449799521 -0.2330556134  1.0000000000
 3.7214603430 -0.1254700542 -4.9354355044 0.0449534162 0.1115331251 1.0000000000
 3.6230976661 -0.0928715869 -3.2806298916  0.1319299480 -0.0364024831  1.0000000000
 3.5029795885  2.8967622122 -3.2012827517 -0.1854749996 -0.1330241593  1.0000000000
 3.7356043911 -0.8218255153 -4.2212177062 0.1745872386 0.0616189170 1.0000000000
 1.9452179536  0.0722379606 -4.3426093461 0.0567188697 0.2138158182 1.0000000000
 2.4556111028 -1.3822262405 -4.5581265150 0.1945361968 0.2157335075 1.0000000000
 4.5838984847  1.4233295455 -2.8986527418 -0.0121256293 -0.1939562186  1.0000000000
 1.5587268748 -0.4665264576 -2.4568779727 0.1771978343 0.1605152531 1.0000000000
 3.7448558468  0.2574617249 -1.4233820826  0.1694495973 -0.2533401383  1.0000000000
 3.8906848556  1.2953849001 -1.7028844056  0.0228253491 -0.2495484257  1.0000000000
 3.2754462003  2.3649596531 -5.7266532790 -0.2090294260  0.0817667218  1.0000000000
 3.2827924920 -0.9072595077 -2.6081073623  0.2590523733 -0.0101959144  1.0000000000
 3.6492208546  0.5889343625 -3.6947857456  0.0462561460 -0.0267294320  1.0000000000
 2.7194471416  2.5570695291 -2.4720014602 -0.2184928075 -0.1257050176  1.0000000000
 1.3071227616 -1.1246635758 -2.9353628231 0.2530627324 0.1999830886 1.0000000000
 1.0128769740  0.7417073519 -2.8807530840 -0.0140823471  0.1725766118  1.0000000000
 2.7817900517  2.5681452522 -2.0064101848 -0.2145337619 -0.1338809829  1.0000000000
 2.7536063810 -0.8938447947 -5.5881260609 0.1294485078 0.2142278632 1.0000000000
 1.3440311572 -0.9584334202 -2.0885580098 0.2878106951 0.1381355066 1.0000000000
 2.5464693105  2.4146005115 -1.5265246000 -0.2057557373 -0.1929563941  1.0000000000
 4.5818472463  1.0319801269 -3.4930596143 -0.0169993259 -0.1255687646  1.0000000000
 3.3350273033  1.1866101021 -1.6382987573  0.0281610842 -0.1882197545  1.0000000000
 3.1265559514 -1.0752238845 -4.0228779281 0.1815523828 0.1102552240 1.0000000000
 3.4429537742  0.0290920176 -5.4298298953 0.0046968849 0.1334695498 1.0000000000
 3.6389324538 -0.9286060352 -4.5873105288 0.1527732254 0.0972842846 1.0000000000
 4.2912476805  2.8521004832 -3.2272994457 -0.1699778975 -0.1960695469  1.0000000000
 4.6177022406  2.3138163471 -4.1149115159 -0.1491311586 -0.1232760287  1.0000000000
 2.4098508228  0.7640101007 -5.8497392751 -0.0486587408  0.2340618607  1.0000000000
 1.9813744485  1.2333251741 -4.8300057122 -0.1216280854  0.1803760106  1.0000000000
 5.0582804478  1.9762882919 -3.4007765216 -0.0710792640 -0.1851600208  1.0000000000
 1.6366327283  1.3278281166 -2.1105949141 -0.0702123685  0.0852657605  1.0000000000
 3.4386827453  2.6503016527 -1.4822044752 -0.2219595973 -0.2952468571  1.0000000000
 2.6421072716  0.7498874383 -5.6823873682 -0.0089361048  0.1692379221  1.0000000000
 3.1042739000  2.4468912623 -4.2616247319 -0.1779751955 -0.0006847754  1.0000000000
 2.6704231448  2.6751961325 -2.9656265507 -0.2203700018 -0.0121347018  1.0000000000
 3.4079210400 -0.7334569888 -2.7794346769  0.1906792598 -0.0443617465  1.0000000000
 3.2977158412  0.3527527546 -4.0669346089 -0.0003908920  0.0819131025  1.0000000000
 2.1734670641  0.3902310928 -4.9833061216 -0.0389217229  0.1880198621  1.0000000000
 4.0396356811  1.5436202277 -2.9343952608 -0.0723581035 -0.1392916915  1.0000000000
 3.7444576817 -1.1758068310 -3.3091062793  0.2248273659 -0.0169078663  1.0000000000
 1.3866250370 -0.8283865044 -2.8685171078 0.2115748342 0.1974153302 1.0000000000
 1.0464019960 -1.1594245568 -3.2341480662 0.2358615465 0.2732855808 1.0000000000
 2.2145881651  2.5680981829 -2.0723000402 -0.2587349344 -0.0695673379  1.0000000000
 4.0153804497 -1.0407122365 -3.1071201349  0.2653274174 -0.0631659232  1.0000000000
 2.1447621078  0.2304996497 -1.5369989005  0.1274115581 -0.0854151556  1.0000000000
 3.1296060551  2.7260955912 -3.0984714551 -0.2742877123 -0.0985706188  1.0000000000
 0.6837492583  0.3660979620 -2.8494480191 0.0123699465 0.2705464946 1.0000000000
50
 3.0122569062 -0.9397146912 -1.7039077484  3.1365750353  1.6996862526 -5.3385892039  0.2947071686 -0.0578268254  1.0000000000 -0.1407761305  0.0325104644  1.0000000000
 2.4333126232 -0.0915568863 -3.6947419866  1.9091106193  0.7740306456 -2.2866494651 0.0603031179 0.0751874343 1.0000000000 0.0550897164 0.0156885837 1.0000000000
 2.7023782043  0.9696920622 -2.5437971723  3.1879738284 -0.4715966247 -3.0780397438 -0.0038424694 -0.0531803945  1.0000000000  0.2149412171  0.0133013121  1.0000000000
 3.1367728504  1.8900360329 -3.8652083506  3.5074847095  0.6412001607 -1.6325521494 -0.1398226018 -0.0061844134  1.0000000000  0.0396712728 -0.1901445840  1.0000000000
 3.6987615951 -0.6312705384 -1.5647751945  3.2669472580 -0.7793132491 -4.3246908697  0.2409468974 -0.1455660781  1.0000000000  0.1530906839  0.0699679760  1.0000000000
 2.3188902641  1.4881445549 -5.4636742919  3.0471791423 -1.2150779943 -4.6303185627 -0.1549064319  0.1631240895  1.0000000000  0.1497533443  0.1060916850  1.0000000000
 4.8297887624  0.3608844750 -4.1503096614  3.2537867750  2.0334482728 -3.7530925030  0.0801612606 -0.0855209886  1.0000000000 -0.1405941694 -0.0271784901  1.0000000000
 1.3308704772  0.1583062552 -2.6135520423  3.6893501759  2.5080784139 -3.1929788042  0.1127556747  0.1842561350  1.0000000000 -0.2038177742 -0.1350014726  1.0000000000
 1.6742376220  0.0295805525 -3.7580317887  4.5125057097  0.1414084935 -2.4537183818  0.0812472886  0.1735306905  1.0000000000  0.1114918954 -0.1600439969  1.0000000000
 2.8074526680 -0.8230234368 -1.8568688576  3.1943492037  0.5939888443 -1.2987703005  0.2943344827 -0.0400832860  1.0000000000  0.1457627837 -0.1985864178  1.0000000000
 2.8396230933  0.0200565448 -5.8767785826  1.3007990718  1.0728812379 -2.9795845387  0.0416709692  0.1497871606  1.0000000000 -0.0227430061  0.1151336683  1.0000000000
 1.4105348722 -0.0654019228 -2.3753690702  3.7854034597  2.3991434208 -3.7933400810  0.1460514660  0.0931455793  1.0000000000 -0.1456138976 -0.0993463616  1.0000000000
 4.4186921834 -0.6123257215 -4.0397183676  4.1660846798  2.8067931675 -2.3335782463  0.1731506702 -0.0313089828  1.0000000000 -0.2026335134 -0.2778966413  1.0000000000
 3.8713838874 -0.9283818288 -2.9500028243  0.4804479170  1.9410765350 -3.7755865981  0.2563832673 -0.0535663754  1.0000000000 -0.2450635757  0.2721649150  1.0000000000
 5.0556114766  1.0322985834 -3.8306109233  4.5638663509  0.2524284407 -3.8686149877 -0.0496308787 -0.1383112399  1.0000000000  0.0894635903 -0.0282609610  1.0000000000
 3.6830039954  0.4566536936 -2.7156415574  1.8585034542  1.3326338341 -1.9066262302  0.0483622654 -0.1119703055  1.0000000000 -0.0693955861 -0.0462470649  1.0000000000
 2.3490878420  2.3395581172 -3.4225907123  2.6126157946  1.4358503343 -1.4419696958 -0.2305047502  0.0137058126  1.0000000000 -0.0263597580 -0.1635443955  1.0000000000
 3.5402211015 -0.1223235233 -1.1618103969  1.7187030696 -0.5926583761 -1.8775679401  0.2194783993 -0.2385997758  1.0000000000  0.2211175071 -0.0012868801  1.0000000000
 2.7817696258  2.1844178125 -1.6162501441  2.1096986683  2.1301200184 -1.9406222796 -0.1504410366 -0.1871786700  1.0000000000 -0.1944228686 -0.1108527402  1.0000000000
 2.6494530254  1.5149198249 -1.8732344576  4.5330164301  0.3349208741 -2.8098897242 -0.0329236124 -0.1034886837  1.0000000000  0.0836193990 -0.1374827984  1.0000000000
 2.3629562062 -1.2713382224 -2.7475670058  3.4526977499  0.6702169114 -5.1782785651  0.3144146161  0.0823625497  1.0000000000 -0.0077853786  0.1026396797  1.0000000000
 4.0078351421 -0.7300406204 -1.3891003111  3.4685844104  2.1085486008 -2.3769004645  0.2849224701 -0.2188436930  1.0000000000 -0.1179052014 -0.1677563675  1.0000000000
 4.0274193039  1.3846378469 -3.9627032107  3.9058873810 -0.9689563631 -3.0706886563 -0.0406558397 -0.0479869059  1.0000000000  0.1998332519 -0.0365543147  1.0000000000
 2.5438909882  2.0529869818 -3.4724289191  3.1031557606  0.5000146019 -4.0732573668 -0.1612456551  0.0313370312  1.0000000000  0.0458108616 -0.0120418421  1.0000000000
 3.2979385412 -0.8440835722 -4.8261157947  2.8263690851 -1.0278207161 -1.8985011247  0.1456816839  0.1309813964  1.0000000000  0.2959540396 -0.0353438945  1.0000000000
 3.4073648216 -0.1222087236 -5.0199811968  3.3625497987  1.0899257110 -5.0306275103  0.0829543054  0.1697540584  1.0000000000 -0.0744653878  0.0699482555  1.0000000000
 1.1086151911  0.4390695862 -3.9934869926  3.0506310041  0.3457508021 -2.3122666863 -0.0114649302  0.3019638387  1.0000000000  0.0971703660 -0.0659990859  1.0000000000
 3.8521658167  2.9798285601 -2.9729945169  3.1816728443  0.7620533201 -5.2719158816 -0.2362013165 -0.1847990975  1.0000000000 -0.0474542603  0.0754175407  1.0000000000
 5.1021698281 -0.7243742488 -3.4122072016  0.6742798316  0.2307509853 -2.7251544936  0.1885780091 -0.1305247712  1.0000000000  0.0275240477  0.2234623155  1.0000000000
 2.2933828489  1.1715569414 -4.1578914162  1.4783233723 -0.6782327572 -3.8274114740 -0.0445400514  0.1416952439  1.0000000000  0.1381905974  0.2253438967  1.0000000000
 1.5497759048  0.4328501724 -3.7398930805  0.7578355094  1.8643040220 -2.6150702850  0.0183395284  0.2088775177  1.0000000000 -0.2052864583  0.1784587123  1.0000000000
 3.6319547566  2.5630267904 -2.0813717180  4.0820565735  0.7695239555 -4.0065104706 -0.1701358192 -0.2175791749  1.0000000000 -0.0189953059 -0.0315083590  1.0000000000
 1.6114338384 -0.3058438863 -4.1430843055  1.7485868010  0.6986323226 -4.1222714805  0.0729722066  0.2935152140  1.0000000000 -0.0233276569  0.1637905997  1.0000000000
 3.3281106360 -0.0521000298 -4.9051023278  3.0161960702  0.3989898857 -4.8594849449  0.0691009578  0.0910154265  1.0000000000 -0.0128761073  0.1239286283  1.0000000000
 3.0446898538  1.9415250922 -2.5684741142  2.7214821682  1.7008950989 -4.5091664705 -0.1390159298 -0.0981880238  1.0000000000 -0.1176381519  0.0941533717  1.0000000000
 3.9277214719  2.9336671176 -2.2816800159  5.6848011252 -0.0210273891 -3.2374439375 -0.2063533050 -0.2518968426  1.0000000000  0.0917424416 -0.2089493763  1.0000000000
 2.5558239253 -0.5582151534 -1.4541905246  3.0857052055  1.9308569495 -1.8697578521  0.2541076010 -0.0600886725  1.0000000000 -0.1089975413 -0.1834029224  1.0000000000
 2.9865344228  1.5859164635 -4.5586033033  3.6338629085  2.7132475718 -2.2736583652 -0.1259107936  0.0609591509  1.0000000000 -0.1753666127 -0.2370980982  1.0000000000
 2.5857592223 -1.0475336419 -5.1305037610  2.0578323919  0.1498717997 -3.6983322597 0.1515610580 0.1642203138 1.0000000000 0.0796080752 0.1572260162 1.0000000000
 5.5006012808 -0.4519229949 -3.4656680562  1.3098975173  0.2339602795 -3.0401404507  0.1589315144 -0.1843722679  1.0000000000  0.0298313574  0.1742450469  1.0000000000
 3.5443522962  0.6525207089 -2.2393630908  3.9406945266  0.5975041919 -2.1966351155  0.0828332130 -0.1479161649  1.0000000000  0.0907443231 -0.2111125117  1.0000000000
 2.7521510892  2.9333466980 -2.2532120984  1.8921552183  1.9888523970 -2.2974480728 -0.3183526989 -0.1500582226  1.0000000000 -0.1854551727 -0.0396779653  1.0000000000
 3.8508160361 -0.2609564908 -2.0316076872  3.3584644823 -1.0655356219 -3.6213733022  0.1714250731 -0.1300301543  1.0000000000  0.2085366842  0.0397476208  1.0000000000
 4.1763764253 -0.7561925955 -3.4606935110  2.2848868164 -0.2865858813 -4.1544633608  0.1450560925 -0.0209352028  1.0000000000  0.1064724043  0.1975244517  1.0000000000
 1.4866795471 -0.6645642510 -2.6292399532  0.5083596039 -0.0911965835 -2.8739425612 0.1858134172 0.1905615296 1.0000000000 0.0964690988 0.3103860108 1.0000000000
 3.9566544199 -0.4833153908 -2.9173852658  1.0280340228  2.3776525355 -3.3603445569  0.1878305772 -0.0897977405  1.0000000000 -0.2859059045  0.1416546289  1.0000000000
 5.0779359638  2.0892941854 -3.2418723150  5.0614231041  0.1286937253 -3.1976880918 -0.1067920288 -0.2537161970  1.0000000000  0.0899420918 -0.1466733932  1.0000000000
 1.9512291023 -0.9601146246 -1.5449304215  4.9021239620  0.8577162295 -3.5343914814  0.3242870391  0.0109947453  1.0000000000  0.0227175114 -0.1657666462  1.0000000000
 2.8085974626 -1.3975247659 -4.8271598750  3.7680803559 -0.2751033241 -3.5838415741  0.2427495625  0.1933049437  1.0000000000  0.0962698344 -0.0357310081  1.0000000000
 2.3576038000  0.5249178028 -3.1090439069  1.7440057256  0.7035667117 -2.6136734874 0.0516929124 0.0489342934 1.0000000000 0.0185795014 0.0937769945 1.0000000000
