783.1000000000
50
-4.9896789945  1.6957334125  8.5467742984 -0.1561890923  0.1939853956  1.0000000000
-5.1472026665  1.2291693820 11.0495167616 -0.1850240781  0.0893730571  1.0000000000
-5.3131977503  0.3135341154  8.8275949030 -0.2494416394  0.0176130409  1.0000000000
-2.8762827307  0.5666885260  9.7377712535  0.0922801825 -0.0057552925  1.0000000000
-3.6077664375 -0.2173163366  8.3488618069 -0.0351487836 -0.1318982432  1.0000000000
-2.5692297536  2.1764911217  9.9544932131 0.1813721006 0.1584199257 1.0000000000
-4.6579546989 -0.2850899506 11.3553822370 -0.1492490557 -0.0507063338  1.0000000000
-2.4593810635  1.8812134013 10.2994292765 0.1266289271 0.0904117990 1.0000000000
-2.1539128224 -0.0142043593  9.7439319998  0.1223555363 -0.0542772477  1.0000000000
-2.7139927215 -0.5774986996  7.4350300365  0.1044373603 -0.2718356561  1.0000000000
-1.3092289516  0.0875739992 10.4676504305  0.1919478944 -0.1073015187  1.0000000000
-4.6955943562 -0.3068554189 10.1895566214 -0.1582102530 -0.0463676979  1.0000000000
-2.0922984995  1.0017535055  7.7388318694  0.2616580839 -0.0603563240  1.0000000000
-4.2049730770 -1.4087198973  9.6114150538 -0.1216071825 -0.1799184959  1.0000000000
-2.1028300982  0.7647553728 10.5181685075  0.1489554821 -0.0270147881  1.0000000000
-4.8791123878 -0.6581342730 10.1157600265 -0.1936153650 -0.1171916102  1.0000000000
-3.0469979455  0.6227142333  7.5691524039  0.0988452626 -0.0761962133  1.0000000000
-2.5022063321 -0.7250665118 10.4203227935  0.0289518860 -0.1158299598  1.0000000000
-4.8074882455  2.3589888860  8.3416684976 -0.1294992341  0.2559510059  1.0000000000
-1.9565577955  1.7273637177  7.9345798554 0.3129998221 0.0393215702 1.0000000000
-5.1711347487  0.4663910131  9.5228724046 -0.2014476643  0.0262828029  1.0000000000
-1.6664176624  1.5488050061 10.5049222025 0.2031658305 0.0571478547 1.0000000000
-3.3159343789  1.2365940350  8.3635709985 0.0501529341 0.0122186992 1.0000000000
-2.9207768636  2.0764974463  8.5886474576 0.1842665292 0.1442735216 1.0000000000
-3.9682190041  0.5865370889 10.5824960375 -0.0823918578  0.0420804398  1.0000000000
-5.2340833874  1.0677931305  7.9348567830 -0.1974620022  0.0885492259  1.0000000000
-2.1843437938  0.1899372325  8.7352709066  0.1639704804 -0.1167141996  1.0000000000
-2.3376061669  2.5058185086  9.7553700201 0.1495876038 0.1819530534 1.0000000000
-2.4516156093 -0.2066555459  9.0005679942  0.1123329993 -0.1813197153  1.0000000000
-2.3242327916  0.0713851773  7.3394442518  0.1850336084 -0.2073380244  1.0000000000
-1.3649404629  0.1934914252  9.3900597983  0.2285992260 -0.0858552242  1.0000000000
-3.6861453009 -0.3348811842  8.3321281572 -0.0146993694 -0.1318061647  1.0000000000
-4.5257857343  1.4679482264 11.1120981592 -0.0496972791  0.1366312972  1.0000000000
-3.6282940955  0.8623344875  9.8512177171 -0.0284588036  0.0136664676  1.0000000000
-3.2266769806  2.6704165130  8.2152408281 0.1574771424 0.2164062738 1.0000000000
-2.9874543761 -1.1768691027 10.0744867095  0.0110744572 -0.2178084067  1.0000000000
-4.0628030377  2.3835023268  7.8471386924 0.0385439472 0.2676097647 1.0000000000
-1.7411941043  1.7421409894 10.9547601915 0.1762192009 0.1685980689 1.0000000000
-3.7697174381  0.6721865780  7.9009859535 -0.0015842313 -0.0431158087  1.0000000000
-1.6562776131  0.3022949323  8.2106900337  0.2565160420 -0.1408290984  1.0000000000
-5.0300951146 -0.8516741364  9.7509123435 -0.2333993679 -0.1536752090  1.0000000000
-2.9268716832  1.2392813537 10.5424409652 0.0591977444 0.0672434586 1.0000000000
-2.2659363410  2.4987630002  9.8675561780 0.1443743171 0.2121739778 1.0000000000
-2.7888272473  0.5189439204  7.8660490466  0.1643998081 -0.0902739657  1.0000000000
-4.2194903491 -0.8838314932  7.5015429268 -0.1143525189 -0.2862726042  1.0000000000
-4.0627305227  1.0573923250  7.9968928708 -0.0704814835  0.0369354235  1.0000000000
-3.9931577114 -1.5576146745 11.1053063239 -0.1278906630 -0.1932467072  1.0000000000
-4.9039728577  2.1707440099 10.7436357974 -0.1095338144  0.2153770062  1.0000000000
-5.2391377441  0.4427907027  8.2061397332 -0.2267137962 -0.0188294822  1.0000000000
-4.5883694797  0.2329272782  9.0707049191 -0.1587106654 -0.0224189242  1.0000000000
50
-3.0352032946  0.6004937523  9.4163646559 -4.3757413290 -0.9097563759  7.6266404871  0.0473237015 -0.0422602329  1.0000000000 -0.1729778345 -0.2611200385  1.0000000000
-5.0014485219  1.8955160374 11.3604358974 -3.7374740189  1.3682891397  9.3460385857 -0.1360159847  0.1952060741  1.0000000000 -0.0017748790  0.0742132935  1.0000000000
-3.6195798771  2.4694906988 10.1341650197 -4.8342424432 -0.1776074223 10.1710120730  0.0116739996  0.2310490394  1.0000000000 -0.1915792350 -0.0549988616  1.0000000000
-4.6578065870  0.5055976611 10.6871077937 -4.8940344476  1.2809567036 10.7085647109 -0.1472647214  0.0370943746  1.0000000000 -0.1244945924  0.1104236057  1.0000000000
-3.3971992791  2.3307736255  9.3247038053 -4.8280044275 -1.2985473601  9.5513272237  0.0703400713  0.1807326588  1.0000000000 -0.2432338791 -0.1981765926  1.0000000000
-3.2642144711  0.8895363407 11.1439901882 -3.3385270180  1.5048303762  9.6077027984 0.0358758441 0.0850106735 1.0000000000 0.0888039922 0.0756775954 1.0000000000
-3.1842277253  0.7312138723 10.4932133155 -4.7297528976  2.0047977469 11.5510489787  0.0167814796  0.0324981052  1.0000000000 -0.1003550333  0.2018661424  1.0000000000
-4.9047102539  0.7253210749  9.2446340398 -2.6799653993 -0.5785935157 10.8732091894 -0.1958003859  0.0844255094  1.0000000000  0.0182902896 -0.1408232529  1.0000000000
-5.6225078919  2.4512145478  8.1762487156 -2.2936874815  2.0270931919  8.1353899877 -0.2386668124  0.2741788509  1.0000000000  0.2584390863  0.1088829011  1.0000000000
-2.1430996689 -0.4345449815  8.3345486427 -1.7710183383  1.3478374767 11.1040864078  0.1624468462 -0.1827967261  1.0000000000  0.1822619686  0.0389945431  1.0000000000
-3.8780806557  1.2251704304  7.5720132922 -4.2757728209 -1.2382987877  9.3230308413  0.0112079622  0.0202035379  1.0000000000 -0.1313053132 -0.2141138222  1.0000000000
-3.1664682788  2.4817889961  7.9472547674 -2.7712456496  1.7656682280  9.9581213556 0.1606316217 0.2131513680 1.0000000000 0.1153654210 0.0949678960 1.0000000000
-3.7398089025 -1.1329175868 10.5191171986 -2.7208794230 -1.2840640913 10.9839856449 -0.0558810490 -0.1958823698  1.0000000000 -0.0059520615 -0.1902172043  1.0000000000
-3.1714067164 -0.9437770429  9.3165855466 -4.4136288166 -0.6152041713 10.1656502438  0.0104707035 -0.2050556406  1.0000000000 -0.1757015618 -0.1161702306  1.0000000000
-4.3689785425  0.8216675417 10.0144743605 -2.0202949614  1.4041847019  8.7968924601 -0.0818331494  0.0506217609  1.0000000000  0.2388970286  0.0346751151  1.0000000000
-3.8084802671  1.0672237505  8.6217387698 -2.7424754207 -1.0590741569 10.1547882533 -0.0061123952  0.0212146137  1.0000000000 -0.0284148506 -0.1924888172  1.0000000000
-3.2914896283 -1.0193637083 11.0666541558 -5.0052040885  1.2515559370 10.6589471449 -0.0164909169 -0.1134510651  1.0000000000 -0.1571090673  0.1013326836  1.0000000000
-4.5788393814  0.8494920387  9.3393787812 -4.1349571468  0.6668702990 10.4065850601 -0.1080210592  0.0510881050  1.0000000000 -0.0661675465  0.0730929582  1.0000000000
-3.7927765147 -0.6945806036  8.0887428330 -2.9923329325  1.8861499833 10.3091781838 -0.0915929293 -0.2563993561  1.0000000000  0.0790561477  0.1215213067  1.0000000000
-4.0429043230 -0.1652898106 10.8823714990 -2.7596558520  2.2862031171  8.0254504546 -0.0908961808 -0.0359997943  1.0000000000  0.2326103511  0.1626735967  1.0000000000
-3.8670964888 -0.8792795572  7.3869741309 -3.9011486938  1.8646433714  9.7668683608 -0.0307435973 -0.3376453478  1.0000000000  0.0215677677  0.1461483666  1.0000000000
-3.6155829610  2.1674937073  7.8787516167 -3.9608647675  0.5737690299  9.2643181764  0.0718589948  0.1714872099  1.0000000000 -0.0367355060  0.0236701959  1.0000000000
-1.9677148058  2.6697324703  9.7195191285 -3.1740918776  0.9689954323 10.7022103794 0.2532359776 0.1706795032 1.0000000000 0.0405570881 0.0759259184 1.0000000000
-3.4146712838  2.3069451742  8.0940150040 -3.6339704482  0.6733978762  9.4766491130  0.1174452728  0.1704818861  1.0000000000 -0.0262066080  0.0092986755  1.0000000000
-2.2643956419  0.7072982200  7.8061792488 -3.0530352791  0.8177710357  9.0414094565  0.2082446694 -0.0923884539  1.0000000000  0.0691245223 -0.0390149555  1.0000000000
-3.0558843872  1.1319899038  8.3435909251 -3.0635192691 -1.1441064298  9.5697061300  0.1085534849  0.0103957683  1.0000000000  0.0140113472 -0.2047756710  1.0000000000
-4.3441736382 -0.8044498742  7.6269742414 -2.4023164139  0.9734794865 10.0558547526 -0.1696716773 -0.2442262741  1.0000000000  0.1496592263  0.0030081334  1.0000000000
-2.8526738312 -0.4274059052  7.3756609272 -5.0710257544  2.3079047463  8.1052400285  0.0829114543 -0.2634425722  1.0000000000 -0.1290379717  0.2645572535  1.0000000000
-4.6190000759 -1.5999986273  9.6427289167 -3.3679486114  1.0145045911  8.4159250166 -0.2144402542 -0.2599592683  1.0000000000  0.0705994755  0.0191495039  1.0000000000
-1.7902537223  1.6844631542 10.1119359845 -3.3776216341 -0.9587331864  9.3781754026  0.2350702218  0.0635164546  1.0000000000  0.0158298290 -0.1953322187  1.0000000000
-1.8315691810  0.6837784484  7.7879695908 -1.7108232752  2.6903762346 10.8238009479  0.2985793502 -0.0898207480  1.0000000000  0.1729525069  0.2081310422  1.0000000000
-4.7635889241 -1.4111558744  8.6258751902 -3.0955668345  1.5794899729  9.8725394240 -0.2012843184 -0.2829397045  1.0000000000  0.0571717805  0.0511930009  1.0000000000
-2.9649555651  2.0889472435  8.9044309121 -2.8790812531  1.7496055803 11.5336349517 0.1368056608 0.1523723438 1.0000000000 0.0832983384 0.1329706691 1.0000000000
-2.9946217428  0.6173226793  8.3398913966 -4.9875893953  1.0336657368  9.1079457994  0.1010881846 -0.0775973842  1.0000000000 -0.1535909568  0.0723491015  1.0000000000
-1.7070567207  0.1915680443 10.7488648912 -1.8638909226  2.4308788810 10.8807573886  0.1281899585 -0.0890604423  1.0000000000  0.2143644916  0.1740793785  1.0000000000
-4.1595033079 -1.0368097973  8.4030093956 -5.1129524369  2.1592801099  8.8900624387 -0.0988812833 -0.2020030955  1.0000000000 -0.1478883625  0.2718065905  1.0000000000
-4.4501443667 -0.4136832791  8.3351987637 -2.1593770293  2.4693734158  8.7328900662 -0.1363313201 -0.1508594344  1.0000000000  0.2551590477  0.1877757424  1.0000000000
-1.9810216417 -0.6620058330 10.7971646164 -2.8752539037 -0.6937216774  9.8317298738  0.0806735112 -0.1393334704  1.0000000000  0.0182224601 -0.1753237290  1.0000000000
-1.8276543547  0.9032548242  8.3639809682 -3.0031409237  1.4470232668 11.3486765359  0.2525094461 -0.0344609362  1.0000000000  0.0438405985  0.0450353700  1.0000000000
-2.2196537596  1.9695828191  7.8598460388 -1.8720892296  0.8025989190 11.0959441032 0.2644415929 0.1140799422 1.0000000000 0.1277773797 0.0086782456 1.0000000000
-1.8889454116  1.9853453893 11.0350467514 -2.1216042496 -0.5922836410  7.6581923358  0.1778497326  0.1276646046  1.0000000000  0.1701424625 -0.2568086419  1.0000000000
-5.1073069726 -0.5960801182  9.1105914934 -2.0629579021  1.2784186757  9.8088443443 -0.1767487904 -0.1204759061  1.0000000000  0.2102662118  0.0273230609  1.0000000000
-5.2901101088  0.2959214565 10.0530781846 -4.6311662009 -0.6392009969  8.6561015831 -0.2389788310  0.0162873126  1.0000000000 -0.1814835557 -0.1636289230  1.0000000000
-2.9233896850  0.5942397676 10.7716355264 -3.9085083197  0.2059673326 10.6753481549  0.0726797357  0.0184620167  1.0000000000 -0.0677183361 -0.0312562798  1.0000000000
-1.7819504884  1.5726490769  8.7960865689 -3.6587115640  1.0299399822  8.7982948403 0.2513821341 0.0421715539 1.0000000000 0.0001708913 0.0225064226 1.0000000000
-4.4806369645  0.5909209500  8.1890604682 -4.5822776292  1.3623054296  7.9208240177 -0.0953551006 -0.0178713625  1.0000000000 -0.1270692719  0.1104049385  1.0000000000
-2.4699543932 -1.2076261168 10.4548338592 -4.5912101705  0.7772388073 11.3404397320  0.0421876276 -0.2124121945  1.0000000000 -0.0935651903  0.0444020244  1.0000000000
-2.3078652578 -0.2389932000 10.1725678196 -1.7793500820  1.1184616048 10.3594062253  0.0988197515 -0.1107007014  1.0000000000  0.2233630994 -0.0011746022  1.0000000000
-3.4169874618 -0.0332356787 11.1880273371 -1.7796229260 -0.1049482820  9.1272346485  0.0050214328 -0.0723230282  1.0000000000  0.1948992619 -0.1180868062  1.0000000000
-3.4588346169  0.7806593429 10.9092293615 -5.4466559383  1.5944913418 11.3400411471 -0.0129866721  0.0504436410  1.0000000000 -0.2248616918  0.1551672156  1.0000000000
