512.2000000000
50
 7.9794184932 -5.7419608645 -3.5886401016  0.1240570692 -0.1010652286  1.0000000000
 9.5043906916 -3.9166746445 -1.9048303654 -0.1381940013  0.0310780102  1.0000000000
 5.9358620348 -4.7323644688 -3.6704175021  0.1852836640 -0.2942384295  1.0000000000
 7.7107684813 -6.4610472570 -3.4767402376  0.1818545645 -0.1624026844  1.0000000000
 9.6427152804 -5.0729904004 -4.8512994690 0.1323338091 0.1177768799 1.0000000000
 7.8236059879 -1.4853204523 -3.9803045603 -0.1101997914  0.1338627092  1.0000000000
 6.7508034324 -3.8934151322 -2.0678459745 -0.0921605212 -0.1823933219  1.0000000000
 8.1593673755 -3.8557675295 -5.1305834081 0.1946147930 0.1046132683 1.0000000000
 9.5979072736 -2.7747417988 -3.0512477108 -0.1463495817  0.1550005987  1.0000000000
10.1397733016 -2.9407418050 -3.7893507078 -0.0759521333  0.2024943319  1.0000000000
10.4249736017 -3.7368423990 -2.4351597855 -0.1553246307  0.0989737352  1.0000000000
 8.3871391051 -3.9509308861 -5.9821674583 0.2982953201 0.1568083876 1.0000000000
 8.0924245224 -3.9855790007 -5.2307768263 0.2139777553 0.1037226309 1.0000000000
 8.8848184297 -3.3471241538 -2.8945869181 -0.1076504281  0.0252577609  1.0000000000
 7.9439569261 -3.1002486608 -2.6548752986 -0.0924837331 -0.0707698283  1.0000000000
 8.3140927412 -1.5826596574 -3.4390234199 -0.1480807401  0.1394762473  1.0000000000
 6.3889444691 -2.7052148863 -2.0640555547 -0.1851914533 -0.2539150810  1.0000000000
 9.9344964169 -4.5669804608 -4.6048672583 0.0962044664 0.1397040496 1.0000000000
 7.6669176316 -4.0591233738 -1.2565926644 -0.1385136026 -0.2026451027  1.0000000000
 7.6884507486 -4.8099095289 -3.8133258896  0.1050958294 -0.0697783646  1.0000000000
 7.8723052954 -3.2362793404 -3.2254736330 -0.0298544424 -0.0101244888  1.0000000000
 7.5941462889 -2.7117863618 -3.1898001865 -0.0618839024 -0.0106081370  1.0000000000
 8.2884939834 -5.9829364987 -3.5936537330  0.0818799721 -0.0857508411  1.0000000000
 8.7785551941 -3.1832849516 -2.9384920397 -0.1121480677  0.0106791068  1.0000000000
 9.7011369835 -5.2873618085 -5.0370221761 0.1419475306 0.1313290413 1.0000000000
 7.3535864953 -4.5037657860 -1.7787852155 -0.0476131106 -0.2201191670  1.0000000000
 7.9548572895 -4.7035898777 -2.6942883069  0.0037126562 -0.1122124662  1.0000000000
 9.4880605034 -3.7361116074 -4.8722410724 0.1366045186 0.2226718924 1.0000000000
 7.2160785973 -5.0079960345 -2.5336465712  0.0299410309 -0.1821233794  1.0000000000
 8.2680653442 -1.2344943437 -3.8427435636 -0.1567690072  0.2112524369  1.0000000000
 6.7061595267 -4.9004035058 -4.0965921912  0.2163971017 -0.2023999644  1.0000000000
 9.5227847430 -4.5220160380 -2.5692490139 -0.0620394810  0.0680648548  1.0000000000
 6.9455164204 -3.3466179428 -3.7336982230  0.0654602682 -0.0848702203  1.0000000000
 9.1210604181 -4.6942965688 -3.6413629806 0.0439727561 0.0418084844 1.0000000000
 8.9528777199 -3.5017707706 -2.1570254315 -0.1520823889  0.0007131574  1.0000000000
10.0301578033 -3.0410732805 -2.7171541219 -0.1983541598  0.1198276723  1.0000000000
 8.2051411872 -6.0370660346 -3.4448653552  0.1254100900 -0.1010331475  1.0000000000
10.3127048905 -4.3020734378 -4.1877313328 0.0231101481 0.2036774694 1.0000000000
 9.5819309896 -4.4516540820 -1.9979685455 -0.1075470721 -0.0454833611  1.0000000000
 8.8633958901 -4.9848774547 -4.9458434805 0.1709314178 0.0627779681 1.0000000000
 8.9071638407 -5.8919142878 -4.6565377810 0.1750892210 0.0290433467 1.0000000000
 9.3608892592 -3.0096066254 -4.2687415772 0.0457880553 0.2240436788 1.0000000000
 9.0022424740 -4.5779481784 -2.8482534345 -0.0380240329  0.0427903124  1.0000000000
 6.4371570292 -4.5874613136 -3.1758901194  0.1047559369 -0.2019915330  1.0000000000
 8.1496504504 -5.5387775787 -2.5187365823  0.0264795170 -0.1483151357  1.0000000000
 8.3474406473 -4.1523948553 -2.0140198069 -0.1205833696 -0.0734814866  1.0000000000
 5.0413465196 -3.8253209904 -4.6182440214  0.3129505121 -0.2888337835  1.0000000000
 8.8311563608 -5.8504937502 -4.7764704404 0.1996442851 0.0414936844 1.0000000000
 8.2324143587 -3.8363497042 -5.4731006070 0.2034184284 0.1196136515 1.0000000000
 7.2204090333 -3.0905759044 -5.4907156250 0.2549497613 0.0671125910 1.0000000000
50
 8.4602751067 -4.4589677583 -4.3748901013  6.9504080614 -5.0233823474 -2.8389289989  0.1235575227  0.0770171380  1.0000000000  0.0873385241 -0.1794289878  1.0000000000
 7.7181466394 -1.8799611445 -2.6054886242  6.4010726089 -2.0736150692 -2.1947526301 -0.2209313471 -0.0346379805  1.0000000000 -0.2055813142 -0.2129218174  1.0000000000
 8.8657077797 -3.0817759124 -3.4762165704  9.0910095702 -3.1541933775 -4.9611589480 -0.0677569486  0.1481444955  1.0000000000  0.0263727250  0.1991169644  1.0000000000
 8.3448315950 -2.5529072659 -5.3858942342  8.8318264901 -1.8274557380 -4.0152768155  0.1091977599  0.2863857019  1.0000000000 -0.1064171763  0.1872247795  1.0000000000
 8.7050898021 -1.3940103569 -3.0993050652  8.5349102435 -4.3048495817 -4.4398501032 -0.1973433277  0.1446205376  1.0000000000  0.1150186027  0.0707772222  1.0000000000
 8.4083989028 -4.4339725873 -2.2903383918  9.6439226647 -2.7613609035 -4.1984316371 -0.0700712765 -0.0693389241  1.0000000000 -0.0344986528  0.2234656202  1.0000000000
 5.7491179943 -3.8529920108 -4.2413953800  5.9741445035 -4.4193379226 -4.7012494172  0.2519994549 -0.2567214888  1.0000000000  0.2962383310 -0.1547389544  1.0000000000
 8.3094027034 -3.4557879913 -4.6967058554  7.6618214046 -5.1615612487 -2.9202095321  0.1331286556  0.1111434050  1.0000000000  0.0525698452 -0.1435722184  1.0000000000
 7.5620369078 -3.5021067332 -3.4925677494  7.7286446005 -1.9388486350 -3.9513342781  0.0279650065 -0.0530329927  1.0000000000 -0.0336568670  0.0502081074  1.0000000000
 9.3227997614 -2.0244515926 -3.3438747551  7.5929903925 -4.1071207315 -4.5040461274 -0.1382839373  0.1555446138  1.0000000000  0.1761519406 -0.0255220922  1.0000000000
 7.2186395950 -2.1298840140 -2.1475775739  9.6091461128 -2.2386676904 -2.8465946638 -0.2081138141 -0.1371995505  1.0000000000 -0.2261469172  0.1574176322  1.0000000000
10.8062906820 -3.4657465702 -3.2374284776  8.0433308050 -4.5233658691 -2.3818589708 -0.1208259121  0.1994404066  1.0000000000 -0.0513462896 -0.1000909047  1.0000000000
 9.6791454582 -3.2627828066 -2.4457191689  8.0293566645 -3.0206415754 -2.8805649596 -0.1759921648  0.0648722604  1.0000000000 -0.1040523673 -0.0309958973  1.0000000000
 7.7886136608 -2.0499221605 -5.4857325285  9.7604214024 -2.7104994891 -4.0721430154  0.1401608691  0.2459852405  1.0000000000 -0.0588104739  0.2184058412  1.0000000000
 9.0740375092 -4.4820897240 -1.8590140534  7.7859622019 -2.2099776390 -5.3498845251 -0.1221801730 -0.0485694719  1.0000000000  0.1061481888  0.2028929402  1.0000000000
 6.8667821768 -6.4451068306 -3.6107487032  8.8462245384 -5.5613679264 -4.0680745937  0.1853362764 -0.2089078725  1.0000000000  0.1295274100 -0.0003628392  1.0000000000
 6.3414351903 -2.7721634120 -4.7627835768  7.0316565593 -2.1604831698 -1.6136816728  0.1808694087 -0.0510414147  1.0000000000 -0.2945018884 -0.2039770803  1.0000000000
 9.2798021791 -3.6193262401 -4.9880306972  8.5318824574 -3.6555694120 -1.8823897199  0.0987113353  0.1602674410  1.0000000000 -0.1517603724 -0.0701501058  1.0000000000
 8.2026445813 -6.2923113792 -4.3712462353  9.1350624430 -4.4670611301 -5.8031943118  0.2162340119 -0.0620178031  1.0000000000  0.1971082648  0.1850570859  1.0000000000
 8.1895970623 -1.2468158872 -4.3363225071  9.0888809220 -1.3692059607 -3.7494147274 -0.0703901145  0.1872456104  1.0000000000 -0.1884748727  0.2656073110  1.0000000000
10.2843101489 -3.7137952178 -2.7520017195  9.4069644598 -4.8145558903 -4.3379522194 -0.1399939531  0.1187761351  1.0000000000  0.0751966381  0.0896320875  1.0000000000
 9.6699773008 -2.9620282291 -2.7627074602  9.4781126540 -2.3033028550 -4.0063223050 -0.1988504976  0.1492439429  1.0000000000 -0.1517898122  0.2220075413  1.0000000000
 8.3747258043 -2.7868970377 -2.8270557670  6.2537969603 -3.0181197542 -3.5659634141 -0.1077771000 -0.0002799858  1.0000000000  0.0864397897 -0.1954225823  1.0000000000
 6.0144499318 -4.2625183063 -4.5749334448  8.0941273427 -3.0766641339 -5.8373929162  0.2620321723 -0.1294860037  1.0000000000  0.2643298537  0.2101855922  1.0000000000
 8.2501083208 -2.6389473558 -5.4474878478  6.7927469955 -4.6931114742 -3.1130834057  0.1438957969  0.2270527585  1.0000000000  0.0515316843 -0.1652880302  1.0000000000
10.1082791387 -3.3602427742 -4.2714423489 10.4850590416 -3.5300163298 -2.9917753314  0.0008767164  0.2110773270  1.0000000000 -0.1169738990  0.1483119619  1.0000000000
 7.8259821198 -4.6856771021 -4.9185171311  9.4654696659 -4.3019014322 -5.5672844919 0.2586143226 0.0202389129 1.0000000000 0.1622248473 0.1944803824 1.0000000000
 6.7516936338 -2.0425539850 -3.5811093958  7.3402619945 -2.9937879480 -4.3063685218 -0.0481353405 -0.0577064473  1.0000000000  0.1092931402  0.0462705266  1.0000000000
 9.1770172961 -4.7509591789 -4.8933074705  7.0081392468 -5.4589536980 -2.8761607420  0.1886700014  0.0541463898  1.0000000000  0.1219273534 -0.2465638339  1.0000000000
 7.4994432811 -4.5070637515 -3.1334190891  8.3506245816 -3.0471496244 -4.9472676137  0.0506834681 -0.1527037984  1.0000000000  0.0955179421  0.1478171830  1.0000000000
 9.0290047800 -5.4831955050 -3.5977315414  7.5118982186 -3.6954806699 -3.5259588177  0.0899395105 -0.0050126861  1.0000000000  0.0320680539 -0.0565936710  1.0000000000
10.2447285339 -2.3988804356 -3.1725220694  9.2356687555 -2.5555783593 -2.5021972537 -0.1861689555  0.2500275184  1.0000000000 -0.2025857012  0.0869881984  1.0000000000
 8.4217694726 -3.0048503627 -3.9350137833  9.3612154353 -4.9902583131 -5.6695023602 0.0074263817 0.0915944391 1.0000000000 0.2398056908 0.1552930479 1.0000000000
 8.1404782945 -3.6925645655 -4.9169139765  6.9086768265 -3.6031228290 -4.6336639430  0.1480581834  0.1323138658  1.0000000000  0.2330209943 -0.0268292880  1.0000000000
 8.3700842558 -4.7181735800 -0.6799561703  7.3553220452 -4.5746449137 -4.4026243216 -0.1819935394 -0.2178109572  1.0000000000  0.1851655587 -0.0969204973  1.0000000000
 7.2162869614 -2.5456367781 -3.1742430149  9.6021069352 -4.7340992801 -4.6389638574 -0.0791521749 -0.0826751164  1.0000000000  0.0845975239  0.1368491812  1.0000000000
 7.4443473012 -3.8554532073 -4.1481119044  9.6802760826 -2.6000408851 -4.2115617224  0.1086667806 -0.0632075592  1.0000000000 -0.0579031598  0.2904898509  1.0000000000
 8.4958239400 -2.9814348847 -1.8164493306  5.5183858133 -3.5108599382 -4.8088492749 -0.2067039530 -0.0398037629  1.0000000000  0.2944821426 -0.1973809632  1.0000000000
 7.1826141698 -2.1698306298 -4.8202421920 10.4905133079 -2.9401571738 -2.7895519353  0.1027187352  0.1092665130  1.0000000000 -0.1883994834  0.1643316577  1.0000000000
 9.7999715521 -2.5187529278 -3.0365231036  8.0013764858 -4.2183222156 -3.1599629110 -0.2013011310  0.1466443978  1.0000000000  0.0561275407 -0.0510095529  1.0000000000
 7.7218006549 -4.2661916441 -4.9849927324  8.3889859338 -5.1670891886 -3.7723762574  0.2268210397  0.0094848365  1.0000000000  0.0846963481 -0.0470687854  1.0000000000
 9.7106721811 -2.5510308277 -3.2174191602  7.5414760511 -2.3432351447 -2.3814503156 -0.1603369936  0.1936442475  1.0000000000 -0.2165707123 -0.0920316345  1.0000000000
 9.5430894456 -3.4293400471 -4.4846115520  9.4247720460 -3.9468633799 -5.1565142366 0.0194701135 0.2034947720 1.0000000000 0.1306786205 0.1985438637 1.0000000000
 9.7640882518 -2.9935791409 -4.1352055622  8.3637130326 -1.9902170736 -3.7371640432 -0.0494008942  0.1973869482  1.0000000000 -0.0835018389  0.1303560110  1.0000000000
 7.4690880408 -2.4997169272 -2.2702290895  9.1231538958 -2.6584138632 -4.7333481649 -0.1983390795 -0.1099152477  1.0000000000  0.0313000922  0.1997127760  1.0000000000
 9.3279062934 -4.0831360072 -1.6884411548  8.0031224559 -4.9318852127 -2.8114390139 -0.1954213523 -0.0396475616  1.0000000000 -0.0036229231 -0.0745078900  1.0000000000
 9.1888312146 -2.9090719221 -3.9064888214  6.9086475945 -5.2684239113 -3.2212361352 -0.0379057593  0.1703196208  1.0000000000  0.1698880131 -0.1963654444  1.0000000000
 9.1914857288 -4.5794850940 -4.1910948399  7.1669331011 -3.5573755515 -3.7318924356  0.0464680119  0.1030054417  1.0000000000  0.0508989187 -0.0264174986  1.0000000000
 8.3924273813 -1.7760900714 -5.1659886140  7.3689897721 -3.5929279973 -2.1784400268  0.0252474558  0.3039898302  1.0000000000 -0.1442027358 -0.1736031526  1.0000000000
 8.5077142711 -4.7200339937 -3.4896176552 10.0951710164 -4.4502959235 -4.0491583095  0.0571538057 -0.0041961375  1.0000000000  0.0060814281  0.1348151000  1.0000000000
