747.1000000000
50
 2.4521911955 -7.9849154311  8.5249210331 -0.1908285815  0.0288361679  1.0000000000
 2.4253193466 -8.1662689311  8.4329300621 -0.1632783725 -0.0235211531  1.0000000000
 2.8504709834 -8.2819119922  8.1492567180 -0.2327207644 -0.0088173282  1.0000000000
  0.4587164877 -10.4153646494   8.8800613447 -0.0528210317 -0.0377664344  1.0000000000
 1.9235789651 -7.6878004697  8.6552911360 -0.0854884693  0.0686342098  1.0000000000
 2.0349699277 -8.0611169777 10.2151076089  0.1235409366 -0.0053944860  1.0000000000
  2.3681447659 -10.2049108579   9.8133992617 -0.0958246627 -0.1808891635  1.0000000000
 1.9590015004 -6.7731122413 10.2839903765 0.1840109190 0.1561693025 1.0000000000
 1.0044041350 -9.3801841750 11.1058835489  0.1840795351 -0.0928873768  1.0000000000
 3.0828859726 -8.1448605979  9.9673645545  0.0030490875 -0.1755034470  1.0000000000
 0.8182561984 -8.8194601798 10.2422748753 0.1048944940 0.0181048894 1.0000000000
 1.5894008344 -6.7681110553 10.3950963227 0.1957817331 0.1605628635 1.0000000000
-0.1266306222 -7.4702978031 11.0499231779 0.2260276410 0.1578250867 1.0000000000
  1.2213476213 -11.6339783490   8.7182129303 -0.1900647040 -0.1775535340  1.0000000000
 1.4191327333 -9.9332884833  7.9621814067 -0.2282182020 -0.0237088828  1.0000000000
 3.7890598812 -9.1976666159  8.9536054321 -0.1613427039 -0.2507839524  1.0000000000
 2.3421436719 -8.0132489137  9.4777915910  0.0032930783 -0.0217813114  1.0000000000
  1.2602757486 -11.0117296260   8.2838550186 -0.2113561299 -0.1145492242  1.0000000000
 3.6264523523 -9.6434534803  8.5332055464 -0.2774437219 -0.2651223862  1.0000000000
 0.8783760681 -8.2041828807 10.5695463966 0.1534776767 0.0336713628 1.0000000000
 3.0983998269 -7.7705812159 11.1573204025  0.2554031750 -0.1628553898  1.0000000000
  1.7146819733 -10.7466728647  10.1312274455  0.0006151145 -0.2101284342  1.0000000000
  2.1045658814 -10.2844316084  10.5924173837  0.0407333051 -0.1407043952  1.0000000000
  1.8353641612 -10.7691543952   8.8674886734 -0.1181537318 -0.1521061433  1.0000000000
 3.4922294717 -9.1301713247  8.6511898999 -0.1614181504 -0.2083557054  1.0000000000
 2.3132291519 -8.0529160994 10.8995867683  0.1947290972 -0.0643683298  1.0000000000
-0.3933511097 -7.9406085598 10.8935555307 0.1771157777 0.1369926423 1.0000000000
-0.6349612815 -9.3690290280  7.8213942800 -0.1600088404  0.1800507384  1.0000000000
-1.5749024041 -8.3476985982 11.0446800490 0.2057444284 0.1485384823 1.0000000000
 0.6831155294 -8.7158531528  8.2090203697 -0.1446311248  0.0777975224  1.0000000000
-0.0134047231 -9.2841357357 10.3661068726 0.0670774766 0.0389072034 1.0000000000
  1.1984380631 -10.8673263430  11.1593432260  0.1229248018 -0.1490896038  1.0000000000
-0.3641595424 -9.6054371549  9.5999871784 0.0309760173 0.0405776223 1.0000000000
 1.9556854037 -7.1960061401  7.7710432386 -0.1945055957  0.2128534574  1.0000000000
 0.6280933216 -6.4105807422 10.4241971827 0.2533346502 0.2651210020 1.0000000000
 0.6232465869 -8.8355798035  7.5314593858 -0.2123835411  0.1219181209  1.0000000000
 1.1757629053 -8.3637006258  8.4217353151 -0.1559551281  0.1164949310  1.0000000000
 0.8490463585 -6.9656201415 10.8967268858 0.2045740336 0.1731870194 1.0000000000
 1.1007398593 -6.9722394897 10.6387020972 0.1920545818 0.1850413160 1.0000000000
-1.5053865227 -8.4607551129 10.5436105462 0.1597796883 0.1746847847 1.0000000000
 0.8004384390 -8.6092140383  9.2192678367 -0.0197870551  0.0809097908  1.0000000000
 1.4837682609 -9.6620130467  8.9778098778 -0.1269179165 -0.0570314738  1.0000000000
 1.2413317098 -7.4251049367  7.9228406606 -0.1803292945  0.2382865515  1.0000000000
 4.1442236031 -9.3043606422  8.7278011100 -0.1853706311 -0.3039401180  1.0000000000
 1.8827599900 -6.7330393902  7.9859601289 -0.1865020146  0.2600164935  1.0000000000
-0.5620943441 -8.5112489920  9.0847802638 0.0002353400 0.1270035215 1.0000000000
  2.6181170279 -10.1465734704   8.4065796299 -0.1895499528 -0.1957813205  1.0000000000
 3.1094530053 -9.2851755167 10.0890358877  0.0191145367 -0.2279612781  1.0000000000
 1.2795172694 -5.9766264958 10.1245117210 0.2058438371 0.2937719527 1.0000000000
-0.6270697113 -9.8046083331  7.7377870460 -0.1645814659  0.0785866597  1.0000000000
50
 3.3230704887 -8.0903780576 10.4098635598  1.3488510341 -9.5409560627  7.8516129721  0.1248525712 -0.2154128960  1.0000000000 -0.2204842855 -0.0075730604  1.0000000000
 1.4283410710 -7.0477261505 10.8454508166  0.3139086121 -7.3714856934 10.7919946411 0.2371437659 0.0688430854 1.0000000000 0.2102868401 0.1587098881 1.0000000000
 2.2859000002 -9.7952295056 11.3016318998  1.0536092412 -8.7118196026 10.3808092781  0.1836001222 -0.2250208800  1.0000000000  0.1165494614  0.0203749120  1.0000000000
  1.4027469318  -7.8148046265  10.7988457551   1.2875619773 -10.3930991475  11.8522397500  0.2085161142  0.0356678775  1.0000000000  0.1661318932 -0.2107525524  1.0000000000
 1.2988773305 -6.2767400632 10.4788437702  1.1590564050 -6.4575595450  9.6446134120 0.2315429725 0.2458345339 1.0000000000 0.1313439149 0.3026182628 1.0000000000
 0.9227097335 -6.1191907746 10.4615204519  0.4268319763 -9.5168233382  9.2382310536  0.2731615807  0.2978138888  1.0000000000 -0.0409932364  0.0128260423  1.0000000000
 0.0028951555 -9.3400863538  7.7980882217  1.2038157972 -9.6320410798 11.5371153388 -0.1981683700  0.1104399325  1.0000000000  0.1854972882 -0.0848066961  1.0000000000
 0.0354769460 -7.8892072872 11.0255879277  2.1627392647 -9.0582103795  9.6094861073  0.2569455519  0.1348495016  1.0000000000 -0.0113997072 -0.1185581699  1.0000000000
  2.4243240703  -7.7406023816   7.4466240735   0.4220222112 -10.4313747248   8.1387025318 -0.3432450767  0.1233314747  1.0000000000 -0.1527760951 -0.0048933469  1.0000000000
-0.1451967588 -9.0207399921 11.2962504335 -0.0722456217 -8.3644199983 10.7988302830 0.2167545913 0.0158102211 1.0000000000 0.1849133653 0.0967246696 1.0000000000
 0.5756304778 -7.1130926126 10.3781424812  1.7599172598 -7.8674414732  8.9150598886  0.1954770414  0.1858499788  1.0000000000 -0.0739374157  0.1106637677  1.0000000000
  1.2903951080  -9.7077200321   8.3637043865   1.7128523658 -10.4752792093   9.6250589567 -0.1609053997 -0.0415901547  1.0000000000 -0.0479502691 -0.1612280449  1.0000000000
 0.5365342832 -8.7884432476  7.9516644864  2.1225483890 -9.9249025777  9.8639595338 -0.1883136636  0.1765716896  1.0000000000 -0.0245292504 -0.1548295322  1.0000000000
  0.8264371701 -11.2495244445   8.5881614961   0.7166079723 -10.9524476069  10.5203366006 -0.1221082687 -0.1071086614  1.0000000000  0.0626143466 -0.1206819443  1.0000000000
 4.1256627203 -9.2929279776  8.8515472717  1.9763247786 -6.4245184471 10.6992660572 -0.2096982956 -0.3049923764  1.0000000000  0.2623949141  0.1511398556  1.0000000000
  1.2595127875 -10.6412330343  11.1456481872   1.3468229892  -9.8280753599   9.4075565736  0.0922969280 -0.1830216014  1.0000000000 -0.0686306387 -0.0791196514  1.0000000000
 1.1780676676 -5.8775289732 10.1401719962  1.4356493947 -6.8463022731 11.0787562408 0.1813831492 0.3217854722 1.0000000000 0.2682619356 0.1102004964 1.0000000000
 1.5408047197 -9.1437226935 10.7238116187 -0.4166205177 -7.8108386555 10.6755027302  0.1166795399 -0.1018172291  1.0000000000  0.1724522823  0.1525765920  1.0000000000
 1.6951816577 -7.1126033490  7.6448598501  1.2903621053 -7.2200041974  8.3023531691 -0.2366346630  0.2516091778  1.0000000000 -0.0977718109  0.2636765305  1.0000000000
-0.6002958769 -8.6327358904  8.4069667081 -0.9030983161 -9.3886492566  7.3577902679 -0.0987982437  0.1969255503  1.0000000000 -0.1679647927  0.2301812783  1.0000000000
-0.2321341716 -9.3655851263  7.8012416764  1.1980543133 -9.1717693700  9.3988824026 -0.1705597009  0.1757141032  1.0000000000 -0.0096632143 -0.0096786951  1.0000000000
  0.0095584370 -10.0897913985   9.3772461563   0.2562652204  -9.4241701891   7.9766355981 -0.0356767206  0.0121292966  1.0000000000 -0.1499609715  0.1057742011  1.0000000000
  1.3688450994 -10.2272281095   9.7359704818   0.4585076331  -7.7714989750   8.3758446440 -0.0191198853 -0.1356002448  1.0000000000 -0.0831944195  0.2200599285  1.0000000000
 3.2498241372 -9.9820124918  8.9310253313  2.3915072042 -9.8498452703  8.2147259410 -0.1835620453 -0.2440898799  1.0000000000 -0.2270357837 -0.1121122485  1.0000000000
  1.4760976141 -10.1532442076  12.1011601933   3.6495819331  -8.3603743134  11.7117644115  0.2309484181 -0.1646912851  1.0000000000  0.2937459174 -0.3232020248  1.0000000000
 1.4870118578 -6.2605921868  9.9152299126  2.6738119143 -8.1746392426  8.4334219390  0.1751126342  0.2604147903  1.0000000000 -0.1382041644  0.0080695898  1.0000000000
  1.2258832051  -8.8749463944  10.5614914617   0.8443308634 -10.8990982434   9.7816255010  0.0733656061 -0.0343531515  1.0000000000 -0.0017501724 -0.1094300761  1.0000000000
 1.3221283235 -6.1715147753  9.5393841277  1.5693980779 -8.8720610383  9.9695395405  0.0893515958  0.2518326575  1.0000000000  0.0608595848 -0.0445105910  1.0000000000
 -0.2427857350  -8.7202651711   9.7430506280   0.5184260148 -10.3812775948  11.3818266770  0.0530513136  0.1417198167  1.0000000000  0.1837674211 -0.1544901703  1.0000000000
 -1.6580081801  -8.3988496167  10.6912352291   0.9154064528 -10.9327285422  11.9481046957  0.1419071796  0.2006542129  1.0000000000  0.2079983551 -0.1954739772  1.0000000000
  1.0752765958 -10.7266608517  11.4165270627   1.8559316787 -10.1829903425   9.1623965475  0.1418236385 -0.2122319013  1.0000000000 -0.1306848390 -0.1658243897  1.0000000000
-0.4723327624 -8.7580508353 10.1850991730  0.3467496693 -7.8825048911 10.9550279297 0.1038856194 0.0770858476 1.0000000000 0.1990894228 0.0872864682 1.0000000000
-0.9679809251 -8.8963451899 10.8190367026  1.8111654291 -9.9764808504  9.1413881548  0.1274617815  0.0909917632  1.0000000000 -0.0644974506 -0.0889086559  1.0000000000
 3.8269341496 -9.6307627988  8.3876510675 -0.5781957937 -8.3967309839  8.2725463274 -0.2890858646 -0.2440129571  1.0000000000 -0.1188309701  0.2192499519  1.0000000000
-0.0919996231 -7.9741140724  8.1623548743  0.2445927139 -7.6926602243  8.2541094701 -0.0812520700  0.2169339256  1.0000000000 -0.1324715605  0.2723671136  1.0000000000
 0.6674061559 -7.6333756480  8.6276098069  2.0832297833 -7.8542024294  9.8061069912 -0.0722155914  0.1922717933  1.0000000000  0.0406795551  0.0318827840  1.0000000000
 1.8853772292 -9.2926760117  9.1767860794  1.4669100923 -7.2797513928  7.3473693067 -0.0409295632 -0.1195839668  1.0000000000 -0.2428549879  0.2524352456  1.0000000000
  1.3425435523  -6.3143952670  10.3097984444   0.3481687984 -10.5271094286   8.1848198337  0.1912244556  0.1967253780  1.0000000000 -0.1551926114  0.0177729058  1.0000000000
 1.9660784709 -8.0651245117  7.9024860033  2.4847074985 -8.8553367667  8.1534532746 -0.2059829797  0.0549940370  1.0000000000 -0.2432748088 -0.0878032966  1.0000000000
  2.7669976345 -10.7166793987   8.6627186526   0.7288857229 -10.1169693365   8.0282116378 -0.1677813090 -0.2862820209  1.0000000000 -0.1871648372  0.0041690375  1.0000000000
 1.1588769499 -6.1089378519 10.6837060674  2.5218694457 -9.7588375166  9.9122744145  0.3262580212  0.2470137242  1.0000000000 -0.0013368660 -0.2033567159  1.0000000000
 2.2684141034 -6.8984255277 10.5578647626  0.8784556286 -7.4116305300 10.0717795448 0.2292406908 0.0762585642 1.0000000000 0.1470697883 0.1811912475 1.0000000000
 0.5798280493 -7.4387143696  9.4661203402  1.5574077107 -7.6402269164  7.4803122935  0.0449068476  0.1831020520  1.0000000000 -0.2657471109  0.2030887960  1.0000000000
 2.9715539425 -9.2397566919 10.8874627562  2.2911070126 -9.4096492007  8.3238648678  0.1158935170 -0.2204124054  1.0000000000 -0.1815694755 -0.1027363650  1.0000000000
 0.5375228024 -8.1547851856  7.6951181318  0.4950984760 -8.3583940474  9.8244421720 -0.1927035715  0.2330895826  1.0000000000  0.0682063347  0.1221895985  1.0000000000
 0.1549731004 -8.3365308496  9.3549475935  1.7313465268 -9.5082134047 10.4251708857  0.0805869475  0.1553869007  1.0000000000  0.0755443425 -0.1168411735  1.0000000000
 3.5199896600 -8.3710047727  8.6942779017 -0.2725376241 -8.7624076057 11.4307306100 -0.1967071085 -0.1740250909  1.0000000000  0.1806303315  0.0734335391  1.0000000000
 2.2387436917 -9.7309655249 11.5584245716  2.9777299090 -8.1467669618 10.4747241777  0.1990856273 -0.2430081665  1.0000000000  0.1334044358 -0.1487060577  1.0000000000
 1.9824410960 -7.4065740608 10.3228219961 -0.7249292796 -8.9069156896  7.4786717483  0.1561837075  0.0176489936  1.0000000000 -0.1653913727  0.1751113388  1.0000000000
-0.2758832100 -9.5947168666 11.4722993591  3.6166943888 -8.6194410191 10.5710405794  0.1742172652 -0.0016133432  1.0000000000  0.1114854001 -0.2527232530  1.0000000000
