583.2000000000
50
6.9290660439 9.2618005652 6.8477004289 0.2519490694 0.0531221693 1.0000000000
4.0513754629 8.4242384465 8.5741866824 -0.1944918483 -0.1557370935  1.0000000000
 6.7492647366 10.7003715721  7.9821142137 0.1873659950 0.0996307102 1.0000000000
4.1141941457 9.7306318228 9.0064857421 -0.1429853672 -0.0633838108  1.0000000000
4.1701236306 9.5915935942 6.0107408632 -0.1711084242  0.2373509848  1.0000000000
5.8085469579 8.4663058008 6.8364789704  0.1019189327 -0.0356694498  1.0000000000
 5.5817435984 11.1243993627  8.6253775108 0.1060018193 0.0391008902 1.0000000000
4.8139506970 7.3739244495 7.6840090274 -0.0899841158 -0.2264079776  1.0000000000
 5.1596181459 12.0077587227  7.5752375972 -0.0292811214  0.2153098110  1.0000000000
3.9566890004 7.7906611561 7.5317963186 -0.2058069952 -0.1167292204  1.0000000000
3.7557652496 9.1724734822 9.5128412394 -0.1375241106 -0.1573287042  1.0000000000
 4.4402477100 10.2600975520  9.5775461142 -0.1103914338 -0.1012189443  1.0000000000
6.2163512837 9.1655213903 8.9180198410  0.0818947880 -0.0956950362  1.0000000000
 4.6770080783 10.6185643810  9.2609498342 -0.0703711045 -0.0026956111  1.0000000000
 3.5482586968 10.6993272583  8.1780680187 -0.1614828446  0.0624927428  1.0000000000
4.4256252158 8.1682845534 7.7947577954 -0.1296950759 -0.1408719131  1.0000000000
 4.3968950494 11.7289801913  7.8902928369 -0.0391179810  0.1687402390  1.0000000000
4.2672799843 7.4031433967 7.3084101564 -0.1809769173 -0.1862137788  1.0000000000
 4.0733808680 11.6719692586  8.6402309524 -0.0813855981  0.1037767116  1.0000000000
3.6253975942 9.9169751729 6.1502803724 -0.2203413303  0.1940372865  1.0000000000
4.2520522264 7.9045373462 9.0810984853 -0.1584457185 -0.2733259340  1.0000000000
 6.9329124520 10.0033102440  9.1889727685  0.2064277936 -0.0746396439  1.0000000000
 6.5456070188  9.8348445064 10.5921276172  0.1314131812 -0.2007683227  1.0000000000
4.8855405754 9.2238424833 7.9218617612 -0.0945856807 -0.0550071281  1.0000000000
4.5906903066 8.5498405196 6.6927588439 -0.1372165761  0.0408668038  1.0000000000
3.4473450972 9.9463161349 6.7394361383 -0.2445927830  0.1763750398  1.0000000000
4.5207148202 7.8293365355 8.3054921483 -0.1058875168 -0.2305591517  1.0000000000
3.8501535266 8.9635591751 8.3856165558 -0.1629125634 -0.0802749181  1.0000000000
3.8912952708 9.0051916903 6.9689727747 -0.2078602345  0.0661560886  1.0000000000
3.8671667915 8.9415034576 6.3767024976 -0.2004471273  0.1104601305  1.0000000000
4.8095508812 9.6491108606 5.8082544407 -0.0973565181  0.2661861139  1.0000000000
 6.3597099329 10.4926962656  6.9445234017 0.1822458927 0.1554532296 1.0000000000
 5.3592315484 10.0613922216  7.5369141222 0.0709366718 0.1076341563 1.0000000000
 5.2512585773  9.5362375263 10.4597986159  0.0443150678 -0.1657779282  1.0000000000
6.9998948580 9.2525558292 8.2999678052  0.2292002439 -0.0922397016  1.0000000000
3.4277628160 8.4650248028 7.4982698024 -0.2554816805 -0.1046620132  1.0000000000
4.7721079423 9.7228076774 7.1007600902 -0.0275865543  0.1019816714  1.0000000000
 5.6517473236 11.0907931392  7.6517789606 0.0841604812 0.1212109382 1.0000000000
 3.6708437901 10.1077997396  6.0125534976 -0.2227148135  0.2805951003  1.0000000000
 4.5865595857  9.5780265514 10.3656188474 -0.0584717103 -0.1636985143  1.0000000000
 4.9952685190 10.3656604891  8.9632049210  0.0102384197 -0.0104129182  1.0000000000
5.5751570695 9.2772229054 9.0112189128  0.0980517459 -0.1021148485  1.0000000000
3.3281419688 9.5843248111 6.4636168429 -0.2788581338  0.1276888363  1.0000000000
5.3746775000 8.4643208933 7.9905479400  0.0116791269 -0.1112720891  1.0000000000
4.9717589943 9.1695035605 9.1703085114 -0.0069666882 -0.1315632247  1.0000000000
6.9563228382 7.6884386221 7.4219514943  0.2505794881 -0.1732312703  1.0000000000
 3.6428479084 10.3303404630  8.2238937822 -0.1428252698  0.0330922326  1.0000000000
5.2336907316 8.8599868410 8.7121165623 -0.0063993320 -0.1617769084  1.0000000000
3.9630007351 8.8834632873 8.2227127770 -0.1580154508 -0.0704829033  1.0000000000
 4.8862775777 10.1465846611  7.4920664572 -0.0459958117  0.0907610807  1.0000000000
50
7.2074899390 8.3420769491 8.5844885940 4.1156033640 9.1387714879 6.3711460998  0.2122219577 -0.2055381637  1.0000000000 -0.1551945558  0.1153772221  1.0000000000
 7.0069931979 11.1666299842  8.1275753516  4.4758822448  7.3914908947  7.3506758463  0.2417958356  0.1083530442  1.0000000000 -0.1269618857 -0.1825011519  1.0000000000
 5.0978879101  9.4780557167  7.0142283261  5.7970512469 10.9607833897  9.1857564696 -0.0068243185  0.0383551358  1.0000000000  0.0829490045  0.0240870300  1.0000000000
 4.1468399540 11.2010899008  8.9108473229  5.2538126921  8.9371185410  9.5048127276 -0.0697673502  0.0118627491  1.0000000000  0.0335855831 -0.1758813944  1.0000000000
 6.6958935967  8.1020023035  7.6246136570  5.1606165970 10.3691925637  7.6728977742  0.2081604059 -0.1783707380  1.0000000000  0.0109867478  0.1065566336  1.0000000000
5.9657724365 7.1601901815 8.1115844691 4.7502304973 7.3330150849 7.5654589740  0.1242855639 -0.3182195057  1.0000000000 -0.0811338035 -0.1681900688  1.0000000000
3.3689718107 9.9212144287 5.9975628183 4.2206225655 9.9420281726 5.9063252626 -0.2640007308  0.2538547773  1.0000000000 -0.1622518424  0.2642969389  1.0000000000
 6.8262493749  8.8786962237  8.6192866450  4.7405926157  9.7541352230 10.0742347887  0.2160791106 -0.1624807848  1.0000000000 -0.0278254681 -0.1538416522  1.0000000000
 3.3450907545  8.5619187347  9.2320985743  3.5105692791 11.1704565872  8.1794164799 -0.2352073134 -0.2130197643  1.0000000000 -0.1296605767  0.1158785744  1.0000000000
 4.6669644856 10.2316816583  6.3453604171  3.5292409596  8.3825268287  7.0145296861 -0.0282019880  0.2447750868  1.0000000000 -0.2351713978 -0.0702400219  1.0000000000
3.4272306408 9.9681352127 8.2088589429 4.1753704260 9.0493930955 7.0403583586 -0.2061035487 -0.0171692188  1.0000000000 -0.1520504726  0.0134501316  1.0000000000
 3.6871617436 10.5471282600  7.3026597382  3.3238895813 11.1621082387  6.8231038860 -0.1212534222  0.1689076902  1.0000000000 -0.2133751309  0.2658994286  1.0000000000
 4.2565102991 10.3431084778  9.0697672172  4.9229307309  9.7634974368  8.9996117220 -0.1154839607  0.0070455062  1.0000000000 -0.0535129098 -0.0926219931  1.0000000000
5.4093636723 9.6985075169 5.6456028749 4.4642243350 9.1322560418 6.1093619665  0.0356124272  0.2613315541  1.0000000000 -0.0747080614  0.1422617528  1.0000000000
4.1535082191 7.4335031302 8.2998967501 5.8462248764 9.0033823031 8.9681852092 -0.1871849831 -0.2704533190  1.0000000000  0.0992837425 -0.1219087968  1.0000000000
 3.8410578786 10.7183080995  7.2805247485  6.2496001615  8.9321907717  9.5735333510 -0.1663229202  0.1594677357  1.0000000000  0.1259448695 -0.2117772948  1.0000000000
 5.2323403242 11.0487562397  8.5900635944  5.2537948176 10.2374559553 10.0963967789  0.0455977218  0.0672434713  1.0000000000  0.0437480002 -0.1043536790  1.0000000000
7.3331966707 7.2790796925 7.8786820921 4.4572874539 9.7926130047 6.6348069579  0.3019041159 -0.2547274123  1.0000000000 -0.1179385010  0.1511262486  1.0000000000
 3.9403392214 11.1814584712  7.5923209181  7.0076447328 10.4047784689  6.0431846306 -0.1004920529  0.1207503007  1.0000000000  0.2974609896  0.2467096943  1.0000000000
 3.3552905913  8.5316095409  9.0624464844  3.9573415976 10.6554430764  8.0275121846 -0.2199647016 -0.2254365788  1.0000000000 -0.1427466844  0.0515136387  1.0000000000
 3.4685740671  8.3927222532  8.1318585898  3.5564503011 10.7087695940  6.8320716726 -0.2483697261 -0.1154817732  1.0000000000 -0.1614478017  0.2289876768  1.0000000000
 6.2001809332  9.7860410038  6.5315082033  6.9458321016 11.2798591172  8.1152853738 0.1418233436 0.1060356266 1.0000000000 0.1891796155 0.1246210869 1.0000000000
3.3393405267 9.6659198054 6.6125864997 6.5576383337 7.8437644228 8.5082510542 -0.2856600370  0.1413318829  1.0000000000  0.1481166488 -0.2475031241  1.0000000000
 5.7110805050 10.6700901483  7.3339887115  5.5839628176  9.0874226110 10.0196674271  0.0940620314  0.1388626036  1.0000000000  0.0146113656 -0.2173903652  1.0000000000
 6.0016622180 10.5021366311  8.3793688662  4.8004257782  9.5555569609  9.1932641215  0.0883488684  0.0375450659  1.0000000000 -0.0210154080 -0.1182110077  1.0000000000
 5.7279681062 11.1819017888  8.8255878076  5.4588182134  9.8209617246 10.2640332312  0.0610448459  0.0979073929  1.0000000000  0.0433404591 -0.1421288299  1.0000000000
4.7116973120 7.9114287420 6.9844320880 3.4830705726 9.2036930819 9.6928463922 -0.0659130535 -0.0902151303  1.0000000000 -0.1903358490 -0.1730451813  1.0000000000
 6.4635210546 10.2111138327  8.7973886340  6.6400736388 11.0018958446  8.1419569715  0.1749401942 -0.0341606712  1.0000000000  0.1427601485  0.0657243035  1.0000000000
 5.9360960777  9.0355967287  8.7632527671  5.9977439245 10.1846299358  5.5975203967  0.0873360596 -0.1320647338  1.0000000000  0.0844011265  0.2982286076  1.0000000000
 4.1519651957 10.7755016545  8.0441006583  5.3838595672  9.2241922661  8.0422589163 -0.1112500647  0.0739491008  1.0000000000  0.0146722467 -0.0426471625  1.0000000000
3.7350644766 9.8904068585 9.3886713208 4.3353154948 8.7816920759 8.6048475401 -0.1380758435 -0.0478172402  1.0000000000 -0.1303834439 -0.1228775593  1.0000000000
5.9178660156 7.7797398439 7.2967071418 6.4272527140 8.0361882050 8.8875080875  0.0807074487 -0.1505400298  1.0000000000  0.1325566035 -0.2411402441  1.0000000000
 3.9854983272 10.0153995142  6.9948889060  6.8299025269  9.0082867639  7.2496610747 -0.1718858725  0.1094485949  1.0000000000  0.2645146540 -0.0268547439  1.0000000000
3.9380424657 7.0013932630 8.2008909047 3.6789559000 9.2590349125 9.6504758292 -0.2366023656 -0.3125560998  1.0000000000 -0.1367376340 -0.1327433582  1.0000000000
 6.3856017157 10.7196578772  6.7644585318  4.0657692996  9.5779557711  9.0353927457  0.1546646726  0.1672468103  1.0000000000 -0.1297775964 -0.0629617554  1.0000000000
5.4900734749 7.8496343535 8.1892226977 6.3041826380 9.6615240820 7.2453613549  0.0094351561 -0.1965135274  1.0000000000  0.1484368964  0.0553222839  1.0000000000
 3.3118454606 10.1940499486  7.8147147551  3.6953616616  7.3070985511  8.5249441785 -0.2133385702  0.0622307452  1.0000000000 -0.2452809870 -0.3144856065  1.0000000000
 6.3491145542 10.8612565727  9.5780812204  4.4911790768  9.0470996795  6.5961469956  0.1268395038 -0.0102885123  1.0000000000 -0.1343509716  0.1079774762  1.0000000000
4.5130925221 8.9826784067 5.9482419601 5.1446906492 8.6563576495 6.9463810341 -0.1127689374  0.1289907105  1.0000000000 -0.0337217925  0.0517040106  1.0000000000
 4.5316052939 10.1670734761  5.9866415519  5.9044788109  8.8664033368  6.2862901775 -0.0745309502  0.2184805089  1.0000000000  0.1065660531  0.1333584627  1.0000000000
 6.3188470953 10.1060247015  6.2701690968  4.7499766225  9.5394947507  9.5427004810  0.1494852521  0.1658651160  1.0000000000 -0.0293290117 -0.1055340375  1.0000000000
 3.2780521758 10.4390863942  7.1474145878  3.4591765147  8.2882639441  9.4177857722 -0.2104775956  0.1283354952  1.0000000000 -0.1965291395 -0.2465861755  1.0000000000
 4.8626847674 11.3732580713  6.8805174595  3.6748008219  8.3058138697  8.6543855199 -0.0176500329  0.2577243961  1.0000000000 -0.2069078661 -0.1643001051  1.0000000000
 6.5255288523  9.4861378982  9.4302437029  4.4063566534 10.5125307798  9.8312441213  0.1632723254 -0.1354615186  1.0000000000 -0.0320036107 -0.0575055374  1.0000000000
 4.2971469368  9.6434680521  7.5510602463  6.7371841119 10.9197256464  8.3812187000 -0.1550341079  0.0509838796  1.0000000000  0.1530892260  0.0598277852  1.0000000000
 6.2254170163 10.5679974539  6.6269648641  7.1724700110  9.3371429842  6.6282912938 0.1308154573 0.2003504905 1.0000000000 0.3180305689 0.0987482889 1.0000000000
 6.3973118264  8.9583554685  9.0224317495  6.3611592622 10.6006736328  7.5415667091  0.1166296357 -0.1484997941  1.0000000000  0.1393665013  0.1281813324  1.0000000000
6.4320044982 9.5565481293 8.7072067848 7.1386966495 9.2306773518 5.9497142185  0.1741155342 -0.0862544968  1.0000000000  0.3260903893  0.1711487065  1.0000000000
 3.9636370380  8.2944321413  6.9488573328  5.0450235493 10.6786825446  9.3142953966 -0.2172039007 -0.0336895593  1.0000000000  0.0038711015 -0.0207985413  1.0000000000
 3.4834602553  9.8603580448  6.1043225444  5.9555340668 10.1401639211  7.5458630169 -0.2038735858  0.2086993364  1.0000000000  0.0965924953  0.0990081142  1.0000000000
