630.6000000000
50
 10.7267182946 -12.0156572923 -13.0284584739 -0.0610895108 -0.0417689336  1.0000000000
 10.1406542815 -11.7430734400 -14.4022038614 -0.0424066665  0.0870145595  1.0000000000
 10.9045715089 -11.7566894176 -10.4213027312 -0.1105209280 -0.1857796394  1.0000000000
  9.1473732192 -13.7926174852 -11.4616669411  0.2626719777 -0.1543598027  1.0000000000
  9.7340230821 -14.1859170350 -12.7280339418  0.1970865907 -0.1105878395  1.0000000000
 10.8450570126 -13.2614357565 -13.1066365528  0.0087637133 -0.1275497531  1.0000000000
 10.2439945017 -12.5777909081 -10.4100486312  0.1075582828 -0.2394969237  1.0000000000
 11.7351653616 -12.3066605808 -11.3763727376 -0.1174474814 -0.2427301512  1.0000000000
  8.4779736969 -12.5643555696 -13.6870465988 0.1462720635 0.1151967855 1.0000000000
  8.2547088545 -10.6352173013 -11.9216506558 0.1636870157 0.2441744507 1.0000000000
 11.1023986714 -12.5125925778 -12.5746760811 -0.0984200889 -0.0995009151  1.0000000000
 11.0620637046 -10.3978500147 -12.3753205984 -0.1685175284  0.0611438276  1.0000000000
 10.3656246953  -9.6257069162 -13.6708768433 -0.1769124225  0.2065070526  1.0000000000
 10.1519130260 -10.3166334854 -14.2196394905 -0.1437382483  0.1821181107  1.0000000000
  8.8967222077 -12.2184055821 -14.2205623412 0.0804110203 0.1025050305 1.0000000000
 10.1609708418 -11.9525345207 -10.6412427463  0.0691874013 -0.1471134851  1.0000000000
  9.1756511959 -10.1826280497 -12.2606191524 -0.0008338682  0.2347100501  1.0000000000
 10.3633190163 -12.8273484870 -11.0701565296  0.0947798236 -0.1908303591  1.0000000000
 10.1957341003  -8.7254562251 -11.9846862128 -0.3027261213  0.3211588200  1.0000000000
  8.1208657945 -11.3964994442 -10.5560010879 0.3044232430 0.0807738345 1.0000000000
 12.1923028497 -11.9533376312 -10.8542250045 -0.1672302634 -0.2765550543  1.0000000000
 10.1249124141 -14.3949553083 -12.6226533584  0.1126350613 -0.1798196366  1.0000000000
 11.9479994338 -12.8940546146 -13.0200835072 -0.1451574778 -0.1641205613  1.0000000000
  9.6786597477 -13.6809870486 -12.6849089988  0.1235758920 -0.0328468337  1.0000000000
  8.7363838668 -10.9300303754 -13.2798765818 0.0338369663 0.2189345435 1.0000000000
 10.0923984511 -12.5862361973 -13.5137933883  0.0262282101 -0.0139805581  1.0000000000
  8.5413688303 -11.6160245773 -13.7622683951 0.0840003562 0.2075815090 1.0000000000
  8.5653138263 -13.6365898147 -13.3834496201  0.2325941403 -0.0288682783  1.0000000000
 10.5604582318 -12.1008961062 -13.7775632435 -0.0347418305  0.0226747425  1.0000000000
 10.3440728549 -12.0680528685 -12.2895852113 -0.0016757479 -0.0237627904  1.0000000000
  9.9901274288 -11.7897960252 -12.5047652441 0.0436056002 0.0505817739 1.0000000000
  9.5892914731 -13.0691861353 -12.2333139408  0.1495388696 -0.1113146794  1.0000000000
  9.5574020896 -12.4004192707 -13.0686549393 0.0785219345 0.0235687421 1.0000000000
 10.1629820152 -11.3275881157 -10.2138430911  0.0058932515 -0.0814688923  1.0000000000
  9.9565436443 -10.9698476241 -14.6751767254 -0.0508905292  0.1947738129  1.0000000000
  8.9081049302 -12.7251032582 -11.6090302943  0.2038037135 -0.0430400115  1.0000000000
 10.0111583553 -13.1381407662 -10.8178152472  0.1391289649 -0.2277876947  1.0000000000
 11.0395849553 -13.5810611616 -12.7516564756  0.0109022382 -0.1736145688  1.0000000000
 10.2964155806 -11.5863271509 -11.7319155047 -0.0354982719 -0.0160050243  1.0000000000
  9.8119030073 -10.8152720758 -14.0211657809 -0.1030427204  0.1559076790  1.0000000000
  9.0387720040 -12.6836096635 -11.0644859486  0.1800428525 -0.0463170286  1.0000000000
 11.2278567136 -12.9872824783 -12.1323269837 -0.0238785335 -0.2139843407  1.0000000000
 10.7827795139  -9.6088761395 -11.8463110250 -0.3110246033  0.1496692504  1.0000000000
  9.7989809795 -13.3436366116 -11.6339064685  0.1376890172 -0.1800636231  1.0000000000
  9.1337780419 -12.4387853781 -11.7678964848  0.1321818932 -0.0171908106  1.0000000000
  9.8439298653 -13.4617324399 -13.0873588808  0.0760835022 -0.1024592755  1.0000000000
 12.3655901154 -13.1161349474 -13.4247561757 -0.1410734771 -0.1720026142  1.0000000000
  9.6969791871 -10.8536105487 -10.8345527962 -0.0360240861  0.0401193635  1.0000000000
  9.4610125151 -10.1238060192 -13.2086631049 -0.0629124050  0.2622208006  1.0000000000
  9.8251332956 -12.6916074915 -11.3565140568  0.1094900302 -0.1253869050  1.0000000000
50
  9.9659786059 -13.3767675236 -11.2783824699   8.8392616959 -13.0250723394 -12.9906747893  0.1596721611 -0.1545026339  1.0000000000  0.1852251791  0.0548945751  1.0000000000
  9.4860838472 -11.6723734451 -11.9731822732   9.4887030411 -13.0955908806 -12.1114902084  0.0055615158  0.0348353772  1.0000000000  0.1292961774 -0.0596559474  1.0000000000
 11.5353356220 -11.6850453499 -10.4203606094   9.0575129390 -11.2197169390 -12.9661582202 -0.1470196172 -0.2362477460  1.0000000000  0.0312058355  0.1639152861  1.0000000000
  8.4960005048 -10.7152110821 -12.6919132327  11.1423465404 -11.1413879250 -12.0201129107  0.0377883085  0.2361686151  1.0000000000 -0.1213933500 -0.0984407285  1.0000000000
 10.5489560920 -10.3351153111 -12.8276297434  10.6453998226 -12.7456436250 -13.8987638066 -0.1832266425  0.1063249820  1.0000000000 -0.0318027955 -0.0436264989  1.0000000000
  8.8838778681 -10.6780456514 -12.4526609572  10.8126292180  -9.8360373302 -11.5046371384  0.0436280492  0.2097318360  1.0000000000 -0.2346901213  0.0726731688  1.0000000000
 10.7673976829 -14.2853436317 -13.1366460322   8.1048115721 -12.6271556096 -12.4359709967  0.0902343627 -0.1807999845  1.0000000000  0.2597876554  0.0436462816  1.0000000000
 10.6006424960  -9.8399033243 -12.4803618327   9.0977742991 -13.3038242201 -12.0066232272 -0.2166390729  0.1372173149  1.0000000000  0.1718945685 -0.0906319237  1.0000000000
  8.0404205098 -11.2102513133 -11.2132373555  11.5615395985 -12.6409903783 -12.7800806978  0.2113235793  0.1828651114  1.0000000000 -0.0995468427 -0.1343325352  1.0000000000
  8.1554881159 -13.2680417977 -13.6873645986   9.6422951372 -10.4444709762 -11.0237867635  0.2274119381  0.0651138797  1.0000000000 -0.0292084088  0.0866240414  1.0000000000
 11.6592487576 -12.6093936085 -11.5257605666   9.0402580583 -12.8515526189  -9.6834797702 -0.0886987022 -0.2444595153  1.0000000000  0.2549540735 -0.1957534921  1.0000000000
  8.9174410735 -13.1082220145  -9.9020648161   9.0212925806 -11.8571284064 -13.4011044804  0.3093037833 -0.1711021972  1.0000000000  0.0585218813  0.0892724970  1.0000000000
 11.2314887989 -13.1093878575 -12.3489231000   8.8042888264 -12.3868430810 -13.3755433116 -0.0206429428 -0.1856467221  1.0000000000  0.1275537497  0.0705317634  1.0000000000
  9.1422923197 -11.2714722451 -13.3804102048   9.0318971454 -12.0718023044 -12.2673266485 0.0349764630 0.1412792700 1.0000000000 0.1160195703 0.0133226358 1.0000000000
 10.4091765747 -11.9869519938 -13.3080713367  11.3685781868 -11.0216648245 -13.6563519662 -0.0242714168 -0.0038565131  1.0000000000 -0.1943893472  0.0319307414  1.0000000000
 12.1606077561 -11.5190487262 -10.6661493226  11.6733725462 -12.3981546979 -11.6129335245 -0.2180562087 -0.2570008909  1.0000000000 -0.1027952977 -0.1883898393  1.0000000000
 10.8553817677 -12.4282708658 -11.4202749966   9.9489126140  -9.8171473007 -12.8001195225 -0.0308933027 -0.1583789352  1.0000000000 -0.1605143801  0.1999266328  1.0000000000
 10.1216945588 -10.2251253062 -10.9349290369   8.6048850703 -13.1384671874 -11.5434645453 -0.1014910041  0.0763119337  1.0000000000  0.2771786122 -0.0614691864  1.0000000000
  9.7915514144 -13.2621721846 -10.2234671565  10.1885911507 -11.8900154917 -13.2544700981  0.2167414928 -0.2703530302  1.0000000000 -0.0490362136  0.0306136512  1.0000000000
  8.9100599185 -13.2028149392 -11.4813270241  10.9684244940 -13.5963829784 -12.7166621723  0.2281995072 -0.0707735507  1.0000000000  0.0624364691 -0.1876098089  1.0000000000
 10.3506433743 -13.3010988400 -13.1055408889   9.0118629843 -12.3077319522 -14.1286072430  0.0387292424 -0.0767113184  1.0000000000  0.0591925169  0.0997021736  1.0000000000
  9.4437389781 -13.0170700687 -10.3614700963   9.0207224837 -12.4793931367 -12.6486435289  0.1776303733 -0.1953749482  1.0000000000  0.1626942839  0.0366742376  1.0000000000
 10.2719477981 -11.8434197090 -13.6482137735   9.9357018267 -12.9953898614  -9.9236075376 -0.0563663617  0.0303333823  1.0000000000  0.1824227409 -0.2881137877  1.0000000000
  9.2581943405 -12.5224777990 -10.1772229458   9.3511144087 -10.9476586146 -14.6502804640  0.2116167767 -0.1114373404  1.0000000000 -0.0352627945  0.2286566416  1.0000000000
  9.2667002055 -12.1670986002 -11.4000577935   9.3088753171 -12.7321895388 -10.8096944284  0.1536889873 -0.0146616915  1.0000000000  0.2038940396 -0.1147152015  1.0000000000
 12.1912034396 -12.4001261892 -12.9309602431   9.6881851918 -13.5239712440 -10.8372300945 -0.2144704090 -0.1460587390  1.0000000000  0.2241594744 -0.1997325338  1.0000000000
 11.7562029450 -10.4981074956 -10.5943527464   8.8709811974 -11.5271880338 -14.2946385170 -0.2848194013 -0.1367892970  1.0000000000  0.0443681286  0.1922757566  1.0000000000
 10.4497383625 -10.6877832395 -13.4111378810   9.7124677451  -9.3651774159 -11.3449433546 -0.0962751275  0.1147488549  1.0000000000 -0.1345081403  0.3029629573  1.0000000000
  9.0157372544 -11.0431914177 -14.0471250959   9.1300761997 -10.9532592835 -13.2834452087  0.0081631912  0.2039940797  1.0000000000 -0.0268518350  0.1740505411  1.0000000000
  9.4133539952 -14.5230945733 -13.1980699431  10.9801511197 -11.6702372850 -13.1522143194  0.1836632339 -0.1237522619  1.0000000000 -0.1281958184  0.0176252189  1.0000000000
 10.9064690875 -12.2832236244 -12.0233712681   9.7940337922 -11.6391317932 -12.9272340247 -0.0634644206 -0.1158612945  1.0000000000  0.0190256642  0.0778264340  1.0000000000
  8.6801690044 -11.9235197584 -12.2584882373   9.1764498366 -12.1000350134 -12.1761724144 0.1671569516 0.0813125224 1.0000000000 0.1573922164 0.0213253812 1.0000000000
 10.5957401260 -11.7732281259 -10.2621582014  11.0706314867 -11.7467885105 -11.0389946381  0.0185778246 -0.2094108875  1.0000000000 -0.0984197368 -0.1725369247  1.0000000000
 11.7962670256 -12.6876531368 -11.5305856412  11.0053162912 -11.6160236654 -14.4099422756 -0.0880865091 -0.2023097024  1.0000000000 -0.1243044955  0.0540508998  1.0000000000
 10.0843863477 -11.2024120101 -12.4549626303   9.1807409844 -12.9692637348 -11.4332809755 -0.0303465568  0.0621202807  1.0000000000  0.1794173172 -0.1296182687  1.0000000000
 10.4492191188 -10.2278038131 -13.6622469012   8.9858664106 -11.5774944761 -10.3734547925 -0.1721378151  0.1630555243  1.0000000000  0.1644003089 -0.0074091536  1.0000000000
  9.1772881300 -10.3504841814 -13.0899740335   8.4389323523 -12.6032729042 -10.9980154635 -0.0615387129  0.2590848054  1.0000000000  0.2805873544 -0.0264268216  1.0000000000
 11.1662638460 -11.8396702824 -14.1406847525   9.5805469594 -10.6398582746 -12.4554858292 -0.0785236353 -0.0017221002  1.0000000000 -0.0226489426  0.1239455890  1.0000000000
 10.8770799378 -12.6215250242 -12.6877840627  12.2741647324 -12.2809238127 -13.9168025729 -0.0313099319 -0.1415181326  1.0000000000 -0.1743612884 -0.1151966766  1.0000000000
  8.7795496385 -10.8277960065 -11.3283429631   9.2346064907 -13.8288856481 -11.4334404614  0.0599493661  0.1457135907  1.0000000000  0.2810218893 -0.1539277759  1.0000000000
  8.1122324851 -11.4285566068 -12.1070263296   9.7636680154 -10.3759394871 -12.8985762765  0.1548376383  0.1917994973  1.0000000000 -0.0868702088  0.1727900156  1.0000000000
 10.9259742869 -11.2050616511 -11.1378529189   9.0511760880 -12.2152475468 -12.7176094033 -0.1290065552 -0.1198814113  1.0000000000  0.1120395457  0.0558651058  1.0000000000
 10.6608841534 -11.1963146644 -12.8532867306  10.5084165669  -9.8892898420 -14.2974117955 -0.1231980947  0.0791885130  1.0000000000 -0.2034482971  0.2459029640  1.0000000000
  9.9852675085 -10.2241009145 -11.4658996763   9.3443780996 -11.5635699227 -12.6921827165 -0.1100026111  0.0948042998  1.0000000000  0.0460282777  0.0767234863  1.0000000000
  9.8250720564 -10.6051719369 -13.1926017623  10.2046545959 -11.6594047991 -10.9469788810 -0.0695098260  0.1402555263  1.0000000000  0.0095796857 -0.0906853634  1.0000000000
  9.9043949721 -10.1545352680 -11.5570723017  11.9907992298 -12.7227913873 -13.6647687559 -0.0988045001  0.1182640421  1.0000000000 -0.1409862580 -0.1226481490  1.0000000000
 10.0296809140 -11.6675059177 -11.3055277165  12.2758806624 -12.3118440601 -11.8488148570  0.0180742238 -0.0332657038  1.0000000000 -0.1746635299 -0.2061278187  1.0000000000
  8.9323317701 -11.4632292793 -11.4278845302   9.6884354709 -12.5102811446 -11.8683286319  0.1312377976  0.0945304866  1.0000000000  0.0806652196 -0.0481281635  1.0000000000
 10.3486240490 -11.4324971315 -12.4124547272  12.5541262765 -12.4891876380 -12.9201443163 -0.0623878732  0.0086427961  1.0000000000 -0.2081741149 -0.1931086023  1.0000000000
  8.3367419037 -12.0037647827 -11.7584216167  10.1008252039 -10.5350985343 -13.6443702026  0.2056487238  0.0694865228  1.0000000000 -0.1212232006  0.1606338569  1.0000000000
