831.3000000000
50
-4.7821930980  4.5316731704  5.0146655402  0.0539583403 -0.1831236109  1.0000000000
-3.5951918303  3.2816943984  5.3191699822 -0.0101471139 -0.0032584633  1.0000000000
-1.9911768034  1.8377637233  4.5895441978 -0.1081166095  0.1906806191  1.0000000000
-2.6826253721  1.1095776564  4.9507655042 -0.0308768737  0.2258198132  1.0000000000
-4.5132549449  4.9074309433  4.9494349774 -0.0174264873 -0.2085815179  1.0000000000
-4.1464918732  0.2773959874  6.5064826118 0.2393500993 0.2735180854 1.0000000000
-4.7301433831  2.6711179127  5.6670371437  0.1110345692 -0.0332237136  1.0000000000
-4.4186153556  0.9633092867  3.8770093706 -0.1426628905  0.0937298913  1.0000000000
-4.4779143260  3.2903264343  4.8417369068 -0.0062053473 -0.1220613588  1.0000000000
-5.4537765670  0.7297704809  6.0139006208 0.2353624182 0.0422661425 1.0000000000
-5.7638745768  2.2090543084  3.2318596970 -0.1740760822 -0.2341399590  1.0000000000
-4.1362187242  2.1856004643  7.0755127023 0.2589051692 0.0757773056 1.0000000000
-3.1735576325  1.5483247735  6.2228121481 0.0987317195 0.1848558614 1.0000000000
-4.4997847288  3.1966776132  4.3043775864 -0.0366584736 -0.1329084942  1.0000000000
-3.5799059202  1.9297795217  6.4141437223 0.1495438651 0.1573701367 1.0000000000
-3.8603580477  2.1231654888  5.7556864537 0.0990806886 0.0327610793 1.0000000000
-3.9285938189  4.0876491100  6.4635194185  0.1386841467 -0.0610484810  1.0000000000
-3.2593721524  2.3518275706  4.3249595051 -0.0673094552  0.0619795927  1.0000000000
-4.1056754126  4.5965990758  4.4135684383 -0.0674845778 -0.1074853341  1.0000000000
-6.1819838640  3.6719095785  6.0016312718  0.2357017321 -0.2541800368  1.0000000000
-5.1585897324  3.5270033411  6.4006272984  0.1771731078 -0.1084586160  1.0000000000
-6.0536686930  2.5568598937  6.2812444567  0.2588982839 -0.1325102787  1.0000000000
-3.6143636790  0.4619603709  5.1573309850 0.0498967014 0.2298969457 1.0000000000
-4.1016979191  3.0635853773  3.0448109910 -0.1892326167 -0.1057551824  1.0000000000
-5.9392530204  2.8524956635  4.5166870480  0.0698785838 -0.2354000146  1.0000000000
-1.8267555850  3.1839883711  4.0919696920 -0.1975655938  0.0871196409  1.0000000000
-4.5934305583  1.6801018285  5.1094114632 0.0730551480 0.0588318793 1.0000000000
-2.1259461517  2.9312699637  5.6450467111 0.0064513739 0.1479738538 1.0000000000
-5.4893386521  2.1165372638  2.3862298643 -0.3052236206 -0.2163156418  1.0000000000
-6.9297074108  2.2356348329  5.4295438951  0.2128268356 -0.2775097376  1.0000000000
-3.0065728534  0.6496607106  4.4573043212 -0.1135244730  0.2179185331  1.0000000000
-3.3972873272  1.3045734729  6.9181506439 0.2601646366 0.1953070940 1.0000000000
-3.9414052706  2.5126205546  3.6909791132 -0.1676029114 -0.0003685311  1.0000000000
-3.3643847783  3.2977014592  4.7036873862 -0.0463445240 -0.0109264980  1.0000000000
-5.0994164638  4.6998508420  6.0913079308  0.1303229249 -0.2389029756  1.0000000000
-4.4140792325  3.8629863068  3.0505363093 -0.2249434446 -0.2048671145  1.0000000000
-5.0607162338  0.8726488004  6.4885766057 0.2860295208 0.1235031439 1.0000000000
-3.5399660823  4.8783222903  4.0652569986 -0.1251771173 -0.1536728516  1.0000000000
-5.3863694396  2.3598364688  2.8462257049 -0.2511205074 -0.2463037313  1.0000000000
-5.7036219006  2.9635717880  2.8824651742 -0.2055842813 -0.2750051333  1.0000000000
-4.9529253086  2.1057373724  3.2474069594 -0.1345680227 -0.0916439145  1.0000000000
-5.7409428422  2.1476468818  4.0738275675 -0.0081741315 -0.1808625806  1.0000000000
-4.7935805033  2.9772081554  6.5258861668  0.2221504659 -0.0886917164  1.0000000000
-4.1995978501  0.6073822523  4.1692759874 -0.1027632912  0.1330041624  1.0000000000
-4.2653615478  1.2309176719  2.9883092930 -0.2606058674  0.0184959640  1.0000000000
-4.9597341327  1.2919753830  6.2065630672 0.2200312251 0.0876091909 1.0000000000
-2.8412682431  3.5821518215  5.2309335813 -0.0506554963  0.0493301842  1.0000000000
-4.4445216472  0.4996828767  5.0260447864 0.0538983167 0.1363671639 1.0000000000
-3.6546477612  0.7524501386  5.1261017282 0.0006693221 0.2496638399 1.0000000000
-6.2555865938  3.0575745720  4.7873585948  0.1216613919 -0.2801926069  1.0000000000
50
-4.3052322414  4.3597058901  5.2802506486 -2.9826920445  3.6973669428  6.6609215860  0.0459629757 -0.0975505574  1.0000000000  0.0871836284  0.0714641320  1.0000000000
-4.5640745652  1.3386923616  3.3856583374 -3.2853267786  2.0352189660  7.0937140238 -0.1686412708  0.0109369979  1.0000000000  0.2154360797  0.1410078140  1.0000000000
-2.3991612097  2.1301296916  5.5811137956 -2.0464528409  2.8000122674  4.1286336739 -0.0094293718  0.2046622149  1.0000000000 -0.1551028243  0.1470695795  1.0000000000
-3.9810492384  4.7931087063  5.9379353805 -2.3432908841  3.0391356016  5.5010204396  0.1112642256 -0.1448992455  1.0000000000 -0.0107479519  0.0894155312  1.0000000000
-3.4647507129  4.5065693106  4.6485097413 -3.5546455448  0.5201659713  4.5043683640 -0.0639977710 -0.0970906426  1.0000000000 -0.0657790803  0.2635752567  1.0000000000
-3.7379158117  1.7080385394  5.2695307839 -1.8940056810  3.5191891454  4.3644735567  0.0385097669  0.1280519927  1.0000000000 -0.1447897442  0.0490619352  1.0000000000
-2.8988597538  2.5333723535  6.1676278963 -3.2832855556  3.9972678379  5.4643537380  0.1018085236  0.1188463456  1.0000000000 -0.0032144560 -0.0365664440  1.0000000000
-4.1886225057  4.5583043272  4.7617646203 -2.8377952601  0.9911224547  4.1394892068 -0.0118609188 -0.1528123984  1.0000000000 -0.1637986120  0.2597801145  1.0000000000
-2.8784689834  1.3235590485  5.0275913425 -3.6652876422  0.7262188012  3.7026780960 -0.0987340435  0.2064708972  1.0000000000 -0.1811430024  0.1868567128  1.0000000000
-3.1302699204  2.2417277702  5.1304693388 -1.7211542135  2.8710975118  5.2553526166  0.0062584958  0.1219065447  1.0000000000 -0.0408527168  0.1746741248  1.0000000000
-4.6034291610  2.5453480939  2.9757809492 -4.3691627515  4.1436436695  6.1187767023 -0.2456529679 -0.1179594591  1.0000000000  0.1353481917 -0.1201635226  1.0000000000
-1.5832616028  2.6796686340  6.1652343941 -3.2317152737  1.8255942416  7.3789417768 0.0374060904 0.2122156418 1.0000000000 0.2512944249 0.1737482138 1.0000000000
-3.6655126619  0.9498873447  3.5111334567 -4.4570213069  4.0077177132  3.0650988795 -0.2053723734  0.1336998641  1.0000000000 -0.2005817906 -0.1850181230  1.0000000000
-3.9605888377  3.2992797648  7.1460038503 -4.7396063419  1.2257955403  5.9114652037 0.2219615364 0.0130912577 1.0000000000 0.2156300715 0.0694821337 1.0000000000
-5.1324004782  2.8880093002  4.6976573758 -4.1090842037  4.4535077012  4.6713514135  0.0468083843 -0.1814870603  1.0000000000 -0.0802891522 -0.1739814830  1.0000000000
-5.2758007261  1.7002077218  5.3574333849 -5.9813015502  2.3280005337  6.2162839530  0.1672655323 -0.0203860585  1.0000000000  0.2894905521 -0.1252195241  1.0000000000
-6.6334419977  1.7048229948  5.9392400997 -3.3497772555  1.7154863708  6.7796244919  0.3039012209 -0.1523166340  1.0000000000  0.1703772291  0.1641787107  1.0000000000
-5.4555073192  3.9318070713  5.0486706010 -3.5778720604  2.7701466093  6.0413049848  0.0488813703 -0.1786062344  1.0000000000  0.0715656382  0.0108956242  1.0000000000
-3.3854595381  3.5829834269  4.1327962984 -3.7582369644  2.8837413002  6.7580475030 -0.1168571486 -0.0039858723  1.0000000000  0.1756975517  0.0463747995  1.0000000000
-2.1554278117  1.3641180443  4.0401733205 -4.0653720627  0.3229591969  3.9992894366 -0.1814088383  0.2913584420  1.0000000000 -0.1212261553  0.2075093089  1.0000000000
-3.2146645470  0.9986068366  6.2575262107 -5.1279929781  2.1857449644  2.4896635249  0.1156296057  0.2198856450  1.0000000000 -0.2900485182 -0.1665150919  1.0000000000
-5.5620743463  1.9676893301  3.3361603795 -1.4954943326  3.3741860367  4.3657568205 -0.1361997837 -0.1574782335  1.0000000000 -0.1288828856  0.1544208481  1.0000000000
-3.1791110683  4.1291652555  3.9187448164 -5.9011956969  3.6991723151  5.5330697678 -0.1252416915 -0.0449036564  1.0000000000  0.1656833172 -0.2495585341  1.0000000000
-3.7076994212  0.9496942402  3.6869650125 -4.8260824601  2.2564533927  5.9334794004 -0.1986728311  0.1341640572  1.0000000000  0.1717701383  0.0085061736  1.0000000000
-3.6759564150  0.5821552386  6.2225516112 -3.1019497886  0.9427960761  5.6479358100 0.1660577998 0.2967502812 1.0000000000 0.0880320688 0.2612645849 1.0000000000
-4.0857433895  3.3458640413  5.3367858938 -4.7481530162  2.2290794940  6.0119480581  0.0757850192 -0.0692993151  1.0000000000  0.1763790695 -0.0156413050  1.0000000000
-3.5380673433  2.2324598522  3.1933111565 -4.0623372454  2.8279499769  6.4177155246 -0.2118866999  0.0383312009  1.0000000000  0.1544469342  0.0081474717  1.0000000000
-3.2870792448  3.6657635226  3.9362948927 -1.6120872957  2.8819236152  4.5985361762 -0.1297353149 -0.0619704586  1.0000000000 -0.1089277470  0.1434165141  1.0000000000
-5.6264792838  4.2425477663  6.4037075523 -3.3743286940  3.8493191569  4.9619186363  0.2212414972 -0.2395323612  1.0000000000 -0.0314223728 -0.0292533939  1.0000000000
-3.1088697818  2.5143759269  4.8687062605 -5.4237602881  3.4500439281  3.9727422791 -0.0416399830  0.0848416507  1.0000000000 -0.0642900684 -0.2476816102  1.0000000000
-2.6561630754  3.3960626859  6.6591908672 -4.7402207523  3.7612945594  3.7531025282  0.0958974412  0.0850714314  1.0000000000 -0.1196433230 -0.1615596268  1.0000000000
-4.8491068635  2.0037834415  5.9635918392 -5.1860279784  3.1187924496  3.9434767318  0.1875854026  0.0296691880  1.0000000000 -0.0492208091 -0.1869356810  1.0000000000
-3.9996793216  0.5421230232  5.9693492781 -3.6968641216  1.3239651627  5.5533602413 0.1643733945 0.2258984318 1.0000000000 0.0655678698 0.1539749487 1.0000000000
-4.2444110529  2.7488469193  5.5462478699 -4.0352049339  3.0861903675  3.1403393934  0.1043856113 -0.0613669364  1.0000000000 -0.2108135704 -0.0954212975  1.0000000000
-2.1802326855  2.5779297811  6.6821334449 -5.4932640024  2.2968378485  5.6794204595  0.1019565272  0.2100558042  1.0000000000  0.1542003816 -0.0928256872  1.0000000000
-4.3038435896  3.5058522260  4.9659017163 -3.5049005900  1.3241016445  5.6417891742  0.0094373135 -0.1089703732  1.0000000000  0.0783601892  0.1944097384  1.0000000000
-4.1395172254  3.8995255256  3.4392443849 -3.7971158334  2.2981190935  4.1290272910 -0.1522908620 -0.1167823176  1.0000000000 -0.1260665755  0.0459446752  1.0000000000
-2.3060179905  2.8403941135  4.2902772097 -5.9051306971  3.6039805324  6.4343270376 -0.1396431171  0.1618604187  1.0000000000  0.2674669489 -0.2235237280  1.0000000000
-4.5791342956  1.0904540804  4.5583523065 -4.9669814448  4.3175410437  5.9038910677 -0.0518876617  0.0836917113  1.0000000000  0.1041423973 -0.1879739282  1.0000000000
-2.1952465854  2.1403035685  6.5601997579 -4.0158533344  3.3312409765  3.0879485169  0.0759583289  0.1933787107  1.0000000000 -0.2453155602 -0.1031625326  1.0000000000
-3.1403614742  0.9473239689  4.5987882470 -3.4773802829  4.0748086917  3.9553530205 -0.0493014480  0.2540369487  1.0000000000 -0.1449174637 -0.1067261789  1.0000000000
-2.8386174300  1.1972689956  4.8251725986 -4.9303308203  2.9593111734  6.4563265092 -0.0757867745  0.2403309764  1.0000000000  0.2828482392 -0.0553777242  1.0000000000
-4.5691816620  4.4253718663  5.5137908631 -2.8127371534  3.6035388424  6.4931961446  0.0226621683 -0.1416678798  1.0000000000  0.1388991319  0.0527297901  1.0000000000
-2.0236498304  3.3061927157  5.1773454977 -4.2173555936  2.2902626972  4.7793797379 -0.0161305487  0.1189412601  1.0000000000 -0.0401526003 -0.0078519435  1.0000000000
-5.3578704186  2.1073753196  4.3498639660 -2.5252827039  2.8021566830  6.5960532355 -0.0398465388 -0.1355219351  1.0000000000  0.1144325471  0.1495520076  1.0000000000
-4.3116559784  4.7392389844  5.6458412615 -4.0189699706  0.5850479976  6.8431161423  0.0671108388 -0.1829293207  1.0000000000  0.2415444784  0.2560662367  1.0000000000
-5.1741046602  2.6850819243  6.2458464486 -1.8904522281  2.4855444901  4.7524189182  0.2164354427 -0.0907028628  1.0000000000 -0.0685208095  0.1491369370  1.0000000000
-2.8676685687  2.6915707466  4.9903819104 -3.3135889481  1.7196482910  3.2678288338 -0.0370002687  0.0666570685  1.0000000000 -0.2467821198  0.0540730561  1.0000000000
-5.1493974211  0.8739444396  5.7889390736 -5.3176996339  3.5717370601  3.7511703126  0.1825491439  0.0231474373  1.0000000000 -0.0544546579 -0.2245212615  1.0000000000
-4.1341498256  4.4474743921  5.5417318591 -5.5657525846  3.1657316771  4.2480062555  0.0604604021 -0.1195390724  1.0000000000  0.0166079386 -0.2419975286  1.0000000000
