623.7000000000
50
-0.1574405301  1.1033064713 -4.3690986632 -0.2480774322  0.0005974331  1.0000000000
-1.6426377730 -0.3481498660 -5.2566228569 -0.1988689004 -0.1159867568  1.0000000000
-2.9340512069  1.9344042224 -2.7617527208  0.1942751149 -0.0806713038  1.0000000000
-2.0121325003  2.5378312287 -4.5112853670 0.0632043773 0.0702597266 1.0000000000
-0.8720362680  3.2892821697 -4.8807571825 -0.0346530273  0.2507908477  1.0000000000
-1.7181524551  2.6673704468 -5.2348812658 -0.0432234672  0.1622133141  1.0000000000
-3.1637492964  1.5115074936 -3.4195820603  0.1171375638 -0.1061408325  1.0000000000
-2.6087255932  1.2946443932 -5.6051206849 -0.0283517850  0.0011678945  1.0000000000
-1.5333770373  0.4949090574 -3.6075463588 -0.0752376213 -0.1305176467  1.0000000000
-1.7964530650  1.5055878353 -4.9691876910 -0.0633415251  0.0395014157  1.0000000000
-0.9165198928  2.1362417112 -3.3328007239 -0.0328357787  0.0301620787  1.0000000000
-2.0938780828  2.6866932894 -3.4347635826 0.1320567260 0.0561043851 1.0000000000
-2.2420856266  1.4306751154 -4.7484937821 -0.0209580152  0.0182795705  1.0000000000
-3.1095669608  0.6936218088 -2.4244280543  0.1319059632 -0.2973973700  1.0000000000
-1.2146522752  1.1006450099 -3.8845525112 -0.0797275920 -0.0438745870  1.0000000000
-1.4262537043  3.4372906959 -3.2035582673 0.1442607329 0.1991893023 1.0000000000
-1.3089229129  1.7190313088 -4.4136204871 -0.0783606169  0.0510935833  1.0000000000
-3.5392961293  3.7588535022 -5.5361107082 0.1676577744 0.1657030088 1.0000000000
-2.1534289375  1.5703755419 -2.2032365731  0.1801397543 -0.1601500157  1.0000000000
-1.1308480840  1.1205149624 -5.6468634362 -0.1758313376  0.0620814023  1.0000000000
-2.6721896630  0.6121602592 -2.2665828979  0.1042103134 -0.2741684497  1.0000000000
-3.6812575648  3.0015128221 -5.0377242195 0.1557208992 0.0658801262 1.0000000000
-1.1673683826 -0.0299572318 -3.7306313334 -0.1783284566 -0.2314645414  1.0000000000
-2.0894585638  3.8779621916 -3.7214439605 0.1817217894 0.2260659981 1.0000000000
-2.0319987105 -0.0349470511 -5.0967771130 -0.1431874042 -0.1721492661  1.0000000000
-1.6451451888  3.1421151474 -4.9662604181 -0.0018582460  0.2085212763  1.0000000000
-1.9256370865  1.3530771925 -2.2578078955  0.0957164715 -0.1681552029  1.0000000000
-0.3133949722 -0.2462787379 -2.9114150248 -0.2279245340 -0.2510698039  1.0000000000
 0.2439600876  1.9678477680 -4.9928576722 -0.2657609506  0.1905354323  1.0000000000
-1.4262380104  2.1711582353 -6.6713408687 -0.1743857165  0.1570745129  1.0000000000
-3.7915483886  2.4251969897 -4.9523256986 0.1209993887 0.0249473009 1.0000000000
-1.1243247817  0.5653151141 -5.2346723248 -0.2194867512 -0.0303373851  1.0000000000
-3.7764271952  2.7767206028 -4.2684973332 0.1822357844 0.0061201090 1.0000000000
-1.8367912237  0.8887112843 -4.9445568868 -0.1068318257 -0.0374929164  1.0000000000
-3.1079097939  2.0122135953 -5.1748836367 0.0802247519 0.0313985159 1.0000000000
-2.7440124347 -0.1943502353 -4.5862503196 -0.0639674881 -0.1875815127  1.0000000000
-4.0451649625  2.9955016488 -5.2900198197 0.1421595367 0.0839672833 1.0000000000
-2.0454194675  3.9920699385 -2.3050053700 0.3490487367 0.1904103581 1.0000000000
-1.2110574854  1.7230000024 -6.6524043629 -0.1662584277  0.1284260948  1.0000000000
-1.6301450784  2.8452555382 -5.9001572978 -0.0554021395  0.1909198744  1.0000000000
-0.5036337805  2.1501901412 -4.4787325827 -0.1432372121  0.1122429349  1.0000000000
-1.1125707630  1.8969622944 -6.0829697108 -0.1666382009  0.1113995465  1.0000000000
-1.9692752538  3.0378626290 -3.5008371150 0.1546537867 0.1068109718 1.0000000000
-1.8426365492  3.2059577342 -5.6573744557 0.0241530891 0.2171332594 1.0000000000
-0.2606627541  1.3604667649 -4.3302146365 -0.2179366707  0.0114439124  1.0000000000
-2.4318099701  4.1314929968 -3.4271761643 0.2744574564 0.2592621374 1.0000000000
-1.1456633551  3.3652045349 -2.8050864194 0.1357220050 0.2060598894 1.0000000000
-2.9945349134  2.8638121057 -5.3323511038 0.0811556353 0.1515106305 1.0000000000
-2.6054096423  3.2211570507 -4.6587549502 0.0975292851 0.1327730394 1.0000000000
-2.8669672181  0.7239901830 -3.6883460724  0.0213577405 -0.1629807203  1.0000000000
50
-1.1507333264  1.0698402681 -3.8094493914 -1.1271728656  0.8790492912 -5.3673470401 -0.1304258030 -0.0399151088  1.0000000000 -0.1886652823 -0.0186905212  1.0000000000
-2.9009229073  1.4429814771 -2.7037371391 -2.9609327656  2.7946841393 -4.4532609281  0.1685130875 -0.1834854420  1.0000000000  0.1550771709  0.0656434969  1.0000000000
-0.8644521248  2.4515574057 -4.5170112469 -1.2976496130  1.9241085425 -5.4663333449 -0.1121461345  0.1614838695  1.0000000000 -0.0904242231  0.0628329051  1.0000000000
-1.8414426104  0.2494918905 -6.4324579571 -4.6082850097  0.5834954278 -4.5538882563 -0.1964244978 -0.0391131482  1.0000000000  0.1152250459 -0.1749619619  1.0000000000
-2.7208569584  2.7793721626 -5.5002131888 -2.8270041031  1.8232881199 -3.3560215712  0.0596779423  0.0896702142  1.0000000000  0.1296561853 -0.0174615192  1.0000000000
 0.4442324429  1.9186391966 -3.6278164097 -2.1935175260  1.4277466540 -2.9988011466 -0.2324795549  0.0914632533  1.0000000000  0.0928376136 -0.1221735797  1.0000000000
-2.5569646589  2.9939165526 -3.3742471236 -1.5307446214  1.2672696923 -2.7870088172  0.1867326252  0.0929816849  1.0000000000  0.0344342953 -0.1166722387  1.0000000000
-2.2221205996  1.6660297671 -6.1629089955 -3.1584956161  2.1572333519 -2.0850122720 -0.1233936971  0.0663348596  1.0000000000  0.3046691712 -0.1509807382  1.0000000000
-2.0231541187  0.7318802636 -3.8548471303 -2.2477272154  0.8527900146 -3.7182728384 -0.0142885355 -0.1162866350  1.0000000000 -0.0101310011 -0.1430759200  1.0000000000
-1.3137442543 -0.0469468404 -3.1264387598 -3.2100465919  1.9082359334 -4.9739999534 -0.0466450591 -0.2355679173  1.0000000000  0.0461364544 -0.0014786818  1.0000000000
-1.6346010769  1.4324727312 -4.7912623474 -2.4172545083  2.9694565802 -5.0848285939 -0.1119185373  0.0145107953  1.0000000000  0.0758607991  0.1487730269  1.0000000000
-1.2626951431  0.3074375219 -3.5940243740 -1.5147581985  1.5250036181 -2.7632910882 -0.1397614591 -0.1608369540  1.0000000000  0.0153736046 -0.1086671695  1.0000000000
-1.8369325773  0.2902051538 -4.8790364874 -3.0347373885  1.5246786864 -5.5828455515 -0.1403674120 -0.1113357147  1.0000000000 -0.0013079181 -0.0012492650  1.0000000000
-3.1385911518  3.5990263597 -5.8280761313 -3.0827073788  2.5406587560 -2.6547444819  0.1403605374  0.1818896119  1.0000000000  0.2220914308 -0.0115204623  1.0000000000
-1.1820482183  1.2707263257 -6.3107128811 -1.1292796548  2.0509981913 -2.7427599905 -0.1901646850  0.0978301004  1.0000000000  0.0867635464  0.0041436346  1.0000000000
-1.8020077495 -0.7272122519 -4.9614662981 -1.6160695976  3.6142687508 -2.3051561138 -0.1617400251 -0.2140775122  1.0000000000  0.2811986630  0.1459924214  1.0000000000
-1.5872261785 -0.6718703799 -4.6663179470 -3.0038093708  0.3823110281 -4.9928290211 -0.1972716064 -0.1916721293  1.0000000000 -0.0445866007 -0.0936089840  1.0000000000
-1.8193599390  3.3869160201 -4.0524465990 -0.9231660057  2.0635984192 -5.4945126914  0.1284182177  0.1955713855  1.0000000000 -0.1545332663  0.1298052107  1.0000000000
 0.3394051232  2.0086056142 -3.7997927190 -3.5272016999  0.1480674160 -4.1943026298 -0.2492903413  0.1157927930  1.0000000000  0.0391180785 -0.2221427482  1.0000000000
-1.4313427696  2.2790409917 -5.9583005955 -2.8341294474  3.4548945127 -5.1945583021 -0.1299908239  0.1278833965  1.0000000000  0.1142073435  0.1600109772  1.0000000000
-2.2655885727  2.7606138595 -3.1420744349 -1.6460149853  2.2377549953 -3.7907041738  0.1978108753  0.0357606291  1.0000000000 -0.0424957379  0.0478439990  1.0000000000
-1.9992578239  1.0500087796 -2.6392378969 -2.9160567529  0.8835990264 -2.1844306691  0.0996342135 -0.1515684598  1.0000000000  0.1668646512 -0.2414017896  1.0000000000
-2.9609314075  1.6981026908 -4.3357992523 -0.7744435292  3.4251468865 -4.6094574884  0.0845107299 -0.0349909202  1.0000000000 -0.0484265399  0.2568471727  1.0000000000
-1.5399247339 -0.5079386124 -4.2227484126 -0.9525197036  2.1517860588 -5.8044315080 -0.1527961128 -0.1953483386  1.0000000000 -0.1457221527  0.1448604973  1.0000000000
-2.6694577888  3.1004974185 -2.4358072793 -3.2417016492  1.9399189492 -2.9883411444  0.2628038987  0.0219677689  1.0000000000  0.1876361527 -0.0696877139  1.0000000000
-1.0081537598  2.2901627813 -3.3577186840 -1.2575277426  2.2603395655 -7.1287602398  0.0022576039  0.0582895073  1.0000000000 -0.1457879220  0.1774878359  1.0000000000
-1.7032140419  0.1688775200 -4.0242340886 -0.4744027559  1.3784259848 -3.0444184924 -0.1155093835 -0.2115210215  1.0000000000 -0.1086884504 -0.0889410516  1.0000000000
-4.0295498875  0.6443476484 -4.1776817502 -2.7141063612  1.9843932047 -3.5536959283  0.1433611736 -0.1628133008  1.0000000000  0.1261017650 -0.0479161552  1.0000000000
-3.2169221091  3.5998792589 -5.5488645732 -3.4657528837  1.9488880187 -5.6832414333 0.1043916087 0.2195275301 1.0000000000 0.0441048317 0.0478478106 1.0000000000
 0.1243946558  2.2403174968 -4.1557753363 -1.4910873190  0.9355157361 -2.5950028208 -0.1817223784  0.1956498358  1.0000000000 -0.0152167149 -0.1883460896  1.0000000000
 0.1450840608  0.7934575359 -3.1951417728 -0.9301828389  0.2534843517 -4.6571785495 -0.2359859428 -0.1295119253  1.0000000000 -0.2394370785 -0.1224778297  1.0000000000
-0.9548421570  2.1518253397 -5.2619928236 -2.7583421495  3.0229011841 -5.3226761559 -0.1204045413  0.1316289994  1.0000000000  0.0953865710  0.1076490835  1.0000000000
-1.5544862638  3.0006364602 -2.6609967439 -2.3097756424 -0.3413306871 -5.1769971159  0.2091453235  0.1045866934  1.0000000000 -0.1108570105 -0.1807945312  1.0000000000
-0.2936182514  2.7086690022 -5.8013184353 -1.3998920343  3.9433213616 -3.9903498508 -0.2399466330  0.2661783065  1.0000000000  0.1025279519  0.2865235531  1.0000000000
-3.2707118944  0.2427384182 -4.9681554927 -1.6836625624  1.5340320031 -2.1291644278 -0.0213347183 -0.1722178180  1.0000000000  0.0977091398 -0.1682857512  1.0000000000
-0.9907381432  0.0522772575 -4.8543036575 -1.5052449004  2.2302268853 -5.3000796914 -0.2363287544 -0.0929975278  1.0000000000 -0.0486533430  0.1332169507  1.0000000000
-1.5672815448  0.1451227948 -5.1499966394 -4.7580192613  0.9060851777 -3.9197740152 -0.2137879159 -0.1239927445  1.0000000000  0.1754841405 -0.1807491186  1.0000000000
-2.7776757333  0.6981481662 -3.5840731587 -1.4586809906  3.8322470104 -3.7866941558  0.0939499436 -0.1558435803  1.0000000000  0.1272260482  0.2662210414  1.0000000000
-2.4780093540  2.0869993101 -3.5541600987 -2.3371613876  3.0292472071 -4.3146509711  0.1052163593 -0.0015688135  1.0000000000  0.0842358261  0.1090418186  1.0000000000
-2.1085736620  3.1004421142 -2.8041067303 -0.9885076383  1.6034729215 -5.6348805318  0.2148641244  0.0564187550  1.0000000000 -0.1679674978  0.0640747346  1.0000000000
-1.5559679141  0.7041185742 -3.2412648173 -0.0563266592  2.3412121724 -4.7260049274 -0.0487300143 -0.1782092789  1.0000000000 -0.1829473265  0.2071529539  1.0000000000
-2.0754755541  1.5787424383 -4.6736352178 -2.6489279264  1.2538261441 -4.6525941183 -0.0239674836 -0.0151895875  1.0000000000 -0.0144353822 -0.0417908500  1.0000000000
-2.2037233435  3.3974591880 -4.9225545122 -1.9704667616  0.9833919236 -2.4999601535  0.1175832623  0.1788958056  1.0000000000  0.0820299482 -0.1655543612  1.0000000000
-1.5297594931  1.0512293758 -6.3447608547 -3.6031066530  1.0638062407 -3.1680265413 -0.1362754542  0.0573520979  1.0000000000  0.1559110903 -0.1673049917  1.0000000000
-1.5627272632  1.1880713529 -3.1584944775  0.5546894518  2.8308959177 -4.2114600575 -0.0239842339 -0.1091507065  1.0000000000 -0.1992813903  0.2631948363  1.0000000000
-1.2737511656  0.6878078879 -3.0002189296 -1.3575695427  1.1371297570 -4.9793823708 -0.1009579967 -0.1672397358  1.0000000000 -0.1708674668 -0.0210194953  1.0000000000
-3.6657271936  0.6822738819 -3.8303838278  0.4334962497  2.1830422055 -4.2666740200  0.0933415562 -0.2019332120  1.0000000000 -0.2378354400  0.2179999539  1.0000000000
-3.8892480452  2.3669414311 -3.4530184256 -0.3522697337  1.5517124674 -4.1695944135  0.2361244503 -0.0111929035  1.0000000000 -0.1709877306  0.0488536651  1.0000000000
-3.6760424232  1.9534504954 -4.6651964280 -4.7349018951  0.6258965666 -3.9088548600  0.1239099558  0.0180155203  1.0000000000  0.1911428401 -0.2136648471  1.0000000000
-1.9625151943  0.2046793025 -5.0134275044 -0.3787876304  0.6287439785 -3.5398055282 -0.1102436596 -0.1421363468  1.0000000000 -0.1930152348 -0.1113985801  1.0000000000
