983.0000000000
50
-10.0649236034   5.9574894179  -1.9723983017 -0.0727059418 -0.1408918696  1.0000000000
-11.8262525672   8.1275194707  -0.5092556752 -0.1624615568  0.0056894990  1.0000000000
-10.6552866403   5.3100494923   0.3958547928 0.0450281542 0.1731268676 1.0000000000
-8.9864154267  5.5831576708 -2.1305345669 -0.0781034210 -0.2220610491  1.0000000000
-9.7709609371  5.5042292894 -0.4544488304 -0.0764783409  0.0276806520  1.0000000000
-11.2223804690   6.4425241126  -2.8426462848 -0.0203390363 -0.2625547235  1.0000000000
-12.5150214187   5.1636850573  -2.1223957765  0.1367434467 -0.1141422670  1.0000000000
-11.4386400255   8.5878558317  -2.5814478308 -0.1660003177 -0.1848332473  1.0000000000
-13.0785717491   5.5201968948  -1.0042123448  0.1393573699 -0.0085408086  1.0000000000
-10.0901694008   5.5127846389  -0.8956585874 -0.0149761033  0.0179419116  1.0000000000
-11.9085828510   4.0741040355   0.2344525139 0.2608579030 0.1657114021 1.0000000000
-9.1237851968  5.4529915423  1.0311717185 -0.1818636982  0.2605297014  1.0000000000
-11.5820620841   7.4191395548  -1.1513114544 -0.1019631410 -0.0060697395  1.0000000000
-12.8635858829   6.3697797939  -0.0894372725 0.0588494906 0.1228042912 1.0000000000
-11.1508657912   5.5602862299  -2.4574091879  0.1003178736 -0.2488716200  1.0000000000
-11.7779695735   4.7442174429  -0.8152477993 0.1592246911 0.0508727576 1.0000000000
-11.9266800873   6.4961752242  -1.2621025200 -0.0218822901 -0.0293279410  1.0000000000
-11.5510054729   7.3483024877  -1.1171479957 -0.1003585433 -0.0178417054  1.0000000000
-9.8117224076  6.6205079919 -1.7668181470 -0.1339195131 -0.1570723946  1.0000000000
-11.5006213235   7.6878350485  -0.1313207797 -0.1244038795  0.0704619251  1.0000000000
-11.4456789794   6.4997176515  -0.5697857082 -0.0448945891  0.0446061794  1.0000000000
-12.1807845069   4.6481001447   0.1705120873 0.1810101579 0.1294624288 1.0000000000
-9.7540200680  3.7226425801 -2.7775344586  0.1999840698 -0.3183391107  1.0000000000
-12.2823438660   5.5669923514  -0.6812227780 0.0380258134 0.0489479447 1.0000000000
-12.4061584963   6.1097309996  -2.2155541075  0.0823704039 -0.1309599779  1.0000000000
-9.8807960599  6.9501900103 -2.5926854728 -0.1492429313 -0.2379126993  1.0000000000
-12.6065423597   5.7717163441  -1.2216344815  0.1032538551 -0.0241907788  1.0000000000
-10.3159392701   5.2356231588  -0.0494601987 0.0339481971 0.1083152859 1.0000000000
-10.8140730089   6.2337083249   0.7750131701 -0.0825535926  0.1562763960  1.0000000000
-10.3692436963   4.2587774763   1.0717661291 0.0943709507 0.2876329339 1.0000000000
-11.6724181024   6.2434217534  -1.4462738708  0.0091762511 -0.0687960763  1.0000000000
-10.3493479079   7.0753817920  -1.8606571821 -0.1324139890 -0.1683619622  1.0000000000
-11.5585786807   5.1869711481  -2.8294245434  0.1027496974 -0.2452743216  1.0000000000
-10.5323270719   4.1021406508  -0.0400596947 0.1733308192 0.1489883577 1.0000000000
-10.5532556520   5.5539406987  -1.3643207556  0.0488049990 -0.0605157590  1.0000000000
-10.4048726949   5.9803219689  -0.6336545771 -0.0487694820  0.0002636130  1.0000000000
-12.6939994589   5.5671541345  -2.2212405003  0.1068999943 -0.1082507468  1.0000000000
-11.6007810177   5.2854764156  -0.1221223271 0.0494962717 0.0760067442 1.0000000000
-11.3562374928   4.4310157321  -3.0093774853  0.2280709097 -0.2431893428  1.0000000000
-10.6956964558   5.9317163088  -0.0848677859 -0.1035215221  0.0590275866  1.0000000000
-11.9617944948   6.4113108758  -2.2787259462  0.0559986237 -0.1435660900  1.0000000000
-8.7282381225  5.7512576309 -1.2291474787 -0.1808357685 -0.1095728547  1.0000000000
-9.8146311451  4.1193595416 -2.5322822033  0.1860850382 -0.2293275742  1.0000000000
-11.9198785620   6.7455804936   0.5200644280 -0.0467243929  0.1579375806  1.0000000000
-9.8048756775  5.1002378679 -1.3924810761  0.0216693255 -0.0945752446  1.0000000000
-12.5802540852   4.7232242553  -0.3467672920 0.1629107588 0.0788184344 1.0000000000
-12.0693683026   7.3753422701  -0.8592236431 -0.1091259082 -0.0406254916  1.0000000000
-10.6193850671   7.4510140522  -2.1300472135 -0.1646187740 -0.2016268170  1.0000000000
-11.7056635395   5.6388106452  -2.8640745211  0.0839911930 -0.1952103426  1.0000000000
-9.7168561422  6.7731413753 -0.9114622428 -0.2417118243  0.0117445636  1.0000000000
50
-11.4925170793   5.6208179898   0.8431294899 -11.0586287147   4.3839997944  -2.3527302781 -0.0134348455  0.2152106753  1.0000000000  0.2071961347 -0.1492320929  1.0000000000
-11.6765033256   3.7710268854   0.5933618887 -11.2301806851   4.6720810739  -1.9469304683  0.2154182796  0.2453160669  1.0000000000  0.1267255181 -0.0969163005  1.0000000000
 -9.5139192135   6.2879220478   0.5076705056 -11.3889828678   4.2156611194  -0.4286050074 -0.2093022498  0.1373771596  1.0000000000  0.2385447735  0.0996025069  1.0000000000
 -9.5073683876   5.2153871726   1.0366291280 -12.4942795169   6.9543687350  -2.7302649376 -0.0808228329  0.2452562253  1.0000000000  0.0051486584 -0.1285891669  1.0000000000
-11.7007745071   5.8389425247   0.0188544027 -11.4231187607   3.6637535116   0.3110562633 0.0138043494 0.1145944163 1.0000000000 0.2684880432 0.2003356813 1.0000000000
-12.2562927711   4.7251553144  -1.5103000984  -9.1584109149   6.4510504990   0.5413541683  0.2025187938 -0.0164517040  1.0000000000 -0.2191668494  0.1494937345  1.0000000000
-10.1186066288   3.1914954921  -2.5010222224 -12.1829749557   7.4160001632  -0.6318285658  0.3461311758 -0.2403376530  1.0000000000 -0.0859355124  0.0129040369  1.0000000000
-11.1517524853   7.6803162833   0.4082352462 -12.5952437863   5.9397801910  -2.5013828551 -0.1802823012  0.1197672318  1.0000000000  0.0883373837 -0.1253733010  1.0000000000
-11.9948666721   5.8397131361  -2.1442209678  -9.8770988491   4.3243957453  -2.0275636941  0.0652722287 -0.1701782084  1.0000000000  0.1635787010 -0.1713821384  1.0000000000
-11.4001708289   5.9292328462   0.5192948874  -9.1056386892   5.7396707561  -2.0207040652  0.0209210317  0.1520546965  1.0000000000 -0.0574986246 -0.2371193914  1.0000000000
-10.0704792072   3.9549898774   0.2803398896 -12.7786680277   6.4661423081   0.8074181563  0.1656308557  0.2207441310  1.0000000000 -0.0505048519  0.1965670960  1.0000000000
-13.2606870701   6.1259086164   0.7388357822 -12.3652254261   7.6594324553   0.8192882341  0.0641281270  0.1973563467  1.0000000000 -0.1059283981  0.1638394804  1.0000000000
-11.2088585461   3.6388831033  -0.4714447391  -9.6486502099   6.7044202362  -0.4055374185  0.2587515565  0.1007967829  1.0000000000 -0.2219325854  0.0199797803  1.0000000000
 -8.9273338763   5.4726917978  -1.4945162397 -11.6129400252   5.9873953501  -1.4453761762 -0.0937143209 -0.1430208432  1.0000000000 -0.0149238610 -0.0973218516  1.0000000000
-10.6243153512   5.6720048049   0.9978392958 -11.9873487809   6.4019932674  -2.7645808912 -0.0483100317  0.2687880253  1.0000000000  0.0354846651 -0.1894943018  1.0000000000
 -9.2323579886   5.6879474166  -2.2712421667 -11.5998264536   7.3040481408  -2.6880845669 -0.0918208437 -0.2300112931  1.0000000000 -0.0627678226 -0.2342024952  1.0000000000
 -9.7697265977   6.4027047611  -2.5337369716 -11.7585888371   7.9437815313  -2.6628104738 -0.0744003949 -0.2650086351  1.0000000000 -0.1315291796 -0.1605500901  1.0000000000
-10.3657897789   3.9292175772  -1.8063861548  -9.4974235170   5.2743237885  -0.2865144836  0.2246277996 -0.1404035306  1.0000000000 -0.0781797194  0.0476189444  1.0000000000
-10.4230466585   4.4960852033  -0.4127395587 -10.1387639561   7.4303374983  -1.4424612849  0.1385616633  0.0823582028  1.0000000000 -0.2320700942 -0.0718854334  1.0000000000
-10.5953874325   3.0845976833  -0.4516006743  -9.9985298901   7.2019069011  -0.6895188335  0.3386946679  0.0806834031  1.0000000000 -0.1956363354  0.0150395198  1.0000000000
-12.1396489455   7.9057141080  -0.4015060770  -9.8603352229   6.5346827867  -0.8561995928 -0.0958180270  0.0271591166  1.0000000000 -0.1507607902 -0.0621512430  1.0000000000
-11.1467918429   6.8870723295   0.3643743231 -12.1024947537   7.3328050940   0.1147583749 -0.1182657214  0.1421175885  1.0000000000 -0.1226886995  0.0770757817  1.0000000000
 -9.9313340891   4.6212094605   0.7111274173 -12.1250894291   7.6214390836   1.1137437109  0.0537213256  0.2640379576  1.0000000000 -0.1454491338  0.1763130969  1.0000000000
-10.8044205261   4.5641875667  -2.2561767824 -12.0282554349   8.1458773536   0.0742096026  0.1727362775 -0.2332142630  1.0000000000 -0.1699302481  0.1064754529  1.0000000000
-10.0587675386   3.9498132992   0.1709954757  -8.7404503377   5.9711685675  -1.6579932376  0.1376476544  0.1548881015  1.0000000000 -0.1775864474 -0.2074748274  1.0000000000
-10.0871942779   4.0062323554  -2.0469626425  -9.7103627239   6.0689945176  -0.3913498740  0.2246689088 -0.1714342958  1.0000000000 -0.1115683440  0.0440306466  1.0000000000
 -9.7292845387   7.3299982799  -1.7075204005 -11.8772812299   5.2519506480  -2.5764809930 -0.2478287917 -0.1499411951  1.0000000000  0.1075977395 -0.2343256567  1.0000000000
-12.5565953298   6.1112624146  -2.2051264799 -10.9088069144   5.2866920709  -2.3275886832  0.0374055715 -0.1123732839  1.0000000000  0.0706184080 -0.1745480280  1.0000000000
-11.9586391455   4.8263985819  -1.2049395140 -10.6182952181   5.3815006084  -0.9761302855  0.1752137139 -0.0113842788  1.0000000000  0.0206939981 -0.0099006250  1.0000000000
-10.4250688492   6.2796620543  -0.6742256950  -9.9359969211   4.9327631204  -0.5640735327 -0.0735672852  0.0441606253  1.0000000000  0.0020779644  0.0335777058  1.0000000000
-11.1149296962   4.5216171013  -0.3796912019  -9.7190073873   5.5095212760   0.9060885905  0.1216110775  0.0982603229  1.0000000000 -0.1348630009  0.2323386718  1.0000000000
-10.6803494454   5.5053178714  -1.5436037872 -11.3732905000   4.8809075094   0.9215932132  0.0434971549 -0.0774303114  1.0000000000  0.0832394960  0.2737848293  1.0000000000
-10.9492280147   3.7230241106   0.4333375052 -11.2543202951   8.1817269263  -1.4337875368  0.2695697290  0.2166843804  1.0000000000 -0.2245099070 -0.0667119871  1.0000000000
-11.2425233617   5.5844880161   0.6880475291 -11.1975136877   3.8574652623  -2.0614609181  0.0354686488  0.1824109605  1.0000000000  0.2418023570 -0.1579557265  1.0000000000
-12.3143825177   6.4036621873  -0.2085216120  -9.1296066543   6.4471586990   0.8575791250 -0.0311831259  0.0996413116  1.0000000000 -0.2051043348  0.2157524451  1.0000000000
-11.8774475038   5.5015961212  -2.2371545422 -10.9109584075   5.2765725577  -1.4990307513  0.1141756485 -0.1483086156  1.0000000000  0.0404832812 -0.1184452022  1.0000000000
-12.8744868501   4.6150350497  -0.2008801310 -10.9080618293   3.9820896205  -2.2977619918  0.1624971112  0.1072670780  1.0000000000  0.2445771568 -0.2015520963  1.0000000000
-13.0301639532   5.6512030928  -1.5876079190 -11.1653644689   7.8216186189  -1.6787241317  0.1637693413 -0.0878735888  1.0000000000 -0.1772704185 -0.1418794013  1.0000000000
-13.2588109193   4.5779408955  -0.2815594626  -9.7163236124   6.3815157736  -2.3848142675  0.2088852956  0.1315832941  1.0000000000 -0.1065513179 -0.2251252676  1.0000000000
-11.4138941173   3.5966807413   0.5289655667 -12.3314354141   5.4414800783  -2.8735351037  0.2293038913  0.3180887757  1.0000000000  0.1283080056 -0.1853600530  1.0000000000
-13.2496231985   4.5760982674  -0.3598704805 -10.6645623057   6.4333701689  -2.1567213027  0.2724349747  0.1285973568  1.0000000000 -0.0744714829 -0.1641290722  1.0000000000
-9.2386471688  6.1778533832  1.0243110842 -9.0057773127  5.6890457513 -1.9405158389 -0.2191070438  0.2590682438  1.0000000000 -0.1249700606 -0.1928548049  1.0000000000
-12.8995612505   6.1915639507  -2.7114305104 -13.0979380205   4.5650799170   0.3405419870  0.1193859957 -0.1820294454  1.0000000000  0.2327839433  0.1479111083  1.0000000000
-12.8581094695   5.6847299282  -0.2351585729 -12.6113491763   5.7137109514  -2.9633142590  0.0574327462  0.0409568793  1.0000000000  0.1446673872 -0.1562431651  1.0000000000
-10.0406474842   4.4057964565  -1.5788013628  -9.8673203875   4.1905412294  -2.4970691357  0.1416454788 -0.1274306300  1.0000000000  0.1854062029 -0.2887684955  1.0000000000
-12.5437791905   6.3764514157   0.6912169075 -12.5861300560   6.0277033438  -1.2741646112  0.0161865930  0.1824559627  1.0000000000  0.0617649151 -0.0303044975  1.0000000000
-10.2297947553   5.0295613171  -0.5137170814 -10.9912827797   4.6341589351  -0.3694233128 0.0412006204 0.0230473526 1.0000000000 0.1488866849 0.0842550981 1.0000000000
-12.2287539512   4.9008305679  -0.5641251666 -10.8763056015   4.7310271924  -1.3089202087  0.1447345858  0.0658591995  1.0000000000  0.1445747664 -0.0542618255  1.0000000000
-10.1126117169   5.6467442889  -1.6252845007  -9.1129171895   4.9723452640  -2.0878575960 -0.0157543014 -0.1350232270  1.0000000000  0.0138577340 -0.2089169461  1.0000000000
-12.5029564450   5.3475855817  -1.9953828941 -11.6785428066   4.3476139516  -1.6651251397  0.1416930096 -0.0906080768  1.0000000000  0.2108066830 -0.0701968645  1.0000000000
