814.2000000000
50
 1.2370744935 -0.5763189299 -9.9259349981 0.1879940084 0.0887459255 1.0000000000
-0.0717784536 -3.0547235135 -6.7623483492 -0.2081320985  0.0553226085  1.0000000000
-0.3565560435 -4.1640723935 -7.5065872126 -0.2117337657 -0.1231746457  1.0000000000
 0.8735511540 -2.1135047697 -9.7703811838  0.1179524645 -0.0905921857  1.0000000000
 0.2824916639 -2.2317673920 -8.6939391565  0.0530096939 -0.0206936467  1.0000000000
-1.3973959311 -1.7084196988 -9.0736640139 0.2385316272 0.0558235637 1.0000000000
 0.2367739170 -2.2054159405 -9.1502211669  0.1140188037 -0.0057392051  1.0000000000
 1.7869731551 -1.7837982253 -9.5612578508  0.0675489467 -0.0431057442  1.0000000000
-1.7001598837 -0.9822162614 -7.9663330428 0.2000420751 0.2881982252 1.0000000000
 1.4564143322  0.5473744345 -9.3400494895 0.1627762588 0.1810983189 1.0000000000
 0.5134108994 -0.4129375045 -8.6518847440 0.1648750693 0.2107543178 1.0000000000
-0.5182575074 -3.8735472485 -9.7454791944  0.1175825166 -0.2917819245  1.0000000000
  0.1730667092  -2.6180174849 -10.2209382094  0.1176167969 -0.1534354754  1.0000000000
 1.2046063834  0.3970739039 -9.3326037098 0.1938754689 0.1587036208 1.0000000000
 0.0427257923 -2.1541965513 -8.7068731635 0.0774291129 0.0514190740 1.0000000000
-0.5148958359 -4.0212296974 -6.7785336518 -0.2529008422 -0.0370913956  1.0000000000
 0.9199888447 -4.3019455272 -8.5666340228 -0.1318401403 -0.1952276842  1.0000000000
 1.5867403630 -0.7225937486 -9.2419054469 0.0775105739 0.0962927607 1.0000000000
 1.4125109171 -1.6790733368 -9.2642689620 0.0529694472 0.0403161283 1.0000000000
 1.2622446348 -1.9056522745 -9.5670391698  0.1294127634 -0.0403731597  1.0000000000
 0.9403853816 -2.8529467214 -9.8763129813  0.0736766964 -0.1180966187  1.0000000000
 1.5193066229 -1.3250610390 -7.3418644353 -0.0629460763  0.2095277669  1.0000000000
 1.9006878467 -1.1427581498 -8.7722774013 0.0423207113 0.0879031259 1.0000000000
 2.5219018537 -2.3673867312 -7.4730679072 -0.2195620979  0.0695613318  1.0000000000
 -0.6599550812  -2.4058519508 -10.4922216029  0.2511124177 -0.1324275905  1.0000000000
 1.8217262022 -2.8114204749 -9.0815839122 -0.0401503871 -0.1093478049  1.0000000000
 2.0834011864 -1.9381377217 -8.6856565759 -0.0410260256  0.0084950094  1.0000000000
  0.3768458594  -2.2742761356 -10.3203871815  0.1874658367 -0.1265342022  1.0000000000
-1.3231499094 -0.8940038574 -8.0132536507 0.1247310457 0.2244540103 1.0000000000
 0.6658955506 -1.8439676523 -8.7110180184  0.0453580449 -0.0124061089  1.0000000000
 1.8560590442 -3.1804153719 -9.0760905360 -0.0500006934 -0.1114858082  1.0000000000
 1.8781913719 -2.9983336680 -7.2171578279 -0.1501024139  0.0175102609  1.0000000000
-0.2998515373 -3.4612466334 -9.9559500771  0.1740048581 -0.2158463198  1.0000000000
  2.0628941254  -2.6408137696 -10.2976032264  0.0727384987 -0.1545096828  1.0000000000
-0.4699877230 -3.7802881827 -8.8794529838  0.0344272371 -0.2117157827  1.0000000000
-0.0969054986 -1.3024036596 -9.5311799666 0.2286014803 0.0126015538 1.0000000000
-1.2769083586 -4.1226447429 -9.6383747009  0.1661568995 -0.3527639916  1.0000000000
-0.3133475119 -1.1502922987 -7.7064799806 0.0156571541 0.1986394377 1.0000000000
 0.0366914895 -2.7344786615 -6.8961728282 -0.1574103950  0.1230934559  1.0000000000
 1.9814796544 -3.1747921630 -9.0078828652 -0.0402642394 -0.0941126980  1.0000000000
-1.8501304490 -1.6953374380 -8.9611214386 0.2871397938 0.0538593369 1.0000000000
 0.4362949874 -1.4104941408 -8.9262793448 0.1178538995 0.0768807261 1.0000000000
 1.3989222450 -2.8903986095 -8.5779977010 -0.0876165831 -0.0278831199  1.0000000000
  1.5085798844  -3.1968460707 -10.6696664135  0.1211345223 -0.2416867814  1.0000000000
-1.5403349505 -2.5263203234 -8.3669407532  0.1473133764 -0.0096800894  1.0000000000
 0.2625594685 -1.8374914568 -9.9913102957 0.1638488902 0.0053112422 1.0000000000
 1.1854745812 -3.7966625622 -9.2024154386 -0.0116637708 -0.1677396920  1.0000000000
 0.5151995912 -1.8943190349 -7.9079596065 -0.0166337697  0.0947733192  1.0000000000
-1.3191928153 -0.9852294850 -8.0114748254 0.1627085475 0.2498196136 1.0000000000
 -0.6764683744  -2.4474828694 -10.5010640442  0.2982702763 -0.2049443385  1.0000000000
50
  0.8826738617  -2.2452111082 -11.2130343172   1.4903255504  -0.5641850189  -8.6012533964  0.2532691198 -0.1911051028  1.0000000000  0.0986610964  0.0999673200  1.0000000000
 1.1769154715 -4.3978880158 -7.5786109067 -0.2295948864 -2.4222123691 -5.6021928245 -0.2535025308 -0.1686573835  1.0000000000 -0.2919463291  0.2700357884  1.0000000000
  1.9723143066  -1.5555017062  -8.9987447304   1.3270891283  -1.1717580821 -10.5310456751  0.0201453135  0.0922304540  1.0000000000  0.1770047326 -0.0096426638  1.0000000000
 1.3088207492 -2.1048572633 -6.3931931871 -1.1785268226 -3.0648305210 -9.2034396907 -0.2179562896  0.1843164903  1.0000000000  0.1691825597 -0.0875174696  1.0000000000
  0.7957110172  -3.5187351320  -9.9842545746   0.9048719629  -2.9414652549 -10.8480524791  0.0799996198 -0.2279981347  1.0000000000  0.1650736348 -0.2307207876  1.0000000000
-1.7583821538 -0.7007566123 -8.6777679484 -1.4977563005 -1.5126384734 -8.5446638977 0.2890818545 0.2318531255 1.0000000000 0.1686698707 0.0954844280 1.0000000000
  2.2776760612  -4.2587982992  -8.2314109794   0.7271426281  -2.2056941255 -10.8162545822 -0.2030736526 -0.1764732604  1.0000000000  0.2124554093 -0.1001990759  1.0000000000
  1.5297490762  -3.2707489477  -9.7455022874  -0.9017661795  -3.1562220168 -10.6970705422  0.0403182761 -0.1466127985  1.0000000000  0.2859709762 -0.2668409028  1.0000000000
-0.9482398387 -1.8152330762 -8.9799860600  0.4066713526 -2.7702127565 -6.5921362370  0.2113013763  0.0464331928  1.0000000000 -0.1990053057  0.1334510605  1.0000000000
-0.5757539888 -4.3117026807 -7.3083632287  1.6045569412 -4.4165794970 -8.8607158655 -0.1888293573 -0.1494447407  1.0000000000 -0.1240552767 -0.2159192771  1.0000000000
 1.2290699854 -4.5208108058 -7.9537302573 -0.0720644462 -2.8429923552 -9.8363427901 -0.2331075852 -0.2235197440  1.0000000000  0.1840999006 -0.1117744806  1.0000000000
-1.0800020606 -0.3662233961 -8.3455064606  0.4317157448 -2.7353699708 -6.5563517520  0.2424363092  0.2498934638  1.0000000000 -0.1888291765  0.0985658850  1.0000000000
 0.0388205129 -3.3557053657 -7.4042553602  1.7510083870 -1.6939701339 -7.5760563422 -0.1555215685 -0.0090544345  1.0000000000 -0.1136611648  0.1265513078  1.0000000000
 0.6221231705  0.1785530792 -8.7421033419  0.6395845500 -3.0070616358 -9.1528603060  0.1508246657  0.2294818618  1.0000000000  0.0524518833 -0.0958753588  1.0000000000
  0.5048379926  -2.3057589147 -10.1166568435   0.8862658285  -0.0491275506  -8.9604847488  0.1268743384 -0.0783149108  1.0000000000  0.1417360859  0.1846150616  1.0000000000
  1.5222290461  -1.3753121070 -10.8180886977  -0.6633637467  -2.5095742537  -6.2566796211  0.1770204805 -0.0046701272  1.0000000000 -0.1875724092  0.2360695101  1.0000000000
  2.3050634568  -4.1788418098  -8.7796199852   0.6216248689  -1.9904904154 -10.1141627901 -0.1658769627 -0.2322412500  1.0000000000  0.1548682663 -0.0629401340  1.0000000000
 1.8270794779 -2.1945802601 -8.0793620271  3.0984289320 -3.2750657332 -8.1922618932 -0.0762603723  0.0188694073  1.0000000000 -0.1775745081 -0.0474969210  1.0000000000
 0.5458696329 -5.0487783117 -7.8650148112 -0.6133467820 -2.9379473291 -7.3249105470 -0.2251574076 -0.3169262206  1.0000000000 -0.1010166894  0.0389721669  1.0000000000
 0.8952542182 -3.0131724979 -9.7386602544  0.2019349099 -0.8247552026 -7.4927503004  0.0656439408 -0.1347073829  1.0000000000  0.0445302429  0.2570630383  1.0000000000
-1.0421148737 -0.3714455838 -8.4465598099 -0.8841484603 -0.6947466090 -7.7141980586 0.2364441767 0.2197803574 1.0000000000 0.1086055021 0.3108242724 1.0000000000
-0.2998822917 -1.0578280651 -8.6122181157  1.3821360016 -3.2381559725 -7.5547825877  0.1072873466  0.1377225968  1.0000000000 -0.1829722538 -0.0364652611  1.0000000000
-0.1305416177 -3.0631235683 -9.6370080540  2.1096462411 -4.0927104603 -7.9926829438  0.1298074809 -0.1789461823  1.0000000000 -0.2356153056 -0.0977858048  1.0000000000
 2.1813427319 -3.1048377743 -7.5977397969  1.3650313614 -1.6137542073 -9.1559986599 -0.2223582378  0.0086210775  1.0000000000  0.0783253181  0.0003446789  1.0000000000
-1.3145622018 -3.2150938083 -9.6817848759  0.8616299661 -1.1047720834 -9.3797656561  0.1975006939 -0.1914191398  1.0000000000  0.1650408991  0.0589908628  1.0000000000
-0.8118024319 -0.8291168599 -7.9776113886 -0.9730805137 -3.5330645872 -9.5025863831  0.1402105651  0.2637025787  1.0000000000  0.1542508715 -0.1802494848  1.0000000000
  1.8616206015  -1.8383625232  -8.7965549904   0.3615566595  -2.7280838702 -10.8524980255 -0.0040764095  0.0483322597  1.0000000000  0.1996126908 -0.2200857553  1.0000000000
 2.0559632608 -2.8451857069 -7.7253159775  0.7059427791 -3.8320953436 -8.6250563348 -0.1199863787 -0.0300026296  1.0000000000 -0.0979561858 -0.1872545783  1.0000000000
-0.1573290649 -0.4682913937 -8.3727344753  0.8615647153 -1.9626335199 -7.5634626144  0.2197376468  0.2417591092  1.0000000000 -0.0804975934  0.1013691894  1.0000000000
-0.8416600053 -1.6371288972 -7.3895255747  2.7839106358 -2.3186306914 -7.9450038876 -0.0047768573  0.1915237148  1.0000000000 -0.1215253758  0.0062832369  1.0000000000
 2.0902972201 -1.8792612191 -6.8178993487  0.8284521390 -1.3933482050 -6.5501346403 -0.1399433515  0.1303628840  1.0000000000 -0.1406570224  0.1970888237  1.0000000000
-1.1429484932 -1.1209972183 -8.1702785550  0.4856041226 -1.6333121175 -9.9423475896  0.2126027077  0.2131944477  1.0000000000  0.1900996842 -0.0052914332  1.0000000000
 1.1188421276 -3.5658567128 -8.8616112787  1.1749233692 -1.6085047018 -8.5879385262 -0.1029628410 -0.1514134055  1.0000000000  0.0319502996  0.0972089571  1.0000000000
-1.0160599351 -4.2949023552 -8.6735729222  2.1623057563 -2.2512872383 -7.6403957878 -0.0065026858 -0.2757664374  1.0000000000 -0.0990058357  0.0378837696  1.0000000000
 0.0109844267 -2.8521085861 -5.9197096696  0.9443302166 -1.3015052889 -8.3859162797 -0.2596195963  0.1797506565  1.0000000000  0.0592859140  0.1279618042  1.0000000000
 1.8783468035 -2.3245438251 -8.6042549569  2.0686811655 -0.7364475193 -7.5537372052 -0.0594267755 -0.0345182233  1.0000000000 -0.0377772672  0.1875521396  1.0000000000
-0.3022048276 -4.6708914166 -7.8496251406  1.5363504367 -0.7631628310 -8.7610033857 -0.1713864660 -0.1941124268  1.0000000000  0.0816410404  0.1010020058  1.0000000000
  0.8117552238  -1.9431575234 -10.1404288194  -0.8263647536  -4.3595075353  -8.8698685305  0.1241947770 -0.0898569645  1.0000000000  0.0268869356 -0.2607940997  1.0000000000
 0.9333841506 -3.4738110932 -9.8241572257 -0.5552170931 -2.1623850387 -6.1804965621  0.0354587771 -0.2570431271  1.0000000000 -0.1689200054  0.2335194293  1.0000000000
 -1.0525557010  -3.3281320587 -10.6953493917  -0.7388846155  -1.6815215786  -8.4188294219  0.2877618334 -0.2760433660  1.0000000000  0.1292869930  0.1021016733  1.0000000000
 2.2180220040 -2.6913641400 -7.9814664328  0.0827855147 -3.8833656935 -7.2900337417 -0.1338324426 -0.0422058577  1.0000000000 -0.2042324083 -0.0791815652  1.0000000000
 1.1081088079 -2.9300415250 -7.9348040088  2.1629977689 -3.6215811262 -7.8328764447 -0.1127582775  0.0063711717  1.0000000000 -0.2424961994 -0.1301971037  1.0000000000
 0.2961018769 -4.2562517863 -9.0675558864 -0.4321702681 -4.0715012590 -8.8485548228 -0.0617126811 -0.2655728248  1.0000000000  0.0201098015 -0.2185619023  1.0000000000
 0.9818859695 -1.3432026300 -8.3333812838 -0.3873951882 -1.7982278339 -7.2547514397  0.0272779268  0.1247147584  1.0000000000 -0.0342989146  0.1898990779  1.0000000000
 0.4542598689 -4.0233360306 -9.2496619589  0.8346894366 -3.8675702647 -7.6509525676 -0.0072533283 -0.2323484764  1.0000000000 -0.1743236187 -0.1099863522  1.0000000000
 -1.0332305028  -3.8847674845  -9.1613641018  -1.0547573861  -2.3464509532 -10.0831924218  0.0541205928 -0.2496111475  1.0000000000  0.2889981509 -0.0854420628  1.0000000000
 0.2166152364 -1.4713901719 -7.3887612689  0.6775732553 -1.4893829371 -9.3077310337 -0.0599064801  0.1580044242  1.0000000000  0.1170025837  0.0497964619  1.0000000000
  0.6899025793  -0.1941398226  -8.6777082723  -1.4919058283  -3.3352081004 -10.0699860277  0.1457041738  0.1340337310  1.0000000000  0.2632062141 -0.2588608737  1.0000000000
 0.4736297607 -1.1734417021 -8.3796692651 -0.9045707847 -1.3138392186 -6.6883677904  0.0455590903  0.1278940136  1.0000000000 -0.0189128995  0.3250953384  1.0000000000
 0.6685071855 -2.6318135242 -8.7100114446  1.6666629150 -0.2429030527 -9.3556792325  0.0177363510 -0.0283000981  1.0000000000  0.1362617161  0.1566360429  1.0000000000
