293.2000000000
50
 2.4303784704  8.2124111848 -5.2261348494 0.2105760272 0.0823863382 1.0000000000
 3.0829722013 10.4110806233 -2.0199942932 -0.2505330773  0.0551551322  1.0000000000
 4.8163728170 10.0029230862 -3.6902852603 -0.1073209566 -0.1535136976  1.0000000000
 2.8881998364  9.1947131161 -1.9800021097 -0.1456191134  0.0591638732  1.0000000000
 1.0996019492  7.3993471679 -3.0104789318 0.2315081145 0.2818017754 1.0000000000
 4.3035782143  6.5470950101 -3.1360063501  0.3435462330 -0.2270916886  1.0000000000
 2.2300919858  8.2922610566 -5.2476997803 0.2273299717 0.1277202766 1.0000000000
 3.9009808775 10.3589983854 -4.7355674262 -0.0479843600 -0.0671752156  1.0000000000
 3.5506486903  8.0469254145 -2.4171324033  0.0775214038 -0.0937143697  1.0000000000
 2.7094475900  8.3272235994 -5.6821299095 0.2253167750 0.0471172019 1.0000000000
 2.9445007925  7.5727053430 -4.6253271357 0.2436542140 0.0210941933 1.0000000000
 3.1112234605  9.9572672676 -5.8278595594 0.0683980351 0.0244984821 1.0000000000
 1.6394719068  7.5354249657 -3.3069994311 0.2130319442 0.2021153184 1.0000000000
 4.7745734214  9.8713035306 -4.3757712361 -0.0461264438 -0.1628677126  1.0000000000
 1.4139283944  9.9504339319 -4.5097582981 -0.0046047530  0.2444436284  1.0000000000
 1.5551975121 10.1495803291 -5.1357716264 0.0072248297 0.1916381421 1.0000000000
 1.8508027279  9.5445049152 -4.2283074534 0.0075144741 0.1785836833 1.0000000000
 4.5946514381 11.2320017432 -4.7409042611 -0.0885466431 -0.1190672031  1.0000000000
 1.8725809141  7.4046440909 -4.3304121645 0.2198373571 0.1718691080 1.0000000000
 2.5766142119 11.9555395292 -4.4953375467 -0.2123723622  0.0666557961  1.0000000000
 2.3335836458  8.4182007561 -4.4088068595 0.1359926792 0.1177889686 1.0000000000
 3.9657316711  9.3140288808 -1.7210215889 -0.2022227143 -0.1094223559  1.0000000000
 4.8573403737 10.9633486429 -4.6383973331 -0.0882047525 -0.1827819624  1.0000000000
 2.9626585516  8.9797397759 -1.9452054659 -0.1046957615  0.0380916929  1.0000000000
 5.1468417714  9.7395050139 -1.2171793202 -0.3008511105 -0.3284377614  1.0000000000
 3.1776420184  9.5083176038 -5.9102705658 0.1053118469 0.0440007457 1.0000000000
 5.1119102986  9.5534341746 -5.0582878905  0.0331351308 -0.1743000168  1.0000000000
 4.3794040390  9.5100119187 -1.5251500489 -0.2446874474 -0.1859375561  1.0000000000
 4.6637153308 11.2788560262 -4.1609970509 -0.1986608384 -0.0681533326  1.0000000000
 4.4158761094  9.6213105648 -3.9330822543  0.0240432498 -0.1194430134  1.0000000000
 1.2828646214  9.5279450976 -2.8814039776 -0.0667430436  0.2665566733  1.0000000000
 4.3698868728  8.1578501447 -4.8715686630  0.1979723957 -0.1288719062  1.0000000000
 3.5886185020  8.3827094034 -5.4852771079  0.2083878574 -0.0669348610  1.0000000000
 2.1973383222  7.9809608384 -3.7587505623 0.1526716741 0.1182301960 1.0000000000
 2.0818571001  7.9289233568 -3.9202765517 0.1695333490 0.1615572068 1.0000000000
 3.3809362980  8.8417711664 -5.7567565653 0.1627509468 0.0252171786 1.0000000000
 5.1819266345  8.8953213572 -5.8082643486  0.1076050013 -0.2124010315  1.0000000000
 4.4986926053  8.0105570633 -2.7265670778  0.0911128843 -0.2237249138  1.0000000000
 4.2298260170  8.3280824645 -3.4955175972  0.0794114436 -0.1767494532  1.0000000000
 2.7097480678  9.5235450530 -3.9363157063 -0.0122614387  0.0545214146  1.0000000000
 5.3867479305 10.7210095118 -2.9775196030 -0.2402029781 -0.2265679993  1.0000000000
 1.9924812508 10.5195630113 -4.2780257861 -0.0795146550  0.1610529101  1.0000000000
 2.0766951410  7.2543279420 -3.3821278347 0.2699391219 0.1152003671 1.0000000000
 3.2155924593  9.5358544322 -5.3337285770 0.0842348840 0.0279875099 1.0000000000
 3.7730121119  7.9835437633 -5.0516935043  0.1685084272 -0.0484886118  1.0000000000
 4.5214430500  9.2009236105 -1.8015153257 -0.1778825248 -0.2475609422  1.0000000000
 1.4389056659 10.0948084317 -1.6155840706 -0.2469893152  0.2896243028  1.0000000000
 2.7731777631  7.1533370183 -3.9105040722 0.2739493348 0.0112551763 1.0000000000
 4.5639508386 10.5277071034 -2.8686902489 -0.2136376372 -0.1913166087  1.0000000000
 2.5093751786  8.9394847374 -2.2866865996 -0.0558312698  0.1103668185  1.0000000000
50
 2.6920846121 11.6013051903 -4.5294211783  5.0317027903  7.4387812525 -4.5160573960 -0.1794653992  0.0785137651  1.0000000000  0.2577584988 -0.2392702922  1.0000000000
 1.4695686047  8.1456768274 -3.0619696811  3.1239868999  9.8621897950 -2.4537802940  0.1388153686  0.2860532871  1.0000000000 -0.1223223775  0.0516729379  1.0000000000
 3.3000672533  8.3323815350 -2.5801380868  2.4950322125  9.0298872722 -4.9907538748 0.0568845099 0.0026670982 1.0000000000 0.1308469084 0.0970285415 1.0000000000
 2.2211327909  9.3169437669 -5.1134701230  2.4962668973 10.9610702455 -4.4890485641  0.0830216381  0.1552212139  1.0000000000 -0.1025479773  0.0833532934  1.0000000000
 1.9029819866  8.7563583421 -2.2274135447  4.5711321013 10.5589144957 -3.0743339964 -0.0178110272  0.2072264141  1.0000000000 -0.1621371876 -0.1378612545  1.0000000000
 4.7123563200  8.3025335616 -4.8112706166  3.0192259052  8.6341380969 -5.1978621908  0.1628311624 -0.1653021867  1.0000000000  0.1321703306  0.0203560362  1.0000000000
 2.4578219743  8.8924866108 -4.8211503449  1.4938072003  9.9386112536 -2.7938752846  0.0876717897  0.0794169284  1.0000000000 -0.1299333535  0.2411556396  1.0000000000
 5.0004801756  8.3938952948 -4.3276726208  2.2325354662  8.8383017933 -2.1573873379  0.1210811355 -0.2422650314  1.0000000000 -0.0416045051  0.1149281870  1.0000000000
 3.5137695564 10.9738791529 -4.1069027863  3.8936438531  7.7179540406 -4.4333867763 -0.1237006375 -0.0189730774  1.0000000000  0.2353368386 -0.0920710075  1.0000000000
 3.8255961345  8.8481781648 -4.8577676852  1.6028887354  7.2320181897 -3.3400357515  0.0846168098 -0.0563319325  1.0000000000  0.2834507392  0.2164687147  1.0000000000
 3.5131154357 10.3043703800 -1.8581284320  4.7811462858  9.9009328952 -5.6964627924 -0.2534712968 -0.0354640166  1.0000000000  0.0353261804 -0.1338447485  1.0000000000
 2.3035582029 10.8496405323 -4.4682546727  4.9809046421 10.1811243603 -3.3377363750 -0.1227929085  0.1255510579  1.0000000000 -0.1419375987 -0.2050868379  1.0000000000
 3.0108361819 10.7608517061 -4.3533320932  2.5013277769  7.6903233450 -4.8458304767 -0.1240172289  0.0593702968  1.0000000000  0.2162807299  0.0737069488  1.0000000000
 3.7357189953 10.1809217788 -5.1492148354  1.7007741212  7.6426227951 -2.8943657771  0.0151472924 -0.0305567255  1.0000000000  0.1765115035  0.2290089305  1.0000000000
 3.5066699880 11.5272734436 -4.6373513831  2.7853326641  8.0457320032 -5.3521102295 -0.1751644271 -0.0080348091  1.0000000000  0.2371900703  0.0471757047  1.0000000000
 2.1770128628  9.8255034774 -3.9308409881  2.1768991057  9.3688745202 -4.2902771159 -0.0519940984  0.1569020429  1.0000000000  0.0288055895  0.1025121105  1.0000000000
 2.9198677336  9.1806151710 -2.3298552616  4.8730982837  9.1880080479 -3.3598305218 -0.1272541320  0.0672930037  1.0000000000 -0.0264574297 -0.1791071056  1.0000000000
 1.9668156250 11.2979055261 -3.3168701387  3.8565135044  9.3521017702 -5.4412719417 -0.2160536615  0.1684012226  1.0000000000  0.0758580773 -0.0674769941  1.0000000000
 4.4822641935 11.2996800423 -4.1653004630  3.8683043923  7.3585655719 -3.9897381029 -0.1853580853 -0.0827690672  1.0000000000  0.2543353104 -0.1354661712  1.0000000000
 4.1888625993  8.5801890571 -2.1386796931  1.7697436828 10.4781429635 -1.7361571800 -0.0551630586 -0.1360167860  1.0000000000 -0.3158672037  0.2406213444  1.0000000000
 3.2821192348  7.5336494586 -3.1443091383  5.1612381040  8.9714835545 -4.0670915597  0.1643381482 -0.0068948231  1.0000000000  0.0403890976 -0.2031045466  1.0000000000
 4.6128451898  9.6141932595 -1.6759474590  3.0923733977 10.1358709794 -3.0403126008 -0.2309785616 -0.1996441996  1.0000000000 -0.1086086932 -0.0092649599  1.0000000000
 4.8324715084 11.2719690483 -4.2004905558  5.3204566243 10.0237786331 -4.9877290418 -0.1467786823 -0.1441959408  1.0000000000  0.0152852037 -0.1893243417  1.0000000000
 1.8504891820  8.8613690677 -4.4146575057  4.6111662770  7.7052988392 -5.2276503292  0.1053891875  0.1973302834  1.0000000000  0.2382501905 -0.1858502469  1.0000000000
 4.6442362440 10.1713917710 -3.4011126451  4.1756526348 11.4491196568 -4.6106109863 -0.1615233734 -0.1875272340  1.0000000000 -0.1808420558 -0.0796134536  1.0000000000
 3.5696112303  9.9832822674 -5.5214289474  1.4008524382  9.7100175216 -4.8469370701  0.0227188958 -0.0191859249  1.0000000000  0.0058918061  0.2247849918  1.0000000000
 4.8699630804  7.8898326881 -3.5507145839  3.3870572616  9.8360168381 -3.1138973750  0.1825183887 -0.2383829264  1.0000000000 -0.1325027510 -0.0185250505  1.0000000000
 4.0330791124  9.6520020008 -4.1620264029  4.6026373225  9.7273619599 -4.4525011528 -0.0174290522 -0.1282158586  1.0000000000 -0.0127619474 -0.1116766213  1.0000000000
 2.3808321775  9.3811421431 -2.2352194988  4.0785281402 10.1599296201 -4.8288621408 -0.1086692261  0.1189185650  1.0000000000 -0.0035440809 -0.0570822567  1.0000000000
 1.9248848370  9.7479643054 -5.1595070902  1.8460127924  7.0320940180 -3.1316221637 0.0630631698 0.1890892939 1.0000000000 0.2768998452 0.2244873301 1.0000000000
 2.2861231521  9.1301304633 -2.3830462702  3.5447337360 10.2058252893 -4.2112445298 -0.0282657622  0.1233629065  1.0000000000 -0.0880775865 -0.0020477930  1.0000000000
 2.3046636885  9.2537296344 -2.8593867427  4.7387786765  8.8231694219 -6.2779687459 -0.0423339511  0.1286897171  1.0000000000  0.1918169872 -0.1230518868  1.0000000000
 2.3125765340  9.9939315643 -2.4654899889  3.5846032652 10.1421584328 -4.3220179287 -0.1853570117  0.1574165855  1.0000000000 -0.0028864754 -0.0318335221  1.0000000000
 2.9813064560 10.0957901625 -1.8486738794  3.6631601886  9.4988458832 -3.4797318661 -0.2624968211  0.0378717589  1.0000000000 -0.0403320780 -0.0161252346  1.0000000000
 4.6016424058 10.7758799538 -4.5883092444  4.4499871724 10.6985368015 -2.7378412459 -0.0960169088 -0.1288735291  1.0000000000 -0.2356434654 -0.1271714935  1.0000000000
 3.6561480529  8.0892984814 -3.9334586150  5.1802058884 10.5721749012 -4.0545167528  0.1566552150 -0.0646840123  1.0000000000 -0.1239346104 -0.2176040282  1.0000000000
 3.7535811463  6.8484666154 -3.2618838927  4.2227855513 10.6288182558 -2.8689031893  0.3070398854 -0.1643965335  1.0000000000 -0.2116965797 -0.1138898125  1.0000000000
 2.9085083574  7.9257105969 -3.9515325050  4.3211826780 10.1014731391 -3.4453086630  0.1878033630  0.0142653519  1.0000000000 -0.1032602800 -0.0978052615  1.0000000000
 3.6292999683  8.9127469743 -5.8829120893  2.0834585478 11.3082161632 -4.9628718426  0.1513445060 -0.0090308459  1.0000000000 -0.0924154319  0.1316581279  1.0000000000
 2.4173296448  9.3314277141 -3.2794623810  4.6146269431  8.7885863979 -4.5402131771 -0.0184058525  0.1319342784  1.0000000000  0.0254765481 -0.1658089357  1.0000000000
 3.3793885845 11.1704289877 -3.3874474508  4.3812652880 10.3825454223 -2.6303987304 -0.1730474545 -0.0094604333  1.0000000000 -0.1676989620 -0.1565175942  1.0000000000
 4.0827344659  9.7667207636 -3.9712461948  2.1375317045  8.8415097770 -4.3647718266 -0.0110716763 -0.0860073751  1.0000000000  0.1275732047  0.1266195264  1.0000000000
 4.9494083138 10.2428158425 -3.6224760021  2.7413447498  9.2087106258 -3.5094679193 -0.1282575528 -0.1766595307  1.0000000000  0.0261485736  0.0876294600  1.0000000000
 3.1326723833  8.2664426282 -5.1758517347  3.2879958980  8.4258760714 -4.2609143409  0.1881872195 -0.0010487139  1.0000000000  0.1457821024 -0.0314022030  1.0000000000
 2.0280673618 10.0414414072 -4.4694481392  3.4193596845  8.2176318591 -2.7769019379 -0.0007761186  0.1568994577  1.0000000000  0.0505348769 -0.0623947690  1.0000000000
 5.2446166078 11.0616666068 -4.0518012963  3.6570792343 10.4548193222 -4.6714614551 -0.1651341539 -0.2271801365  1.0000000000 -0.0679613537  0.0127917626  1.0000000000
 5.2181753482  9.4028018368 -5.5447299497  3.0388066051  9.2040063606 -3.0138804737  0.0690076424 -0.1725224256  1.0000000000 -0.0379832181  0.0806195685  1.0000000000
 4.8328971531 10.0472676099 -5.5263476328  3.1635565621  9.9650888089 -2.1281589384  0.0174896806 -0.1590181119  1.0000000000 -0.2069001404  0.0198007708  1.0000000000
 4.5489849868  9.0310724380 -4.7826610421  2.8182754341 10.8198924811 -3.3495519137  0.0838881112 -0.1570074908  1.0000000000 -0.1538811208  0.0787278697  1.0000000000
 3.6930789994  7.3184812475 -4.0682308581  3.4979306206 10.2249601386 -4.4196924941  0.2446215920 -0.0730794322  1.0000000000 -0.0138267711 -0.0327514256  1.0000000000
