707.7000000000
50
-4.0718398267  9.0699202737 17.7862821979 0.2154847550 0.0273298572 1.0000000000
-5.0643442877 10.2238976330 17.2534581359 0.0545312107 0.1804332179 1.0000000000
-4.1396058519  9.8743751224 17.2120422224 0.1531568016 0.1104148450 1.0000000000
-5.2468721237  7.7230484120 17.0756034133  0.0112719130 -0.1056738749  1.0000000000
-3.3696794030  8.7503667707 17.4693790423  0.2446804870 -0.0013304135  1.0000000000
-6.0141965041  7.2904483820 16.5775986051 -0.1120288638 -0.2065504576  1.0000000000
-6.9602861267  7.9164147058 16.8826864357 -0.2056158072 -0.0711568140  1.0000000000
-3.6279412180  6.9384036490 17.3359160908  0.2269152759 -0.2509082408  1.0000000000
-5.6299322534  7.9501360983 15.6080467869 -0.0436613192 -0.0806919281  1.0000000000
-6.8538517926  8.9843261610 17.5637701323 -0.1835320875  0.0655170136  1.0000000000
-4.5454480555  8.3432335743 15.8666143339  0.1499240599 -0.0922319849  1.0000000000
-6.5406691817 10.6855012599 19.2481448493 -0.1334021696  0.1928965395  1.0000000000
-4.7079952745 10.0360406082 18.3782766925 0.1072511121 0.1094669065 1.0000000000
-6.8460962475  7.8547063315 19.4845009842 -0.1545304848 -0.1095922294  1.0000000000
-5.3375509891  7.8028922092 17.3895121439  0.0071005476 -0.1207979442  1.0000000000
-3.5514943505  9.1371714959 18.0454481865 0.2135808006 0.0392058569 1.0000000000
-6.6050513408  9.2073867978 19.3863457198 -0.1005094318  0.0553040566  1.0000000000
-5.2525748274  8.8306057157 19.5290635154 -0.0070125233 -0.0050791641  1.0000000000
-3.6696574827 10.4311851070 16.8353769923 0.2486907659 0.2492451402 1.0000000000
-3.3765049184  7.0173941672 19.3929265886  0.2043940397 -0.2178370827  1.0000000000
-5.5216115630  9.4378441189 16.9091748955 -0.0544936621  0.1320325264  1.0000000000
-5.3079291753 10.3900166966 16.8678584066 0.0054168795 0.2300322940 1.0000000000
-5.3948251116  9.0427167006 16.1617241524 0.0203803984 0.0419379262 1.0000000000
-6.5618184320  9.3932310041 17.3275052970 -0.1706361259  0.0600909662  1.0000000000
-6.4863280525  7.3187335864 18.5290982770 -0.1227382284 -0.1249702177  1.0000000000
-4.6533547565  7.1661125385 16.8175226758  0.1133687233 -0.2889913420  1.0000000000
-6.2495313116  7.8925057420 19.2942842263 -0.1034506265 -0.0822115002  1.0000000000
-6.5258731699  9.8511963893 17.2357701566 -0.1085535083  0.1707542462  1.0000000000
-6.5203638182  9.5854225156 16.8598068201 -0.1526766107  0.1350630554  1.0000000000
-5.1685597275  9.4823200170 16.9577721559 0.0026319039 0.1441693597 1.0000000000
-5.2295982778  7.2415316444 15.8267143938  0.0070564909 -0.2359593420  1.0000000000
-4.0619192152  9.6241666581 19.4474917627 0.1760261893 0.0619667531 1.0000000000
-6.4708143565  7.2582493206 17.9221659074 -0.1580558393 -0.1704279982  1.0000000000
-5.8965086060  8.0422331367 16.6911368538 -0.0816313969 -0.1032091744  1.0000000000
-4.1479582026  8.9197749788 17.3475650255 0.1814914176 0.0160664688 1.0000000000
-5.0945971383  7.3560100250 17.8486374617  0.0045489260 -0.2042530827  1.0000000000
-4.0029305773  8.4925143945 19.0043433294  0.1454969382 -0.0461957287  1.0000000000
-4.3470183706  9.2933605992 18.2189588316 0.0895566742 0.0284720941 1.0000000000
-6.6479789893  9.8999309861 17.1695920749 -0.1574983045  0.1715668740  1.0000000000
-5.1258670722  8.1487489087 16.0494104010  0.0420862305 -0.0441024993  1.0000000000
-3.8588048034 10.2094894650 16.5870109597 0.2091094167 0.1791330223 1.0000000000
-3.6232312170  9.6636244469 19.3429300919 0.2259397291 0.1104400476 1.0000000000
-3.7220807055 10.2136712636 15.9523847108 0.2602719950 0.2110080194 1.0000000000
-5.1909603086  7.4798100361 17.4795080004 -0.0056101068 -0.1051940633  1.0000000000
-4.3627472857 10.8043437772 19.4728920276 0.0959085181 0.1603618517 1.0000000000
-6.3642505491  8.5672419723 16.1666196866 -0.1384357417 -0.0218900394  1.0000000000
-4.0958938909  8.1027051521 17.8304642068  0.1587612156 -0.1062800884  1.0000000000
-4.5658624577  6.9869872241 16.3466448221  0.0807484396 -0.2546648864  1.0000000000
-5.9339274655  7.5865620028 15.6191988339 -0.1562995097 -0.1767668701  1.0000000000
-4.4458496468  9.8861124476 17.0348420212 0.1312788038 0.1690158515 1.0000000000
50
-6.4149816700  9.3463171146 18.9193231051 -3.6347963937  9.2039448797 16.0400505014 -0.0278177276  0.0934268173  1.0000000000  0.2799293777  0.0833823060  1.0000000000
-4.1639632512  8.8242727406 15.8604845347 -3.2341416327  6.9121130763 16.4033787374  0.1634569707 -0.0064730069  1.0000000000  0.3068247281 -0.2690226790  1.0000000000
-3.5888302610 10.0873791258 18.1371097658 -5.3160483564  6.8409185336 18.2554122824  0.2430509555  0.1378447729  1.0000000000 -0.0472708682 -0.2476961022  1.0000000000
-4.3020592859 10.1024437838 18.7503189031 -3.8836294007  8.6235250132 17.0554758929  0.1467569608  0.1267504650  1.0000000000  0.2188830051 -0.0391191974  1.0000000000
-6.9633022502  9.6491764068 17.6875500659 -3.7607571803  8.8496065161 17.7896168620 -0.1339147223  0.1255812914  1.0000000000  0.1867756985 -0.0200746914  1.0000000000
-5.0573224383  8.2146956273 19.3273438908 -6.6323355121  8.4404385386 16.2385771988  0.0594196590 -0.0238887960  1.0000000000 -0.1894922816 -0.0664561922  1.0000000000
-4.5638501676  8.9015655257 15.9207073928 -4.5716328301  9.7910444344 19.0022416026 0.1437372593 0.0238656316 1.0000000000 0.0907222646 0.0576668504 1.0000000000
-5.2471243677  8.3501634918 18.9453200002 -5.0191803343  6.9801056432 18.8216298957 -0.0115762843 -0.0245668447  1.0000000000  0.0014717834 -0.1858995791  1.0000000000
-6.0054664446 10.0553405591 16.4985097703 -3.9716410488  7.6631338742 15.7358847616 -0.0728403553  0.2210869971  1.0000000000  0.2063061273 -0.1755575132  1.0000000000
-5.1217901776  9.9191591789 19.0174742262 -6.9691500055  8.0039469483 19.4899815350  0.0080512108  0.1368170551  1.0000000000 -0.1701805039 -0.0486203038  1.0000000000
-5.5366620759  7.8521673830 19.0505761931 -3.6765716788  8.6226618151 17.2432060564 -0.0216905939 -0.0606400007  1.0000000000  0.2368540082 -0.0165986704  1.0000000000
-5.5041900720  8.8689932616 17.8395921400 -6.4880291580  8.2163571338 16.5800944911 -0.0108692801  0.0164427244  1.0000000000 -0.1856201574 -0.0323678664  1.0000000000
-4.8974091016  7.8485117274 19.4358194304 -4.6061415536  6.9740338613 17.4994072173  0.0150103802 -0.0813970034  1.0000000000  0.0681644081 -0.2394866974  1.0000000000
-5.2188225213  7.8576918775 15.5881662596 -4.3187258684  8.1195613811 16.9788888148  0.0097141593 -0.1073856732  1.0000000000  0.1376906940 -0.0960190676  1.0000000000
-5.1388843019  7.5295468491 16.2046571170 -3.8126687173  7.6671585715 18.4973277285  0.0137945646 -0.1451245497  1.0000000000  0.1950810563 -0.1508583177  1.0000000000
-6.6594451953  6.9039489574 18.7802386479 -4.9811196740  8.6149313660 16.4192830736 -0.1787737893 -0.2295321649  1.0000000000  0.0684335719 -0.0227094583  1.0000000000
-6.6637516475  6.7494607432 16.0768372106 -5.1236130273  7.9829375670 17.8457761556 -0.2479902184 -0.3163170589  1.0000000000  0.0758188652 -0.0947340254  1.0000000000
-4.0946000332  7.9422433209 18.6172866392 -4.0104097872  9.7447851835 16.8737031997  0.1360957654 -0.1051921973  1.0000000000  0.1856403187  0.1008236801  1.0000000000
-6.7974851566  9.6250407919 19.3839623713 -5.2030766333  7.0529892375 17.4956018917 -0.1174240345  0.0794288636  1.0000000000  0.0170348669 -0.2082922150  1.0000000000
-4.3693752650  7.6775657239 16.3911101348 -3.8357865560 10.7014445137 18.3093759508  0.1372556835 -0.1653990430  1.0000000000  0.2150804498  0.2067804151  1.0000000000
-3.4974378816  9.8665690412 17.7420037277 -5.6359220684 10.5729838750 18.1811643721  0.2106841082  0.1330120903  1.0000000000 -0.0406427964  0.1975879627  1.0000000000
-5.0942934860  6.9921939134 16.6309533983 -4.0400762231  9.3664345142 16.9965074558  0.0273852443 -0.2158209610  1.0000000000  0.2084558306  0.0749323153  1.0000000000
-6.8824714261  8.2367780407 19.1206061407 -4.0383104708  9.7915038183 18.2228073049 -0.1410783272 -0.0130745587  1.0000000000  0.2140471419  0.1083802395  1.0000000000
-5.0608195382  9.5655471524 17.5747343099 -4.5455874598  7.5006358536 18.2600174846  0.0723270673  0.1163764731  1.0000000000  0.0980879096 -0.1206703903  1.0000000000
-3.6402152799  8.2723020865 16.1834013614 -3.7457945506  7.2108938943 19.0522494200  0.2354476986 -0.0533437994  1.0000000000  0.1114481489 -0.1891762328  1.0000000000
-4.9248336212  9.3197446177 18.5672502593 -4.9590046847  8.0221492510 18.5066838573  0.0516103248  0.0336896492  1.0000000000  0.0728437243 -0.1125096848  1.0000000000
-4.7008394176  8.9531679030 16.2826160408 -6.2649223971 10.3753529375 18.2481632055  0.0722516227  0.0220685417  1.0000000000 -0.1214950373  0.1697367487  1.0000000000
-4.6327843872 10.0455474458 17.5766059181 -5.5809926040  8.6823524564 18.0111738491  0.0966446258  0.1547520451  1.0000000000  0.0053975294 -0.0306365650  1.0000000000
-6.5745746004  6.6227192747 17.4302807587 -6.0706424193  9.2425781187 15.6207016981 -0.1463655549 -0.2431539810  1.0000000000 -0.0929089521  0.0976083846  1.0000000000
-4.6672233054 10.0726792335 18.2512147283 -4.2997580251  9.4996468672 17.8757344997 0.0823431121 0.1661655181 1.0000000000 0.1443116054 0.1370352056 1.0000000000
-5.6740925513  8.3936182928 17.3327807525 -4.3225772101  7.3543493096 15.8153804520 -0.0492652839 -0.0111636259  1.0000000000  0.1262236693 -0.2385876442  1.0000000000
-6.1538001842  8.0398112329 18.0461941530 -6.3250147235  6.7399507638 16.6952451417 -0.0913282747 -0.0770445326  1.0000000000 -0.1482164164 -0.2461923345  1.0000000000
-7.2324146391  8.7960050531 17.7691038309 -5.1189892912  7.3754437415 16.6208261599 -0.2056676641  0.0518309485  1.0000000000  0.0254807290 -0.1566744136  1.0000000000
-5.2537101142  9.2484622025 18.2511278076 -6.5824515967  9.2653275418 18.7797404454  0.0594525757  0.0617082240  1.0000000000 -0.1144748108  0.0490588738  1.0000000000
-7.1671763641  7.8419464439 16.0812725118 -4.7121699917 10.5200242698 18.7373774122 -0.2627818429 -0.0708979896  1.0000000000  0.0766330152  0.1713773724  1.0000000000
-6.7801474332  8.0722427653 17.8722528301 -6.1691656210  8.3892493558 19.4562602985 -0.1270107871 -0.0465052709  1.0000000000 -0.0841098468 -0.0164358125  1.0000000000
-4.6495168188  6.9363648348 18.3725517155 -4.5880752929  8.0640827035 19.4128747382  0.0602135181 -0.2422194783  1.0000000000  0.0728121966 -0.0694402405  1.0000000000
-6.4903805987 10.0135446393 16.0993593481 -5.5462438068  7.0984963397 16.3100644843 -0.1522896942  0.2491675820  1.0000000000 -0.0474854309 -0.2338366163  1.0000000000
-7.2870093833  9.7723207596 18.2265104555 -4.6048121951  9.1763105229 16.3693476423 -0.2495215577  0.1667315126  1.0000000000  0.1214877799  0.0365564162  1.0000000000
-7.2897822129  9.5036222803 17.0918242360 -3.5379658477  9.0728841164 17.2002766932 -0.2183725584  0.1281129780  1.0000000000  0.2156821577  0.0442795985  1.0000000000
-5.8979671039  7.1263497846 15.9908338803 -4.2298542613  7.1854107926 16.4732833930 -0.0862260249 -0.2307690171  1.0000000000  0.1341506523 -0.2084823833  1.0000000000
-4.3234797303  9.9693550432 17.4657520852 -7.0623635165  9.4966380083 15.9488107651  0.1646001105  0.1491353750  1.0000000000 -0.2601413633  0.1498062065  1.0000000000
-3.6949730660 10.5172101640 18.6091272177 -6.8980951639  6.7973370357 15.6279823214  0.2038675018  0.1762536913  1.0000000000 -0.2987692472 -0.2780015634  1.0000000000
-3.9607832654  9.8645491446 17.1320735201 -5.5639438945 10.5681238913 17.1861055539 0.1616477318 0.1317513359 1.0000000000 0.0173950616 0.2877043913 1.0000000000
-6.3683418589  8.0370266454 15.9959006758 -4.2794899875  9.8621749789 16.0112824056 -0.1608335488 -0.0741593650  1.0000000000  0.1659411585  0.1904530539  1.0000000000
-3.7658077579 10.2756139288 15.7721582364 -7.0634718382  6.8915702444 17.1288659310  0.3092992961  0.2560625481  1.0000000000 -0.2337696372 -0.2618255786  1.0000000000
-4.0441699777  9.0578299588 15.9906260380 -5.1129654594  9.5596143766 19.0259584121 0.2164592378 0.0508842368 1.0000000000 0.0184946231 0.1042173315 1.0000000000
-5.4194677490  8.6597304549 19.3469292746 -5.1032878701  8.6900513439 19.0976162408 -0.0372673419 -0.0230672575  1.0000000000  0.0639651451 -0.0264722693  1.0000000000
-6.1765923674 10.2289994833 19.2400374864 -6.0897910779  7.9232140414 18.7570573566 -0.0658675281  0.1470596414  1.0000000000 -0.0959786141 -0.0818459073  1.0000000000
-4.6153147289  8.3833102481 16.6310578472 -5.5307341953  8.8447936507 17.4568357218  0.1329152748 -0.0870807921  1.0000000000 -0.0158992928  0.0432293357  1.0000000000
