129.3000000000
50
14.7135174573  3.3833463364 -1.9854954666 -0.1053066642 -0.0053828930  1.0000000000
16.1205756652  3.2909920876 -3.9571353138  0.0870738372 -0.1605737480  1.0000000000
12.0517100064  5.1562729675 -2.5984649997 -0.0228388737  0.2777513495  1.0000000000
15.9142553875  4.5400893725 -4.7170514326  0.2102433683 -0.0445897848  1.0000000000
14.1767902425  2.3652826165 -4.2423806139  0.0029077799 -0.2415756830  1.0000000000
15.2696505728  2.8914782396 -3.9132706769  0.0285275675 -0.1947209330  1.0000000000
14.0580363379  3.1639716402 -5.0048285642  0.1078898717 -0.2176726496  1.0000000000
13.0097745241  4.2961926690 -1.2769148962 -0.1950005646  0.2043724622  1.0000000000
14.0543834802  3.2384988234 -2.3663291745 -0.1340259548  0.0152264995  1.0000000000
13.0631439203  3.3898563244 -2.8932314841 -0.1090939631 -0.0024064658  1.0000000000
15.5792608051  5.6443129433 -3.8892117336 0.1517199823 0.0732301062 1.0000000000
16.1469383953  4.0706247516 -3.7094343686  0.0769867019 -0.0762281096  1.0000000000
15.4428894595  5.2489128939 -2.8086810216 0.0541900173 0.0876254919 1.0000000000
12.9809310416  5.4531000691 -4.0578623211 0.2242504167 0.1248356566 1.0000000000
13.2421672530  3.3003363648 -4.6842769819  0.0737191901 -0.1741119196  1.0000000000
12.6735769571  3.8780566855 -1.6909944551 -0.2238302664  0.0963308537  1.0000000000
14.0260205233  4.6586144969 -4.5139936232  0.1940362264 -0.0355623145  1.0000000000
12.7532410708  3.5066836420 -2.5757668482 -0.1294983028  0.0683757689  1.0000000000
14.7874277646  5.2000003100 -2.8403310020 0.0641558664 0.1355620332 1.0000000000
12.8300084456  1.8968157217 -3.8946363208 -0.1190051548 -0.2895145395  1.0000000000
14.9917051215  5.7462330222 -1.8818665689 0.0706485494 0.2403219497 1.0000000000
12.5102610981  4.5074989737 -2.7636894408 -0.0656370303  0.1299815797  1.0000000000
15.4999335387  3.3885317045 -2.3584068975 -0.0710569856 -0.0537044898  1.0000000000
14.4942654981  2.4137798243 -2.8160460518 -0.1128593376 -0.1562141291  1.0000000000
14.9670835063  4.8668037418 -1.8227540259 -0.0167568864  0.1027520733  1.0000000000
14.1563814892  5.6193521762 -2.6332552604 0.0584355847 0.1718933234 1.0000000000
12.5857213271  5.8289749745 -4.7255150482 0.2834321097 0.1656395068 1.0000000000
13.7982356763  5.1114446193 -1.7170234806 -0.0606982750  0.1990307332  1.0000000000
13.4481111949  4.5568517646 -3.6501155079 0.0516619579 0.0331858479 1.0000000000
13.0662669422  4.6827052796 -2.2479062066 -0.0592958559  0.1549024439  1.0000000000
13.5603715210  3.6140979129 -3.7950423775  0.0284545043 -0.0975605797  1.0000000000
12.1033342515  4.4807187964 -2.8937511696 -0.0418732336  0.1771686029  1.0000000000
14.3836868087  2.7376553175 -4.3627669993  0.0683134399 -0.2139741816  1.0000000000
14.9125310618  3.2875232366 -3.4172865482  0.0036835327 -0.1101888375  1.0000000000
13.5436051948  3.8594786314 -1.7283110641 -0.1929793295  0.1040283414  1.0000000000
14.4021981967  4.5526357702 -5.3126314295  0.2313607720 -0.0913026580  1.0000000000
12.9761760882  3.4226190751 -4.5374095389  0.0866036025 -0.1680736552  1.0000000000
12.5320284892  4.6458698794 -4.0132751569 0.0968446359 0.0989251910 1.0000000000
14.5268977285  2.3915778486 -2.7973220538 -0.1404995466 -0.1360792398  1.0000000000
13.9478960165  4.2642128792 -3.3778315543  0.0187341116 -0.0291091149  1.0000000000
16.0733746212  3.4891966239 -5.0858340061  0.2048643828 -0.2054783096  1.0000000000
14.0535584603  3.2035181787 -2.6882326065 -0.1040435213 -0.0237947577  1.0000000000
13.9838846796  5.2116339489 -1.6688719875 -0.0627321093  0.2024301254  1.0000000000
15.9867710048  4.6728854846 -3.9589920577  0.2019153398 -0.0309803422  1.0000000000
14.3819521314  4.4956173444 -3.1517665859 0.0394447403 0.0049230642 1.0000000000
15.0073453964  3.3854675706 -1.2820825832 -0.2065746619  0.0343542436  1.0000000000
12.9493474241  3.0291878345 -4.5001047914  0.0237137563 -0.2210741871  1.0000000000
14.8763010109  5.4283421213 -2.8279982553 0.0978439274 0.1591113223 1.0000000000
16.3137696301  3.0499346598 -4.5564980112  0.0831359898 -0.1916278552  1.0000000000
13.7685274362  4.1189466021 -2.9740576792 -0.0319603305  0.0934048592  1.0000000000
50
15.6014752737  4.0048146815 -2.7803502268 15.2452067493  5.8303391231 -3.6405292636  0.0005333783 -0.0025016867  1.0000000000  0.1557561950  0.0994345318  1.0000000000
14.0323202867  3.6461916061 -5.4718545767 15.1414764775  5.1775380208 -1.0302351655  0.1956197783 -0.2155448775  1.0000000000 -0.0142228334  0.1978139773  1.0000000000
15.7834569286  5.1243371052 -3.8939688076 13.7459497307  4.5052406820 -2.9448954663 0.1759145229 0.0062342977 1.0000000000 0.0518096998 0.0413657211 1.0000000000
13.9466752285  3.3307641569 -4.6376431986 13.8036361041  5.0890247986 -2.3491423444  0.1104582965 -0.1542382533  1.0000000000  0.0079525439  0.1911533072  1.0000000000
13.0185939581  4.3743430352 -3.2328818461 12.7248818738  1.5423371919 -3.1821858508  0.0038015986  0.0680680104  1.0000000000 -0.2590492361 -0.2586190292  1.0000000000
14.3645308597  5.6483099965 -2.0369689099 12.4407025012  4.3224000056 -2.4565060476  0.0155448015  0.1963011757  1.0000000000 -0.0902743631  0.1090030174  1.0000000000
12.7570377001  2.3835193758 -4.3880759828 16.0533648521  2.1648447808 -3.2533766204 -0.0733105478 -0.2764363858  1.0000000000 -0.0523221542 -0.2039517715  1.0000000000
13.4436561621  6.3002910558 -3.9953038513 13.0748380221  3.7566183624 -4.1945029519  0.2849187115  0.2324582946  1.0000000000  0.0299566568 -0.0904744723  1.0000000000
14.8249141907  5.3607928087 -3.2423917002 13.7188615257  3.4830867302 -4.2410998076  0.1205047033  0.1315505629  1.0000000000  0.0794200146 -0.1356471105  1.0000000000
14.8236569626  3.4835367804 -1.8455314842 12.7454841180  4.3382279428 -2.2577023523 -0.1428783078  0.0209517584  1.0000000000 -0.1036665684  0.1708306399  1.0000000000
13.0944058494  3.2610863536 -2.8121312814 15.7313868620  5.5961353660 -3.9458687769 -0.1155355129 -0.0305614703  1.0000000000  0.2337543052  0.0277646852  1.0000000000
11.8677920174  3.8708292923 -1.7718234133 13.3776780547  3.8754276447 -1.3240898577 -0.2595132102  0.2071508749  1.0000000000 -0.1873838436  0.1320148407  1.0000000000
16.2962609198  3.6176798753 -5.0638656951 15.1442855721  2.8272098805 -2.7295312349  0.2467908445 -0.1950390063  1.0000000000 -0.0786360181 -0.1031449566  1.0000000000
12.7280728400  4.5140438418 -0.9696303143 12.5349101222  3.0182641785 -3.5249344937 -0.2031403093  0.2856141336  1.0000000000 -0.0791435154 -0.1634195976  1.0000000000
15.4947519922  3.6298037094 -4.7878582084 15.7780263784  4.0122839188 -3.1204627566  0.1621222570 -0.1396658121  1.0000000000  0.0266159102 -0.0299040147  1.0000000000
12.1273987650  3.8404032963 -1.6757777280 13.8606827126  4.8153765115 -3.6661836049 -0.2072264302  0.1783468202  1.0000000000  0.0785753171  0.0423639272  1.0000000000
13.4135063485  4.6904824852 -2.6970899502 13.6461005025  2.5546461702 -2.9333413742 -0.0043960471  0.1219574620  1.0000000000 -0.1244228538 -0.1293029662  1.0000000000
14.0199671861  2.3442086455 -3.2719340251 13.5180006578  5.6512117642 -2.3921774572 -0.1245743760 -0.1992671406  1.0000000000  0.0121347626  0.2257043038  1.0000000000
15.0735639209  3.5752551569 -3.1877550781 15.4732668026  4.7631821257 -3.8258529317 -0.0276835005 -0.0128944940  1.0000000000  0.1469364245  0.0018733283  1.0000000000
13.2002736727  4.2144461284 -5.7781722474 15.7761344348  2.6587999521 -3.0357955871  0.2657021295 -0.1484820921  1.0000000000 -0.0626524062 -0.1664378643  1.0000000000
13.8306656294  2.7633454832 -2.4138500341 14.3241481928  5.5816943971 -3.2999145217 -0.1463301644 -0.0131827732  1.0000000000  0.1486276923  0.1034952377  1.0000000000
13.2562246896  3.0555770476 -4.1916337519 14.8801347028  5.1008269359 -3.4032867620 -0.0055461994 -0.1438108509  1.0000000000  0.1163817837  0.0609945924  1.0000000000
16.1609318110  3.8301491656 -4.6531890632 13.0016640365  5.2901775890 -4.5533761917  0.1782408319 -0.1435116820  1.0000000000  0.2225815549  0.0585449595  1.0000000000
14.4602162852  3.0356642254 -2.3937699498 13.2664374103  3.5521665809 -5.0497032695 -0.1199379502 -0.0474586990  1.0000000000  0.1597047153 -0.1740947125  1.0000000000
16.5215566782  4.3870828277 -4.4390564458 15.4530347736  2.2878797856 -2.0460707990  0.1627644823 -0.0493177804  1.0000000000 -0.1769222937 -0.1154126201  1.0000000000
13.1353972968  4.8963533993 -2.8156701132 13.7576692377  3.0180570389 -2.9163642995  0.0192600327  0.1974828858  1.0000000000 -0.1056498718 -0.0530630647  1.0000000000
12.8633779850  4.3239988416 -3.3345540551 14.5355229031  2.5205734234 -2.2798616603  0.0222409510  0.0789114517  1.0000000000 -0.1306926843 -0.0733985498  1.0000000000
13.8245562442  2.5705414597 -3.3669381884 13.9940157973  4.5218559101 -5.1026100759 -0.0982810184 -0.1912430448  1.0000000000  0.2178811699 -0.0734984450  1.0000000000
13.0070817262  2.0996950494 -4.0889381402 13.9208683575  3.1216707250 -3.9827741278 -0.0810535429 -0.2806432489  1.0000000000 -0.0358976558 -0.1434830491  1.0000000000
13.2097686089  3.7951138182 -5.2630023448 12.2152231379  1.8890028144 -3.0790215111  0.1988333487 -0.1651266079  1.0000000000 -0.2889607670 -0.2349882573  1.0000000000
13.2764602674  4.7566213022 -4.5808958237 13.9870246903  4.8078110049 -0.8931323540  0.2082011864 -0.0112324917  1.0000000000 -0.1375132481  0.1853795053  1.0000000000
16.2488920017  3.6416720089 -4.0487342821 12.9537385322  4.3914710284 -1.0300737091  0.1029957749 -0.1139517922  1.0000000000 -0.1999032149  0.2316119623  1.0000000000
14.0646822125  3.0420764357 -2.6211606338 15.3210366198  4.9626777157 -2.5420516917 -0.1079728751 -0.0734655432  1.0000000000  0.0233593634  0.0752245796  1.0000000000
14.9203306802  5.7149152913 -2.3074832268 12.9961993156  4.3542093309 -5.1405803590  0.0899961107  0.1629765189  1.0000000000  0.2241042061 -0.1042300970  1.0000000000
13.8963920618  3.0241231131 -1.7177474559 13.2340022601  3.7477977537 -2.2763270501 -0.2283357006  0.0163433298  1.0000000000 -0.1359580826  0.0833238473  1.0000000000
13.7524412175  5.6143062882 -3.2950754675 13.2218573566  4.5760609006 -4.1417925593 0.1389837431 0.1582272418 1.0000000000 0.1013235564 0.0486918201 1.0000000000
14.0542639469  4.9361273803 -4.6407738127 12.7053230081  6.2177875245 -3.7689937323  0.2066637462 -0.0265149263  1.0000000000  0.1867378832  0.2746339555  1.0000000000
12.5025370477  3.3948652598 -2.7099179491 14.3074061483  4.6260491624 -4.8963076718 -0.1969853598  0.0051820831  1.0000000000  0.1983684899 -0.0926197728  1.0000000000
12.8199007310  3.8083869137 -5.6726484457 14.3559416956  2.6614824592 -2.6147111780  0.2571936185 -0.2284084377  1.0000000000 -0.1066844817 -0.0993753139  1.0000000000
13.8547406533  5.8248354110 -3.0627603571 14.0440456743  2.9763289762 -3.0731908449  0.1179681803  0.2290048304  1.0000000000 -0.0824694992 -0.0837949588  1.0000000000
14.3374143389  4.0110203948 -1.3030365116 13.6703604130  6.0267900312 -2.7719465846 -0.1455932683  0.1889358598  1.0000000000  0.0910320166  0.2386119047  1.0000000000
12.3872872674  2.9022316538 -2.9264349412 11.8199806977  3.2524518487 -2.5382477659 -0.1723552330 -0.1147616482  1.0000000000 -0.2136739640  0.0168013526  1.0000000000
15.3318741512  5.0407573818 -2.5802367557 13.1513275907  4.1016197523 -6.0580499363  0.0210305893  0.1086039503  1.0000000000  0.3126932066 -0.2470463331  1.0000000000
15.6825186229  2.2624126896 -2.2400887927 14.9580518451  5.0386942509 -1.9296529236 -0.1112854027 -0.1503125970  1.0000000000  0.0246508018  0.1233218707  1.0000000000
12.2255752137  3.1340338438 -3.8082751008 14.8383105550  5.5473294333 -2.6413604819 -0.0840148237 -0.1368409428  1.0000000000  0.0964998608  0.1620141595  1.0000000000
12.1553301927  4.1528758289 -3.3152494848 13.0766385476  2.3538023877 -4.2504588793 -0.0602639260  0.0547013246  1.0000000000 -0.0410728656 -0.2275254971  1.0000000000
15.9092858446  3.7167231703 -4.2068819985 12.1853796019  2.8561419184 -3.7905427305  0.0863372333 -0.1054564111  1.0000000000 -0.1307937904 -0.1326253042  1.0000000000
12.3428361745  1.8224979762 -3.1211650323 14.7663633123  2.4166708384 -2.6866705137 -0.2670954555 -0.1692324531  1.0000000000 -0.1189232245 -0.1582716014  1.0000000000
14.9486408918  2.8278365922 -3.3254406950 15.5173219308  1.9225455630 -2.9565286079 -0.0172071382 -0.1533001042  1.0000000000 -0.1277693451 -0.2171825640  1.0000000000
13.7886312795  2.8138101420 -4.5872755901 14.3940774069  4.9185948560 -2.0360098265  0.0432433615 -0.2002106906  1.0000000000 -0.0781775593  0.1295918705  1.0000000000
