864.4000000000
50
-2.9752110856 -4.2462841470  0.6510621449  0.2073077062 -0.2205773117  1.0000000000
-2.7542036419 -3.0190203711  2.8366331223 0.0917628735 0.0919334650 1.0000000000
-3.3918177300 -2.9420295742  3.5607145520 0.1776872874 0.1785608435 1.0000000000
-2.2234481474 -5.0129940406  2.0111964757  0.2565069780 -0.0675597800  1.0000000000
-4.3911459456 -1.9929378344  2.7320379708 0.1631017540 0.1276137161 1.0000000000
-1.0772537346 -1.4996534715  1.2128690539 -0.1712925354 -0.0895470418  1.0000000000
-0.9125655118 -1.4791055836  0.3229162982 -0.2033008284 -0.1674909298  1.0000000000
-1.8501011460 -1.2298725088  3.5519193063 -0.1263655171  0.1682777997  1.0000000000
-0.0741782983 -3.5219656718  1.4804818254 -0.1733591681 -0.1244893303  1.0000000000
-1.4966917416 -3.8014560221  2.3151002865  0.0500747989 -0.0161343878  1.0000000000
-0.8436257708 -2.8926744312  1.6712452131 -0.1210625737 -0.0630074169  1.0000000000
-3.4315942702 -1.5968036045 -0.1394176678  0.0547637831 -0.1478591796  1.0000000000
-1.6378822731  0.0491823583  2.9987807534 -0.1835246111  0.1426156980  1.0000000000
-1.9023872107 -3.1096827782  2.9821670856 -0.0018929542  0.1090759048  1.0000000000
-1.3789026544 -3.9258897310  2.6852796579 0.0484361585 0.0537556501 1.0000000000
-1.7903781414 -2.3886313295  2.7543464127 -0.0727117148  0.1025718467  1.0000000000
-4.0886309045 -3.2112074763  2.9559900567 0.2771992177 0.1607758746 1.0000000000
-2.4948228320 -3.0936510836  0.0018934861  0.0518184889 -0.1994180831  1.0000000000
-1.9957889140 -1.1381394565  0.3865551796 -0.0830779050 -0.0988838205  1.0000000000
-1.2297584568 -2.3184725672  2.8525286830 -0.1411724555  0.1187697277  1.0000000000
-2.6280297580 -1.1206350718  3.5254879100 -0.0605799919  0.2094689246  1.0000000000
-3.5061882488 -1.7734192932  1.9020260158  0.0743177623 -0.0215988132  1.0000000000
-3.1769499512 -2.0536556881  2.0808571997 0.0528470381 0.0433372480 1.0000000000
-2.0274520930 -3.0554123804  0.4187203714 -0.0046628960 -0.2326947822  1.0000000000
-2.2843633316 -4.5473144304  2.8458265957 0.1630056990 0.0970225237 1.0000000000
-3.8667514994 -2.9164429584 -0.1280272721  0.1725721308 -0.2134254022  1.0000000000
-1.4532245251 -2.4039251325 -0.0804310026 -0.0627352539 -0.2360355475  1.0000000000
-3.5954239626 -3.1372718888  2.3718886493 0.1615726472 0.0520041768 1.0000000000
-2.5788617770 -1.2657532607  3.0347488687 -0.0370570923  0.1883606173  1.0000000000
-1.1722505223 -2.3857392622  0.3896583920 -0.1348068122 -0.1649073469  1.0000000000
-2.4570660106 -2.9384232042  2.0156479234  0.0764262932 -0.0261116355  1.0000000000
-0.5801668457 -4.0649473453  0.9911912593 -0.1055222547 -0.1867350560  1.0000000000
-1.5707978363 -1.2921736645  2.8886768181 -0.1341486525  0.1602087266  1.0000000000
-4.0455939999 -2.9614660346  1.0044470706  0.2167888862 -0.1176677379  1.0000000000
-1.3541872208 -3.0895892923  0.4414748269 -0.0502731287 -0.2148336989  1.0000000000
-1.9057743386 -2.4426642584  3.8051358569 -0.0171941321  0.2287433455  1.0000000000
-0.9106436731 -2.4672102925  1.0053710383 -0.1745411957 -0.1631533992  1.0000000000
-1.7785802504 -5.0031036369  0.9083039758  0.1653555725 -0.1985055607  1.0000000000
-2.3168603663 -0.9355347292  1.6583945666 -0.0528245723  0.0212218403  1.0000000000
-1.8321855899  0.2008075881  2.4443334936 -0.1542028210  0.1401451900  1.0000000000
-2.1803655495 -2.7424538559  1.3829514884  0.0187191429 -0.0994916745  1.0000000000
-4.1699071520 -2.9267002922  2.7106152968 0.2064060984 0.0776688578 1.0000000000
-3.8446078634 -3.4831888824  3.6548485886 0.2333727464 0.2233973480 1.0000000000
-3.2014678486 -1.7096584165  3.0161625595 0.0631585923 0.1646817396 1.0000000000
-2.2836148820 -1.2760464326  0.4463770638 -0.0796517156 -0.0941395406  1.0000000000
-3.5266154528 -1.8294178748  2.2344493843 0.0727907935 0.0566788405 1.0000000000
 0.1075047764 -2.6532621822  3.5621375907 -0.3037569828  0.2481111496  1.0000000000
-1.3575403542 -3.3315091823  2.4898736117 -0.0466857169  0.0443769493  1.0000000000
-2.6345401148 -1.4140491671  3.1498833634 -0.0721623360  0.1559438271  1.0000000000
-1.6416466528 -1.8126099579  3.4662971269 -0.0761642114  0.2299087367  1.0000000000
50
-2.8299302772 -4.1945341838  1.8378809661 -2.9759872217 -2.0408538212  1.2095813171  0.2265862677 -0.0402090020  1.0000000000  0.0649775313 -0.0706167375  1.0000000000
-1.9259378918 -2.9839561068  1.4182108902 -2.5824806025 -0.7066302912  3.3130698514 -0.0087251632 -0.0828061963  1.0000000000 -0.0707425190  0.2390923864  1.0000000000
-2.4870154712 -2.5528909827  0.8927455228 -1.2133255851 -1.7146921621  3.5705120939  0.0340965368 -0.1028063564  1.0000000000 -0.1572995844  0.2037199632  1.0000000000
-0.3139122904 -1.9511428360  3.8859820599 -2.2107921889 -3.5031821952  1.7096101984 -0.2122866441  0.2743987735  1.0000000000  0.0607940761 -0.0061462087  1.0000000000
-2.3720283189 -2.2397230842  3.2151256349 -1.1994192296 -3.5089885209  0.6662117833  0.0338098652  0.1989252588  1.0000000000 -0.0451937084 -0.1830596492  1.0000000000
-3.7443153657 -2.6666082763  1.3320960067 -1.2557613474 -1.9536915196  0.3703319209  0.1212336597 -0.0171219938  1.0000000000 -0.1263739790 -0.1631890098  1.0000000000
-1.6229135245 -3.7968307905  2.3670020034 -2.4803360149 -2.2305230278  1.3355142516  0.0698837363  0.0271791976  1.0000000000  0.0412089697 -0.0418918026  1.0000000000
-4.2769840047 -1.2826150743  3.4138471810 -2.8250395187 -3.0577659571  1.6188692023  0.1337702977  0.2211687985  1.0000000000  0.1107627984 -0.0531391036  1.0000000000
-3.2427316273 -2.1939188379  2.4319362516 -1.4721140663 -0.4823660733  3.5484770609  0.0896385319  0.0907345185  1.0000000000 -0.2080454855  0.2158123986  1.0000000000
-3.2523787658 -3.9672162091  2.1262904581 -1.5544468841 -0.2299471243  2.4664413505  0.2062083886 -0.0680430899  1.0000000000 -0.1678039966  0.0962750895  1.0000000000
-1.4272686652 -3.2427156037  1.9641203753 -1.3342294742 -4.4759142786  0.4739826973 -0.0345109956 -0.0232830533  1.0000000000  0.0109596290 -0.3215176303  1.0000000000
-0.2908039412 -2.6975307377  0.7891229302 -3.0089883434 -1.2760271676  2.8496114149 -0.2041042661 -0.2337811741  1.0000000000 -0.0048517900  0.1269232904  1.0000000000
-1.8130383134 -2.8758409577  3.1281979618 -2.4941761884 -4.9969975984  1.4590391338  0.0065581081  0.1490134159  1.0000000000  0.2661856560 -0.1354888011  1.0000000000
-3.1714961031 -1.4915734348  3.4875174392 -2.2987383675 -2.7824835127  2.7070193061 0.0384820605 0.2040446085 1.0000000000 0.0367999456 0.0740193103 1.0000000000
-0.5903163763 -1.9881715320  0.0249694052 -3.1414771530 -3.2557887422  3.5305218544 -0.2193866053 -0.2681703985  1.0000000000  0.1271662951  0.1663250499  1.0000000000
-1.1917057856 -2.5424063163  0.4818947191 -2.2865293999 -1.1899954860  0.3922539434 -0.0830462452 -0.1709540170  1.0000000000 -0.1166737863 -0.1301016321  1.0000000000
-2.0141384128 -2.7738636339  1.8381221811 -1.5678059033 -2.1724196008  1.0008846709 -0.0103880682 -0.0119424922  1.0000000000 -0.0412113179 -0.1303032837  1.0000000000
 0.1988513215 -3.0530090741  2.6321599598 -1.7786774290 -2.1021105800  2.5585016804 -0.2494331128  0.0375803142  1.0000000000 -0.0776218592  0.0880687884  1.0000000000
-1.3259209399 -2.5688698380  1.7173632656 -4.9932197274 -1.9642790636  3.0001422409 -0.0608091861 -0.0558977837  1.0000000000  0.2102685874  0.1526914341  1.0000000000
-0.6344761388 -1.6605773685  1.2411490262 -3.8272397626 -3.1227338609  2.9031658399 -0.2221353192 -0.0607179712  1.0000000000  0.2644601088  0.1296868901  1.0000000000
-0.3222572770 -2.2763255616  0.7385485951 -1.5408279575 -1.9874055730  0.0243384455 -0.1752912153 -0.1738371381  1.0000000000 -0.1180831511 -0.2183120618  1.0000000000
-3.9180666505 -1.7179123983  1.5308599125 -0.2485344033 -2.1595349392  0.0525266545  0.1077356968 -0.0254928356  1.0000000000 -0.2641373347 -0.2256081355  1.0000000000
-2.9079284622 -2.5289074437  0.0018757438 -2.1651159645 -1.1648289290  1.8184281753  0.0750894448 -0.2014570112  1.0000000000 -0.1278999156  0.0308431895  1.0000000000
-2.2960370220 -3.9244549195  3.9613396831 -2.5005984154 -2.6570221798  3.4550871086 0.1741951174 0.2685360580 1.0000000000 0.0418984555 0.1948482338 1.0000000000
-3.4834374767 -3.8576199547  1.5563563712 -2.9332767424 -2.7363700560  3.6538480334  0.2598676958 -0.0437160156  1.0000000000  0.1300163198  0.2383905754  1.0000000000
-3.1579177454 -3.9483551063  1.2523427899 -3.6799059289 -3.4054581468  3.6499784742  0.2135680266 -0.1005374529  1.0000000000  0.2409090049  0.2265145591  1.0000000000
-2.5336556487 -1.5042527705  3.0508608709 -1.8096444197 -2.9287863094  0.9853730320 -0.0297153445  0.1470000905  1.0000000000 -0.0013347954 -0.1135530637  1.0000000000
-2.2633643839 -2.4371263368  3.7361702352  0.1591115610 -2.8519796994  3.1285222683 -0.0020292002  0.2581735273  1.0000000000 -0.2633394307  0.1203594070  1.0000000000
-3.6215939740 -3.9173204075  3.5278573226 -2.4200872457 -4.9937788093  1.5463930567  0.2621381461  0.1664001219  1.0000000000  0.2550063924 -0.1339655176  1.0000000000
-1.8101477883 -1.3716800225  2.6269040755 -1.2658422723 -1.8647917196  0.6015950544 -0.1352413995  0.0822150085  1.0000000000 -0.1213367773 -0.1488032634  1.0000000000
-1.6751516544 -3.2109430480  2.4340317081 -0.9299666016 -3.8731996350  0.3362318461 -0.0183528403  0.0524594082  1.0000000000 -0.0324796211 -0.2905250454  1.0000000000
-0.5038759980 -3.1631928192  3.0730229579 -2.0725902008 -2.8274533217  0.4823104797 -0.2006702145  0.1439173072  1.0000000000  0.0274647027 -0.1881788216  1.0000000000
-3.0808145610 -0.9209017896  1.7669188684 -1.1216653430 -1.8696750223  2.3276872620 -0.0428855869  0.0097662562  1.0000000000 -0.1211932569  0.0555288911  1.0000000000
-0.9000881741 -1.0965981733  3.5578990438 -1.5339715807 -2.5436688084 -0.0564033416 -0.2638406888  0.2555807265  1.0000000000 -0.0815416707 -0.2262967509  1.0000000000
-0.5832747021 -1.8185322265  2.5162283677 -1.6542056582 -1.7935676929  0.6873602175 -0.2104721391  0.0880025759  1.0000000000 -0.1229410937 -0.1260801077  1.0000000000
-4.1021306874 -2.2868830778  1.6611242424 -3.0798875906 -3.8959238950  2.6750880423 0.1338948349 0.0058087574 1.0000000000 0.2376184658 0.0765729996 1.0000000000
-3.0545725216 -1.9288102931  2.5883717701 -3.8666153646 -1.8770430323  0.4694104352  0.0555650212  0.1444195571  1.0000000000  0.1266406831 -0.1371758588  1.0000000000
-1.2926769945 -2.5955310674  0.6716968867 -4.4771141029 -2.1730312198  2.2025223333 -0.1005076194 -0.1877514291  1.0000000000  0.1729104553  0.0679868123  1.0000000000
-2.3199355149 -5.0958977460  1.0435712649 -2.6105967471 -4.5830935651  3.0240163309  0.2168705480 -0.2467932263  1.0000000000  0.2488069004  0.1157187039  1.0000000000
-1.9827307968 -3.2385067430  0.2960164636 -3.1068346237 -3.0413930856  2.7885015821  0.0083283939 -0.2583967336  1.0000000000  0.1240313113  0.1339143086  1.0000000000
-1.9574368423 -1.2225201250  1.8138354510 -3.8409017423 -2.9038865903  3.2665945777 -0.0971389560  0.0357710421  1.0000000000  0.1833678359  0.1747502606  1.0000000000
-2.5170000681 -2.9333403292  2.1856129989 -2.3190610363 -4.8016507082  2.3630117120 0.0719552257 0.0040331453 1.0000000000 0.2293903510 0.0395480241 1.0000000000
-1.3626771928 -0.2800489954  3.2776779275 -1.8867459189 -4.0837260852  3.5115732411 -0.2244303852  0.1813866328  1.0000000000  0.1330954751  0.2297965872  1.0000000000
-4.4748584370 -1.4804394197  2.9508894442 -3.1424345905 -1.1352965765  3.3583475274 0.1634357162 0.1350687323 1.0000000000 0.0110700692 0.1718829625 1.0000000000
-2.8870568435 -2.1756639036  1.2141486560 -1.0469994590 -2.6685954410  3.4461631022  0.0524900835 -0.0773638115  1.0000000000 -0.1197591006  0.1887334787  1.0000000000
-4.4269869919 -1.6644782238  1.8594542013 -2.1346099037 -4.0700346904  0.8532571562  0.1397829148  0.0048767282  1.0000000000  0.1483522914 -0.2130597507  1.0000000000
-0.5932532944 -3.0529724729  2.6316367822 -3.6272981108 -2.1754133166  2.3390066491 -0.1662752174  0.1305163077  1.0000000000  0.0930550034  0.0234562073  1.0000000000
-2.9601506952 -2.7472563254  1.5549584010 -2.3805164701 -2.2234514733  1.7491149402  0.0659519140 -0.0504414793  1.0000000000  0.0171036089 -0.0209995168  1.0000000000
-1.1508013403 -3.0339285357  1.9188162997 -0.5302113733 -3.6222068381  1.4236919647 -0.1087984755 -0.0129399797  1.0000000000 -0.1406664016 -0.1196651564  1.0000000000
-2.7606090123 -3.0660033722 -0.0899573751 -1.3862451286 -3.9054309526  1.1620115773  0.0880123315 -0.2497270515  1.0000000000  0.0290522480 -0.1591487879  1.0000000000
