988.2000000000
50
11.7118207002 14.4097474435  1.2920677978 -0.1295740322  0.1924721537  1.0000000000
 9.5003186295 14.4630642563 -1.9152534702 -0.1101361319 -0.1801478617  1.0000000000
 8.1922282352 13.8066052407 -2.1243731624 -0.0892401775 -0.2353676779  1.0000000000
10.1990395724 15.2552778098 -1.9025286166 -0.0779102665 -0.1858953872  1.0000000000
10.4590578435 15.6148487969  0.3422430129 -0.0034580545  0.0807665234  1.0000000000
10.5039259264 15.8585608702 -1.4936538631 -0.0356677642 -0.1780537015  1.0000000000
 7.5681409122 15.2219302293 -0.5328745315  0.1765273957 -0.0786284767  1.0000000000
10.0630904587 14.7863469850  1.2822826440 0.0163720846 0.1130676674 1.0000000000
 8.6260022128 12.6376952883  0.0055278233 -0.1888568482  0.1503158749  1.0000000000
10.2532086792 15.7923632269 -0.6714882055 -0.0133552166 -0.1041272776  1.0000000000
 9.5214342441 16.5379199821  0.4596863275  0.1938360615 -0.0156215665  1.0000000000
10.1000161769 16.5424863532  1.3503116767 0.1159355395 0.1190620127 1.0000000000
 7.7867787069 13.9157826642 -2.3770624248 -0.0656113392 -0.3226548909  1.0000000000
 8.0163527806 14.1433373012 -1.0943841750 -0.0171932487 -0.0958202351  1.0000000000
10.8674711890 13.9997137301  0.6565138468 -0.1406775933  0.1835568341  1.0000000000
11.3663947977 14.7010474418 -1.7083878261 -0.1768949163 -0.0680478435  1.0000000000
 7.6502382237 15.1752041255  2.0802068742 0.2581621683 0.2658254931 1.0000000000
 8.6789745863 13.0719757793 -0.9609159127 -0.2364147424 -0.0537072002  1.0000000000
 9.6418832855 16.6112704621  0.6706875109 0.1648691564 0.0232415527 1.0000000000
 7.0205725633 16.1278600808 -1.3100734807  0.3024169898 -0.2454528806  1.0000000000
 9.5626564530 15.7672582209  1.7423712055 0.1288583954 0.1505323492 1.0000000000
 9.0886111834 14.8791283186  0.7591526060 0.0524738149 0.0564252805 1.0000000000
 8.9277894134 15.6026784264 -1.9181973826  0.0469640057 -0.2153118964  1.0000000000
10.0872694539 15.8786500243 -0.1678074091  0.0749836506 -0.0287031967  1.0000000000
 9.2622768801 15.7430778229  0.5972232132 0.1400207818 0.0769327629 1.0000000000
10.5581622551 15.3964224187  0.5072928964 -0.0028036916  0.0657181224  1.0000000000
10.6009118608 15.1343217113  0.1441983019 -0.0371876232  0.0257662500  1.0000000000
 8.2553511002 14.5826093452  0.8608895536 0.0774611258 0.1314245188 1.0000000000
 9.8471801782 16.4817970296  0.6026942632 0.1529635648 0.0487281591 1.0000000000
10.3899883222 16.2492425544  0.1587890422 0.0774882421 0.0127034154 1.0000000000
 9.5289863391 16.9371462462 -0.4675527149  0.1421510230 -0.0989746748  1.0000000000
 9.4393431180 14.7914628182  1.3042318910 0.0061712185 0.1618077248 1.0000000000
10.3664610041 13.8721634081 -1.1269076627 -0.2230729790 -0.0652188648  1.0000000000
 7.7289192899 13.6298458291  1.5531565141 0.0926393224 0.2704115052 1.0000000000
10.0493430688 14.7808825299  0.4191418575 -0.0326564778  0.0385674800  1.0000000000
 9.4133928015 13.6253757656 -2.1319021413 -0.2389092017 -0.1866695855  1.0000000000
 9.7930842443 17.1946590050  0.6086256331 0.1937814797 0.0296080334 1.0000000000
 9.0919071782 16.5931778128 -1.0217715794  0.1291325694 -0.1511894589  1.0000000000
 9.5827981316 12.4932857198  0.8907983214 -0.2379324638  0.2658779446  1.0000000000
 9.3000799990 16.7941771617  0.7667769303 0.2214847652 0.0176645047 1.0000000000
 6.9320762335 15.3139237431 -0.1456510580  0.2425545925 -0.0595080338  1.0000000000
10.4518059218 16.0052320135  2.0085640663 0.1120159634 0.1898620879 1.0000000000
 8.8628817407 14.5199760680 -2.2535115696 -0.0789302550 -0.2209949535  1.0000000000
 7.7616769052 15.6186842295  0.7063636412 0.1987942313 0.0861284073 1.0000000000
 9.6348791567 17.9968485935 -1.2695286409  0.1615313291 -0.1647872435  1.0000000000
 7.4648164193 15.1024695706 -1.6973992542  0.1150869097 -0.2652313209  1.0000000000
 8.4744615281 17.4292073798 -1.3602073385  0.2553726773 -0.2269420878  1.0000000000
 9.5191571327 16.7017073605  1.5401035631 0.2077777640 0.1167675383 1.0000000000
10.0229615364 15.5888521709  1.3568204865 0.0905181326 0.1603034916 1.0000000000
 7.9843535295 15.6789789774  1.3516601849 0.2607246366 0.1753727938 1.0000000000
50
 9.3832532287 16.1490683538  0.8011502631  9.6071851367 16.5942068745 -0.2517202369  0.1104843636  0.0577378359  1.0000000000  0.1261243270 -0.0296028191  1.0000000000
 9.5397224768 16.2453758763  0.8932145105  8.1288824749 13.7702209572 -0.1747490515  0.1568527903  0.0759754589  1.0000000000 -0.0592251252  0.0346550955  1.0000000000
 9.1370901176 14.5729192862 -0.2293378903  8.7935612708 15.2589300394 -1.4928740245  0.0151179510 -0.0197930589  1.0000000000  0.0008956959 -0.1911316494  1.0000000000
 9.2669497743 15.6100717433 -1.4821775811  8.6177842539 14.2912407344 -2.0614782574  0.0328091660 -0.2121072728  1.0000000000 -0.0971551983 -0.2273435603  1.0000000000
 8.7624760662 12.6553574136  0.1226016867  9.8089195010 16.8692008002  1.0785285248 -0.1940352616  0.1414010420  1.0000000000  0.1670391799  0.0599203387  1.0000000000
 8.3577000032 14.7604012355 -0.5594676390  6.8050206600 15.6963223557 -0.8078629975  0.0153707841 -0.0606703906  1.0000000000  0.2566317357 -0.1871607828  1.0000000000
 9.9888874748 16.5554090577 -1.8717137613 10.3114783264 14.5784662140 -1.9962063760  0.0435935568 -0.1963381288  1.0000000000 -0.1409256489 -0.1763012503  1.0000000000
 7.4735609420 14.3787721368  0.2231305082  8.3417134705 16.4722104837 -1.5325427859  0.0775211035  0.0705489697  1.0000000000  0.1939118749 -0.2562334993  1.0000000000
 6.6854902561 15.1344909072  0.7774621098 10.4830740451 13.0465487654  0.7651975692  0.3062498675  0.0822083772  1.0000000000 -0.2231424086  0.1984410469  1.0000000000
 9.5083815040 17.0800975726 -1.5097295931 11.1177196464 15.1812410863  1.5752909947  0.1311821306 -0.2144754590  1.0000000000 -0.0162745188  0.1433378523  1.0000000000
 9.6117229541 17.0819876581 -0.5423140373  9.7774919613 13.5342567494 -1.2917940157  0.1222454044 -0.1133662842  1.0000000000 -0.2110883144 -0.0252976263  1.0000000000
 9.4245668475 13.5139033712 -1.8057536385 11.4120025327 14.3443151290  1.0519466339 -0.1940983408 -0.2051521316  1.0000000000 -0.1122883552  0.1879182108  1.0000000000
 7.3126961519 14.2285615024  1.8999349946  9.1927142945 16.3390903798  0.3031967471 0.2387194738 0.3179577065 1.0000000000 0.1403658636 0.0222349888 1.0000000000
 9.3223641351 14.7374078971 -0.1170507998  9.1217537695 14.9013047183 -1.9580515951  0.0361847940  0.0145132627  1.0000000000 -0.0854977191 -0.1768845505  1.0000000000
 9.5975277452 14.0342862900  1.2799539004  8.9208776204 13.4269364158  1.0856327610 -0.0372565145  0.1815241593  1.0000000000 -0.0826940180  0.2716982453  1.0000000000
 9.7909840995 15.3369339428  1.1039209178  8.2011980325 16.8406146475 -0.6161164817  0.0723340817  0.1367325524  1.0000000000  0.2446546643 -0.1798555367  1.0000000000
10.1820559866 14.1364730855 -0.2996584920 10.5466150306 14.0617448224 -0.7048648986 -0.1705472406  0.0408047935  1.0000000000 -0.1569597117  0.0235360838  1.0000000000
11.2521022686 14.3687647035 -0.4498782699  9.3039492048 15.8444854973 -0.9454760920 -0.1734661693  0.0160543240  1.0000000000  0.0434564407 -0.1224345705  1.0000000000
 9.9190685422 13.3521249215  0.3420087919 11.0027410891 15.2395210305 -1.4528641086 -0.1595046725  0.1279254027  1.0000000000 -0.1249358995 -0.1474706958  1.0000000000
 9.2476110732 13.0142816488  0.1737483390 10.4029770532 14.4574510937 -2.5775953010 -0.1803280260  0.1481829137  1.0000000000 -0.2136884165 -0.2420459098  1.0000000000
 6.8808693754 14.6495500637  0.9713776450 10.3460685787 14.0540883982 -1.5684459988  0.2208891898  0.1898958216  1.0000000000 -0.1959767382 -0.1160466945  1.0000000000
 9.3581972514 15.0063338393  1.4679945737 10.9714846312 14.2360240263 -0.3844138603  0.0997945363  0.1801535433  1.0000000000 -0.1603359612  0.0335984857  1.0000000000
10.1287533045 16.3434439609 -0.1533113253  9.7504074102 17.7855870153 -1.1339638021  0.0495971552 -0.0257549672  1.0000000000  0.1620125131 -0.1690239515  1.0000000000
 9.1297627184 15.6339041635  0.2020498596  9.0623896499 16.7656998121  0.2145061018  0.0698588484  0.0020032444  1.0000000000  0.2210731835 -0.0207851868  1.0000000000
10.4947104345 16.0637299958  0.9570975953  7.4384515201 14.6762191446 -0.5294562303  0.0685998373  0.0914159548  1.0000000000  0.1295845087 -0.0303490295  1.0000000000
 8.2046736298 13.9124288602 -0.8451465133  6.9084446591 14.9224736558 -1.9818382731 -0.0851306942 -0.0543046519  1.0000000000  0.1202446421 -0.3519903869  1.0000000000
 7.6438553196 13.9857573934  0.0977497946 10.5805561712 14.2130903229 -1.0979329955  0.0532944152  0.0424325413  1.0000000000 -0.1693423728 -0.0904545887  1.0000000000
10.0153961304 15.9208070859 -0.8914880191  8.7079145396 15.4156904195 -0.9013767681  0.0088928635 -0.0753019589  1.0000000000  0.0575506693 -0.1191515606  1.0000000000
 9.6791703271 13.0189445946  0.7322039882  7.5248622178 14.0598371979  0.2408291544 -0.1648897119  0.2262766295  1.0000000000  0.0978138914  0.0614042377  1.0000000000
11.1550918548 15.1898672492 -0.0389003002  9.1989828022 15.5064007061  0.7578413026 -0.1153771499  0.0512168725  1.0000000000  0.1303821271  0.1133848761  1.0000000000
 9.3892523183 12.6605018440  0.4664016144 10.6434696566 13.4899041400  0.5799074760 -0.2443364763  0.1996269327  1.0000000000 -0.1689769218  0.1099079666  1.0000000000
 8.2611845900 14.5255228890  1.5026261272 11.2362927474 14.1279590324 -0.3153860333  0.1467726984  0.2070403223  1.0000000000 -0.1781952871  0.0403142473  1.0000000000
10.8935028563 15.4718363370 -0.6510077730  8.9482653690 14.7621267772  1.3343777406 -0.0300201719 -0.0789536202  1.0000000000  0.1043196504  0.1887319238  1.0000000000
 7.5563658934 14.2993632951 -1.2930367731  8.8467190332 13.3216773565 -1.5596330634  0.0360119972 -0.1579520315  1.0000000000 -0.2168317689 -0.0927387796  1.0000000000
 9.5836545904 16.4234829031 -0.7971806993  8.2198880563 13.1685027993  0.8859182405  0.0819729649 -0.1308310492  1.0000000000 -0.0524385475  0.2165392023  1.0000000000
10.5267204104 15.0437676928 -1.9349716923 11.4598810041 13.9151947406  0.2768485380 -0.1501838509 -0.1460791929  1.0000000000 -0.1689373095  0.1330699312  1.0000000000
 9.5155153339 17.8116054268 -1.2027988145  9.7051824328 14.8198884414  1.3224453218  0.1989982874 -0.1788493458  1.0000000000  0.0304644763  0.1753485960  1.0000000000
 9.0436911708 16.2916603333  1.6149694763  6.8648992749 15.1198062797 -0.7606880942  0.1916337711  0.1564759815  1.0000000000  0.2249038335 -0.0991326653  1.0000000000
10.6008093471 13.9809670247 -1.3413044890  8.4127799217 13.5721264043 -0.3399580707 -0.2227177540 -0.0985985958  1.0000000000 -0.1214625216  0.0267286745  1.0000000000
 8.1750402920 14.8831120854 -0.7924278494 10.8456490765 15.8138613341 -0.4531211253  0.0135934492 -0.1189817230  1.0000000000  0.0321874589 -0.0719088260  1.0000000000
 8.3664027383 15.1087201505 -1.3010451089  9.5003124312 14.9540445278 -2.0885170638  0.0342833811 -0.1766447378  1.0000000000 -0.0641438770 -0.2376865254  1.0000000000
 9.5124183169 15.2493748231 -2.2063460235  9.8749203456 13.9625823194 -0.0001757117 -0.0145527544 -0.2270848440  1.0000000000 -0.0821736377  0.0934566744  1.0000000000
 8.5484619640 12.7577575983 -1.5218475537 11.1232818097 15.5876209103 -0.7631287302 -0.3088080461 -0.0965861218  1.0000000000 -0.0683443215 -0.0659138803  1.0000000000
 9.5523956059 16.6492234790 -1.6455925074 10.7083147537 15.0895304122 -1.6123170303  0.0707749520 -0.2175729909  1.0000000000 -0.0947784599 -0.1070250191  1.0000000000
 7.8774901773 14.3232718178 -0.3013786004  8.9201006906 16.9053022346  0.3005715096  0.0436964988 -0.0053433568  1.0000000000  0.1737316387 -0.0013744824  1.0000000000
 8.8752370730 12.7455569639  0.4011128020 10.3937228893 14.6749768346 -1.0778591188 -0.1674050260  0.1939582975  1.0000000000 -0.1228075746 -0.0806898902  1.0000000000
 8.3406372082 12.4908932376  0.9683043976  7.9639871086 15.8445159604  0.1201863568 -0.1721048620  0.3026889746  1.0000000000  0.2156800338 -0.0410022675  1.0000000000
10.1934238800 14.1762784719 -0.4472808592  9.5772864016 15.4537694534  0.0385236556 -0.0953465689  0.0265265203  1.0000000000  0.0512262551 -0.0036066196  1.0000000000
10.5106832410 16.5173369177 -0.6064188454  8.9065757962 16.6434108613 -1.0841158977  0.0764686753 -0.0886691144  1.0000000000  0.1487259612 -0.2047513590  1.0000000000
10.8050241741 15.2816891509 -1.1294826972  8.1862752308 16.0646409824 -1.6867167843 -0.1120692377 -0.1096047191  1.0000000000  0.1239259257 -0.2163842512  1.0000000000
