126.6000000000
50
 10.5756336583 -10.8084598471 -14.7395315587  0.0819851750 -0.0153714605  1.0000000000
  8.6620862861  -8.6122001781 -13.0344185879 -0.1440507579  0.1191457401  1.0000000000
 10.5640889238 -10.3709635784 -14.0737092000  0.0795394560 -0.1175420576  1.0000000000
  9.8401309111  -8.1344545781 -14.2987900328 -0.2019604335 -0.0410365072  1.0000000000
 10.6706687938 -11.4798811899 -11.9334553935  0.3238495967 -0.2024145039  1.0000000000
  9.2178303367 -10.2635770584 -14.2749987947 0.0491714111 0.0542282644 1.0000000000
  9.8551821272 -11.9145562816 -14.1968884787  0.2685304566 -0.0077338668  1.0000000000
 11.6864658626 -10.2339251474 -14.1294366633  0.0521686450 -0.1847400915  1.0000000000
  8.2300539968 -10.8027272501 -14.5389875367 0.1278865564 0.1909655813 1.0000000000
 10.8622151479  -8.3976158644 -14.9274674648 -0.1560101428 -0.0487834127  1.0000000000
 11.0916954429 -10.3182692999 -11.9301917697  0.1044795015 -0.2443076837  1.0000000000
 11.3251935026 -10.1178459707 -14.6877799272  0.0132272010 -0.1099005214  1.0000000000
  8.0655137804 -10.7478466179 -13.0430070729 0.1720965855 0.1670491592 1.0000000000
  8.6480399601  -9.7659074950 -15.0682587793 -0.0355406606  0.1724804030  1.0000000000
  8.9896430842  -8.2205537025 -15.6655934644 -0.1803578637  0.1519069182  1.0000000000
 10.0580112282  -8.9085917635 -13.6326958577 -0.1243163858 -0.0428180570  1.0000000000
  9.4099999700 -11.0392130600 -11.5466646382  0.2738042924 -0.0812320743  1.0000000000
  7.4114909720 -10.0064739290 -12.8604735064 0.0776930719 0.2793706634 1.0000000000
  8.4178672241  -9.1126754450 -12.2161084975 -0.1063102658  0.0651973732  1.0000000000
  8.5881810644 -11.6021749518 -13.1737434121 0.2005767397 0.1332828683 1.0000000000
  9.8185917747 -10.9226851758 -12.7768382906  0.1767111299 -0.0398306411  1.0000000000
  8.1988695423  -8.1626865498 -14.7625753280 -0.2326313156  0.1775952965  1.0000000000
  8.9205806499 -11.5381388727 -13.1820586519 0.2361578993 0.0751699910 1.0000000000
 10.8374946502  -8.2549989944 -12.2219502564 -0.1609510228 -0.2389343123  1.0000000000
 10.5074398805 -10.9782570115 -11.1687385685  0.2877204709 -0.3039268074  1.0000000000
 10.1404908545 -10.5644238278 -13.0655875339  0.0857751356 -0.0830023159  1.0000000000
 11.2186880663  -8.7014101753 -14.4828993859 -0.1261975574 -0.1299454468  1.0000000000
  9.0767808823  -8.8753991264 -15.0898850586 -0.1343384312  0.1107736905  1.0000000000
 10.8891345633  -8.9143437756 -12.7164518859 -0.1173760509 -0.2133092335  1.0000000000
 10.6819420222  -8.8187952007 -11.5922459160 -0.1026618221 -0.3026623748  1.0000000000
  8.3773853988 -10.5092748753 -14.0218351695 0.0972436624 0.1612186249 1.0000000000
  8.1271900566 -11.8021668931 -13.5555843769 0.2607674613 0.1984920247 1.0000000000
  7.8519864975  -9.8053515189 -12.3898498928 0.0331073749 0.1820726841 1.0000000000
  7.4097032163 -11.3060816848 -12.6365779973 0.2617379350 0.2896408502 1.0000000000
  8.0401414095  -8.2303095033 -13.1427945366 -0.2295098877  0.1683005439  1.0000000000
  9.7078094395  -8.4742055140 -13.8801919840 -0.1659315597 -0.0245524529  1.0000000000
  9.3541297599 -10.2848914926 -14.6276145832 0.0230347047 0.0694794222 1.0000000000
  8.2339547853  -9.3684212541 -14.1301866319 -0.0688781732  0.1048688701  1.0000000000
 11.0036681157  -8.1829621213 -13.5999722317 -0.2208325025 -0.2030019998  1.0000000000
  9.9408376971  -9.7068332336 -14.0354140076  0.0048803908 -0.0581699332  1.0000000000
 11.0187224790  -9.8577100770 -12.8329049121  0.0359201845 -0.2308965247  1.0000000000
 10.9114839560 -11.6415892174 -12.0401841181  0.3157746610 -0.2681563730  1.0000000000
  8.6502600748  -9.1995567112 -12.4107273492 -0.0463137188  0.0964689520  1.0000000000
  8.9818558708  -9.2322634316 -11.9908587953 -0.0246927131 -0.0156904191  1.0000000000
  9.8128555249 -10.0012969608 -15.0107750044 -0.0101357315  0.0035901966  1.0000000000
  8.4979635468 -10.4150470495 -13.2444199279 0.1159536315 0.1319360254 1.0000000000
 11.1173654399  -8.6703137539 -15.2851518491 -0.1009919229 -0.0953282831  1.0000000000
  9.6112706894 -11.4300712796 -14.9191478261 0.1412226607 0.0481318885 1.0000000000
  9.5368229332  -9.3245146677 -15.9156921848 -0.1225864870  0.0912751055  1.0000000000
 10.7821503774 -11.0990354205 -12.7917278561  0.2095428837 -0.1819113210  1.0000000000
50
  8.8312789738 -10.0579800214 -13.7131928394   9.5223573095 -10.5802607583 -15.2307521503 0.0458840281 0.0765428232 1.0000000000 0.0640554692 0.0613557339 1.0000000000
 10.7536478301  -8.4840484625 -11.9263880030   9.4331337575 -10.5306606960 -12.5664761436 -0.1489244879 -0.1959864289  1.0000000000  0.0859272229 -0.0088407527  1.0000000000
  7.6851440921  -9.0230207106 -13.6073821755   8.7163573350  -7.7787629293 -12.5476565655 -0.0897839609  0.2527938412  1.0000000000 -0.3090710961  0.0413361076  1.0000000000
  8.6547460656  -9.1296149801 -13.6968680058   9.2098106220 -11.6343313567 -12.9474942177 -0.0874467536  0.1335470865  1.0000000000  0.2987326805  0.0488762188  1.0000000000
  7.8949059496 -10.5315598177 -12.8762184151   8.4841768087 -11.1532540795 -12.4350419731 0.0950567298 0.1798893625 1.0000000000 0.2442964753 0.1410795075 1.0000000000
 11.2640116913 -10.0278049272 -13.3401754641   7.3823556868  -8.7416275029 -13.1323630886  0.0523461170 -0.1704235151  1.0000000000 -0.0887848932  0.2793036960  1.0000000000
 11.4557996047  -9.0851115301 -14.0679447372  10.9116767688 -11.0395894016 -14.9596087305 -0.0641411699 -0.1639053186  1.0000000000  0.1386108847 -0.0403438361  1.0000000000
  9.4828793652 -10.6765266952 -14.2840891319   9.6275089700  -9.1601181305 -15.6831861619  0.1122452614  0.0544403956  1.0000000000 -0.0505100130  0.0810539894  1.0000000000
 11.9637791922 -11.8691848502 -14.3917789562   9.6420512148  -9.8340352745 -12.6308643536  0.1925349119 -0.1852285241  1.0000000000  0.0154079173 -0.0227763709  1.0000000000
  8.9747449306  -9.2011399848 -12.8088481392   9.5123088117  -8.2666691119 -15.7080753431 -0.0783545353  0.0062169611  1.0000000000 -0.2066108920  0.0690288451  1.0000000000
 10.8608008912  -8.4710095357 -14.4773935282   9.7444342434  -8.0796075459 -13.0203443861 -0.2090703879 -0.0994715558  1.0000000000 -0.2392916457 -0.0522737922  1.0000000000
 11.1012668605  -8.5569769909 -13.3985228123  11.7580004225 -10.0575005640 -14.1750390277 -0.1460535642 -0.2087882369  1.0000000000  0.0099966481 -0.2357505686  1.0000000000
  8.9862914328  -8.5102421312 -14.4193422159   8.7698733442 -11.0292491368 -12.7259577103 -0.1682649623  0.1137727093  1.0000000000  0.2346849234  0.1056758709  1.0000000000
  9.3685511084 -11.3810643063 -13.5119507352   8.3801390697  -9.0446668386 -14.1088759210  0.1927442869  0.0268393648  1.0000000000 -0.0723483368  0.1927974182  1.0000000000
 12.1196615170 -11.3518851879 -14.5016707175   7.8357013421 -10.0371024366 -13.6786355118  0.2082715127 -0.1802753115  1.0000000000  0.0724427935  0.2156117462  1.0000000000
  8.8174760613 -11.0756086717 -13.2361025252   7.9084832474  -8.7803665470 -14.4704203723  0.1624028540  0.0703599660  1.0000000000 -0.1717057762  0.2558306456  1.0000000000
  9.7774193603  -9.1723057007 -13.9575660005  10.7427506071  -9.4628972297 -14.3033251636 -0.0616288670 -0.0142005053  1.0000000000 -0.0134562518 -0.0993482747  1.0000000000
  7.9612028606  -8.1663465474 -13.5780194554  11.0278894196 -10.5388714461 -12.5329805050 -0.2427495368  0.1876610249  1.0000000000  0.1403613703 -0.2344249104  1.0000000000
  8.9776603708  -8.8459600349 -12.8164806372   7.1465530366  -8.1700315491 -13.1287049743 -0.0997603886  0.0441012943  1.0000000000 -0.2814508168  0.3076252225  1.0000000000
  7.6966481049  -8.4093548896 -14.0616255230   9.9401694841  -7.8472920405 -12.4778461661 -0.1822763568  0.2429224625  1.0000000000 -0.2784450697 -0.0909731613  1.0000000000
  9.4787121392 -10.8369597230 -14.5880486003  11.1347317862 -10.4537824806 -13.1050918057  0.0833214490  0.0649590935  1.0000000000  0.1345894495 -0.2304603374  1.0000000000
  9.4080022674  -8.6392504561 -14.9369785970   9.3657102356  -9.4070086880 -11.8387861884 -0.1241573296  0.0965186472  1.0000000000 -0.0057030218 -0.0913648459  1.0000000000
  9.0016552664  -9.0758999570 -13.6694637236  11.3924560993  -9.2906798333 -12.9620831613 -0.0861825482  0.0312388831  1.0000000000 -0.0401604481 -0.2486769369  1.0000000000
 10.2131356524 -11.3870583417 -11.8592857475  10.3620955058 -11.5378532407 -12.9591785730  0.2870930185 -0.1577345040  1.0000000000  0.2169538770 -0.1315224093  1.0000000000
  9.2226266673 -11.5209491526 -13.8346210965   8.7217441303  -8.8014236021 -14.9389392440  0.1646039031  0.0535147525  1.0000000000 -0.1278829111  0.1674349996  1.0000000000
  9.8420176900 -11.2786617589 -14.2810427954  11.1501926794 -11.4469132453 -12.4040210699  0.1640455577 -0.0437350039  1.0000000000  0.2410320750 -0.2270232865  1.0000000000
  7.9731693918 -10.0735128705 -12.4457658621   8.0935059443 -11.6682418841 -12.8081171002 0.1181584457 0.1577865205 1.0000000000 0.2878867009 0.1701124305 1.0000000000
 10.9751472003 -10.3118409300 -13.7318096064   9.6695462150 -10.6504486643 -15.5337903373  0.0413233632 -0.1152414855  1.0000000000  0.0909493112  0.0898956176  1.0000000000
  8.0576201348 -11.2333738436 -13.4089424928   9.9774945676  -8.2574490593 -12.7336372598  0.2676426342  0.1919133899  1.0000000000 -0.2048745072 -0.1074802471  1.0000000000
  7.8921178730 -10.8635423035 -12.9525049555   8.9969000257 -10.0029891230 -12.1598424742  0.1408079247  0.1544906880  1.0000000000  0.0474929808 -0.0048647886  1.0000000000
 10.4037342646  -8.1688766738 -12.6343727519   8.6713364415  -8.3806629714 -12.5541934182 -0.1943685033 -0.1497045913  1.0000000000 -0.1933487183  0.0611103968  1.0000000000
  8.3718333843 -11.4112141920 -11.9548923098   8.5235410022 -10.9682114914 -14.5178235404 0.2961020211 0.1027396919 1.0000000000 0.1332807177 0.1751856124 1.0000000000
  9.7868711045 -11.6748281547 -13.7509047321   9.3815707726 -10.1930908181 -12.3940931087  0.1807802141 -0.0499253656  1.0000000000  0.0874575319  0.0038175690  1.0000000000
  9.1466734257 -10.0299910210 -15.2385489205  11.6535788059 -10.9997176726 -13.3497356289 -0.0406955485  0.1431711919  1.0000000000  0.1203512935 -0.2371982855  1.0000000000
 11.1486104325 -10.5118603373 -14.1938482765  10.4571078880  -8.4561381526 -13.7395875299  0.0428930240 -0.1461449443  1.0000000000 -0.1670555439 -0.0606037871  1.0000000000
  8.8130802245  -9.0961325105 -12.5030366332   8.6475096463 -11.5327406757 -12.7167219741 -0.0699006505  0.0605582732  1.0000000000  0.2490145787  0.1121979623  1.0000000000
  8.8010723795 -10.2429852145 -13.5514311543  10.1343840024  -9.5385280101 -12.8068275505  0.0872797023  0.1153958508  1.0000000000  0.0059859909 -0.0859605865  1.0000000000
  7.5956207989 -11.5141050169 -12.4392447558  10.5085121149  -9.0857640093 -11.2895546631  0.3067814427  0.2203215597  1.0000000000 -0.0219557971 -0.2859407757  1.0000000000
  8.4781760843  -8.6557018136 -14.9104574581   8.9875659056  -8.3871584668 -12.4546120772 -0.1714797812  0.2058205797  1.0000000000 -0.2153612636  0.0117323086  1.0000000000
 11.0334996694  -9.5696805983 -14.8767794811   8.4922919516 -10.6834913236 -14.1992415773 -0.0481523546 -0.0882612113  1.0000000000  0.0879970437  0.1599154547  1.0000000000
  8.2666348966  -9.0743446153 -15.1460477368  10.1162073990 -11.1811782839 -11.2028332149 -0.1268405543  0.1838432197  1.0000000000  0.3161844411 -0.2442004542  1.0000000000
 10.0969035290 -10.5137322500 -15.4103621395   8.2583276267 -11.5619175139 -14.2434405359 0.1129695917 0.0078336576 1.0000000000 0.1961673430 0.2115738341 1.0000000000
  8.6985122308 -11.3218796218 -16.0326982722   8.5988922296 -11.5371734745 -15.7938477439 0.1039661430 0.2048550624 1.0000000000 0.1220796633 0.1938141325 1.0000000000
  9.0463317998 -10.6100499006 -13.0470647534   8.8919473989  -8.7816982122 -14.0213218847  0.1026992241  0.0598296613  1.0000000000 -0.1318848634  0.1617470964  1.0000000000
  9.5658469046  -9.9819788920 -14.3129411758  10.3598184758  -8.8659317838 -11.4226633967  0.0537282542  0.0629173394  1.0000000000 -0.1094261736 -0.2463750653  1.0000000000
  8.9231323960  -9.1485440237 -14.9440630632   9.2532623050  -9.9669211637 -15.7604957509 -0.0764367078  0.1143760498  1.0000000000 -0.0198095043  0.1115158481  1.0000000000
  9.2800888658  -8.1974062625 -15.5880926484  10.3630108728 -11.4357603144 -12.9025231617 -0.2064171998  0.0829909066  1.0000000000  0.2112445118 -0.1263059719  1.0000000000
 10.2488182030 -11.2252656436 -12.5072492926  10.1593475963 -10.9528571991 -11.5777108932  0.2195556794 -0.1180192420  1.0000000000  0.2138830545 -0.1947158477  1.0000000000
 10.2696661513  -9.8194412638 -15.3280311624   8.0915087173  -8.5428449069 -15.1051095086  0.0079859996  0.0053271304  1.0000000000 -0.1675291034  0.2539784776  1.0000000000
  9.7833239457 -10.8591633481 -14.9994013184   8.9709887605 -11.0231041800 -13.1298183269 0.0685193935 0.0068975699 1.0000000000 0.1496023509 0.0338808761 1.0000000000
