794.6000000000
50
-16.4281132241  12.1232197535  -6.2217337148  0.0678593277 -0.0652747694  1.0000000000
-16.7359769865  10.6850369538  -6.7991152166 0.0010952522 0.0337425504 1.0000000000
-13.5025873027  10.6307955088  -9.6370700946 0.3475314884 0.2743204511 1.0000000000
-13.8799947465   9.0557818886  -6.2858810266 -0.1055549883 -0.0806010794  1.0000000000
-15.0614350888   8.1969957860  -8.2712481687 -0.1510049442  0.2943994566  1.0000000000
-13.8816538556   9.7928387138  -8.6545906704 0.1503959644 0.2190644564 1.0000000000
-16.9165235188  10.0992568237  -4.1918511336 -0.1931907500 -0.1781851279  1.0000000000
-13.8980676719  10.8353892329  -8.7834154149 0.2809023299 0.1424966375 1.0000000000
-15.3755290531   8.8770973330  -6.5669275151 -0.1726203329  0.0678830663  1.0000000000
-16.4477223999  11.6673696230  -6.2952022612  0.0703233885 -0.0449687179  1.0000000000
-13.7911804054  10.2082945969  -5.4795232448 -0.0337396548 -0.2406141782  1.0000000000
-16.4086543080  10.4185424821  -6.7026852505 -0.0332256847  0.0020723574  1.0000000000
-16.3615138056   9.8962594672  -6.5032832719 -0.0553975710  0.0096860918  1.0000000000
-14.3606883181   8.5608009734  -7.9588709614 -0.1185971178  0.1863918644  1.0000000000
-13.1278844349   9.8152312553  -5.3141051712 -0.0188355152 -0.2894454663  1.0000000000
-16.7163213669  10.8801636833  -7.5125305893 0.0157406885 0.1023097045 1.0000000000
-16.8383960443  11.0944704875  -7.7607125841 0.0750277045 0.1004806231 1.0000000000
-15.9521670073  10.6906061052  -7.5558378484 0.0430626495 0.0646068486 1.0000000000
-14.3153287335  10.3260402731  -8.6841950708 0.1654211150 0.1943438814 1.0000000000
-15.8507679240   9.2769473594  -6.1465631801 -0.1702676282 -0.0094396958  1.0000000000
-16.7625769199   8.5652539363  -7.5679011838 -0.2027849860  0.1840212908  1.0000000000
-14.0942573941   9.3049168365  -6.1606071378 -0.1208214305 -0.1250931589  1.0000000000
-16.6305485927   9.0142193773  -6.4646157771 -0.1652488461  0.0650981153  1.0000000000
-15.4332330120  10.7521671432  -8.9083502611 0.1690886522 0.2138139439 1.0000000000
-14.6516703188  11.8206151562  -6.8643009370  0.1798650019 -0.0721807082  1.0000000000
-14.2536219253  10.6973322390  -9.1817339147 0.2569313297 0.2611937865 1.0000000000
-16.6711687456  11.8910167863  -7.1605645807 0.1075588479 0.0305798201 1.0000000000
-15.1013350100  11.5148433184  -5.7809265300  0.0852017315 -0.1754358339  1.0000000000
-15.8240309189   9.0766010128  -8.0751354398 -0.0601619115  0.2221588194  1.0000000000
-16.1645332098  11.6440854085  -5.1237800787  0.0582698716 -0.1650606022  1.0000000000
-16.4762809254   9.8640147840  -4.7486600334 -0.1735554848 -0.1497130820  1.0000000000
-13.6414042309  10.5276044393  -7.3309140841  0.1405772674 -0.0232407557  1.0000000000
-15.7353970621  11.9817145102  -7.4714341354 0.2051012825 0.0291984874 1.0000000000
-15.5812318891  11.0709596474  -6.2756397135  0.0417517843 -0.1281665072  1.0000000000
-17.1822997097  10.0420701260  -4.7557697458 -0.1695409809 -0.1123528477  1.0000000000
-16.0540525604  11.7600372772  -5.3424774659  0.0627808376 -0.1843135235  1.0000000000
-15.0679087688  10.7544717970  -8.7256558152 0.1512748458 0.1702288419 1.0000000000
-15.1753379084  11.3013165169  -7.3459297445 0.1180118008 0.0421636198 1.0000000000
-15.6832430189   9.4640421915  -7.9326481851 -0.0470985504  0.1924477629  1.0000000000
-14.7709225680  11.7127928990  -6.9786181334  0.1786176841 -0.0695280694  1.0000000000
-15.5261109608  11.5266590480  -7.0478697022  0.1290238368 -0.0588501646  1.0000000000
-13.4251821807  10.3655700422  -6.1022255362  0.0167686349 -0.2095418820  1.0000000000
-15.0001867897  11.8390167454  -5.5707287902  0.0817537136 -0.2262977924  1.0000000000
-17.1792563352  10.7534815015  -6.9953820551 -0.0106724168  0.0613899718  1.0000000000
-14.7620401387   8.2249963638  -7.2469858015 -0.2401158887  0.1163014751  1.0000000000
-14.5958039351   8.8811958957  -5.7028474123 -0.1844373093 -0.1221421523  1.0000000000
-13.9634868375   8.5124666520  -4.9142167967 -0.2694068937 -0.2512015085  1.0000000000
-16.2308960935   9.7827725805  -8.0313201307 -0.0282593983  0.1552375281  1.0000000000
-14.1781187213  12.2037314806  -6.9376049220  0.2498218438 -0.1160492264  1.0000000000
-15.9524655557  11.1560142555  -5.2597827012 -0.0237044953 -0.1286143521  1.0000000000
50
-17.7882918390   9.7705481247  -7.5125239967 -15.8738918725  10.3847810228  -6.4923339957 -0.0721014720  0.1688452887  1.0000000000  0.0205754754 -0.0185450913  1.0000000000
-15.8897386381  11.1518807966  -5.4713263568 -15.6551123203   8.7235328781  -6.7314461177  0.0177437775 -0.1573211881  1.0000000000 -0.1912500608  0.0651470126  1.0000000000
-14.8433795941  10.9108612064  -8.4105577546 -16.4411356407   8.5976116627  -7.5653027249  0.1861089091  0.1282569507  1.0000000000 -0.1636035194  0.1762579710  1.0000000000
-17.2424541699   9.3318699828  -7.6055109459 -17.0822380554   9.7893819078  -5.2967983584 -0.0913852706  0.1833295454  1.0000000000 -0.1536949037 -0.0956764165  1.0000000000
-15.3640847163  10.0831010595  -5.9827214266 -17.3919508909  10.6014786288  -7.5219602379 -0.0462536485 -0.0832851377  1.0000000000  0.0189802308  0.0928611883  1.0000000000
-16.8329851935   9.8783288957  -7.3879191801 -13.1903026973  10.6487958292  -7.4158903458 -0.0553021024  0.1203042287  1.0000000000  0.2295275937 -0.0096560679  1.0000000000
-14.2704065848  12.1700206338  -6.6234659466 -17.0229079487  11.0931419723  -7.2068375979  0.2750769450 -0.1361043089  1.0000000000  0.0433973932  0.0531577265  1.0000000000
-13.4066453022   9.5959360805  -5.2423464157 -17.2155839712   9.7770172375  -6.4958673792 -0.0825419429 -0.2764425348  1.0000000000 -0.1167708566  0.0489088620  1.0000000000
-13.9462886586   8.2062475682  -6.2321369892 -14.2267075085   9.7660817868  -6.3476418864 -0.2385568352 -0.0677026111  1.0000000000 -0.0108685742 -0.0839438127  1.0000000000
-14.8049699254  10.2939290507  -8.7392269702 -16.3162659871  10.1309781928  -8.0635244047 0.1204612967 0.2318894206 1.0000000000 0.0090516248 0.1874935373 1.0000000000
-14.4255819926   8.7370558784  -7.2593398189 -15.1893345445  10.6784665432  -7.9036266524 -0.1402604996  0.0624880539  1.0000000000  0.0785837752  0.1198862549  1.0000000000
-13.5232487962  11.7276595788  -6.5148433697 -13.7313777658  10.4619925882  -5.8015158658  0.2179288818 -0.1735418995  1.0000000000  0.0164216597 -0.1941028851  1.0000000000
-15.8177697793  11.4214063955  -5.7690533062 -13.7371826107   9.0921877163  -5.1946855517  0.0735324840 -0.1305837443  1.0000000000 -0.1549188838 -0.2189519299  1.0000000000
-13.9531578266  10.8150076129  -5.8223771663 -14.1357012321  11.8035982907  -7.1630230553  0.0440105076 -0.2038247449  1.0000000000  0.2373248530 -0.0970407557  1.0000000000
-16.1585837094  11.6207642624  -7.8115151412 -14.9479759753  11.1117668513  -6.5618767289  0.1259898089  0.0967566442  1.0000000000  0.1114278268 -0.0654697504  1.0000000000
-13.7839626339   8.9057982865  -6.7697941087 -14.5048375180  11.0628571676  -9.4440406466 -0.1005281800  0.0153649963  1.0000000000  0.3073613550  0.2630196150  1.0000000000
-17.1169834079  10.2738733794  -4.9575628649 -16.8756919332  10.2428402646  -5.9924632030 -0.1575232750 -0.1100422454  1.0000000000 -0.1129819926 -0.0291479864  1.0000000000
-14.7021981008  10.4536159682  -5.8518559332 -13.1984693432   9.9701944147  -6.6587067445 -0.0062730150 -0.1733751421  1.0000000000  0.0333707518 -0.1385415753  1.0000000000
-14.0868199321  10.2632770023  -7.7974620693 -17.5260742533   8.5000077806  -7.6788265933  0.1637469188  0.0563718319  1.0000000000 -0.1877161675  0.2310130203  1.0000000000
-16.2253256177  10.9326700258  -8.0992650925 -15.7695998572   8.9647760350  -5.3996956008  0.1401685073  0.1236167661  1.0000000000 -0.2259831186 -0.1037399589  1.0000000000
-14.0199207452   9.9785644561  -6.5089589688 -15.5528053767   9.8927324378  -7.2799067608  0.0035947810 -0.1103602605  1.0000000000 -0.0714405931  0.0826104553  1.0000000000
-15.2437500267  10.6077106159  -7.6107287225 -16.3529257566   9.0302916094  -6.1601930687  0.0522894563  0.0430379447  1.0000000000 -0.2126436510 -0.0262603761  1.0000000000
-17.6034900329   9.6180166632  -7.8649123528 -15.3184583753   9.8020959290  -8.7724267268 -0.0917044037  0.1758096323  1.0000000000  0.0546403560  0.2730611800  1.0000000000
-16.8217550632  10.4377305609  -4.8574859214 -16.6563983834   8.8669199311  -7.8858973475 -0.1058975637 -0.1846727881  1.0000000000 -0.1176186945  0.2372039412  1.0000000000
-15.4337943694  11.9574830287  -8.2205511304 -14.5838690046   9.7023052230  -5.6220265386  0.2218491843  0.0465936346  1.0000000000 -0.0863489141 -0.1660858039  1.0000000000
-14.4879462111  10.6345796437  -6.8975729016 -17.3151398836   9.5317304229  -7.7714624167  0.0757870684 -0.0816007263  1.0000000000 -0.0734684331  0.1919274524  1.0000000000
-13.8665838821  11.4223610050  -7.3995126061 -16.3246707879  11.2938557816  -4.8988219497  0.2396103846 -0.0307223640  1.0000000000 -0.0080407786 -0.1956339280  1.0000000000
-17.7712754180  10.0475554194  -8.0342068440 -14.4480726083   9.5473329326  -6.2391745568 -0.0097626459  0.1731658244  1.0000000000 -0.0939252061 -0.0362584618  1.0000000000
-16.3040914280  11.0905867978  -5.9123526251 -14.2631223960   8.7810925739  -8.5779932285  0.0188788497 -0.1042686196  1.0000000000 -0.0398518402  0.2561030274  1.0000000000
-14.9189595297   8.4256836689  -6.6444761929 -15.0118602215   8.6681116837  -8.2095115300 -0.2238435985  0.0561808506  1.0000000000 -0.1187819758  0.2364229441  1.0000000000
-14.7559231375  11.3804687357  -6.4066441238 -13.3439462769  10.6966346344  -5.9516015986  0.1023145424 -0.1318462793  1.0000000000  0.0940638839 -0.2199680636  1.0000000000
-15.3891074700   8.7576504635  -5.7673069528 -14.8664220224   8.8839302319  -5.6338838099 -0.2000826220 -0.0764701936  1.0000000000 -0.2086900838 -0.0978114992  1.0000000000
-16.4101697051   9.4714469218  -5.2562033031 -14.0579897244   9.3004001153  -7.2019463474 -0.1642305337 -0.0829648311  1.0000000000 -0.0026164862  0.0111522967  1.0000000000
-14.7126767891  11.0406230677  -6.9455463471 -16.6236536195  11.4870705781  -6.6600289977  0.1013317662 -0.0586111922  1.0000000000  0.0267665293  0.0110735422  1.0000000000
-15.4062029988   8.7699303129  -7.1696759853 -16.1628142258   8.3164169545  -7.7297404183 -0.1635419761  0.0926584731  1.0000000000 -0.1628449397  0.1956132308  1.0000000000
-16.3482807340  10.3429413483  -6.2222172972 -15.3913586380  10.0561494719  -7.1019991042 -0.0383463650 -0.0265976418  1.0000000000 -0.0221674381  0.0279782371  1.0000000000
-14.1260319416  10.2218634985  -9.4681363093 -14.2933499949   8.7917585686  -5.8259201290  0.2905453381  0.3130863597  1.0000000000 -0.1810959327 -0.1271257084  1.0000000000
-13.9615440166  10.2732900352  -5.3127941350 -13.6504742546  12.1197486307  -6.5988644189 -0.0372420829 -0.2496471980  1.0000000000  0.2881832055 -0.1989771950  1.0000000000
-16.4221309808  10.1735985409  -6.9214900886 -14.7251245214  11.3354716886  -7.6378234845 -0.0292576704  0.0433596436  1.0000000000  0.1994903738 -0.0001378147  1.0000000000
-14.2056177317   9.2090599873  -8.6690642251 -14.3323510376   9.9285324708  -6.4845372607  0.0599398716  0.2804310017  1.0000000000 -0.0607902973 -0.0689176757  1.0000000000
-13.8668521713  11.8406366243  -6.3293083074 -16.2868318218  10.3167240731  -7.1362525353  0.2423543053 -0.1474327562  1.0000000000  0.0064704842  0.0706309523  1.0000000000
-14.5192291913   9.2386621388  -7.9290232293 -13.7852010483   9.8033994708  -9.1563852385 -0.0295001896  0.1476081780  1.0000000000  0.1726072701  0.2939764503  1.0000000000
-13.3257883972  11.1400659186  -6.5223542463 -15.0899253873  11.9406591656  -7.6841762775  0.1824675521 -0.2022652035  1.0000000000  0.2911434118  0.0266626423  1.0000000000
-15.1958222638  10.8913824889  -6.1158497350 -17.7212142382   9.3487198713  -6.6896107302  0.0096886999 -0.1510723585  1.0000000000 -0.1428628451  0.1080713897  1.0000000000
-16.1370080736  12.0653557103  -8.5724876678 -14.3368718316  10.0909811869  -5.1967834567  0.1940963459  0.1231169982  1.0000000000 -0.0623332930 -0.2458624104  1.0000000000
-16.2399412938  10.8137815766  -6.4229487450 -15.9074688239   9.7152802909  -4.8785015372  0.0220042266 -0.0426521672  1.0000000000 -0.1861307695 -0.1535903849  1.0000000000
-13.2258678426  11.1743698931  -7.1520325782 -14.9237627688  11.6105240212  -6.8126255102  0.2327940943 -0.0527587311  1.0000000000  0.1766329794 -0.0718480991  1.0000000000
-13.9718400974  11.6506172596  -7.8870947869 -13.2926247963  10.2228255246  -5.7736817565  0.3054996499  0.0046812443  1.0000000000  0.0363934825 -0.2444137734  1.0000000000
-13.4865737339  10.3098068558  -8.3113219133 -15.7636630265  10.2961488463  -7.3401240996 0.1972507210 0.1050726972 1.0000000000 0.0174291276 0.0803518665 1.0000000000
-16.0829873947   9.9955056890  -6.2359422945 -16.3781610457   9.7473011565  -7.5579660798 -0.0589698714 -0.0138223770  1.0000000000 -0.0090124642  0.1155964634  1.0000000000
