257.1000000000
50
-3.8523548956 -7.5391070143 -5.8932454664  0.1474240254 -0.0857916925  1.0000000000
-3.6992053512 -6.1067574790 -3.4507381375 -0.0260655079  0.2245175163  1.0000000000
-4.2398696118 -6.9090176232 -3.2842780208 -0.0105967783  0.1527705755  1.0000000000
-3.0035670430 -8.3825877007 -4.9089923449 0.2776194586 0.0229652601 1.0000000000
-5.0615334140 -6.8642975512 -2.0046829211 -0.1557128017  0.1170335200  1.0000000000
-5.3886330166 -6.7396721741 -6.8313649751 -0.0839364663 -0.2988776109  1.0000000000
-5.8755086424 -7.6243180533 -4.6592260861 -0.0564030391 -0.1322706193  1.0000000000
-5.6061642037 -9.3050823177 -4.5884165007  0.0872214111 -0.1416594924  1.0000000000
-6.4008622023 -7.3385322663 -3.0613061163 -0.1805725399 -0.0201602291  1.0000000000
-4.5743533702 -8.5590770232 -3.6526520021 0.0578785918 0.0138520734 1.0000000000
-6.1556648633 -5.8689724553 -5.9221088043 -0.3350785560 -0.2199964030  1.0000000000
-4.7002720364 -5.4561216379 -5.2976491655 -0.1905773011  0.0605743441  1.0000000000
-3.7531076133 -7.5768688649 -2.2571440787 0.0605595099 0.1968931030 1.0000000000
-4.4064033625 -5.4575516600 -3.4677710708 -0.1988297282  0.2436674838  1.0000000000
-5.0732829272 -7.6839941636 -6.2711228979  0.0322088619 -0.2452284487  1.0000000000
-4.6739226135 -6.8649088446 -5.1907690207 -0.0346929101 -0.0627199121  1.0000000000
-4.2610058598 -6.8853199124 -3.7720257463 -0.0255336788  0.0793388749  1.0000000000
-3.6395852402 -9.3441516174 -4.9444780379  0.2532148878 -0.1038591106  1.0000000000
-3.1869892347 -7.4028954760 -6.2407793949  0.2624232252 -0.1160687757  1.0000000000
-5.0990432194 -8.8502785024 -5.7024068205  0.1258386878 -0.2394720157  1.0000000000
-5.9592146028 -8.6643478382 -5.0150437096 -0.0128890516 -0.2157509733  1.0000000000
-4.5633468969 -7.6315577464 -6.0033711162  0.0770520994 -0.1509935621  1.0000000000
-3.0290674264 -6.6157814541 -4.7515576339 0.1192875448 0.1750152409 1.0000000000
-3.0546453770 -5.6346444931 -4.5962175418 -0.0531451966  0.2611789876  1.0000000000
-3.3102190932 -7.6350215689 -5.8973182319  0.2439429464 -0.0866033822  1.0000000000
-5.1412056054 -5.7387702254 -3.0764330026 -0.2312943848  0.1597261687  1.0000000000
-5.3590138100 -6.8223267222 -5.6936061380 -0.1067326584 -0.2120939448  1.0000000000
-4.4282084322 -8.8977323885 -5.1365507610  0.1401233989 -0.1394179720  1.0000000000
-6.6658601591 -9.0214397077 -4.1693846188 -0.0509617476 -0.2008367191  1.0000000000
-5.0076935375 -7.8923365455 -2.2890489237 -0.0220491122  0.0751638184  1.0000000000
-3.4793976512 -7.9684208968 -6.8704919902  0.2840482397 -0.2190154977  1.0000000000
-3.2797874611 -6.4785508571 -4.4904752759 0.0886698215 0.1478325842 1.0000000000
-4.6196174199 -9.4807561703 -3.4080142003  0.1387726947 -0.0452245913  1.0000000000
-2.8951393797 -8.8238880304 -2.6614442527 0.2037143815 0.1607005719 1.0000000000
-2.3584111320 -7.9330798143 -4.9348432385 0.2796918219 0.0802713845 1.0000000000
-4.5056888768 -5.0715346152 -4.7590249131 -0.2545254462  0.1552404608  1.0000000000
-5.0050663815 -8.3079489383 -6.3397311983  0.1279638410 -0.2455627482  1.0000000000
-2.7713275056 -8.0005140507 -3.7983100945 0.2023203296 0.1205486803 1.0000000000
-5.6302828964 -8.0000520612 -5.0489428523 -0.0135956693 -0.1575421776  1.0000000000
-4.4599239590 -6.4872671699 -4.8388263022 -0.0390713156  0.0002249496  1.0000000000
-5.0830948083 -7.0637820757 -4.5956979048 -0.0760401044 -0.0633936767  1.0000000000
-3.3935221624 -5.5597949955 -3.8107782276 -0.0998902039  0.2868927229  1.0000000000
-3.9216484158 -7.4953654381 -3.3718561899 0.0116174771 0.0803738497 1.0000000000
-3.9838474029 -7.2090159016 -3.9146106516 0.0449880372 0.0869368937 1.0000000000
-3.9740805797 -6.0817898987 -4.7986770973 -0.0212363911  0.0942110569  1.0000000000
-3.9820332721 -8.2179793276 -2.6363635519 0.0910941759 0.0841806136 1.0000000000
-4.6517782976 -9.0659667363 -3.6214511304  0.1092578326 -0.0642911628  1.0000000000
-6.6790443009 -6.9099775807 -4.0520964137 -0.2225960388 -0.1011282250  1.0000000000
-4.4300419670 -7.8986015001 -2.8814208066 0.0003226564 0.0981350723 1.0000000000
-6.6126203373 -6.7531212172 -5.5689786054 -0.1963664485 -0.2482452554  1.0000000000
50
-3.6969182150 -7.9803190624 -5.3412787256 -3.5698124078 -8.2945342130 -3.1231223049  0.1828701817 -0.0383101135  1.0000000000  0.1217147788  0.0996552293  1.0000000000
-5.6641015553 -8.9037479489 -3.4644023891 -4.7721234202 -6.2036144302 -2.9543772491  0.0379937282 -0.0363070115  1.0000000000 -0.1285314725  0.1658599893  1.0000000000
-3.6377978323 -7.9426842858 -6.5820544911 -2.9797773613 -6.5457959239 -4.2727955243  0.2547975538 -0.1471312114  1.0000000000  0.0651700961  0.2152696033  1.0000000000
-5.1633741881 -5.1919915203 -5.0008790475 -5.5960994133 -7.9786017213 -2.6673572980 -0.2997769884 -0.0042491038  1.0000000000 -0.0815151790  0.0276143240  1.0000000000
-7.1242188733 -7.2732431410 -4.7165143646 -6.5408325738 -6.9181158567 -5.1566166565 -0.2054590366 -0.1723062576  1.0000000000 -0.2235854545 -0.2288728421  1.0000000000
-5.1548835748 -8.2537655424 -3.5991484079 -6.1460170370 -7.4980646200 -4.7286422797 -0.0143897662 -0.0136949305  1.0000000000 -0.1338098980 -0.1836877566  1.0000000000
-4.9866396985 -7.8027253762 -5.7908950737 -4.7549817037 -7.4189822162 -2.6885230162  0.0133301091 -0.1937915636  1.0000000000 -0.0590515188  0.1131530539  1.0000000000
-4.2206503908 -8.2473086823 -2.1512232075 -6.2603839590 -8.8441711748 -4.5297238980  0.0701507270  0.1621966274  1.0000000000 -0.0509309934 -0.1956979099  1.0000000000
-3.8748017920 -9.2480344663 -5.8174417193 -5.2530745466 -8.1515194800 -5.4909404520  0.3000540852 -0.2082211051  1.0000000000 -0.0110091777 -0.1935175254  1.0000000000
-3.9843731668 -7.9042175826 -2.9779436275 -4.9801821729 -9.2777006865 -4.4831287462  0.0564093132  0.0761862329  1.0000000000  0.1335852034 -0.1326403835  1.0000000000
-7.1803663751 -8.2958366753 -4.3604601127 -4.5145999478 -6.5480073931 -4.5203415032 -0.1263336044 -0.2032048768  1.0000000000 -0.0847830570  0.0545960003  1.0000000000
-3.6328460608 -6.9039382217 -3.1332250009 -4.1594707767 -5.4664163108 -4.8026149586  0.0035946556  0.2109024034  1.0000000000 -0.1428017139  0.1607528829  1.0000000000
-5.2599451464 -5.8499600908 -3.6430545780 -4.9541004201 -5.3393513245 -5.4027045449 -0.1855996033  0.1130780755  1.0000000000 -0.2517722023  0.0148563694  1.0000000000
-4.1087614882 -5.9583645187 -3.1605269300 -5.0527421561 -7.2409435489 -4.7639120133 -0.1094511082  0.2106014708  1.0000000000 -0.0776949946 -0.0706017237  1.0000000000
-7.0984195624 -8.2462188097 -3.6600594160 -4.0921905068 -6.4529847445 -2.9554878844 -0.1368159082 -0.1480540656  1.0000000000 -0.0801761211  0.2421690053  1.0000000000
-4.0524309401 -6.0900178484 -4.1610560092 -4.2567331955 -9.2393089662 -5.8854296153 -0.0474872216  0.1403295435  1.0000000000  0.1960299490 -0.2261146578  1.0000000000
-3.7210688745 -8.7510855961 -3.3383302377 -3.6325250425 -6.6371556940 -4.3529059400 0.1328688277 0.0639941941 1.0000000000 0.0080335521 0.1531378158 1.0000000000
-6.1865114985 -7.3432514922 -4.8491964104 -4.7588879268 -8.7732830407 -4.9783679038 -0.1141636727 -0.1871774645  1.0000000000  0.1039344728 -0.1245979136  1.0000000000
-4.0250871299 -7.9910056333 -3.4225678191 -7.5429253669 -7.9337227068 -3.6990169352  0.0585455283  0.0425347862  1.0000000000 -0.1667840104 -0.1608394790  1.0000000000
-6.3567869552 -6.9254020271 -5.7116425511 -5.4613418326 -5.9568182329 -3.7768878925 -0.2113364675 -0.2453872652  1.0000000000 -0.2176921961  0.0701416061  1.0000000000
-3.0952037200 -8.2537193150 -2.6106922705 -3.2374550601 -7.9505782775 -6.0739599214  0.1679863044  0.1963911228  1.0000000000  0.2552083640 -0.0979638343  1.0000000000
-4.6436313120 -7.1439374089 -6.6120409380 -5.8810462890 -7.7381938727 -3.2832174931  0.0347138868 -0.1852297040  1.0000000000 -0.0901052323 -0.0393125643  1.0000000000
-3.3850549421 -6.1199438666 -3.4464829409 -4.0605266911 -7.8976677047 -4.1019439743 -0.0599857470  0.2783199728  1.0000000000  0.1130332022  0.0172405683  1.0000000000
-5.3242277366 -6.8553701333 -5.5333819609 -6.0673622710 -8.6613833550 -3.8994237468 -0.1167211210 -0.1218919749  1.0000000000 -0.0376314304 -0.1471332443  1.0000000000
-5.1062710611 -8.2288804819 -3.0695445665 -3.8312057570 -4.3641787535 -4.0984981694 -0.0239979805  0.0240878754  1.0000000000 -0.2251903908  0.3298957568  1.0000000000
-1.7915862402 -7.2898629009 -5.1763320093 -4.4679867551 -7.1546966425 -2.0088491579  0.3530302917  0.2105328170  1.0000000000 -0.0422724397  0.2159112004  1.0000000000
-3.7830114322 -7.1984597891 -2.3431720175 -2.2111131015 -7.5458161697 -4.4631337344 -0.0052850716  0.1845489521  1.0000000000  0.2548608280  0.2290771451  1.0000000000
-4.1890975882 -9.2025336644 -5.3957554402 -4.7149718922 -7.9797981227 -2.3532034733  0.2288919206 -0.1666737908  1.0000000000 -0.0082813473  0.1071169760  1.0000000000
-2.8475015547 -7.3464130717 -2.9219823478 -2.9727831114 -8.8000945930 -2.4870251661 0.1532606908 0.2343459356 1.0000000000 0.1870802629 0.1897522171 1.0000000000
-3.7068249384 -6.3434398730 -4.1907787232 -4.3104003255 -7.3457316954 -2.7757438277 -0.0278681908  0.1519025130  1.0000000000 -0.0344564722  0.1343309259  1.0000000000
-4.8458499823 -6.8434285096 -2.2004204586 -5.3531629416 -6.8500400104 -2.5177290385 -0.1187313473  0.1550117312  1.0000000000 -0.1668767810  0.0945915075  1.0000000000
-5.0880669040 -5.6851547530 -5.0654319911 -2.7880331398 -8.5201560738 -3.5230446793 -0.1836863320 -0.0051913911  1.0000000000  0.2248930882  0.1321062229  1.0000000000
-6.1707182202 -6.9919609554 -4.3884499184 -4.0342777589 -8.8319713212 -5.3775227076 -0.1656154072 -0.0981775447  1.0000000000  0.2114082148 -0.1070618001  1.0000000000
-3.2804198164 -8.8068432808 -2.5122492506 -3.4572170320 -8.0156424711 -3.5839430409 0.1701057648 0.1292677749 1.0000000000 0.0998756833 0.0939435998 1.0000000000
-5.6882688860 -8.4937633841 -5.5590081158 -5.0972684927 -7.6246396958 -2.1675194991  0.0239309825 -0.2248848590  1.0000000000 -0.0656623848  0.0671990626  1.0000000000
-5.0754271723 -6.2949697108 -4.1795880716 -3.7343510412 -9.1787704842 -4.5470912317 -0.1549649693  0.0276370719  1.0000000000  0.2252470454 -0.0989911687  1.0000000000
-5.0185870098 -7.9013674021 -3.3138091730 -6.7052758131 -8.2329559656 -3.7249035157  0.0168860790  0.0400013095  1.0000000000 -0.1144804980 -0.1566125762  1.0000000000
-4.4135255906 -7.8729558055 -2.6327035138 -5.1837660125 -9.8056765311 -3.8832548822  0.0068293920  0.0530936409  1.0000000000  0.0957918017 -0.1411612831  1.0000000000
-5.6686342952 -9.1872453729 -4.4063570876 -4.7730322907 -6.9747042457 -3.0027791936  0.0742580444 -0.1578486969  1.0000000000 -0.0611857716  0.1145234862  1.0000000000
-5.5230360612 -7.2561224644 -5.0144886477 -7.0527554779 -7.8374659902 -3.4126835371 -0.0738610159 -0.1466617916  1.0000000000 -0.1731449653 -0.0926088961  1.0000000000
-3.4554491508 -7.0719197552 -4.7813866594 -6.3507479824 -6.5236117708 -4.7370990028  0.1123294498  0.0549915383  1.0000000000 -0.2473499837 -0.1251258287  1.0000000000
-5.2077589288 -8.2171910289 -5.8909733084 -3.0982648829 -8.0472566247 -2.3710561619  0.0452128618 -0.2585226173  1.0000000000  0.0912129553  0.2152628446  1.0000000000
-3.0172971088 -5.7867385622 -4.8924480159 -3.1991998936 -7.5552741330 -3.6414101524 0.0117669383 0.1745844791 1.0000000000 0.1351072163 0.1353330806 1.0000000000
-2.8933670505 -7.5975092032 -4.9003601111 -5.2246351820 -8.7992084126 -3.8156864141  0.1947543338  0.0443468353  1.0000000000  0.0137052658 -0.0376708560  1.0000000000
-2.4392766668 -7.1062602696 -4.9204072492 -5.2181124295 -5.8391359968 -3.5867265866  0.2246549930  0.1662606562  1.0000000000 -0.2030790137  0.1010805909  1.0000000000
-2.8726629984 -7.2135196387 -3.1926918352 -2.9155894935 -8.0939931908 -5.8987546215  0.1001321293  0.2284447645  1.0000000000  0.3192583647 -0.0506248635  1.0000000000
-4.7278936651 -4.9076821385 -4.1242975032 -3.2299384750 -9.1933518666 -3.6748630024 -0.2248702551  0.1742190555  1.0000000000  0.2327986434  0.0117941169  1.0000000000
-3.3351693007 -8.1245133684 -4.2282617755 -4.3478137863 -7.3193856872 -6.8060644226  0.1553364744  0.0802193569  1.0000000000  0.0621972884 -0.2397867096  1.0000000000
-5.7657167786 -7.5056515779 -3.7612452001 -4.9565553232 -8.2795883696 -4.9010010082 -0.0794347059 -0.0177101378  1.0000000000  0.0270411081 -0.1642463066  1.0000000000
-4.6663179098 -6.3529778425 -5.5941494541 -5.5996758234 -6.6398811181 -1.7408837809 -0.0874323553 -0.0373180370  1.0000000000 -0.1836416210  0.1649187900  1.0000000000
