569.4000000000
50
-5.0409092066 -2.8147327720 11.4402246164 0.1657605892 0.0416430352 1.0000000000
-8.2632076309 -1.3853115009 11.5580450493 -0.1942965680  0.2061286061  1.0000000000
-5.6674610745 -5.1892967027 10.3425781004  0.1308126811 -0.2668528844  1.0000000000
-4.9285618526 -5.1876271489 11.5490736072  0.1684110603 -0.2023347535  1.0000000000
-5.4232183423 -1.5361031432 11.2661976803 0.1098985769 0.1868565330 1.0000000000
-5.9888449371 -1.8408821334  8.7884976038 0.0119332147 0.2220490283 1.0000000000
-6.2982649395 -2.4945009197 12.2500970455 -0.0056639569  0.0629490707  1.0000000000
-6.9410505912 -3.8137923170 11.9860002525 -0.0564836880 -0.0432281432  1.0000000000
-8.0232228239 -2.8241424381 12.1171461386 -0.1594661951  0.0727478639  1.0000000000
-5.9288556869 -3.8659997634  9.3111237340  0.1083252051 -0.0720305945  1.0000000000
-8.3407748757 -4.5879612448 11.7284059990 -0.1784499129 -0.0920079367  1.0000000000
-5.5245361336 -4.4446104861 11.7042022069  0.0892342651 -0.1282440638  1.0000000000
-6.5797932068 -1.7566866554 11.8317841525 -0.0053768002  0.1923406280  1.0000000000
-4.7901633907 -2.2989601385 11.9585769889 0.1674860124 0.1035331782 1.0000000000
-5.7993727981 -3.3291830318 11.6672915037  0.0864870998 -0.0071413300  1.0000000000
-7.1657755239 -4.9625536244 10.9890504203 -0.0903040207 -0.1802150028  1.0000000000
-6.9942344176 -2.8266752466  9.8684764781 -0.0532859572  0.0444032769  1.0000000000
-7.3865830102 -1.4113833444 11.3975775067 -0.0899762234  0.2233533942  1.0000000000
-7.9255712864 -4.9957993913  9.7927468765 -0.1801849069 -0.2098930182  1.0000000000
-4.4132151539 -2.6021961237 11.2938425025 0.2284006786 0.1030248051 1.0000000000
-7.6956329392 -2.5825035753 11.9596904951 -0.1348841447  0.0854572545  1.0000000000
-4.4271902543 -3.6287981425  8.8477070565  0.3307236209 -0.0953252674  1.0000000000
-5.3681420220 -1.9022128604 12.4270163848 0.1445289431 0.1004994709 1.0000000000
-6.1404562480 -2.2699331881 11.4089633195 0.0321615897 0.1202346397 1.0000000000
-6.7823761521 -3.6284143709  9.3341096044 -0.0643148309 -0.0355396661  1.0000000000
-7.7230256795 -2.4315533166  9.6745158808 -0.1862595562  0.0836004800  1.0000000000
-5.3005438263 -5.1182484305 12.0848999565  0.1230272335 -0.1780403383  1.0000000000
-8.0213084265 -4.1181056499 11.9490695681 -0.1401437365 -0.0943111697  1.0000000000
-5.2480614899 -3.6893684606 12.2764641450  0.1172055073 -0.0300793396  1.0000000000
-7.9474966121 -3.6912323147 10.9114558425 -0.1451174057 -0.0215739252  1.0000000000
-5.2748202803 -2.9475183001  9.7105431142 0.1177952845 0.0369205265 1.0000000000
-5.9261749586 -3.0779100361 11.2928372473  0.1004077057 -0.0058776534  1.0000000000
-5.6782674731 -4.0207642821 10.6893653778  0.0988121793 -0.0567725850  1.0000000000
-5.8837287841 -1.7479910125  9.7682763989 0.0856706414 0.1979593366 1.0000000000
-7.1134184554 -4.2259445295 11.3018677708 -0.1065103421 -0.1206970841  1.0000000000
-6.3319578858 -3.5588281373 10.1583241375 -0.0268974764 -0.0290685167  1.0000000000
-5.2427119294 -4.4672756026 10.3474387439  0.1802162882 -0.1396844432  1.0000000000
-5.7426024801 -4.1260812664 11.5460253262  0.0836901432 -0.0904488966  1.0000000000
-6.2855017331 -4.9145468663  9.1405064766  0.0294064664 -0.3065980517  1.0000000000
-6.6384114733 -4.5266930506 10.7434483499 -0.0054220393 -0.1129395843  1.0000000000
-8.2566221290 -1.4077885333  9.0946195806 -0.2429542994  0.2375139520  1.0000000000
-7.1967836720 -3.0006178727 11.2888413052 -0.0918240601  0.0363966114  1.0000000000
-4.5241577084 -4.3303558741 12.5597429489  0.2311630957 -0.1028613131  1.0000000000
-6.4165168044 -1.8464467723 12.0932656059 -0.0055381493  0.1201980077  1.0000000000
-5.2211643046 -4.4993297018  9.1174755105  0.1504931430 -0.2171551470  1.0000000000
-6.5084782398 -2.5155849674 10.8515293158 -0.0266440641  0.0249991142  1.0000000000
-4.9434426018 -3.4095160816 11.6566772150  0.1499220299 -0.0266824581  1.0000000000
-7.1182711714 -4.7005558723  8.7555526281 -0.1308714801 -0.2284791485  1.0000000000
-8.1640035076 -2.6575017399  9.1137128286 -0.2611749367  0.0598029403  1.0000000000
-7.5769639864 -4.9413915984  9.8216165034 -0.1375559145 -0.2332942462  1.0000000000
50
-7.2494779543 -4.8880270463 11.4998347188 -4.9670682539 -3.7047702185 12.0650243152 -0.0610031479 -0.2097534536  1.0000000000  0.1642835781 -0.0201897622  1.0000000000
-7.9536753814 -3.8014410832 10.7160868958 -4.4934669080 -1.8030807730 10.7927671546 -0.1715086765 -0.0839246014  1.0000000000  0.2424180267  0.1998394582  1.0000000000
-7.7442119018 -2.6793668041 10.1805241451 -4.9794613528 -4.8129638605 10.7167562345 -0.1529924167  0.0619888400  1.0000000000  0.1465581988 -0.1546898821  1.0000000000
-7.0713415832 -1.3290510561  9.0124549780 -6.5840052073 -4.1871968037 11.9958862825 -0.0783953950  0.3033352405  1.0000000000  0.0010261435 -0.0919910982  1.0000000000
-8.0007295757 -4.0136351071 12.1923126896 -7.6209270486 -3.1493923747  8.7621412940 -0.1387621474 -0.0173554316  1.0000000000 -0.2129549953  0.0044847457  1.0000000000
-7.2260658084 -4.2129433014 10.0404682538 -5.6412635861 -4.7750044479 11.1896616261 -0.1157061919 -0.1319134149  1.0000000000  0.0421072376 -0.2070116931  1.0000000000
-8.1546278456 -2.5996639506 10.6291349453 -4.6851622244 -4.4656447518 11.0641713177 -0.2011913190  0.0941417341  1.0000000000  0.2429648966 -0.1587803855  1.0000000000
-6.0974580912 -2.8656214711 10.9655856285 -5.6402704934 -4.7372952604 11.5493709278  0.0125765024  0.0445669828  1.0000000000  0.1276395032 -0.1723277142  1.0000000000
-5.7214412814 -4.3339867545 10.9476826781 -4.6172958770 -4.9288936947 12.2315080612  0.0967420144 -0.1363617833  1.0000000000  0.1954798272 -0.1260349063  1.0000000000
-7.2671568323 -5.2306590043  9.9857219282 -5.1903062161 -5.0402733819 10.4266237422 -0.1172124439 -0.3003557141  1.0000000000  0.1498260299 -0.2267592975  1.0000000000
-8.1554290354 -3.5766338601 11.1289815383 -7.6569732963 -4.9775329019 12.2363933460 -0.1959837938 -0.0683748537  1.0000000000 -0.1071925800 -0.1677185965  1.0000000000
-4.9583795256 -2.8820764754 11.0743688890 -8.1395986068 -4.4219025045 11.1986601406  0.2079912182  0.0127510505  1.0000000000 -0.2145609164 -0.1459571162  1.0000000000
-5.7240329886 -2.0456180399 10.9937064305 -5.1286404788 -3.0159267411  9.2617712215 0.0617082961 0.1378796783 1.0000000000 0.2293846141 0.0473245976 1.0000000000
-8.2227098741 -4.7201001222 11.9086647664 -7.8143782686 -5.0323742637 10.5612096771 -0.1827059412 -0.1348601603  1.0000000000 -0.1519935381 -0.2207405856  1.0000000000
-7.7815608064 -3.5639821147 10.3779014955 -7.5798197657 -1.7297902044 11.5164283949 -0.1246137655 -0.0306276087  1.0000000000 -0.0956043188  0.1852398849  1.0000000000
-5.8405778998 -3.1229347071 10.6853462554 -5.4984830505 -3.4140559352 10.9100605868 0.0880787031 0.0213271662 1.0000000000 0.1287906689 0.0110618585 1.0000000000
-7.1049696971 -4.9869221621 11.5815300847 -6.2280160821 -2.2996349446 11.0884601478 -0.0899352950 -0.2006322057  1.0000000000  0.0340689020  0.1175017924  1.0000000000
-6.9884185002 -3.9451710041 11.2734997169 -4.7446917163 -3.2595576186  9.9897914436 -0.0607672143 -0.0754512380  1.0000000000  0.2426304636  0.0109043890  1.0000000000
-8.1315303351 -3.8607094921  9.1329782295 -7.8931878706 -1.8216031058  9.3579827764 -0.2025403776 -0.1070412996  1.0000000000 -0.2045630566  0.1991833703  1.0000000000
-6.1837450302 -4.0071379425  9.8858434338 -6.6168790660 -5.1125379065 10.4363718939  0.0034082815 -0.1214709788  1.0000000000 -0.0678140109 -0.2582086666  1.0000000000
-4.4857513714 -3.0435849503 11.3416174295 -6.5858256599 -4.7033892160  9.7946406084  0.1937216182  0.0617964828  1.0000000000 -0.0347216045 -0.1977323027  1.0000000000
-6.2591813133 -1.6259354757  8.7565756650 -7.2884531593 -3.1883194629  9.9789990802  0.0308418885  0.2677394845  1.0000000000 -0.1138135675 -0.0027429830  1.0000000000
-5.9724286920 -4.5253105648 12.1261409253 -7.9343231526 -3.0942633613  9.5196719843  0.0475728338 -0.1354546612  1.0000000000 -0.2376219808  0.0566018135  1.0000000000
-6.5445728597 -2.4885917947  9.1761606361 -7.1225984579 -1.7350402007  9.3974464988 -0.0512936289  0.1416544362  1.0000000000 -0.1177161284  0.2376569734  1.0000000000
-5.8707396374 -4.4290361709  9.8135317632 -5.7556138472 -2.5851473460 12.0364914640  0.0917674289 -0.1856003367  1.0000000000  0.0829089234  0.0466812654  1.0000000000
-7.4653805939 -3.8203253160  9.7200296166 -6.9142161871 -2.5699133673  9.6618898379 -0.1127702171 -0.0861751905  1.0000000000 -0.0865118825  0.1336673150  1.0000000000
-7.3434601486 -2.4904424530 11.4243998548 -5.2243136116 -5.0294984687  9.4823508921 -0.0789511950  0.0661504070  1.0000000000  0.1466066812 -0.2574467754  1.0000000000
-4.4680580052 -1.4939170301 10.6588279872 -6.2679981522 -4.5034036462  8.9730532176  0.2747567255  0.1949180845  1.0000000000  0.0130637279 -0.1831294194  1.0000000000
-7.5251349490 -3.9463540092  9.3837824506 -8.0472220808 -3.2094021361 11.1981745783 -0.1788480873 -0.0952651207  1.0000000000 -0.2150527016 -0.0536466471  1.0000000000
-7.2479723585 -1.9927515578 12.4767157195 -4.4939904038 -2.5269182800 10.9958014937 -0.0383598010  0.1142733306  1.0000000000  0.2374424770  0.1411038179  1.0000000000
-7.0352975547 -1.3354745629  9.6240890295 -8.3561245961 -4.2951539525 10.4152679315 -0.1088537037  0.2509499005  1.0000000000 -0.2170035208 -0.1319651576  1.0000000000
-5.5828705771 -1.4904323918 11.9802398518 -5.3033901631 -4.4960790370  8.9542730913  0.1249064647  0.1501724321  1.0000000000  0.1787325153 -0.1753773866  1.0000000000
-5.5902820629 -2.5852222617 12.1208842294 -4.8582734459 -2.1662226456 12.0551412170 0.1238181581 0.0850153041 1.0000000000 0.1697546488 0.1075029412 1.0000000000
-7.5222575970 -1.2924198596 10.0990642316 -5.4446082661 -2.6681779269 10.9253887026 -0.1440843303  0.2524562883  1.0000000000  0.1230846304  0.0921203394  1.0000000000
-6.1164926871 -2.8078575310 11.2462543465 -7.3789219107 -4.4861549836 12.3440705147  0.0334444382  0.0559884233  1.0000000000 -0.0916209350 -0.1242427695  1.0000000000
-7.4624002763 -3.4847328286 12.2552678512 -6.4370453771 -1.5261740655  9.6473981659 -0.1111674789 -0.0213554677  1.0000000000 -0.0156126360  0.2335684351  1.0000000000
-6.6174935169 -2.1949149120  9.6371800188 -5.9344827609 -1.8857445853 12.4785373026 -0.0354086317  0.1453803764  1.0000000000  0.0956576080  0.1332529255  1.0000000000
-7.1886102845 -2.3649561231 11.4783316882 -8.0238615295 -2.9267138298 10.2600523289 -0.0467405826  0.1071766334  1.0000000000 -0.2376929037  0.0963587699  1.0000000000
-8.0461164020 -1.4341348083  9.8407194387 -5.4429230588 -3.1420738483 10.6922772519 -0.2420182963  0.2260203154  1.0000000000  0.1324385633  0.0302119295  1.0000000000
-6.9348593172 -4.4783287319  9.5663292111 -6.1371213672 -4.7293496878 11.8443868443 -0.0893700745 -0.1620131226  1.0000000000  0.0507388224 -0.1664477426  1.0000000000
-8.2445672731 -4.9696973242  8.8201726692 -4.5399339746 -3.9656713275  9.8523276046 -0.2572367693 -0.2496308729  1.0000000000  0.2762953850 -0.1163804606  1.0000000000
-5.5204487068 -2.9911114339 11.7835563652 -6.0430708137 -3.0895053571  9.5112408966  0.0575873280  0.0404838201  1.0000000000  0.0631845046 -0.0172137596  1.0000000000
-7.1474374839 -4.2737184141 11.9386641421 -4.7564968482 -2.5034479476  9.2277869563 -0.0114209314 -0.1200583537  1.0000000000  0.2421225446  0.0909529067  1.0000000000
-4.9386023228 -1.2766332398  9.5992525470 -6.8039326678 -3.2061621930  9.8353374929  0.2229155284  0.3120954229  1.0000000000 -0.0375665951 -0.0054410884  1.0000000000
-6.0140128252 -2.1580974206  8.8068348746 -5.4591128592 -2.9039176377 10.2136842649 0.0896972156 0.1810715948 1.0000000000 0.1363323007 0.0131760629 1.0000000000
-5.2318801262 -2.6508345436 12.4784038482 -7.9519784027 -1.4133207561 12.5510170329  0.1589875407  0.0850623960  1.0000000000 -0.1272070872  0.2265921478  1.0000000000
-5.6341534921 -2.2291602808 12.3884771605 -7.4442870140 -5.2927118767 11.1518389637  0.1160715777  0.1132017395  1.0000000000 -0.0703504201 -0.2411169610  1.0000000000
-6.3865849274 -1.8590349029  9.5668481384 -7.6786586876 -1.3032475678 10.8042707040 -0.0032235160  0.2040326705  1.0000000000 -0.1299210804  0.2422509149  1.0000000000
-7.6916033445 -4.3570819355 10.3196702154 -5.6335239739 -3.0831069757  9.8102414478 -0.0972727597 -0.1326948813  1.0000000000  0.1167946220  0.0322820234  1.0000000000
-6.5906489599 -2.9406919301 11.3520372041 -8.2065833226 -1.3044991169  9.6925164844 -0.0240734892  0.0184527679  1.0000000000 -0.2739818632  0.2779430631  1.0000000000
