239.8000000000
50
 0.1182895059 -9.0138051404 14.4936486396 0.2434182372 0.0696197890 1.0000000000
-0.8298056203 -9.1193396983 13.8157938806  0.0930506491 -0.0185661637  1.0000000000
 -1.8503322081 -11.2389403695  15.6504776269  0.1645537262 -0.1718963396  1.0000000000
 -1.3934919513 -10.7975316404  15.3169657329  0.1768686194 -0.1593209960  1.0000000000
-2.3061009535 -7.9546004504 16.7673327914 0.0222168841 0.1580398462 1.0000000000
-1.8239268112 -7.6987065628 12.9889895555 -0.1448163601  0.1291205640  1.0000000000
 0.3236543799 -7.8209280329 15.3335865483 0.2571843335 0.2490606110 1.0000000000
-1.9330926837 -8.4681700108 16.6970779224 0.1041843778 0.1561364863 1.0000000000
-2.2177979949 -7.7960475101 16.4669652852 0.0403660146 0.1534452481 1.0000000000
-2.8303999184 -9.0781525020 15.7512537907 0.0005037594 0.0204742653 1.0000000000
-3.3814908244 -8.5318833430 13.4816031754 -0.2161867166 -0.0467882478  1.0000000000
 -4.2769848943 -10.3428680687  14.7153902282 -0.1228754901 -0.1808590519  1.0000000000
-3.3672460725 -7.4906625872 16.3033983181 -0.0983272248  0.1644609515  1.0000000000
 0.6861253783 -8.4682611286 14.7317698899 0.2837463471 0.1521962591 1.0000000000
 -2.9935779741 -10.0462171396  16.3167156318  0.0460302343 -0.0723295208  1.0000000000
-2.4943820659 -8.8125181763 15.2627367717 -0.0102629968  0.0139823791  1.0000000000
-2.3540053392 -9.0246523191 15.0260068281 -0.0034033036 -0.0208059363  1.0000000000
 -1.4643692145 -10.2920273966  14.3286844805  0.0872994772 -0.1436500753  1.0000000000
-1.3794520745 -7.9592735699 14.4720997825 0.0282750978 0.1715588585 1.0000000000
 -3.6601957982 -10.0310830164  15.0689068738 -0.0889986307 -0.1195455640  1.0000000000
-3.0907174797 -9.1918212273 12.8527540542 -0.2391247865 -0.1406616033  1.0000000000
-1.9206558302 -9.1977542194 13.9945031725  0.0132633482 -0.0357198508  1.0000000000
-2.0630332106 -7.8870059416 13.7475538430 -0.1352707392  0.1231019218  1.0000000000
-4.0536565468 -8.2935427844 16.0500702927 -0.0787589606  0.0718830410  1.0000000000
-2.7482392215 -9.4759367094 13.4541076112 -0.0925633704 -0.1099011242  1.0000000000
-3.7236636493 -8.1953315745 15.8385347430 -0.1169916486  0.0680273538  1.0000000000
 -1.0406499442 -10.6855863980  14.6471096460  0.1889227879 -0.1728604802  1.0000000000
-2.3170086346 -7.7306714594 15.4105326725 -0.0322589216  0.1646832967  1.0000000000
-1.0041562919 -9.8793013617 14.5906190517  0.1682312616 -0.0748817353  1.0000000000
-3.5724521414 -7.9214012118 14.3199793620 -0.2204416698  0.0670389700  1.0000000000
-1.4344253089 -8.9389351375 16.7037736151 0.1454026800 0.0697071177 1.0000000000
-3.0656450777 -9.4425810917 12.5566827574 -0.2564131210 -0.1520111408  1.0000000000
-3.3074537963 -9.3442552963 15.6902921342 -0.0595798065 -0.0479869898  1.0000000000
-1.7388277045 -8.7700406744 15.2451651218 0.1007227816 0.0252331798 1.0000000000
-2.1481553591 -8.0215856138 16.3331202988 0.0352637978 0.1222802951 1.0000000000
 -1.0812886067 -11.1593368044  14.8434446177  0.2717351200 -0.2367022711  1.0000000000
-1.1107938053 -8.0419546179 16.2716420477 0.1574950664 0.1632794514 1.0000000000
-3.2316319088 -9.2452413982 13.7770650118 -0.1398588339 -0.0877943734  1.0000000000
 -2.2678466118 -11.1784563317  15.6494104198  0.1191905031 -0.2077063172  1.0000000000
-3.5984873253 -9.8296546101 13.2612025870 -0.2056904879 -0.1981822691  1.0000000000
-0.5198238257 -7.3040784142 14.4578921453 0.1131263441 0.2653055529 1.0000000000
 -2.3414411193 -10.5212690550  13.3181522098 -0.0246814973 -0.2426964258  1.0000000000
-2.4006203610 -9.7022366811 15.5887716441  0.0739094645 -0.0193973193  1.0000000000
-1.5525681979 -7.0295710877 14.8376942921 -0.0335258979  0.2781251842  1.0000000000
 0.0958967658 -9.2337321238 14.7372899587 0.2508977260 0.0305168603 1.0000000000
-0.8999858117 -9.3414848590 14.3517854293  0.1454219724 -0.0030719431  1.0000000000
-2.6356180557 -9.3178963970 12.6945843395 -0.2076071134 -0.2028545464  1.0000000000
-1.1790848507 -9.8007897042 15.0284817218  0.1433896611 -0.0513621783  1.0000000000
-3.3404045197 -9.9929840220 13.8606030067 -0.1357747376 -0.1659755612  1.0000000000
 -0.9648989989 -10.8808425963  15.7572448183  0.2407765747 -0.1482437761  1.0000000000
50
 -1.4489453028  -7.8347756754  15.1167039647  -2.1665182989 -10.1400478703  14.7399607881  0.0124711368  0.1701230363  1.0000000000  0.0067391614 -0.1325137615  1.0000000000
 -1.0374739253  -8.7637956060  17.1868258231  -0.9442901180 -10.6343652947  15.4708572489  0.2392467014  0.1024825636  1.0000000000  0.2348062999 -0.1360574076  1.0000000000
 -3.1538399425 -10.4350379510  15.6571824206   0.6642510059  -7.8715928890  14.7804861719  0.0209253488 -0.1202244534  1.0000000000  0.3204809559  0.2435583742  1.0000000000
 -3.0874109156 -10.0204427787  13.0081481018  -1.5151878473  -7.8284911789  15.2384335210 -0.1624258143 -0.2364787438  1.0000000000  0.0547117192  0.1589260485  1.0000000000
 -2.7066540605 -11.2116299786  15.8676027161  -0.9553878706 -11.1669841694  14.6418116034  0.0905693593 -0.2179041332  1.0000000000  0.2871588470 -0.2533915326  1.0000000000
-0.3245923632 -9.1411243601 13.6094665905 -0.3450854462 -7.9045276682 16.5789149926  0.1560793288 -0.0016065091  1.0000000000  0.2258501285  0.2619934867  1.0000000000
-0.1614029407 -7.9945956520 14.5745480708 -2.9146776498 -8.5874235860 12.4141820545  0.1955540402  0.1720280212  1.0000000000 -0.2742641114 -0.0625474508  1.0000000000
-2.2840545414 -9.2948953602 12.4138799724 -3.6555927299 -9.3156691826 13.9434953605 -0.1408061296 -0.1459262052  1.0000000000 -0.1473754438 -0.0930422641  1.0000000000
 -3.0845936891  -8.2661633981  14.3003360551  -4.4425209587 -10.2021669344  13.8018694316 -0.1417300725  0.0264985360  1.0000000000 -0.2308506870 -0.1768464745  1.0000000000
-2.5674230406 -6.7003865333 13.6459221123 -4.4004107859 -9.4840815846 15.1594950242 -0.2436854069  0.1977130038  1.0000000000 -0.1995580778 -0.1196944732  1.0000000000
 -2.6711605501 -10.0328013150  15.6758943269  -1.6246704011  -7.7636385568  15.5204385085  0.0666164585 -0.0556373359  1.0000000000  0.0181418553  0.2070585301  1.0000000000
 -2.8494654910 -10.6595721677  13.8453696604  -1.1225905274 -10.6557770356  13.8608476104 -0.0806252552 -0.2477991854  1.0000000000  0.1642180336 -0.2151589516  1.0000000000
 -0.3926145146 -10.8423201500  14.3553769895  -2.7381977687  -7.9886621231  14.3962226122  0.2471644273 -0.2164168023  1.0000000000 -0.0786182302  0.0936347853  1.0000000000
 -1.5092381086 -10.7660277756  15.1019814382  -1.2653764190  -8.5052879056  16.5725317143  0.1211337085 -0.1675329719  1.0000000000  0.1678658728  0.0906681294  1.0000000000
 -2.2235203031 -11.2748329744  15.3418895741  -3.8756671043  -7.0401239174  15.4459695623  0.1150751227 -0.2164589949  1.0000000000 -0.1605081419  0.1591777795  1.0000000000
-3.2760816196 -8.3251679473 16.0830605285 -3.1480200482 -9.6173701399 13.7615468068 -0.0422678724  0.0862557326  1.0000000000 -0.1395494329 -0.1340957455  1.0000000000
-1.7971613869 -7.5839485135 12.9565995399 -2.1177355313 -7.1181942042 14.6653539058 -0.1622798323  0.1643894510  1.0000000000 -0.1102064528  0.1534455149  1.0000000000
-1.7188646423 -9.8743182455 12.9790434647 -2.3186305186 -7.7285282351 12.7884831293 -0.0044213128 -0.2192522028  1.0000000000 -0.2303111121  0.0752083086  1.0000000000
-2.6844569668 -9.7679130919 13.1860462910 -2.2835990582 -6.7353010846 13.1406316252 -0.1136557515 -0.2086778964  1.0000000000 -0.2700712515  0.2098076804  1.0000000000
 -4.2473171527  -8.3934635775  15.4754417871  -0.8682329200 -10.3248482198  15.9746440871 -0.1501848779  0.0355606717  1.0000000000  0.2239302101 -0.0548213622  1.0000000000
 -1.9930501999 -10.3727178709  15.3600856976  -1.6604409038  -9.2913675370  17.4780214115  0.0975903715 -0.0939982652  1.0000000000  0.1831815556  0.0549547174  1.0000000000
 -0.9516607317  -8.2633330675  14.3145031080  -2.1823257753 -10.5921115226  14.0133914768  0.0682614771  0.0684844320  1.0000000000  0.0427401093 -0.2259658510  1.0000000000
 -2.2218766883 -10.6735124759  15.4511970027  -2.2035977502  -9.5410611866  12.9350578835  0.0896703192 -0.1697149785  1.0000000000 -0.1612642539 -0.1620094606  1.0000000000
-1.6815589348 -8.8423816455 13.9181396004 -2.5895836751 -8.5822671493 14.5940364368  0.0320907344 -0.0155704972  1.0000000000 -0.0679445603  0.0476518952  1.0000000000
 -0.8998747759  -9.8572711207  15.7285241097  -3.4616924007 -10.4112751237  14.2762562368  0.2311899506 -0.0452244180  1.0000000000 -0.0763619210 -0.2648518321  1.0000000000
-2.1337909725 -8.3645847891 15.5738735509 -2.5078989946 -7.7467937744 13.9772891834  0.0339448976  0.0842250534  1.0000000000 -0.1583399717  0.1251071534  1.0000000000
  0.0772335852  -7.9347112829  15.2437298460  -1.5096958412 -10.6314045105  16.5272967044  0.2627097016  0.2283015435  1.0000000000  0.2017487138 -0.0631679279  1.0000000000
 -3.4098527949 -10.1683332932  13.0208752439  -1.9143290290  -9.7197725875  12.5895125785 -0.2378472603 -0.2734994252  1.0000000000 -0.0725114161 -0.2181569346  1.0000000000
-0.7949497503 -9.7317985758 14.7955714614 -2.8352639645 -7.6230684327 16.1327137028  0.1894307380 -0.0892362336  1.0000000000 -0.0632787176  0.1958579424  1.0000000000
 -0.2921892998  -9.4186353330  14.1528338174  -0.2092238225 -10.8114485009  13.4910963719  0.1894515328 -0.0775976422  1.0000000000  0.2498405874 -0.2622134200  1.0000000000
 -1.2399261656  -8.3220993098  14.6999685732  -3.9076550683 -10.7724675796  14.9015162484  0.0732339832  0.0906409917  1.0000000000 -0.0729293716 -0.2162911718  1.0000000000
 -2.3076673523  -9.1974438051  12.4025635016  -3.3988637816 -10.8807435369  15.6460736236 -0.1839918166 -0.1599460323  1.0000000000  0.0046449323 -0.2032686969  1.0000000000
-2.9562857077 -9.5695410924 16.0007256943 -2.6686132253 -9.7282719618 16.7419938793  0.0198882296 -0.0771573215  1.0000000000  0.0492492662 -0.0657973964  1.0000000000
-2.8805780659 -7.1520128094 13.9074503149  0.2499667168 -9.0266320356 14.6943892739 -0.1948683855  0.1609887068  1.0000000000  0.2924784701  0.0465620537  1.0000000000
-2.2674962118 -8.0449252521 15.0505960263 -1.6004870015 -7.8619588679 14.6441145866 -0.0357224740  0.1553479710  1.0000000000  0.0105249061  0.1500948048  1.0000000000
-2.8990756936 -9.8460761318 12.7583205417 -3.4723446600 -7.2250835910 15.8443407256 -0.1474613101 -0.2374680896  1.0000000000 -0.0901105005  0.1640491038  1.0000000000
-1.1074262059 -6.9355733049 14.0160293698 -1.3352753700 -7.4637792476 14.6556243475 -0.0217805122  0.2692890620  1.0000000000 -0.0195785746  0.1851166382  1.0000000000
-1.1161094592 -8.8822804019 16.8830147820 -1.7617183575 -7.7984344825 14.2681961308  0.1617900748  0.1065347971  1.0000000000 -0.0191201188  0.1264119248  1.0000000000
 -4.3817032858 -10.4761231117  15.1729475318  -0.2435907860 -10.1285456072  13.4319731832 -0.1242884423 -0.1883641761  1.0000000000  0.2221825426 -0.1499252246  1.0000000000
 -2.7719947457  -8.5378166265  16.7666867771  -2.7377454374 -10.2294852102  13.4818027505  0.0007067327  0.1410762778  1.0000000000 -0.0651558058 -0.2322362490  1.0000000000
 -3.2873628267  -9.9074834786  15.4903823104  -4.0425984578 -10.6283234348  15.6308445318 -0.0242269717 -0.0994550173  1.0000000000 -0.0732853121 -0.1999905477  1.0000000000
-2.2892428605 -9.6192663109 12.9869762450 -3.3524852775 -8.7100057660 14.5144112763 -0.1112314784 -0.1718678414  1.0000000000 -0.1497457258  0.0216192434  1.0000000000
  0.0257537819 -10.2469269243  13.9453493578  -2.5687539360  -9.5352634837  16.8668226412  0.2859861273 -0.1608827145  1.0000000000  0.0724657695  0.0204013715  1.0000000000
-1.0343524424 -9.4236876756 14.9306553733 -0.7452857909 -9.8668989807 16.0001537791  0.1383527618 -0.0276600974  1.0000000000  0.2484147151 -0.0015406912  1.0000000000
-1.2016499892 -9.5078115724 14.8284078675 -1.8423212639 -8.6830965595 17.2205129405  0.0978993813 -0.0629002944  1.0000000000  0.1042175324  0.1338786332  1.0000000000
-2.7895651632 -7.8101291573 13.4305330389 -3.3661827907 -8.2617476384 14.9409887773 -0.2394480370  0.0839507202  1.0000000000 -0.1429133584  0.0761624710  1.0000000000
-3.3215327314 -8.1581838551 16.6296034962 -0.5643023987 -9.8494305392 14.6496075605 -0.0491581058  0.1181354198  1.0000000000  0.2127371808 -0.0712970570  1.0000000000
-3.3133333343 -8.6343474764 13.9403495816 -1.4451142442 -9.3440785880 14.6951574810 -0.2131247346  0.0002034092  1.0000000000  0.0613616722 -0.0176873960  1.0000000000
-2.1507789319 -6.9456062038 13.1902968699 -2.6074300811 -9.6809799109 15.9886352537 -0.2711387193  0.2434850368  1.0000000000  0.0152458076 -0.0582136588  1.0000000000
-4.0800953271 -7.4246764864 15.4017825083 -0.9483978022 -8.5928737988 15.8628699330 -0.1793557982  0.1702645884  1.0000000000  0.1988545967  0.0966145613  1.0000000000
