428.8000000000
50
 -8.2927961490 -10.8078945143  13.5448319469  0.0170654484 -0.1227094557  1.0000000000
-10.2518837523 -10.1594756602  12.9062092738 -0.1673171936 -0.1060645536  1.0000000000
-9.3883045989 -9.5555009875 12.8296395368 -0.0807324060  0.0110979033  1.0000000000
 -7.4372990540 -11.6192339803  12.3332494680  0.2301030627 -0.2988856964  1.0000000000
 -7.9543449710 -10.1456790384  12.5241362871  0.1006918606 -0.0775728546  1.0000000000
-7.6258967504 -9.5538232391 15.3615295006  0.0951693159 -0.0043410534  1.0000000000
-9.3213136582 -8.3146131793 14.0434509748 -0.0289378775  0.1809603946  1.0000000000
 -9.7982873469 -10.0747592153  13.5888292316 -0.1341534759 -0.0543542321  1.0000000000
-10.5210796806 -11.1942810192  12.0435615507 -0.2406963944 -0.2327256051  1.0000000000
-8.3892329205 -8.7853589984 11.6992654857 0.0540664436 0.1664912512 1.0000000000
 -6.6908719767 -10.4174630438  12.5224599156  0.3162944819 -0.1095698111  1.0000000000
 -8.6676429123 -10.0130434215  14.0234507342 -0.0048859434 -0.0088210185  1.0000000000
-7.3276073209 -8.7534359895 12.0887352016 0.2026055930 0.1543204831 1.0000000000
-10.0242589176  -9.5534870825  12.1366519463 -0.2335530550 -0.0023697524  1.0000000000
 -9.2034754037 -10.8338179699  13.6334873635 -0.1154090071 -0.1781013129  1.0000000000
-8.2351758476 -7.8357042710 11.6576783666 0.0853410038 0.3204714612 1.0000000000
 -8.3474161456 -10.4755888911  14.9993758100  0.0632561149 -0.0384129043  1.0000000000
-9.8485239350 -9.6542157072 12.5689282596 -0.1283965997 -0.0417616314  1.0000000000
-7.7952821373 -9.5049845996 13.0118711246 0.1538267864 0.0022940604 1.0000000000
 -7.3068164463 -11.2304070223  11.8847763798  0.2414214482 -0.2694564240  1.0000000000
 -7.1125387947 -11.2543581492  13.0977203345  0.1794337225 -0.2323353163  1.0000000000
-10.1017213938  -9.2787089115  14.7223300900 -0.1378346588  0.0225048457  1.0000000000
-7.6130150967 -9.9352445564 13.5920626081  0.1132100270 -0.0593503422  1.0000000000
-7.0500060159 -9.3095233730 11.6806970320 0.2786217851 0.0961018640 1.0000000000
-10.4499213526  -7.8796705496  12.4988552481 -0.2164994136  0.2627406686  1.0000000000
-8.3501978316 -9.4293581292 12.3057879892 0.0863047124 0.0253449574 1.0000000000
 -8.1798400324 -11.1319076776  13.4626848178  0.0643312946 -0.2461706334  1.0000000000
 -8.6976817183 -10.3068200587  15.4537144982  0.0295294557 -0.1094360179  1.0000000000
 -7.6741778897 -11.4567898659  13.5831033789  0.1060899845 -0.2555267129  1.0000000000
-10.1929322952  -8.1163511423  13.9857982492 -0.1728837750  0.1508052422  1.0000000000
-9.8299411787 -8.5774949744 14.3614322268 -0.1376448035  0.1005025751  1.0000000000
-8.2751524503 -8.0426113574 12.6954271263 0.0378355517 0.1979583245 1.0000000000
-9.0678718506 -8.9962692105 14.4026412294 -0.0545969319  0.0844011776  1.0000000000
-7.0070315750 -9.3815618118 12.7196195491 0.2292310162 0.0464105262 1.0000000000
-6.8380471933 -9.1636185522 12.4880879744 0.2873933471 0.0630134709 1.0000000000
 -9.8366571923 -10.8477110169  14.7411248388 -0.1228100113 -0.1105437803  1.0000000000
-9.0602792798 -8.3754565588 15.2128425097 -0.0111576104  0.1746275966  1.0000000000
 -7.1438054565 -10.4551565362  12.5245722802  0.2446688995 -0.1051606912  1.0000000000
 -7.2147317642 -11.4870670772  12.7051471635  0.2065848505 -0.2542297205  1.0000000000
 -9.1705951173 -11.0391625284  12.2388911669 -0.1042726102 -0.2513616405  1.0000000000
 -6.6884480782 -10.1806944980  15.2654187392  0.2246441119 -0.0743504688  1.0000000000
-7.8689949112 -7.7991196246 14.8506953638 0.1029842380 0.1914443014 1.0000000000
 -6.6807763487 -10.2256713984  13.4931363913  0.2694794942 -0.0628699214  1.0000000000
 -7.8143811135 -10.5943823305  11.7559238694  0.1208144775 -0.1605543435  1.0000000000
-10.5816889357 -10.7632324394  14.2502087337 -0.2266094043 -0.1597764821  1.0000000000
-9.5968028174 -9.9536319839 15.0163838219 -0.0673459504 -0.0132177268  1.0000000000
-10.4160932982  -8.3814781066  14.2552195749 -0.2049512772  0.1126602600  1.0000000000
-6.7087677006 -8.8407515924 15.4067338078 0.2079023025 0.0301770741 1.0000000000
-9.7331822454 -9.4556617413 11.5833603460 -0.1509346800  0.0061730647  1.0000000000
-8.5595593614 -7.9601879753 12.1685536034 0.0414276626 0.2671608181 1.0000000000
50
-8.5664981063 -7.9969179641 14.3193838466 -8.7435372164 -9.2197579316 14.0835080838  0.0001319049  0.1834997210  1.0000000000 -0.0158700646  0.0398268704  1.0000000000
 -7.3512759415  -9.2507589994  13.4198151134 -10.2784591471 -10.4020132588  15.4343681899  0.1734609176  0.0168674566  1.0000000000 -0.1564363898 -0.0859555987  1.0000000000
 -9.4367789272 -10.3725602313  11.6564121022  -7.7474875037  -9.3007871813  14.3318837168 -0.1026242282 -0.1151693949  1.0000000000  0.1435339165  0.0520274053  1.0000000000
-8.4983223142 -9.0738357389 13.8165978549 -9.7424430521 -9.1609472246 12.5536482987  0.0524746877  0.0891653320  1.0000000000 -0.1259661667  0.0456051127  1.0000000000
 -7.5482468420  -8.2150461652  12.4316261590  -7.8536902870 -10.1044301892  12.5012181857  0.1564810855  0.2111541820  1.0000000000  0.1268852823 -0.1057400158  1.0000000000
 -8.2127568411 -11.2915887735  13.1732692170  -9.7990671227  -8.7208157405  15.2509406325  0.0809223011 -0.2335286375  1.0000000000 -0.1213654833  0.0830400555  1.0000000000
 -7.4293634385 -10.8175259293  13.1536501800 -10.2110659972 -10.9492045631  12.4809650400  0.1458386104 -0.1551817428  1.0000000000 -0.2157369605 -0.1675003487  1.0000000000
 -8.9277815538 -10.8212208349  12.8214251060 -10.6110859751  -8.0022129541  14.0379790372  0.0043152660 -0.1838061724  1.0000000000 -0.2338755233  0.2064588344  1.0000000000
-8.0554822257 -9.7009119938 12.9292117884 -9.5560433980 -8.6668109356 15.0863330151  0.0790332455 -0.0180631460  1.0000000000 -0.0901103706  0.1011736873  1.0000000000
-10.1651637895  -7.7682473457  12.0029433101  -8.5893951204 -10.7544378848  15.1349586286 -0.2209145890  0.3073719927  1.0000000000 -0.0566150005 -0.0851853922  1.0000000000
-8.2655442684 -9.1255065191 13.9217305141 -9.3736742064 -9.4208686764 12.3663353587  0.0443415262  0.0236210272  1.0000000000 -0.0987062551  0.0285532203  1.0000000000
 -8.5623733865  -7.7808107790  13.1873902798  -7.8516876310 -10.8524864048  12.4265149684  0.0532820014  0.2450353815  1.0000000000  0.1890208741 -0.1813937593  1.0000000000
 -7.0349980955  -9.5607818918  12.8506934365  -7.3756643050 -11.0374985566  14.5896477530  0.2500869163 -0.0022269130  1.0000000000  0.1623502742 -0.1396343765  1.0000000000
 -9.4480935186  -9.6392435995  14.6393008937 -10.4998115782 -10.0949395072  13.2523643828 -0.0527451741  0.0031300226  1.0000000000 -0.1701199185 -0.0686104081  1.0000000000
-10.6071038891  -9.6050438180  14.3358550904  -9.7359006856  -9.9956355295  14.8404492039 -0.2201089649  0.0091231404  1.0000000000 -0.0834820674 -0.0608597405  1.0000000000
 -7.2419092037 -11.5953453339  12.8750802570  -8.9997440615 -10.7469866114  15.2676085152  0.1898077665 -0.3184962644  1.0000000000 -0.0264035136 -0.0841027248  1.0000000000
-9.1766482541 -9.0922070381 12.5430631939 -8.3773481723 -8.1723595918 14.6296153738 -0.0913878056  0.0488302683  1.0000000000  0.0547225660  0.1701866521  1.0000000000
-10.3036110881 -10.8525479268  13.4714544194  -9.7427156340  -7.7898303628  13.0623735604 -0.1918538011 -0.1070431042  1.0000000000 -0.1296297540  0.2406796632  1.0000000000
 -7.7557276583  -8.6786822584  12.3121368279 -10.1830575219 -10.9733340505  13.5461115401  0.1401669940  0.1387763806  1.0000000000 -0.1896350325 -0.1421382941  1.0000000000
 -8.1648965254  -8.1674274654  13.6560857903 -10.5287006628  -8.8763982179  13.7195730624  0.0751260016  0.1997947073  1.0000000000 -0.2355681477  0.0878895518  1.0000000000
-10.4708447531 -11.5232702143  14.6441109321  -9.6221307555  -7.7943295358  14.0092358711 -0.1794482047 -0.2028928332  1.0000000000 -0.0749210907  0.2513553215  1.0000000000
 -7.0745096100 -10.7832779487  11.6439414209  -7.6281413322  -7.6541422731  13.1073863432  0.2696551675 -0.1727000271  1.0000000000  0.1515755839  0.2365776881  1.0000000000
-6.8080679175 -9.7086146003 15.3901159476 -6.9940875748 -8.1971123532 11.7201156388  0.1967136162 -0.0025618731  1.0000000000  0.2924868802  0.2709170218  1.0000000000
 -8.0091488482 -11.3914384881  12.6782156199  -7.3609494425  -9.4011012640  11.5660379555  0.0943082233 -0.2533426903  1.0000000000  0.2573030167  0.0352161024  1.0000000000
 -7.8851395687 -11.2521005134  12.0475029331  -9.1102620704  -9.0520794505  14.5317006679  0.1531729261 -0.2092853198  1.0000000000 -0.0371967875  0.0390905806  1.0000000000
 -8.9943541323  -9.9632649235  14.6632905113  -9.1452468975 -11.4709578234  14.8386224163 -0.0596235620 -0.0151365938  1.0000000000 -0.0898619636 -0.2178235081  1.0000000000
 -8.3130718082 -11.3697201542  11.8647941980  -8.3136527003  -9.7309566752  15.4375521020  0.0678796755 -0.2723955844  1.0000000000  0.0344499880 -0.0061106086  1.0000000000
-10.4219853279  -9.8702441903  14.4932322730  -6.9817807835  -9.6324590242  14.2885545011 -0.1698589762 -0.0775722421  1.0000000000  0.1716806620  0.0061492391  1.0000000000
-6.7445641227 -8.4905940423 13.9563790612 -8.5139927465 -8.4573843504 12.6110919169 0.2694460288 0.1293889335 1.0000000000 0.0528623560 0.1685797721 1.0000000000
-8.1325627615 -7.9463631745 11.9113768447 -9.5287715782 -8.9221668776 14.7020309851  0.0789532127  0.2705037356  1.0000000000 -0.0650609848  0.0382996147  1.0000000000
 -7.8831190141  -9.8025225603  12.2307020583  -7.7116592533 -10.4941716864  13.8806536984  0.1356927214  0.0130809710  1.0000000000  0.1323283193 -0.0598987435  1.0000000000
 -7.4245651262 -10.1522934811  15.3605499193  -9.5538499418 -10.2631868132  13.7226890106  0.1721570059 -0.0854857129  1.0000000000 -0.1276762996 -0.0462751253  1.0000000000
 -7.7986530455 -11.3176031666  12.0373283474  -9.8255669294  -8.5486869931  12.2503691993  0.1303002476 -0.2346428890  1.0000000000 -0.1908693115  0.1949861413  1.0000000000
 -6.6914820516 -10.0781558552  11.8996153774  -7.5149086447  -8.9858888610  11.8058005765  0.3285680377 -0.0653067826  1.0000000000  0.2046709870  0.0717933799  1.0000000000
-7.8006954038 -8.5636119511 13.9556783456 -9.1030754462 -9.4073437078 12.5148626071  0.1136250762  0.1087800684  1.0000000000 -0.0482628317  0.0800718668  1.0000000000
 -7.2594624260  -8.6775767820  13.6089527734 -10.1298388620 -10.3467728294  12.4257379350  0.1996004258  0.1498015472  1.0000000000 -0.2321211922 -0.0715424074  1.0000000000
 -8.6452473291 -10.4727554942  15.3463302905  -7.2902285580  -8.2881959896  14.5240268024  0.0121718429 -0.0682892721  1.0000000000  0.2063828904  0.1357879161  1.0000000000
 -6.9934240417  -7.8066273105  11.6094784807  -7.8503236824 -11.0617573218  14.5014502789  0.2512194501  0.2787210178  1.0000000000  0.1115440975 -0.1653401769  1.0000000000
-10.2861383549 -10.6796931380  15.3609407440  -7.6318080806 -10.3702651410  15.3068075047 -0.1723224677 -0.1155353460  1.0000000000  0.0710887563 -0.0579785054  1.0000000000
 -8.5901715230  -7.9355696213  14.4480079945 -10.3470672415 -10.9664974860  13.3411597909  0.0070470840  0.1846768076  1.0000000000 -0.2186556147 -0.1801228583  1.0000000000
 -7.3972285468  -8.8341255542  14.8556377277 -10.1030551504  -7.9713086888  14.2668831063  0.1411989331  0.0995781022  1.0000000000 -0.1445606265  0.1620389520  1.0000000000
-8.9526773080 -8.1469981074 14.7856877127 -9.6352264059 -9.1458079467 12.7859082483  0.0005074418  0.1464948852  1.0000000000 -0.1186662689  0.1051474630  1.0000000000
 -9.8068408489  -9.0378889251  12.1455662295  -9.2450698473 -10.0669767374  11.8329789970 -0.1112452422  0.0765817290  1.0000000000 -0.0933540783 -0.0175297575  1.0000000000
 -8.2739810555 -10.2253247778  14.6113204926  -7.0274751881 -10.4321182055  14.9464979079  0.0560743759 -0.0860134172  1.0000000000  0.1756653246 -0.0844453136  1.0000000000
 -7.3409385093 -11.5043339176  13.9585452136  -6.6894194830  -9.7275291304  11.9993086687  0.1925756597 -0.2003618762  1.0000000000  0.2927323380  0.0060542982  1.0000000000
 -7.9021898521 -10.3832614450  12.3140839216  -8.2388258663 -11.6477467493  11.5743354869  0.1477830973 -0.1317476837  1.0000000000  0.1219218151 -0.3231713282  1.0000000000
 -8.7741670088  -8.3751529265  12.1010138871 -10.2463567485 -11.1114616348  13.8325493613  0.0218480804  0.2250495986  1.0000000000 -0.2189306007 -0.1470632401  1.0000000000
 -7.6276878046 -10.4733563423  14.8295981263 -10.0717806180 -10.2137326993  11.7070236682  0.1032649123 -0.1308116774  1.0000000000 -0.2087310064 -0.1238456824  1.0000000000
 -8.6582490527 -11.1100706963  13.1211010850  -7.4755280956  -7.6556219957  15.4461856441 -0.0150835699 -0.2014607381  1.0000000000  0.1868712286  0.2420801034  1.0000000000
-7.3521047358 -9.2299636413 15.0659582403 -9.4518546051 -8.7567037772 14.3763940430  0.1386817191  0.0420710173  1.0000000000 -0.0676353393  0.0833735369  1.0000000000
