356.2000000000
50
-9.4927697047 -7.1276154766 -8.6749612568 -0.1488882551 -0.0620747984  1.0000000000
-7.9850314693 -7.0660397206 -7.3032221265 -0.0847086503 -0.2003023675  1.0000000000
-8.0521949120 -5.1368405400 -7.3944064095  0.0174432763 -0.0391608861  1.0000000000
-8.5004374207 -3.6598376658 -9.2444341664 -0.1504669554  0.2434249330  1.0000000000
-10.0142190775  -6.0933681203  -7.0120276765  0.0195048497 -0.0014455785  1.0000000000
-7.1752723361 -5.4666088804 -7.3130777615  0.0124876850 -0.1224990269  1.0000000000
-7.8878869211 -5.4086592918 -6.2862329241  0.1449669842 -0.1107697403  1.0000000000
-8.5943425641 -2.9663405234 -7.9490821402 0.1002044254 0.2711600726 1.0000000000
-8.7320286377 -6.9321060373 -8.5939302546 -0.1802289297 -0.1144411929  1.0000000000
-7.1117291084 -4.3257098875 -6.0073890791  0.2615832866 -0.0659091387  1.0000000000
-8.4616064578 -4.5963712884 -6.0141949101  0.2351490325 -0.0204100358  1.0000000000
-9.2423163598 -3.4946071984 -6.6219875595 0.2210298057 0.1596160982 1.0000000000
-9.5942510522 -6.3014356680 -6.9963877448  0.0574330204 -0.0936035359  1.0000000000
-9.5415061480 -6.2022620393 -9.4354963803 -0.1875217274  0.0535385679  1.0000000000
-7.0209815373 -5.8227988219 -7.6864974544 -0.0881894548 -0.1735353038  1.0000000000
-8.7760274426 -4.8033169089 -8.4095789725 -0.0816237087  0.0706682921  1.0000000000
-9.3163899718 -5.6375992161 -6.8711803122  0.1012130561 -0.0526171744  1.0000000000
-8.1339928151 -7.5667472769 -8.2661245469 -0.1714528861 -0.2666139940  1.0000000000
-5.9893773101 -5.3280248318 -7.5335769486 -0.0426222487 -0.2097470960  1.0000000000
-6.7933600086 -6.6531850824 -8.0066752304 -0.1142673523 -0.2677744480  1.0000000000
-10.1464384763  -4.4413069377  -8.7593663612 -0.0662660174  0.2320185189  1.0000000000
-9.6011359409 -3.6801991667 -6.8558232634 0.1609500151 0.1592411106 1.0000000000
-9.6434634987 -6.4095767148 -7.9236790071 -0.0416333740 -0.0396270875  1.0000000000
-8.2099080707 -5.6308515054 -8.2894144789 -0.1212977067 -0.0513223241  1.0000000000
-9.4751182399 -5.0703123259 -9.2625958470 -0.1394407531  0.1232648697  1.0000000000
-7.2984830183 -6.0190910964 -7.1871269881 -0.0178335879 -0.1674959404  1.0000000000
-9.7116165542 -5.4636199532 -9.7798359475 -0.1523976239  0.1940472730  1.0000000000
-10.5440593080  -4.0530302726  -7.0430688754 0.1485358879 0.1477835906 1.0000000000
-6.3056347766 -4.6208922794 -7.1558759860  0.0699286330 -0.1478579147  1.0000000000
-6.8109872241 -4.0290946705 -7.3782399591  0.0599045545 -0.0356703612  1.0000000000
-10.9712816060  -4.2621472114  -6.4482911892 0.1900122691 0.1554500830 1.0000000000
-9.9872971296 -4.7340192210 -6.9792445318 0.1075396900 0.0680739246 1.0000000000
-6.4694057399 -6.1748624605 -7.5210439694 -0.0637395708 -0.2592773269  1.0000000000
-8.4592949490 -6.2274366767 -8.0875746213 -0.1009498876 -0.0734454120  1.0000000000
-8.3544384038 -4.5320772400 -6.4244788062 0.1519009739 0.0009946570 1.0000000000
-9.5393754702 -3.7451917871 -8.1404138031 0.0056526865 0.1922111954 1.0000000000
-9.0780769265 -2.7062303323 -6.7474685033 0.2594470988 0.2624200106 1.0000000000
-8.2287499849 -3.3868916794 -7.1285054356 0.1253309327 0.1327660217 1.0000000000
-8.3097599355 -5.5685286107 -6.9119043851  0.0601482061 -0.0686818086  1.0000000000
-7.6541248865 -2.7110442169 -7.8950763963 0.0989275468 0.2444877016 1.0000000000
-10.4944375859  -4.5409393641  -7.4829031308 0.0552722977 0.1544998577 1.0000000000
-8.9016317472 -4.7900389635 -7.1952573119 0.0688994253 0.0318951029 1.0000000000
-9.5786884888 -4.0592333769 -8.3811348667 0.0062470440 0.1809518306 1.0000000000
-9.4797294627 -6.6231633581 -6.3434643339  0.1293764959 -0.1243522005  1.0000000000
-7.1197401991 -6.6613517416 -7.3961767559 -0.0601603264 -0.2534331098  1.0000000000
-8.2353871776 -4.2039530357 -6.6028702106 0.1651183818 0.0312272587 1.0000000000
-7.7075482604 -4.9264167095 -8.0295722082 -0.0787784442 -0.0276547981  1.0000000000
-6.6426296070 -4.6882828993 -6.3138984077  0.1831243620 -0.1644186439  1.0000000000
-8.4462620738 -4.4684381791 -9.8860271685 -0.2469027273  0.2120401370  1.0000000000
-7.7227137558 -4.6691849942 -7.2361684869  0.0407869420 -0.0424548585  1.0000000000
50
-7.9188431402 -7.0334689167 -8.2312490109 -9.1403484392 -4.0019429982 -7.1498647016 -0.1258863420 -0.1653562360  1.0000000000  0.1499819153  0.1192102908  1.0000000000
 -6.6310288690  -5.0249881336  -6.7033583935 -10.2470272714  -3.8298972281  -6.9424500246  0.1069901996 -0.1966227340  1.0000000000  0.1679981379  0.1797320973  1.0000000000
-8.8580517633 -5.7683538801 -5.8957391568 -6.2359898397 -5.9280086043 -7.3480433557  0.2000446706 -0.1028278724  1.0000000000 -0.0275450884 -0.2825133709  1.0000000000
-8.5875386685 -4.7690445742 -6.0999148022 -8.8215406583 -7.3085487603 -8.4638108926  0.2098461848 -0.0242434352  1.0000000000 -0.1426386031 -0.1097773344  1.0000000000
-9.7495006551 -6.1898259649 -5.3900617762 -8.5205527158 -3.9517300322 -8.4199784906  0.1957383004 -0.1125013090  1.0000000000 -0.0517101362  0.1308995924  1.0000000000
 -9.0197020324  -5.5447138389  -7.3813794947 -10.4387270132  -4.5053216597  -9.1219303161  0.0362501089 -0.0304718323  1.0000000000 -0.0719042435  0.2489137166  1.0000000000
-7.9771106728 -6.3925809222 -7.0575830455 -8.1141791763 -3.4163167959 -8.7115598961  0.0101175848 -0.1985653100  1.0000000000 -0.0524584395  0.2139762760  1.0000000000
 -7.1574808185  -3.6179610092  -7.3986408870 -10.3999743629  -4.7540963056  -7.3082070381 0.1224078882 0.0649395025 1.0000000000 0.0923173302 0.1094483805 1.0000000000
-7.0534465764 -5.8441479102 -8.7866757763 -6.5019759923 -5.7323953152 -7.9106884016 -0.1951713063 -0.1390356327  1.0000000000 -0.0928415149 -0.1992037840  1.0000000000
-6.9748568102 -5.7369162350 -7.0354614927 -7.4458396413 -4.7037111815 -8.3475801142  0.0058283674 -0.1931552050  1.0000000000 -0.0697339681  0.0084171449  1.0000000000
-8.6143287331 -5.7967303478 -6.1369399832 -6.7253892998 -5.2919714138 -6.0205123264  0.1693423975 -0.1061152200  1.0000000000  0.1706735832 -0.2081333911  1.0000000000
 -8.9005510213  -3.7962086499  -6.4072955980 -10.9568102075  -4.1915490582  -7.0534825561 0.2304071696 0.1122055396 1.0000000000 0.1594523461 0.1751565123 1.0000000000
 -8.6944820527  -3.3168806887  -8.6910081958 -10.5459591333  -5.1937095252  -9.2808596014 -0.0578422962  0.2578587771  1.0000000000 -0.1486261660  0.1405337277  1.0000000000
-8.2714657506 -6.3067468567 -7.1490629104 -9.0744750112 -5.7004024743 -6.7840336378  0.0511321602 -0.1617872844  1.0000000000  0.0724797164 -0.0948913568  1.0000000000
-7.2683429136 -3.1656746191 -6.8665908006 -9.2187137592 -4.0820600487 -8.8940211971  0.1810614054  0.1084419108  1.0000000000 -0.0701947913  0.2347520195  1.0000000000
-9.8467128971 -5.4367740269 -7.4444537212 -9.5074972213 -4.2332536493 -7.4329046859 0.0479370832 0.0031626780 1.0000000000 0.0749226568 0.1660192169 1.0000000000
-7.5366100574 -5.8888181232 -7.7960660946 -7.0917384990 -5.9416674037 -8.0514424124 -0.0643969463 -0.1118222197  1.0000000000 -0.1138781280 -0.1538798578  1.0000000000
-7.0535880747 -4.4934673318 -8.6904025394 -8.3767231810 -5.5770477771 -8.9629371514 -0.1253358804  0.0426460670  1.0000000000 -0.1888136713  0.0178729288  1.0000000000
-8.4596397566 -6.7918220018 -7.6584788190 -8.3261902258 -2.8768027561 -7.5607096481 -0.0370665306 -0.1540194822  1.0000000000  0.1641177525  0.2184342091  1.0000000000
-10.4559445067  -4.5486223941  -8.7256004772  -8.8352406005  -5.6830967694  -8.3739370222 -0.0525502635  0.1856268993  1.0000000000 -0.0938226903  0.0259626105  1.0000000000
-10.0728060737  -5.8887753370  -5.9777522671  -7.7316767469  -6.4388968994  -6.3369658199  0.1589528223 -0.0498015143  1.0000000000  0.0692622754 -0.2451668459  1.0000000000
-7.5034302023 -4.0534314149 -6.1452759791 -8.8341796529 -4.8388995412 -9.4894711814  0.2503641080 -0.0393953626  1.0000000000 -0.1508894845  0.1462642237  1.0000000000
-10.3543128107  -4.1349954683  -7.6051685826  -6.5999685667  -4.7303762895  -8.7898356936  0.0947025309  0.1791786425  1.0000000000 -0.2226396943 -0.0149188822  1.0000000000
-6.6868062282 -5.5864939971 -7.7287801739 -8.2032683758 -5.6683648942 -8.3250208908 -0.0970583277 -0.1741586286  1.0000000000 -0.1091801055 -0.0390285742  1.0000000000
-6.9125193543 -5.5306891699 -8.3632112508 -9.7789085734 -3.4163022666 -7.4982914539 -0.1542954719 -0.0568485583  1.0000000000  0.1174477756  0.2299258574  1.0000000000
-10.3531260914  -4.9010479302  -9.7342901542  -9.0395168307  -6.0035974252  -8.9745826771 -0.1876508922  0.2293340214  1.0000000000 -0.1403421819  0.0262096998  1.0000000000
-8.4626182259 -3.9785977280 -7.7287812932 -7.0906660876 -5.4870974360 -7.8659627786  0.0937162622  0.1185596332  1.0000000000 -0.0734485577 -0.1300667535  1.0000000000
-7.0429767252 -6.3920502601 -7.8809989049 -6.2752205385 -4.8326417655 -6.3388628748 -0.1250340753 -0.2044353135  1.0000000000  0.1774740051 -0.2053265004  1.0000000000
-7.4298692993 -4.2670574683 -5.8746658052 -9.3133847603 -4.1229126184 -8.7538137009  0.2687381098 -0.0795928692  1.0000000000 -0.0942938336  0.1998859915  1.0000000000
-8.9876226282 -6.6243510427 -6.3919271147 -7.4310472259 -3.2055790559 -7.5817422414  0.0564422250 -0.1539314113  1.0000000000  0.0410510714  0.1386001664  1.0000000000
-9.7094282953 -5.0508841641 -7.3723947706 -9.2788059833 -6.7324940200 -8.7140162405  0.0568524468  0.0403805225  1.0000000000 -0.1126252108 -0.0543582097  1.0000000000
-7.4366937064 -2.7056031903 -6.8059466779 -7.5855449737 -7.1587482502 -8.1916525072  0.2640098563  0.1730896670  1.0000000000 -0.1549534672 -0.2026073018  1.0000000000
-9.5744256900 -6.5115659701 -8.3435733986 -7.1892844375 -4.6801925051 -7.9336065585 -0.1147861122 -0.0465599723  1.0000000000 -0.0296017621 -0.0246540916  1.0000000000
-10.3578536233  -4.8912024397  -6.7820762683  -9.2477825101  -6.2227716195  -6.4857149495  0.1441091218  0.0154506329  1.0000000000  0.0522297232 -0.1217908482  1.0000000000
-6.8106017986 -5.2158148390 -5.8519541071 -9.0616030037 -6.6761378677 -6.7659783731  0.1776029238 -0.2360731909  1.0000000000  0.0509333095 -0.1499690200  1.0000000000
-9.0728640707 -3.9728273654 -9.4324487087 -7.7398960518 -2.9605711409 -7.9409908109 -0.1167686836  0.2518034419  1.0000000000  0.0838695596  0.2247866582  1.0000000000
-8.0660137338 -3.4904053904 -8.7926243182 -6.8158356656 -4.4380664015 -8.0065902101 -0.0672610935  0.2540976345  1.0000000000 -0.0167196487  0.0154416224  1.0000000000
-7.4488819788 -4.3065657555 -6.3190815288 -8.3256336492 -4.9521312667 -8.5591396059  0.2073158983 -0.0146983302  1.0000000000 -0.0986877659  0.0190030194  1.0000000000
-10.0251021560  -5.0212240045  -5.8459900324  -8.5140695464  -6.1201338348  -8.3746638177  0.2389054311  0.0579604980  1.0000000000 -0.0986230971 -0.0975756366  1.0000000000
-7.8761648582 -4.6824102151 -8.3669959649 -7.1204200796 -4.5032183073 -7.5404492388 -0.1028812790  0.0626695555  1.0000000000  0.0207079395 -0.0226632895  1.0000000000
-10.0235741698  -4.1124361557  -8.3149908236  -8.9344716917  -7.5425096100  -7.3586948130  0.0466031295  0.1946709277  1.0000000000 -0.0711206256 -0.1923702000  1.0000000000
-7.8577710768 -6.1666403190 -8.2223815290 -9.5416299037 -5.9220458663 -6.5520383353 -0.0925798986 -0.1264948283  1.0000000000  0.0770349606 -0.0319452126  1.0000000000
-7.5213657954 -4.8734484347 -9.1995923320 -6.2818327644 -5.3216904469 -6.1807649648 -0.2098200981  0.0720291117  1.0000000000  0.1773500664 -0.3049826182  1.0000000000
-8.6436970473 -3.8101164909 -9.2408510052 -8.1228908850 -4.2804255982 -7.3186789665 -0.1280049631  0.2369295254  1.0000000000  0.0620785514  0.0526212043  1.0000000000
-9.3044370791 -4.2676696887 -9.3321163666 -9.1633389512 -6.9199411543 -6.3046772361 -0.1214816491  0.1982270564  1.0000000000  0.0581692571 -0.2070074850  1.0000000000
 -8.8407651373  -3.7113507485  -7.7442492077 -10.4303655398  -4.8023027087  -7.3730089103 0.0970442592 0.1619783010 1.0000000000 0.0732493500 0.1334898867 1.0000000000
-7.4477834859 -4.6112809429 -5.7356965201 -7.6257017270 -6.3923429224 -7.8455535987  0.2729023675 -0.1434278731  1.0000000000 -0.0870181645 -0.1820471256  1.0000000000
-7.5043571435 -4.0840066946 -6.1803814852 -8.1271779688 -3.9117779594 -6.1129589679  0.2538817692 -0.0538451962  1.0000000000  0.2809005438  0.0780717667  1.0000000000
-7.8459547378 -2.2272538796 -7.0182818220 -7.2137359563 -5.3370131032 -7.4652536212  0.2301962559  0.2925501243  1.0000000000 -0.0143985208 -0.1611641713  1.0000000000
-10.4434457353  -4.8334314727  -8.5158269580  -7.6152120049  -3.3622852700  -8.1981179647 -0.0450955706  0.1324636004  1.0000000000  0.0045992212  0.1888808272  1.0000000000
