528.1000000000
50
 -3.7357575765 -14.1602528003   8.9912111603 -0.1752182091 -0.1595140923  1.0000000000
 -4.5011372072 -11.4818182275   6.6071500643 -0.2547675296  0.0344246686  1.0000000000
 -3.8215796446 -13.5725958067   9.8796421678 -0.1445805551 -0.1481688602  1.0000000000
 -1.2822338177 -11.2165492988   8.4646534205 0.2061534295 0.0748493299 1.0000000000
 -3.3549979003 -13.9756617721   8.4067991736 -0.1268855737 -0.2104603516  1.0000000000
 -2.0730421458 -11.5564182825   8.8832078251 0.0991771939 0.0507520223 1.0000000000
 -1.9302369721 -11.2086379082   6.7479776322 0.1886937499 0.0367098729 1.0000000000
 -1.7171983331 -12.3676469422   8.3404358895  0.1512172084 -0.0789575100  1.0000000000
 -2.8368751767 -11.6644242826   7.5353521864  0.0322380390 -0.0023361775  1.0000000000
 -3.4578279172 -12.5481366698   9.3163939275 -0.1087155742 -0.0005295921  1.0000000000
 -3.9336598038 -12.2078770727   9.6691307324 -0.1341940099  0.0279525426  1.0000000000
 -1.0999301855 -10.8022913184   7.6227162437 0.2536384771 0.0512010875 1.0000000000
 -0.7643198331 -10.6608160636   8.6244656355 0.2131767221 0.1669577177 1.0000000000
 -0.9795711156 -10.8835552012   7.1021557250 0.2839076084 0.1003989700 1.0000000000
 -2.5546449132 -10.2439997057   7.7061551322 0.1083903503 0.1808933202 1.0000000000
 -3.1983795375 -12.4483133290   9.8191518442 -0.0609345681  0.0221228551  1.0000000000
 -0.6335630907 -12.5122414928   7.4458336188  0.2869553002 -0.0864513060  1.0000000000
 -3.9105722404 -10.6875129256  10.0529730378 -0.1569546216  0.1896768587  1.0000000000
 -1.4962422461 -11.7829791264   7.3164309461  0.1895904759 -0.0422050915  1.0000000000
 -3.8153457177 -11.7020488564   9.6090520847 -0.1240702027  0.0503109559  1.0000000000
 -1.0083989636 -10.2924609594   7.6204966089 0.2748251938 0.1757209023 1.0000000000
 -1.7790900533 -10.2957543189   6.4139791390 0.2375113857 0.1364502710 1.0000000000
 -3.5890243166 -11.4384906969   9.6743080372 -0.0858168349  0.0770844002  1.0000000000
 -1.3160006795 -10.7188532694   7.8612376993 0.2005728444 0.1148886561 1.0000000000
 -4.0172906609 -12.5430047761   7.3008121603 -0.1401184448 -0.1099872067  1.0000000000
 -2.5438862763 -11.7108262209   9.3072591853 -0.0021403539  0.0017781701  1.0000000000
 -3.3178168348 -11.0374284211   6.4528262401 -0.0573868972  0.1038396225  1.0000000000
 -0.8556586766 -10.9831469780  10.0001797461 0.1965792923 0.1060250044 1.0000000000
 -1.7351121665 -11.2280831180   7.7318580482 0.1707929271 0.0832289641 1.0000000000
 -4.5039746888 -10.6385523022   7.0181599647 -0.1875808615  0.1706680795  1.0000000000
 -0.7663901622 -10.9640458085   9.6048283701 0.2365276764 0.1523516210 1.0000000000
 -3.3205095568 -11.7291706805   8.7822558497 -0.0762743868  0.0003719254  1.0000000000
 -3.4085785451 -10.5271862620   7.9948000802 -0.0663708585  0.1639900327  1.0000000000
 -4.2432285758 -10.8115969033   6.9045217671 -0.1694234450  0.1388848120  1.0000000000
 -2.3623407160 -10.1948761173   8.0890024679 0.1075065584 0.1897319564 1.0000000000
 -1.2019233129 -11.5613978105   5.9192415602  0.2729775427 -0.0609268870  1.0000000000
 -1.7798413548 -10.6351996505   8.8158234643 0.1000270836 0.1251563551 1.0000000000
 -1.7282080274 -10.7341329163   7.8846958909 0.1719241927 0.1079780536 1.0000000000
 -1.9321589852 -11.2501085138   6.1261922908  0.2380404605 -0.0013501448  1.0000000000
 -3.7065480880 -11.8440111005   9.5537807515 -0.1139489552  0.0348491039  1.0000000000
 -3.4555921973 -11.7438135656   8.5358982118 -0.0755945185  0.0284090895  1.0000000000
 -4.2808884367 -10.1816569492   7.4015729721 -0.1612321035  0.2350039867  1.0000000000
 -1.6043259220 -12.0134387562   5.7679280110  0.2136090006 -0.1231058299  1.0000000000
 -3.6495861179 -12.3520775329   9.0725260886 -0.1629329744 -0.0178927102  1.0000000000
 -3.1858262759 -13.5620020956   8.2285235767 -0.0700815619 -0.2120430424  1.0000000000
 -1.9356286368 -12.9114761192   5.6019731725  0.1699962124 -0.2889202566  1.0000000000
 -1.5753514167 -10.8452733027   9.4901426196 0.1352704219 0.1508242065 1.0000000000
 -3.0426826340 -11.6409918538   8.4255867053 -0.0280612780  0.0383321154  1.0000000000
 -1.5915517084 -11.7537291612   6.0272371804  0.2287584008 -0.0679541998  1.0000000000
 -1.1084696419 -11.5912644749   8.6366103132 0.1937467209 0.0545681889 1.0000000000
50
 -3.5994439607 -10.8254201918   9.2661644760  -3.8863378597 -13.5496934894   6.8419617615 -0.1003315160  0.1297921799  1.0000000000 -0.1907788895 -0.2547599045  1.0000000000
 -3.0562790719 -10.3471442641   8.2342353204  -0.8071612805 -13.0890767721   7.1729195329  0.0191706174  0.1908226003  1.0000000000  0.2034077967 -0.2221063751  1.0000000000
 -4.5782129547 -12.2220642878   6.9491741619  -3.7651469901 -13.8451508687   9.0013480453 -0.2289794732 -0.0452259367  1.0000000000 -0.1518647860 -0.1555007700  1.0000000000
 -0.9580539279 -10.4391404282   9.4074339193  -2.4101798872 -12.8043129465   8.3504454936  0.1942547161  0.1552991934  1.0000000000  0.0375089298 -0.0548921321  1.0000000000
 -1.2298411386 -12.7674277092   6.3022801453  -3.3293383382  -9.7540335361   7.6876804912  0.2280807886 -0.2485177750  1.0000000000 -0.0511717886  0.2968537497  1.0000000000
 -3.2730040804 -11.7151690483  10.0722015337  -3.6960379685  -9.9752483306   7.5475463372 -0.1019866184  0.1054639983  1.0000000000 -0.0776801396  0.2945886815  1.0000000000
 -3.7564194926 -12.3847042668   7.6962739412  -3.2808869662 -11.0684459564   9.8748896947 -0.1196829198 -0.0833243537  1.0000000000 -0.0628854211  0.1118066303  1.0000000000
 -1.3886137276 -13.9126652971   8.5530637555  -1.2525473397 -10.8309722679   9.5586513688  0.0900126103 -0.2488568019  1.0000000000  0.1198823306  0.1154415320  1.0000000000
 -1.5487505439 -11.7498863049   9.8957324310  -4.2210582227 -13.5087136648   9.6364700674  0.1358126629  0.0338205150  1.0000000000 -0.2184086511 -0.1196739343  1.0000000000
 -4.1572919663 -12.1964088515   7.9390595293  -4.3642781927 -11.0951427175   7.7457339671 -0.1746694556 -0.0188743679  1.0000000000 -0.1701856187  0.1409419353  1.0000000000
 -1.3546927231 -11.2888941701   8.9780756446  -2.1516073273  -9.7862997685   6.5331486646 0.1192391165 0.0673063761 1.0000000000 0.1904169612 0.2609002602 1.0000000000
 -4.0504664293 -12.8030334349   7.5416022305  -0.5886587281 -13.0374030789   7.8101372630 -0.1589027947 -0.1443133307  1.0000000000  0.2567546185 -0.2025343389  1.0000000000
 -0.7218934713 -10.2847954688   9.8806126115  -1.6144630553 -10.6753058165   8.7577571458 0.2122585504 0.2035042853 1.0000000000 0.1521033887 0.1420367118 1.0000000000
 -3.2211398312 -10.8282436153   8.3269331729  -2.3743114168 -10.7313196029   7.0133680441 -0.0548605716  0.1072390964  1.0000000000  0.0982939049  0.1021849179  1.0000000000
 -4.2354637376 -13.2613118458   6.7202633691  -1.5032912267 -11.7614828593   7.1476650580 -0.2515808066 -0.1918996281  1.0000000000  0.1790569888 -0.0518931874  1.0000000000
 -2.6262174405 -13.0831591305   7.5501136705  -3.2370021595 -12.8471489036   6.9415140642 -0.0255480709 -0.1724914160  1.0000000000 -0.0753057186 -0.1549671680  1.0000000000
 -2.4776304924 -10.9990698754   6.2767561351  -1.6386305125 -12.5680122546   6.3314513725  0.1126079206  0.0891094538  1.0000000000  0.1555516733 -0.2035239189  1.0000000000
 -1.8519036292 -12.8662793810   6.1794592409  -2.9513100468 -10.5118597529   6.8828820401  0.1749119446 -0.2507658669  1.0000000000 -0.0067316083  0.1423237403  1.0000000000
 -3.0239556824 -13.4035104290   9.4374745568  -4.7325518776 -12.2592055872   7.5151739766 -0.0551125318 -0.0938159636  1.0000000000 -0.2673156965 -0.0318305336  1.0000000000
 -3.8961643238 -12.0524161933  10.1565298979  -2.9824474112  -9.6582446946   6.8690650343 -0.1606410576  0.0670937226  1.0000000000  0.0462223815  0.2856547738  1.0000000000
 -1.4851125518 -12.4292597940   9.3364910404  -1.1594898060 -10.7589281303   7.5303249594  0.1030313610 -0.0402877029  1.0000000000  0.2244642213  0.1216107173  1.0000000000
 -2.5559488604 -11.2488367936   9.1759259580  -2.1541836685 -10.1068816916   7.8990900255 0.0169686172 0.1376684690 1.0000000000 0.1004806782 0.1768726425 1.0000000000
 -1.4693301972 -13.0834547224   6.1160830223  -1.9916278183 -13.4578031697   9.1583876708  0.1844199731 -0.2710325226  1.0000000000  0.0197255853 -0.1411757133  1.0000000000
 -1.3654587298 -13.1979162662   7.1244070804  -3.5298422262 -12.6784804434   8.9349590102  0.1794917211 -0.1684022976  1.0000000000 -0.1195303160 -0.0594488433  1.0000000000
 -1.0499767629 -12.4319022425   8.5498054436  -1.1633816991 -12.3071942328   9.1148729060  0.1712897539 -0.0598066059  1.0000000000  0.1431113703 -0.0141758731  1.0000000000
 -3.7130969618 -12.6520679233   7.6113444673  -1.3971724498 -10.5230019449   6.5832544851 -0.1461575077 -0.0891699603  1.0000000000  0.3082248202  0.1138577822  1.0000000000
 -2.4260446379 -11.6449215104   6.1990666442  -2.6603812910 -10.7596035282   8.6256025853  0.0935939873 -0.0584446309  1.0000000000  0.0194786612  0.1502663244  1.0000000000
-2.7698515886 -9.8131632100  7.6371997750 -2.1774421604 -9.9435009791  6.7151076892 0.0776685558 0.2361711569 1.0000000000 0.1581342268 0.2284904708 1.0000000000
 -1.1987092240 -12.6790276058   8.2177203410  -4.0694913797 -10.0990168627   8.5546925053  0.1756819944 -0.0973267249  1.0000000000 -0.1115804752  0.2543596979  1.0000000000
 -2.4169660969 -11.1610921860   8.9457871666  -0.8013372378 -11.3497919909   8.0122076264 0.0427082194 0.1133945298 1.0000000000 0.2160481138 0.0033702275 1.0000000000
 -3.8061234299 -10.0792028552   8.1084859383  -0.5549208917 -13.2294105912   7.6852036551 -0.0897281585  0.2661798353  1.0000000000  0.2171384327 -0.1857408824  1.0000000000
 -2.9008962210 -13.2986291877   7.7380143302  -4.1981929262 -10.8823539688   7.0503721105 -0.0627074659 -0.1589774953  1.0000000000 -0.1484284591  0.1210721026  1.0000000000
 -4.0965760385 -10.3738985505   9.3725835636  -4.5289596345 -13.5482544476   6.8483081330 -0.1235891194  0.2196088088  1.0000000000 -0.2491930471 -0.2487271115  1.0000000000
 -3.2560720485 -11.5999164693  10.2283140625  -3.1391497316 -13.5265927439   8.9775363769 -0.1042339988  0.1074956619  1.0000000000 -0.0797610309 -0.1145220422  1.0000000000
 -5.1000801320 -10.3257310951   6.8425985932  -2.2878936242 -12.2760515480   8.1864255518 -0.3126771941  0.2583271635  1.0000000000  0.0445495268 -0.0823130894  1.0000000000
 -2.6120264614 -10.9151687100   8.5077733139  -1.8795501254 -12.7259485609   9.1375396589 -0.0152222744  0.0988671434  1.0000000000  0.0422818938 -0.0818474352  1.0000000000
 -1.5746945462 -10.6905458025   9.5069894801  -3.1776162313  -9.7675467583   7.5152065708  0.1521712015  0.1338860203  1.0000000000 -0.0020305015  0.2098340543  1.0000000000
 -2.9413432924 -11.2607947293   7.9331667271  -2.6599460575 -10.4769710041   8.7778929040 -0.0176934654  0.0683302184  1.0000000000 -0.0073233471  0.1925000151  1.0000000000
 -3.7161041488 -10.7547872997   8.9901913090  -2.7309235442 -11.6880840939   9.8073971578 -0.1059392359  0.1350211334  1.0000000000 -0.0312099562  0.0358761201  1.0000000000
 -3.7821010826 -11.0352129746   7.1879303639  -2.0184579698 -12.4250377962   6.5534821430 -0.1030786899  0.1295516689  1.0000000000  0.1353205115 -0.1667860543  1.0000000000
 -2.8404061071 -11.0163191092   9.4668347593  -1.7506285967 -10.9419984572   7.3503333304 -0.0530508882  0.1278001195  1.0000000000  0.1543880358  0.0752959802  1.0000000000
 -1.8466080015 -12.3220743167   9.6305359993  -2.1899534917 -11.2529995956   8.9830008807  0.0785573607 -0.0165489853  1.0000000000  0.0494826986  0.0834073145  1.0000000000
 -3.6752953629 -13.1763237606   6.5747067272  -4.1050179707 -11.4444896548   9.0332604844 -0.0960188906 -0.2187448776  1.0000000000 -0.1523723045  0.0823507012  1.0000000000
 -0.8915955256 -11.9390526188   6.3724792151  -2.0031402397 -12.7633391475   7.4413987154  0.2732122827 -0.0927978846  1.0000000000  0.0870672163 -0.1376586498  1.0000000000
 -3.0756151534 -12.6405951429   9.4831911670  -2.6947067362 -11.0122851722   6.8608745107 -0.0429956809 -0.0459650233  1.0000000000  0.0599415760  0.0824106412  1.0000000000
 -2.8952181761 -12.6540387506   9.3706993336  -4.8087960814 -11.1243937210   7.7794247138 -0.0169928249 -0.0536408520  1.0000000000 -0.2693808308  0.1234570135  1.0000000000
 -3.0892057892 -10.8497222807   6.6441400785  -3.7175709178 -12.7812573351   8.9097267512  0.0037233999  0.0869702412  1.0000000000 -0.1388400467 -0.0387252491  1.0000000000
 -3.6153588581 -11.6245444946   7.5560788910  -4.4234360031 -13.4076246612   8.3153745579 -0.0912232740  0.0158317845  1.0000000000 -0.1787532882 -0.1389450908  1.0000000000
 -3.1709219705 -12.6452993416   8.8429229621  -2.5049406128 -10.8183935525   9.1494567027 -0.0593749451 -0.0888102354  1.0000000000  0.0255153141  0.1250013356  1.0000000000
 -1.0434033921 -10.7060688274   7.4479612610  -2.3643691239 -10.6305166359   9.0591511295 0.2569953518 0.0758436632 1.0000000000 0.0586389280 0.1272694428 1.0000000000
