363.7000000000
50
 4.0581971190 -5.4081090871  8.0893199833 0.0250488058 0.0683000820 1.0000000000
 2.9101957245 -4.9879086732  7.1770383002 -0.1278060552  0.1513378467  1.0000000000
 3.7723880024 -4.6191936656  4.6880414832 -0.2015365503  0.2047786692  1.0000000000
 2.9234953991 -7.4571661165  6.7963631881 -0.2120496826 -0.0388913312  1.0000000000
 5.7068765515 -5.2185476903  6.3753245182 0.1150470656 0.0547775602 1.0000000000
 4.3078250448 -8.1249635171  6.9129253038 -0.1174087457 -0.1732960996  1.0000000000
 2.5357259961 -5.4507578639  6.2832226131 -0.2235941127  0.1339069210  1.0000000000
 6.0742572250 -6.3873533502  6.2708699209  0.1215674815 -0.0859401697  1.0000000000
 4.9995482230 -7.4272218509  4.3581997223 -0.1095221952 -0.2636857236  1.0000000000
 5.7871547242 -5.8443306270  7.1774198376  0.1229029602 -0.0206797801  1.0000000000
 4.7194112135 -3.7910538526  6.4711562764 0.0727273246 0.2378243561 1.0000000000
 5.8469230373 -6.5877327709  5.5694402994  0.0686343437 -0.1693631272  1.0000000000
 5.2204234946 -5.9698225031  4.7273730532 -0.0411362132 -0.0535204059  1.0000000000
 5.2902626607 -6.2058916362  6.2637427356  0.0538426233 -0.0630487064  1.0000000000
 6.0574897729 -6.7587666138  4.4363237716 -0.0098355296 -0.2628051970  1.0000000000
 6.9860024119 -5.3962482167  5.6306675625  0.2722825325 -0.0576519338  1.0000000000
 5.4907856423 -6.5382942630  8.3522859480  0.1389544846 -0.0327779011  1.0000000000
 5.8551337574 -7.0056335401  5.0226954209  0.0446275118 -0.2359226134  1.0000000000
 7.0757402889 -5.8497755722  6.1364725444  0.2687321699 -0.1432169493  1.0000000000
 4.0773923081 -8.1108207649  6.2579195772 -0.1654569450 -0.1691312676  1.0000000000
 5.3599292058 -5.1866930398  7.8074298665 0.1091284380 0.1077463583 1.0000000000
 3.6975496092 -7.6757418344  7.2332958194 -0.1156687938 -0.1278002837  1.0000000000
 5.1375183086 -5.1039527585  5.8987974730 0.0233671021 0.0721056955 1.0000000000
 5.8465759942 -7.0671384775  7.2039018540  0.1028864769 -0.1245073621  1.0000000000
 3.2959977700 -5.9973369177  7.0853256615 -0.0901664289  0.0385496735  1.0000000000
 4.5901582209 -5.4626567089  4.9692189048 -0.1133816476  0.0421887968  1.0000000000
 4.9356843890 -6.5367260539  6.4701664521 -0.0275463079 -0.0492753796  1.0000000000
 4.0158731972 -4.9306925929  7.1303738141 0.0116217332 0.1133849566 1.0000000000
 4.5806914910 -5.2368632092  8.5563584147 0.0868798997 0.0928086454 1.0000000000
 3.2061162790 -4.2279913796  4.1863648118 -0.3211187305  0.3328670171  1.0000000000
 5.2253527623 -5.0016937536  7.7681381454 0.1343863563 0.1346132957 1.0000000000
 5.1137912380 -3.5302220847  4.8661558784 0.0669410586 0.2941278310 1.0000000000
 4.8642895041 -5.9976298199  6.7384436212  0.0442220140 -0.0193148253  1.0000000000
 6.2789772555 -6.8956353077  7.7781132545  0.2121722156 -0.1398143998  1.0000000000
 5.5117137759 -5.9363489214  6.3004477883 0.0593492863 0.0015622263 1.0000000000
 5.1044470911 -4.4182987950  4.7135791899 -0.0127640715  0.1117136494  1.0000000000
 6.2000737127 -6.5464288873  5.9632402082  0.1603558679 -0.1747492730  1.0000000000
 4.4022367675 -5.1101137089  5.0581284726 -0.1160990841  0.1400878323  1.0000000000
 4.1398286901 -6.2018865131  3.5610739203 -0.3101783295 -0.0898458119  1.0000000000
 2.8512247179 -7.3696788154  6.8790708177 -0.1767419175 -0.0751050495  1.0000000000
 3.7877411613 -7.7557086694  5.8990269198 -0.1660505840 -0.1503033129  1.0000000000
 5.6271799852 -4.8969390537  7.4000456163 0.2087984060 0.1067533843 1.0000000000
 7.0436947730 -5.9777373482  5.2683493640  0.2704873483 -0.1519794003  1.0000000000
 5.6965360333 -7.0886357176  5.2801057548  0.0038990690 -0.1757698744  1.0000000000
 3.5485911376 -5.5991786309  6.9384201647 -0.0497159673  0.1210991433  1.0000000000
 6.3691020474 -6.6821844615  6.4372841437  0.1427034682 -0.1814111374  1.0000000000
 5.1788128102 -4.4119944771  7.7561216010 0.1406144224 0.1600751495 1.0000000000
 4.6146811462 -7.1663174380  5.0093037833 -0.1552454564 -0.1498230400  1.0000000000
 4.8933649164 -7.3550056615  6.7296108952 -0.0332861809 -0.1753461350  1.0000000000
 5.7553881905 -6.5081417162  4.5768528277 -0.0573759433 -0.1856643713  1.0000000000
50
 4.7109330226 -6.7433647599  5.3155389136  7.8180255712 -6.1748298481  5.2831542826 -0.1223306779 -0.0968557124  1.0000000000  0.3110405613 -0.2471267226  1.0000000000
 3.0324536295 -4.8074884630  6.7893406996  4.0219310281 -6.7788208222  7.0126103325 -0.0927820911  0.2071255581  1.0000000000 -0.0928948815 -0.0461285806  1.0000000000
 3.5315164832 -5.1775865576  4.3805330342  3.4899654825 -6.8031477788  7.2080648579 -0.2972918357  0.1008370314  1.0000000000 -0.1372965363 -0.0455964376  1.0000000000
 4.0278419328 -6.9914908570  5.0675181282  4.7218077352 -5.6864137072  4.4790334726 -0.1981965593 -0.1325487964  1.0000000000 -0.1600468603 -0.0340704259  1.0000000000
 4.1988018324 -4.3851368155  6.4249289661  6.0659071775 -5.8438836320  5.4354697175 -0.0265566279  0.1924715383  1.0000000000  0.0759853625 -0.0912671090  1.0000000000
 6.2481071565 -4.2723428032  6.6399783315  2.6727784414 -5.3309954889  6.1706949846  0.2763331697  0.1185246886  1.0000000000 -0.2517236122  0.1760368018  1.0000000000
 6.3775979829 -5.3532466425  7.5343908786  4.3193977902 -6.8855986570  7.1550116360  0.2063713795  0.0104601245  1.0000000000 -0.0529195619 -0.0962289756  1.0000000000
 3.9660258926 -5.7454671882  4.3431889104  5.6390793297 -5.5719414824  5.2189572039 -0.2221670169  0.0245064124  1.0000000000  0.0340265768  0.0012312662  1.0000000000
 5.6433705121 -4.0459594481  6.7820215880  3.5223622680 -4.2923018806  6.3052737987  0.1675996882  0.1966891706  1.0000000000 -0.0660603419  0.2668718481  1.0000000000
 3.6184035938 -6.5771681375  6.7275395910  5.2306270180 -4.6377991293  5.5877435583 -0.1195833307 -0.0281670116  1.0000000000  0.0521476210  0.1591632422  1.0000000000
 4.4673015956 -8.0795066449  6.9834709061  3.0023566132 -5.8427571340  6.9061771503 -0.0615968078 -0.1599482563  1.0000000000 -0.1516474826  0.0883191681  1.0000000000
 5.3583486121 -6.6407581715  7.6769510358  3.4419887185 -7.8627909146  6.3905302645  0.0792470735 -0.0229920839  1.0000000000 -0.1825264959 -0.1336105383  1.0000000000
 5.8411233859 -5.9090831874  5.2589110826  3.5197659772 -5.8998187128  4.7705471181  0.0759350479 -0.0995134079  1.0000000000 -0.2634856860  0.0374870411  1.0000000000
 5.1092239816 -4.1410628770  8.5323733460  6.0442337206 -5.6829403026  7.5462962116 0.1692882396 0.1858946182 1.0000000000 0.2107713310 0.0264534491 1.0000000000
 4.1781094472 -7.4154529455  7.5681398917  3.9033982122 -5.8366983292  4.4772337566 -0.0566689612 -0.0745534589  1.0000000000 -0.2385081693 -0.0089650317  1.0000000000
 3.5482954817 -6.8854998381  6.5368762620  7.2105929463 -5.8866187714  5.2333844840 -0.1134808355 -0.0781954714  1.0000000000  0.2560452008 -0.1626853647  1.0000000000
 4.9828074855 -7.3257965263  4.5308236163  3.4545390861 -4.9915915459  7.8987826226 -0.1209095376 -0.2292114251  1.0000000000 -0.0286656770  0.1650606200  1.0000000000
 5.7938908555 -7.5022391489  8.1119571349  4.3664987122 -6.3309993732  6.0857871074  0.1380784767 -0.1244045618  1.0000000000 -0.0917428988 -0.0125182608  1.0000000000
 4.4592241702 -6.8949084776  6.0407402287  5.2529701342 -3.7239106863  7.0245446947 -0.0338701652 -0.1220542197  1.0000000000  0.1940984937  0.2393971455  1.0000000000
 2.9396579058 -4.3921824624  5.3673083675  5.4376824306 -7.1822582135  6.9676532852 -0.2415707480  0.1904722943  1.0000000000  0.0524760536 -0.1530922994  1.0000000000
 5.5619264764 -4.0338583270  8.5412210380  4.0697382449 -8.3574872890  7.0973694873  0.2161054593  0.2081312532  1.0000000000 -0.1137650877 -0.1574660474  1.0000000000
 4.1519150524 -7.2148116430  6.9687367415  5.0132854276 -6.5557126399  4.0064958326 -0.0486273976 -0.0474823707  1.0000000000 -0.1970294442 -0.1688988108  1.0000000000
 4.9316379121 -7.0116980602  5.6736055085  5.9027400896 -4.2007597802  6.0183250789 -0.0488993366 -0.1021112611  1.0000000000  0.1862329423  0.1085840470  1.0000000000
 3.6786678758 -6.8737301826  5.6449783783  2.4981135806 -5.5237306599  7.0362398743 -0.2076983820 -0.0547158587  1.0000000000 -0.1681193667  0.1356627639  1.0000000000
 3.6724945712 -7.5736057394  5.7937609042  3.0965947002 -4.8049056107  6.9004307917 -0.2053545747 -0.1574381592  1.0000000000 -0.0640180672  0.1959418361  1.0000000000
 3.7900960877 -4.9859720483  5.2403706315  4.0162443233 -5.0258932142  5.3115536374 -0.1375949665  0.1549758914  1.0000000000 -0.1045044419  0.1124422396  1.0000000000
 4.9695844713 -5.5562785381  6.5186721638  5.2388290297 -5.4728304465  8.0575970735 0.0272517734 0.0493675190 1.0000000000 0.1414689429 0.0643089018 1.0000000000
 7.8152721465 -6.1360640005  5.2830815988  6.1794864220 -5.9581916251  6.3166807924  0.3263471225 -0.2608796468  1.0000000000  0.1671685915 -0.0192335869  1.0000000000
 3.4005432593 -4.3367561810  4.8931647401  6.3845626722 -4.0267090230  6.5573096199 -0.2199340754  0.2112837258  1.0000000000  0.2793816206  0.1564755790  1.0000000000
 4.0793598042 -6.2398089899  5.2130030283  4.2201904561 -7.3725790065  5.1086331200 -0.1151196367 -0.0491543947  1.0000000000 -0.2001621380 -0.2060128818  1.0000000000
 6.0259605760 -5.7164983799  7.4950885265  4.3526324481 -5.1285020936  7.9668750923  0.1778930780 -0.0311211692  1.0000000000  0.0769244383  0.1798755804  1.0000000000
 4.6029874677 -6.2840612139  4.2558925089  6.2838039831 -6.8295186539  7.1964939884 -0.2116981895 -0.0988446395  1.0000000000  0.1610843051 -0.1499116395  1.0000000000
 6.8715218383 -6.1456448096  6.6765072557  4.0332788011 -5.2807512352  5.8611015126  0.2695506977 -0.1208400935  1.0000000000 -0.0598305392  0.1135455526  1.0000000000
 3.7700228522 -4.2633981738  5.0550218840  3.9337888133 -7.1597659705  4.6113732348 -0.1144411638  0.2581359752  1.0000000000 -0.2822563990 -0.1369538909  1.0000000000
 4.9306077889 -5.2322186771  5.5349103255  6.1320758119 -7.2946095518  6.0236112989 -0.0162322463  0.0573460626  1.0000000000  0.0736362383 -0.2069166744  1.0000000000
 3.1671117249 -5.5337421373  6.0457441219  6.2712187505 -4.9314345572  6.8797929966 -0.1959410597  0.1237388457  1.0000000000  0.2556388556  0.0654941069  1.0000000000
 4.3404136428 -4.6575017449  4.4420090374  5.2462045682 -5.8241529355  5.1748220601 -0.1473953233  0.1567591354  1.0000000000 -0.0087913998 -0.0506809438  1.0000000000
 5.7126771048 -3.6168455628  5.3444951474  5.5838435517 -5.8437490163  4.1961510126  0.1637777877  0.2851097675  1.0000000000 -0.0290515123 -0.0641498386  1.0000000000
 4.5583879912 -5.5352045933  5.2626170400  4.5071667500 -4.3537947707  6.6873868162 -0.1001768109  0.0090821220  1.0000000000  0.0237175519  0.1817697045  1.0000000000
 4.1977847735 -7.3285933918  5.5439251788  3.0213777101 -6.1462968248  7.6017855817 -0.1548345669 -0.1270659931  1.0000000000 -0.1189126473  0.0661883857  1.0000000000
 6.6629731652 -6.3599337506  7.2439269250  4.4669725974 -5.2587687357  7.3186287593  0.2168606773 -0.0885419503  1.0000000000  0.0802210641  0.0897708061  1.0000000000
 3.6036333384 -5.1914553232  6.6155553146  5.8776113316 -7.7942524947  7.6861861991 -0.0819486094  0.1282244426  1.0000000000  0.1091918823 -0.1970492541  1.0000000000
 6.1533919111 -6.9698987688  5.5931506897  7.7242017203 -6.2255667337  5.1866300687  0.0546393772 -0.2084918064  1.0000000000  0.3224894306 -0.2147991387  1.0000000000
 5.2005132638 -6.1568118440  6.1160743795  3.6173190771 -4.7979511495  7.4936063809  0.0459283599 -0.1112139570  1.0000000000 -0.0071841514  0.1792524329  1.0000000000
 5.6286731939 -5.6810368587  5.9137606600  4.3105016141 -6.2578790486  5.9178919766  0.1056932092  0.0050166505  1.0000000000 -0.0498034911 -0.0411714800  1.0000000000
 5.5174440634 -7.5986175954  6.8335914705  3.5440004463 -5.1407871008  6.6952721067  0.0276924540 -0.1577516596  1.0000000000 -0.0931456409  0.1474172086  1.0000000000
 3.9741191379 -6.0521408753  4.4866293290  3.8496146208 -6.7374497970  5.5123501889 -0.2744463585 -0.0117606038  1.0000000000 -0.1599629161 -0.1097904487  1.0000000000
 4.0417717458 -4.9900486313  4.9535562588  3.4578060228 -5.4179822034  7.3334116688 -0.1593890953  0.1292855243  1.0000000000 -0.0634855239  0.1121765039  1.0000000000
 5.6803016786 -6.7997258942  7.4772408980  6.3525284773 -6.9447502820  5.4932778933  0.0827016269 -0.1089686371  1.0000000000  0.1218741894 -0.2196054092  1.0000000000
 3.3666659861 -6.7587304666  6.3008430043  4.6448882451 -3.8803178426  6.1195123409 -0.1699014186 -0.0285138235  1.0000000000  0.0255713859  0.2395341253  1.0000000000
