561.4000000000
50
  5.5271745413 -10.9465502589  -1.5108720899 0.1705215601 0.2208348207 1.0000000000
  5.5963468249 -11.8734243987  -0.5851095774 0.1280859564 0.0806459087 1.0000000000
  4.7708633396 -14.4393222561  -0.0278064070  0.2117047652 -0.1966799459  1.0000000000
  6.0085223774 -11.5477989952  -0.7670452247 0.1435037142 0.1867603034 1.0000000000
  5.2545158520 -12.1492542145  -1.4886897124 0.2783253752 0.1124973837 1.0000000000
  5.7256457330 -11.8596750400  -1.3539276062 0.1835212619 0.1268620301 1.0000000000
  3.5452973871 -13.4722304731  -0.3247817709  0.1634915940 -0.2272706414  1.0000000000
  4.5440302404 -10.5853114054  -0.4617859800 -0.0208101421  0.1710665956  1.0000000000
  4.9522448202 -13.8893404410  -0.5947450544  0.2729186961 -0.1195578237  1.0000000000
  3.4509219847 -11.5875379120  -0.2337951552  0.0352346285 -0.0922705962  1.0000000000
  2.2955156453 -11.3477050112   0.6169112860 -0.1462871429 -0.2615569912  1.0000000000
  6.4786862716 -11.4926811594   0.8726311270 -0.0263238182  0.1234479151  1.0000000000
  7.1336250154 -12.9952052445  -0.2487040603 0.1884478667 0.1292252581 1.0000000000
  5.7852010222 -12.7572266684   0.4454266267 0.1253472539 0.0116095456 1.0000000000
  4.2548377166 -11.0179844609   1.3705821788 -0.1772233765 -0.0106557840  1.0000000000
  3.6988899015 -11.6631158620   0.0069202440  0.0098890378 -0.0560959793  1.0000000000
  3.6592903050 -13.2209779158  -0.7941792074  0.2132198023 -0.1836898579  1.0000000000
  3.7288117098 -10.0632674446  -0.0633712346 -0.1118888718  0.0699333905  1.0000000000
  4.6020556529 -11.0446784588   0.1009223464 -0.0433538332  0.0306297422  1.0000000000
  3.6540668336 -12.1083094403   2.5670612857 -0.1839196810 -0.2202119226  1.0000000000
  4.7687862429 -12.1208966365   2.1198155221 -0.1480365841 -0.1096563544  1.0000000000
  5.7538422965 -10.8456857131   1.1013071633 -0.1256175204  0.1494241253  1.0000000000
  4.8351191282 -10.1203275624   1.4005917094 -0.2048249883  0.0952075925  1.0000000000
  6.1155928586 -14.2133870878   0.2113709684  0.2235406043 -0.0376319112  1.0000000000
  5.0243994092 -12.2239938416  -0.4592957237 0.1099125799 0.0513884255 1.0000000000
  3.8879350279 -12.9275844973   2.6504573903 -0.1339703886 -0.1722598899  1.0000000000
  7.0700178037 -11.6807580650   1.4105214243 -0.0432833808  0.1483756575  1.0000000000
  4.1976760997 -13.5076358667   0.3487051965  0.1207126961 -0.1518854646  1.0000000000
  4.4980718753 -11.7555344975  -1.0623968240 0.1357656000 0.0624803172 1.0000000000
  4.3119804663 -10.2383951436   1.2709398462 -0.2115798506  0.0512830300  1.0000000000
  6.4061423736 -12.0202541807  -0.1473036334 0.1130969642 0.1824624913 1.0000000000
  3.5109094304 -12.8969987086   0.8494503295 -0.0310884745 -0.2243231517  1.0000000000
  2.5871960480 -11.3064591415   1.3278965784 -0.2241605327 -0.1851498771  1.0000000000
  3.8654247088 -13.2302310082   0.9981090792  0.0144456613 -0.2282449528  1.0000000000
  4.8488742589 -10.4409676943  -0.7259408790 0.0404370882 0.1858602165 1.0000000000
  5.8351568282 -11.1495592234  -2.2183895766 0.2931021564 0.2683842895 1.0000000000
  3.6282117552 -11.9598975684  -1.2754750510  0.1731653158 -0.0470540211  1.0000000000
  3.1379040120 -12.9086192139  -0.5701746533  0.1128173407 -0.2444853305  1.0000000000
  6.3977151138 -11.2505614938   1.2072901705 -0.0667433793  0.1284518765  1.0000000000
  5.7948620879 -10.8454139296  -0.4241774404 0.0378095837 0.2096679386 1.0000000000
  4.8057595518 -11.9806692728  -1.5931730248 0.2273750209 0.1092783670 1.0000000000
  3.2153744226 -12.6735584613   0.0887792327  0.1234727416 -0.2018451019  1.0000000000
  3.3784149811 -11.4396733865   1.8555177817 -0.1784815023 -0.1770830515  1.0000000000
  5.3520240257 -10.7860636581   0.8625838545 -0.1254000669  0.1217217963  1.0000000000
  3.9698040537 -13.0869202172  -0.9205905128  0.2179448314 -0.1701180050  1.0000000000
  3.0059361868 -11.1570061040   1.6818255542 -0.2262197006 -0.1537905307  1.0000000000
  6.4165978700 -10.4804042607   1.2181504247 -0.0958388686  0.2078849154  1.0000000000
  5.9868687919 -11.5112431606   1.4949324364 -0.0857988587  0.0905907406  1.0000000000
  3.8576240273 -13.3661298931   1.1436427536  0.0064011543 -0.2201814596  1.0000000000
  5.0728747226 -11.2703352133   0.9937302782 -0.1153410621  0.0513686854  1.0000000000
50
  5.0529986030 -11.5256185184   1.9092170953   4.4843826509 -13.2666803026   2.5105531699 -0.1139981559  0.0102413674  1.0000000000 -0.0984756733 -0.1847418376  1.0000000000
  3.1185683295 -12.1876298942   0.1321636896   4.7898842033 -11.7616794418   1.6115855711 -0.0433321370 -0.1729339618  1.0000000000 -0.0987117530 -0.0580566123  1.0000000000
  3.4418762468 -11.6583457568  -0.1815777773   4.5734965636 -12.7032211778  -0.0955768769  0.0452432947 -0.0907019407  1.0000000000  0.1338633214 -0.0188556156  1.0000000000
  5.9885130335 -12.6902447582   0.4786391005   5.8346058910 -10.6304205481   0.3366217082  0.0985095360  0.0306835252  1.0000000000 -0.0453909819  0.2457545459  1.0000000000
  3.9574920907 -11.5323750723   0.1969974820   6.1442354147 -11.1467111620   2.5662869079 -0.0301341795 -0.0442203292  1.0000000000 -0.1599383396  0.1160964725  1.0000000000
  4.6146358509 -12.1644974541   0.2441471537   4.9244948415 -12.9118834793   0.4220600827  0.0647833728 -0.0083938753  1.0000000000  0.1131285440 -0.0749495648  1.0000000000
  6.4660054689 -13.3076262377   0.3283273548   3.6651084464 -11.8217331867   1.2280338935  0.1427912388  0.0705385920  1.0000000000 -0.1216838626 -0.1543265748  1.0000000000
  5.0888025424 -12.6897279626   0.6200839586   5.6103809680 -11.3276223475  -2.1977609287  0.0560083256 -0.0463140302  1.0000000000  0.2865000926  0.2308600943  1.0000000000
  6.4240701113 -12.2915138440   0.9007679872   3.9967262926 -12.6435880511   0.9866236664  0.0523644643  0.0982854833  1.0000000000 -0.0234792219 -0.1366953079  1.0000000000
  6.2077395636 -13.7031242015   0.2948074938   4.3262596724 -12.0807355653  -0.1090381437  0.1517721357  0.0200037665  1.0000000000  0.0638574370 -0.0624959810  1.0000000000
  5.3506758969  -9.6496601724   1.2359020438   6.0749518284 -12.5354166277   1.7774962982 -0.2544756449  0.1987902436  1.0000000000 -0.0142996137  0.0257979874  1.0000000000
  4.6221091035 -11.0466470017   2.2863293156   5.6672786582 -10.2163287259   0.6448611875 -0.2092972436 -0.0152433947  1.0000000000 -0.1089744625  0.2654955237  1.0000000000
  5.7702562413 -12.5604198407   0.3102145582   5.1737805677 -11.0877799726  -0.5486821748 0.1276791330 0.0490331516 1.0000000000 0.0553426310 0.1581495816 1.0000000000
  4.4506782731 -10.6220165503   0.3839066556   4.7223510901 -13.3511190015   1.5330699908 -0.1155364445  0.0788206847  1.0000000000  0.0085269069 -0.1240481501  1.0000000000
  3.5939249676 -13.5700256850  -1.1816478400   3.8309696189 -11.0037036375  -0.0883627949  0.2940334743 -0.2463427589  1.0000000000 -0.0292901596 -0.0310393876  1.0000000000
  6.5029832977 -10.9330204762   1.1749458093   7.0504410352 -12.3650101738  -0.4118947188 -0.1254896997  0.1324088644  1.0000000000  0.1806525759  0.1846594453  1.0000000000
  3.9885233072 -10.8216363278   0.1763203816   5.2590194768  -9.4691774786  -0.0195278365 -0.0860840594  0.0230583355  1.0000000000 -0.1327161504  0.2847423656  1.0000000000
  5.6228273118 -12.0700910594  -0.9405705286   2.5526208866 -12.5380061269  -0.2537338787  0.1790050392  0.1318844468  1.0000000000  0.0377886295 -0.3183550521  1.0000000000
  4.5225057087 -12.1709787824   1.9308447301   2.4199256590 -11.5991739577  -0.1281824829 -0.1288369519 -0.0869270845  1.0000000000 -0.0367336741 -0.2461969538  1.0000000000
  4.6410206198 -12.1833959482   0.3446408822   4.6081470173 -10.5536215596   1.6936446590  0.0379483682 -0.0518422215  1.0000000000 -0.2277788295  0.0982315992  1.0000000000
  5.7703235912 -14.1664626681   0.0695518578   3.3143305717 -13.0274573930  -1.0257517179  0.2145888520 -0.0490564775  1.0000000000  0.2705196274 -0.1955482215  1.0000000000
  3.1127675209 -11.1322577698  -0.1417285117   4.5551576937 -11.3003344001   0.4541941283 -0.0587585775 -0.1062150987  1.0000000000 -0.0849717551  0.0662226127  1.0000000000
  3.3075152319 -12.4814511148   2.4710175276   3.2871689050 -11.8993129823   1.8469949839 -0.2301855408 -0.2350594852  1.0000000000 -0.1705274313 -0.2016739932  1.0000000000
  4.6414467321 -10.0400019053  -0.8010319177   5.3788616583 -10.8424249124  -0.7146546995 -0.0130087291  0.2475524666  1.0000000000  0.0937344618  0.2150342725  1.0000000000
  4.4495498914 -11.5892670736   2.5306797571   5.2763479555 -10.8710144995  -0.8624089290 -0.2269440973 -0.0707963251  1.0000000000  0.0595848602  0.2336663061  1.0000000000
  5.3833876239 -12.0624111334  -1.7349611947   5.0747547076  -9.4522141657   0.5868544548  0.2983551901  0.0775493755  1.0000000000 -0.2005599913  0.2418433034  1.0000000000
  5.1941430012  -9.8553120187  -0.8686646569   3.9779965724 -11.0929975368   2.0761354341 -0.0119028219  0.2875949321  1.0000000000 -0.2013093138 -0.0570808262  1.0000000000
  3.8922281735 -12.7883238937   3.3506010960   3.1244626069 -10.1103790379   0.3692412623 -0.1937855682 -0.2193031100  1.0000000000 -0.2092151298 -0.0070449430  1.0000000000
  4.4276180743 -12.2390076661  -1.9684377292   6.2831706785 -12.0515096265  -0.7638776331  0.3049401999 -0.0052112296  1.0000000000  0.1532774867  0.1248020669  1.0000000000
  3.8009479339 -10.3804193750   0.5866017585   4.4754837553  -9.3905975216   0.8867921039 -0.1506984102  0.0042840239  1.0000000000 -0.2750288889  0.1771909779  1.0000000000
  4.6448026803 -14.1169546073   0.8292489641   5.2591486989 -13.2284318668   0.7268966807  0.1125528465 -0.1820063091  1.0000000000  0.0700229379 -0.0752308734  1.0000000000
  5.8760177657 -13.1212463763   0.9487588877   5.4373431050  -9.2561314780   1.1090854208  0.0699776963  0.0122472115  1.0000000000 -0.2620603995  0.2944567554  1.0000000000
  5.1678525634  -9.5477141835   1.2261797417   5.6437833670 -10.7051825688  -0.2025992232 -0.2726955105  0.1902037383  1.0000000000  0.0149127080  0.2024791958  1.0000000000
  3.0320913649 -12.0411885985   2.4603392959   5.4815368979 -12.5393819660  -0.7324728824 -0.2402433524 -0.1825460076  1.0000000000  0.1943457341  0.0613619988  1.0000000000
  5.1512642727 -10.6787023787   0.1018665216   6.0169695681 -10.0796991451   0.9261186540 -0.0812341025  0.1221888286  1.0000000000 -0.1007621860  0.1703943986  1.0000000000
  5.6103175825 -10.8078381900   0.8381734682   4.6550418268 -11.6686791959  -0.6544877233 -0.0698806897  0.1529903922  1.0000000000  0.1083066654  0.0560597113  1.0000000000
  5.5683534128 -12.0058206758   2.6043051125   5.7256126029 -10.3278159401   1.4236735620 -0.1231234846 -0.0032272703  1.0000000000 -0.1801767806  0.1298272739  1.0000000000
  3.8024612765 -11.6128214860   2.4490873258   5.8100572086 -12.7711456184  -0.6500268453 -0.2026818740 -0.1579584841  1.0000000000  0.2078779420  0.0811126279  1.0000000000
  3.1613586836 -12.9352518794  -1.4259464197   4.3984213790 -10.7399770974  -0.6942638161  0.3065039919 -0.2339898029  1.0000000000  0.0472959821  0.0913938108  1.0000000000
  4.4546576543 -13.5478867197   2.6543225998   4.4885651335 -10.9324334733   0.7583537855 -0.0503860236 -0.1930179800  1.0000000000 -0.0775751630  0.0627056359  1.0000000000
  3.4805130978 -11.9618164948   2.3233694407   5.6424153986 -13.2324240201   0.9325777121 -0.1792748961 -0.2073326194  1.0000000000  0.0668868521 -0.0258075713  1.0000000000
  4.1748161263 -11.4296207746   1.7735605986   7.0651871840 -12.2601147658  -1.1473133505 -0.1441479501 -0.0699856424  1.0000000000  0.2111560764  0.2278299712  1.0000000000
  5.4947024366 -11.6662403715   1.9235409836   4.9519525577 -14.1217397426   0.4247276259 -0.1475574470  0.0320865422  1.0000000000  0.1774957478 -0.1261720515  1.0000000000
  5.1282393368 -14.0227041260  -0.4262254904   4.9881278993 -12.7666007429   0.2168464192  0.2066201631 -0.1200539055  1.0000000000  0.1362980803 -0.0516682648  1.0000000000
  3.7383067106 -11.9167835837  -1.0056889857   5.2052163363 -10.5536268620   0.5979696688  0.1215926646 -0.0224975687  1.0000000000 -0.0831751766  0.1441226521  1.0000000000
  4.7579661843 -12.4523198084   1.2851756231   4.9472730745 -13.8799804182   0.2800693198 -0.0429473827 -0.0440433501  1.0000000000  0.1325049542 -0.1067250548  1.0000000000
  5.0630835309 -10.3203238564   0.8241990310   4.4110823304 -11.3096171180   1.5705198599 -0.1653321003  0.0796771894  1.0000000000 -0.1529496370  0.0135430811  1.0000000000
  4.3046345842 -13.1269024164  -0.0106754529   4.4485399101 -14.4783534890   0.1213953457  0.1556975753 -0.1327178856  1.0000000000  0.2036830860 -0.2050543694  1.0000000000
  5.4399915902 -10.7082499245   1.2020624901   4.6633600933 -12.6566146579   0.3191393535 -0.1052709296  0.1383789844  1.0000000000  0.0520169529 -0.0804593523  1.0000000000
  3.6608722702 -10.2453656071   1.2884888056   7.4246170803 -12.4935347725   0.1300485489 -0.2567385697  0.0145477286  1.0000000000  0.1295907568  0.1439635858  1.0000000000
