592.0000000000
50
-6.8907156406 -0.3787350113 -1.8918768211 -0.0076075170 -0.2304914963  1.0000000000
-9.6313258218  2.1115432317 -1.5851748446 -0.0615556702  0.1587705497  1.0000000000
-7.7469306380  0.1848173670 -3.6441955529 -0.1931962630 -0.1599291252  1.0000000000
-9.1743068784  0.2596272856 -1.7755694067 0.0211419711 0.0075872080 1.0000000000
-7.5412364810  0.3608596431  0.5264122568 0.2489443099 0.0755942407 1.0000000000
-8.3718555807 -1.6748408546 -0.7310258830  0.2397892930 -0.1385547515  1.0000000000
-9.2070647909  1.6096920980 -1.7438548350 -0.0280454461  0.1451923649  1.0000000000
-9.0964720655  1.1559193310 -2.1280837908 -0.0413518366  0.0618583443  1.0000000000
-9.4408220680  0.2258463374 -4.1922627685 -0.1975935407 -0.0875903425  1.0000000000
-6.1727787475  0.8135785056 -3.2582374736 -0.2506118779 -0.2165070909  1.0000000000
-7.8223833817  0.9473565484 -0.6045847962 0.0781006452 0.0730818596 1.0000000000
-8.2555365918  1.4508033233  0.8163085980 0.2477947499 0.2595681546 1.0000000000
-7.1122493139 -0.7754042723 -2.1732102462 -0.0016270556 -0.2394108837  1.0000000000
-9.5678221594  1.3254158398 -3.4058983475 -0.1687573405  0.0097787730  1.0000000000
-8.5043433418 -0.1089994164 -0.8005373313 0.1379739844 0.0126466270 1.0000000000
-9.1762470949 -0.6847128292 -0.6505207675  0.1652312199 -0.0344704233  1.0000000000
-8.7158425176  1.5712328995 -1.1780901561 -0.0216484379  0.1426844080  1.0000000000
-6.1088571298  0.6735375052 -3.2658958656 -0.2324552233 -0.2371090193  1.0000000000
-7.4146824858 -0.9454628767 -1.4052341191  0.1052394564 -0.2002460146  1.0000000000
-7.9814684077 -0.9024095226 -1.6614542736  0.1297004464 -0.1734702600  1.0000000000
-7.7679424237  1.1646783407  0.2944176520 0.1588557986 0.1957547510 1.0000000000
-6.9908327703  2.4078981556 -2.3949107288 -0.2805882807  0.0958378832  1.0000000000
-6.5119759734  0.3684136871 -2.7455838772 -0.1223337510 -0.1912539176  1.0000000000
-8.8329312541 -0.8548813932 -2.3184750203  0.0700346909 -0.0982368368  1.0000000000
-8.1125211923  2.3614974148 -0.7371921996 -0.0618570498  0.2574162084  1.0000000000
-9.8493376469  0.3769539327  0.0323162203 0.1393858973 0.1590577169 1.0000000000
-8.0333145963 -0.4275428782 -1.8375472128  0.0476738722 -0.1240255964  1.0000000000
-8.2363459077  0.8268156524 -3.6628401245 -0.1950188400 -0.1209661471  1.0000000000
-8.3320864840 -0.4894091623 -4.0898519805 -0.1534894643 -0.2260082112  1.0000000000
-10.2406379698   0.6047946397  -1.9313379130 0.0309251191 0.0720255149 1.0000000000
-9.3797850367 -1.0225299501 -0.4732583219  0.1947869534 -0.0211124945  1.0000000000
-7.6681452328  1.3145780208 -2.7582975837 -0.2334453359 -0.0486494572  1.0000000000
-8.6290437240  1.5709981976 -2.1939902660 -0.1225755530  0.0927615168  1.0000000000
-8.7073061729 -0.4372154227 -2.7539411145  0.0263618548 -0.0906488832  1.0000000000
-9.0085886664  1.4534330829 -2.7749910236 -0.1602467824  0.0558233368  1.0000000000
-8.3006241306  0.7851875343 -1.9854490821 -0.0573607353  0.0208253189  1.0000000000
-8.3664429610 -0.1884129609 -4.1512175826 -0.1849046081 -0.2250658523  1.0000000000
-6.1555672730 -0.4881328804 -1.5978092476  0.0774766378 -0.2882010706  1.0000000000
-6.1798574612  0.7576564966 -2.6876428137 -0.2193145184 -0.1878160231  1.0000000000
-9.7679214234 -0.1691915110 -0.2358822321 0.2169256026 0.0332874065 1.0000000000
-7.6451044245  0.4896746767  0.2110691249 0.2086785968 0.0515453459 1.0000000000
-9.3356216814  0.9829186741 -1.0687365412 0.0239059998 0.1118581038 1.0000000000
-8.6963521105  1.2317531103  1.0011362436 0.2824202974 0.2340313750 1.0000000000
-8.2549333591  0.1764831067 -1.9868577152 -0.0163623762 -0.0671035765  1.0000000000
-6.9383719989  1.6483839313 -2.1362057980 -0.1968271122  0.0266400951  1.0000000000
-9.7151755116  0.7798017916  0.0665124895 0.1924980010 0.1789395497 1.0000000000
-9.7897696063  2.0679788192 -1.5915358989 -0.0242171034  0.2284529086  1.0000000000
-9.2456082415  1.1646662117 -3.3849472259 -0.1676371607  0.0159540829  1.0000000000
-10.2682262620   1.3337336672  -3.1821321461 -0.1702050279  0.0416808984  1.0000000000
-8.9702011802  1.2609549399 -2.7177339669 -0.1215711655  0.0522271148  1.0000000000
50
-9.6748329713  0.2034111497 -2.9290085844 -7.4676097120  3.4035603332 -1.5761452998 -0.0743023984 -0.0140007196  1.0000000000 -0.2903305510  0.3046628223  1.0000000000
-9.6249100643  2.5454278284 -2.5814954030 -6.3952806873  0.7327807843 -1.4377302462 -0.2295181974  0.1789891432  1.0000000000 -0.0167260514 -0.1019938205  1.0000000000
-8.8085388496 -0.4383658294 -0.0855031799 -8.9538390838 -0.8416505165 -0.9254826813  0.2574672100  0.0426268749  1.0000000000  0.1586861452 -0.0374967176  1.0000000000
 -8.1244297621   0.6570149438   0.0069037533 -10.5064892730   1.1884968734  -2.4019060305  0.1780760235  0.1136965076  1.0000000000 -0.0221232077  0.1168148773  1.0000000000
-10.2671425621   0.2699972824   0.2887575048  -8.6768388614  -1.3670012657  -2.6253493190  0.2088392734  0.1620227938  1.0000000000  0.0718927062 -0.1774219009  1.0000000000
-9.1480959663  0.9139269792  0.9075394057 -8.7566041411 -2.2448596787 -1.2710231343  0.2384766799  0.2216550455  1.0000000000  0.2118459795 -0.1702667456  1.0000000000
-10.0824030095   0.1191445787  -0.2862562099  -9.9303934762   1.5182280063  -2.3970410124  0.1516900060  0.1118119571  1.0000000000 -0.1312018121  0.1039298658  1.0000000000
-7.3686518733 -0.5674983530 -0.7683277970 -7.9035874605  2.9311337021 -1.5045458625  0.1484273346 -0.0916686364  1.0000000000 -0.1801118122  0.2255837967  1.0000000000
-6.5224968988 -0.6851857796 -0.3461203426 -9.2376488169 -1.0285318877 -2.1949248519  0.2559144219 -0.1581499639  1.0000000000  0.0316613789 -0.1120418144  1.0000000000
-7.8910853113  2.4455277585 -0.2345296362 -7.4335364880  1.6367232191 -0.4864192652 -0.0063480040  0.2912555186  1.0000000000 -0.0144782502  0.1562713672  1.0000000000
-8.4857127223 -0.6548378521 -2.4294568998 -9.5868408924  1.5755550921 -0.8765257950  0.0195412186 -0.1336814011  1.0000000000  0.0292404980  0.2097041488  1.0000000000
-8.9565612284  1.5175844057 -2.0108503280 -8.0946084858  1.6697726569 -2.9139707075 -0.0675348314  0.0743637458  1.0000000000 -0.2112499779  0.0095296105  1.0000000000
-9.5278170957  1.5921236304 -1.7806118307 -7.4133458589 -0.5204679275 -3.1644284763 -0.0339566102  0.1864298770  1.0000000000 -0.0980311156 -0.2235901212  1.0000000000
-8.1682211261 -1.0635048176 -2.5280193456 -9.0984405053  1.2192482631 -0.0409291921 -0.0020043216 -0.2087992183  1.0000000000  0.1465016983  0.1899376440  1.0000000000
-6.2894069537 -1.0671119169 -1.1727596050 -8.0830373225 -0.7196429818 -2.3877268333  0.1612609509 -0.3434943074  1.0000000000  0.0182680467 -0.1566194956  1.0000000000
-7.5413461646  1.4271311706  0.0939008571 -8.6622155945 -0.0811668077 -1.5011425339  0.1297832437  0.1707283728  1.0000000000  0.1012649890 -0.0361003519  1.0000000000
-6.1313247414 -0.2342512729 -2.6048065734 -8.1788628003 -0.3462146555 -0.3264136042 -0.1190288802 -0.2993109728  1.0000000000  0.2123708488 -0.0466645306  1.0000000000
-7.7568904949 -0.9521736608 -1.5913183022 -9.7506243874  0.0998380763 -1.0875386325  0.0759654769 -0.1779969386  1.0000000000  0.1082623156  0.0718853059  1.0000000000
-6.5741308966 -0.4605547766 -0.6386456401 -9.1460108046  0.6984676814 -0.7451761087  0.2041569897 -0.1200700881  1.0000000000  0.0798210194  0.0686705463  1.0000000000
-8.3364280154  1.1758501833 -0.1175883630 -6.7313607235 -0.2035279169 -0.1119237760  0.1241646289  0.1699312761  1.0000000000  0.2531031132 -0.0616397493  1.0000000000
-8.5599376002  0.0208461895 -1.2301928365 -6.4304819476  0.3341746710 -3.4629445040  0.0564251970 -0.0264791908  1.0000000000 -0.2210719677 -0.2780546145  1.0000000000
-8.7972162266  0.0055754792 -3.9991063799 -7.1985572653  0.9381389464 -0.8235644988 -0.1767037690 -0.2002017317  1.0000000000  0.0667653774  0.0500385002  1.0000000000
-9.5088882856 -2.0840499814 -2.4930069735 -9.4030562550  1.5644041086 -1.8221848660  0.0806447656 -0.1834690021  1.0000000000 -0.0541405273  0.1144872155  1.0000000000
-8.5397464923  1.5461666490 -0.4956775356 -6.8526307128  1.1044318143 -1.8944817337  0.0345400069  0.1783554144  1.0000000000 -0.0986571210 -0.0731326807  1.0000000000
-9.6560354543  1.8009999121 -2.8160370981 -8.8256612603  1.4154920011 -1.1188152440 -0.1963423783  0.0865273378  1.0000000000 -0.0050997409  0.1771871824  1.0000000000
-7.7348208519 -0.9368411929 -0.2494239976 -9.8971288640  1.1538584428 -3.7881278119  0.2862238535 -0.0681381846  1.0000000000 -0.1926369401 -0.0056078193  1.0000000000
-6.3118766264  1.1992300912 -2.3717120082 -7.1130692950  0.2553471091 -0.4025363022 -0.1865445187 -0.1200107111  1.0000000000  0.1677327075 -0.0299406359  1.0000000000
-9.0932103850 -0.3767812182 -1.1239805961 -7.3814593189 -0.6346219561 -2.0565298434  0.1157505763 -0.0524973907  1.0000000000 -0.0095334242 -0.1985782291  1.0000000000
-9.0887802729  0.4753346018 -2.2825169915 -7.9847366995  0.3599929432 -0.0698345105 -0.0281895201 -0.0446826061  1.0000000000  0.1467353226  0.0645249779  1.0000000000
-8.5831574380 -0.0456892770 -1.6937465378 -9.6291865528  1.8578627795 -1.6141377806  0.0611543554 -0.0064127372  1.0000000000 -0.0428092235  0.1885006513  1.0000000000
-6.8114172075 -0.3912551305 -1.1580667312 -6.3200380780  0.6224295663 -2.6978297760  0.1066578294 -0.2056653376  1.0000000000 -0.2025324895 -0.1963369548  1.0000000000
-6.5639355957 -0.0253770779 -1.5156858690 -7.6099972229 -0.8777282623  0.0228283918  0.0047607546 -0.1625742965  1.0000000000  0.2838635939 -0.0753570355  1.0000000000
-5.8105928802 -0.4124201286 -2.0122561769 -9.1446192904 -0.3048305886 -1.8560159618 -0.0259953240 -0.3082881228  1.0000000000  0.0687399667 -0.0471328401  1.0000000000
-6.6775996636  0.4296900662 -3.4528346589 -8.8266117252 -0.4689717540 -1.4005056765 -0.2077216658 -0.2056392645  1.0000000000  0.1012826375 -0.0556720355  1.0000000000
-8.7658448953  2.8796065900 -2.0065174018 -7.1069994418  0.3582956909  0.9051132251 -0.1990655223  0.2243393496  1.0000000000  0.3552824363  0.1076378237  1.0000000000
 -8.1815027906   2.2262728044  -1.7920275796 -10.8203512820   1.4240750924  -1.8351026908 -0.1357108143  0.1385826915  1.0000000000 -0.0205437799  0.1869804961  1.0000000000
-6.5309812878 -1.0065315795 -1.7010761222 -9.0458950485 -1.4860326593 -0.7382795529  0.0991674199 -0.3213362537  1.0000000000  0.2503864109 -0.0704454673  1.0000000000
-9.0238771609 -1.5050140153 -0.6683658441 -6.2884380285 -0.3799729917 -2.4296823110  0.2120435039 -0.0821801349  1.0000000000 -0.0677075372 -0.3223213816  1.0000000000
 -8.8479130387  -0.4060257402  -2.3722407541 -10.3190031061   0.6705855796  -0.0057382202  0.0068227946 -0.0717993028  1.0000000000  0.1909660157  0.2325441314  1.0000000000
-8.2564474847 -0.6271411550 -0.7535241712 -8.3929593423  0.0921261606 -2.0341504920  0.1642336332 -0.0320888197  1.0000000000 -0.0303855511 -0.0719181483  1.0000000000
-8.7764828689  1.6379342716 -2.0216952349 -9.4606745510  1.6283240552 -2.6103812742 -0.0690579453  0.0807075009  1.0000000000 -0.1403574182  0.0948869812  1.0000000000
-7.5607326675  2.8238792612 -1.4441406930 -9.4736385863  0.5888210444 -1.8961173573 -0.1847451133  0.2534533427  1.0000000000 -0.0132049141  0.0492170852  1.0000000000
-9.0061431188 -0.9775962952 -1.4987982279 -9.1870193706 -0.5609558978 -1.1368939246  0.1342428412 -0.0981882812  1.0000000000  0.0884040709 -0.0122643252  1.0000000000
-6.0956216858  0.8353569049 -3.1963434832 -9.5671244664  0.7262905807  0.6707244035 -0.2688100600 -0.1961412466  1.0000000000  0.2023441321  0.2542913430  1.0000000000
-7.8566009411  0.6183429055 -2.2101211443 -8.2893891631  1.7181090316  0.2972201734 -0.0905151826 -0.0377482607  1.0000000000  0.1473314978  0.2614338491  1.0000000000
-9.0556692288  0.4028836806 -2.1084723905 -9.4225954586 -0.0519015209 -3.8723906707 -0.0125283269 -0.0023654516  1.0000000000 -0.0925795328 -0.1492387878  1.0000000000
-6.5492159535  1.5065537423 -2.8635583992 -7.0845710485 -0.7821365463 -1.5990933016 -0.2751041454 -0.0816183231  1.0000000000  0.0863829170 -0.1638268558  1.0000000000
-10.0456192747   0.3453498741   0.1084151384  -8.3241214459   0.9715135019  -1.9667673025  0.2068357943  0.1663941089  1.0000000000 -0.0730312320  0.0461903316  1.0000000000
-7.6657624722  1.1446740568 -1.0090249872 -7.0669776500 -0.1505963256 -2.1159914492 -0.0231177203  0.0799638683  1.0000000000 -0.0086568707 -0.1930077701  1.0000000000
-7.8101158158  0.2834173526  0.0247025305 -9.3631304029  0.7448877478 -0.1223281776 0.2134405137 0.0579682790 1.0000000000 0.1584652909 0.1829643701 1.0000000000
