798.0000000000
50
-6.0132446545 -6.4857476010  4.1217529653 -0.1503337870  0.0675726453  1.0000000000
-4.6109280575 -6.5772542341  3.3632530992 -0.0412914060  0.0277193757  1.0000000000
-4.2260056004 -6.2172212957  4.1128677783  0.0249037645 -0.0120985044  1.0000000000
-2.4251603872 -8.0317475827  1.9915902748  0.0452488900 -0.2520288108  1.0000000000
-3.3604996267 -6.5749696504  2.3495574610  0.0751271541 -0.0217656817  1.0000000000
-5.2397156301 -6.7710130125  2.3714132318 -0.1221099452  0.1156175655  1.0000000000
-3.5551599970 -5.9983981758  0.5680080951 0.1470819511 0.1940287708 1.0000000000
-2.9094312090 -6.9914278953  1.7129944164  0.0806315625 -0.0180614850  1.0000000000
-2.3237808712 -7.2469186718  2.7369554555  0.1341315328 -0.1341182100  1.0000000000
-4.6958262400 -7.5026042807  3.2665314778 -0.1075087326 -0.0420971309  1.0000000000
-3.2267565113 -6.6628021167  1.7703425463  0.1100846373 -0.0115672312  1.0000000000
-4.8595465461 -4.9154102342  2.8130674207 0.0493312318 0.1622349027 1.0000000000
-3.9067617977 -7.9430967888  2.0176606893 -0.0947507076 -0.0216020812  1.0000000000
-5.8532977018 -6.6513429657  1.4605488713 -0.2106181200  0.2125247810  1.0000000000
-5.3862946722 -6.6051088816  3.9135105757 -0.0753018527  0.0326292739  1.0000000000
-4.4543068697 -5.5016272299  2.4324971570 0.0585100857 0.1216867313 1.0000000000
-5.0225821983 -7.8307250972  2.6177563247 -0.1851689014 -0.0236937343  1.0000000000
-4.5443456590 -7.8018986163  4.8649552574 -0.1031105917 -0.1769949507  1.0000000000
-4.6350662563 -7.0196016758  0.5955517240 -0.0965776805  0.2493309214  1.0000000000
-2.4220049721 -7.5117037021  3.6332839157  0.1065127150 -0.2108548299  1.0000000000
-4.5571428460 -7.8329778080  0.7799753386 -0.1858316156  0.1218958036  1.0000000000
-4.1101661427 -6.6980079251  4.6396660842  0.0005827814 -0.0705353787  1.0000000000
-4.7196406746 -7.5987025573  2.0179401534 -0.1231502273  0.0905038521  1.0000000000
-4.3914623458 -6.7767231623  1.5179591824 -0.0505409173  0.1364281262  1.0000000000
-4.4943098538 -4.2906844620  2.9397337642 0.1232709212 0.1675069473 1.0000000000
-3.6973176927 -6.0081094122  3.1600608639 0.0597836060 0.0313463485 1.0000000000
-4.5031230858 -7.6940808078  1.3226329913 -0.1638141047  0.0525587339  1.0000000000
-3.7690229009 -5.9125437573  1.3668674413 0.0716221981 0.1530000671 1.0000000000
-2.3724046741 -8.2137949681  2.2481274927  0.0427887795 -0.2460640595  1.0000000000
-3.6992398775 -6.4449848262  1.0520227640 -0.0106691760  0.1063148552  1.0000000000
-6.6121129505 -6.2083117732  2.9994092530 -0.1609089837  0.1630207237  1.0000000000
-4.3600338217 -8.8311550135  1.7360945564 -0.2519475682 -0.1148514266  1.0000000000
-2.8252332901 -4.9945934908  3.0994130922 0.2338120186 0.0256026960 1.0000000000
-5.4735525085 -6.3136858138  1.4109901330 -0.1132808277  0.2371074139  1.0000000000
-4.0912003142 -6.3118722432  1.6051819095 0.0712695862 0.1305555162 1.0000000000
-4.4355418576 -6.7956182139  4.1572890244 -0.0763085056 -0.0647035495  1.0000000000
-2.5769552127 -5.2057219982  2.2559971918 0.2868080930 0.0731232470 1.0000000000
-4.1234146915 -8.7216560568  2.3722129497 -0.2026126639 -0.1092770967  1.0000000000
-4.6904687306 -6.5160138880  1.5557170845 -0.0771645393  0.1734794518  1.0000000000
-3.0905445754 -7.7331807739  1.4802442619  0.0244803314 -0.0929210223  1.0000000000
-4.0091960216 -5.6573075769  4.4889355205  0.0238926109 -0.0063872739  1.0000000000
-3.9109799911 -7.0709308777  2.2185394666 -0.0247942394 -0.0105630078  1.0000000000
-4.3001018077 -5.9815345597  4.1647126687 0.0598811458 0.0183932491 1.0000000000
-5.9160208494 -6.2801035272  3.5047397224 -0.1641696770  0.0794947505  1.0000000000
-3.3792036690 -6.9205711986  3.5198933255 -0.0025462058 -0.0667748344  1.0000000000
-3.7851148761 -4.6063663398  3.9739975679 0.1887067407 0.0475549828 1.0000000000
-3.7941149562 -5.7752532389  2.6676813413 0.1021223777 0.0564467963 1.0000000000
-6.1051916827 -6.5336280507  3.3995644437 -0.1484731367  0.0962978936  1.0000000000
-3.7800311719 -7.8472991220  3.9561285269 -0.0599730374 -0.1479334846  1.0000000000
-4.4444448064 -5.1564661399  4.1807105878 0.0352835221 0.0412171172 1.0000000000
50
-3.7213922561 -7.1322990145  3.9037687403 -3.1682067100 -4.7528477504  2.8202786506  0.0134751101 -0.1046916393  1.0000000000  0.2164165723  0.0518048003  1.0000000000
-4.0547155612 -6.7642120899  5.0658364965 -5.0682547325 -7.1602549802  4.3873383499 -0.0156079172 -0.1360911153  1.0000000000 -0.1446030783 -0.0711605187  1.0000000000
-5.2891996064 -5.3015633713  2.6965340435 -5.4716374315 -7.3249132592  1.6792220102  0.0000754552  0.1836266771  1.0000000000 -0.2228162834  0.1381361666  1.0000000000
-2.7390442804 -6.5600162943  2.1346323916 -4.4213453845 -6.0289585431  3.8694037874  0.1458788834  0.0155282645  1.0000000000  0.0187786975 -0.0239558554  1.0000000000
-4.4924881084 -5.1870117637  2.5781791736 -4.2620028287 -7.7508486673  2.1133292876  0.0841580628  0.1463070808  1.0000000000 -0.1198774596 -0.0151543598  1.0000000000
-2.7542514355 -7.9133237558  2.7484361270 -5.7713031620 -6.3943777247  2.9363623748  0.0333561004 -0.2385619221  1.0000000000 -0.1041911364  0.1111345718  1.0000000000
-5.0652263945 -5.9844763551  2.7584926633 -2.9262517110 -6.2515815397  0.9968828068 -0.0418871523  0.0852025012  1.0000000000  0.2265480479  0.1236743395  1.0000000000
-2.7803716710 -6.8258189443  2.1757823979 -4.8199300984 -5.8719305893  3.1094920804  0.1644420725 -0.0518344827  1.0000000000 -0.0011708400  0.0502266625  1.0000000000
-4.3113515915 -3.8687738769  2.8046820262 -5.0201802177 -5.9611465362  2.3386249276  0.1761361834  0.2068686974  1.0000000000 -0.0168850715  0.1506091546  1.0000000000
-4.0618784055 -8.0948604237  1.3609623707 -4.0989952451 -5.1279717078  2.8546581555 -0.1700591928  0.0120164373  1.0000000000  0.0783215587  0.1604442741  1.0000000000
-2.3166768921 -6.1537276151  5.2417989470 -3.9608149811 -5.7736948935  2.1064536677  0.1597098204 -0.2110868824  1.0000000000  0.0582177443  0.1116751698  1.0000000000
-4.0921133649 -6.9096203507  3.5051731780 -4.5452782190 -8.6350818106  1.3152618023 -0.0127433395 -0.0627981884  1.0000000000 -0.2426132374 -0.0217795658  1.0000000000
-4.9708414248 -5.6690047500  3.2990474900 -4.8053245872 -7.6500042630  2.8627629199  0.0019742386  0.0790955933  1.0000000000 -0.1799296030 -0.0337371078  1.0000000000
-5.0251720054 -7.3512308955  4.7570593786 -3.7078000026 -3.9581516987  3.0143985643 -0.1211342205 -0.0772901686  1.0000000000  0.1930838694  0.1547527759  1.0000000000
-4.6378752488 -6.1691710702  0.9634313090 -4.9747074501 -7.1772652396  2.4899370993  0.0003010200  0.2434222384  1.0000000000 -0.1066974715  0.0349257361  1.0000000000
-4.4155836785 -7.7321524514  1.6177706667 -0.7634045896 -7.4136491243  2.1383463775 -0.1822116797  0.0155255927  1.0000000000  0.2668781372 -0.3333301332  1.0000000000
-4.8975819728 -6.3510257500  3.0646078322 -2.7942571109 -6.0051990721  0.9195243525 -0.0266735163  0.0726033937  1.0000000000  0.2467437098  0.1301416405  1.0000000000
-3.2001254478 -7.0901979832  1.6136491965 -6.5176417876 -6.5387006605  2.2294363575  0.0131997079 -0.0252098150  1.0000000000 -0.2146181638  0.2191083736  1.0000000000
-5.7040372267 -5.6559326948  2.8693599090 -5.8952215681 -6.2334061655  3.7937953893 -0.0847042349  0.1910127491  1.0000000000 -0.1240624033  0.0788413276  1.0000000000
-6.6257953954 -5.9311944255  3.2580665393 -2.8748580481 -6.5556729929  2.4347803083 -0.1610154647  0.2044267055  1.0000000000  0.1255945619 -0.0671423630  1.0000000000
-4.8961750539 -6.9173399725  2.8562269794 -5.2429134919 -6.4157069725  3.5898408290 -0.0673938146  0.0329438843  1.0000000000 -0.0387619109  0.0300116433  1.0000000000
-2.4863097380 -5.5703910023  4.0621580973 -2.8068805308 -7.2750860778  1.7599428330  0.1929198076 -0.1273941899  1.0000000000  0.0956548544 -0.0858150659  1.0000000000
-5.7755363559 -6.8734473942  4.3626669905 -4.4094317253 -8.6719769265  3.7413433137 -0.2032544885 -0.0194219442  1.0000000000 -0.1879127194 -0.1581853682  1.0000000000
-3.5182242944 -4.3241518503  2.0820734431 -4.5896076140 -4.7293885486  3.4017482393 0.2629994445 0.1899515336 1.0000000000 0.0802341929 0.1122367781 1.0000000000
-3.4744243442 -6.5186188163  0.8562651122 -3.8802292324 -9.5178281572  2.6603512912  0.0849694344  0.1068382920  1.0000000000 -0.2438204571 -0.2788127249  1.0000000000
-4.3315771425 -5.3529271876  3.7791552590 -4.0716585312 -8.0696053101  1.7674873671  0.0674987191  0.0462569370  1.0000000000 -0.1456049139 -0.0179253964  1.0000000000
-3.0182515684 -7.4004551731  3.1389608007 -2.0961672062 -6.2029852377  2.5583726477  0.0577562516 -0.1494345120  1.0000000000  0.2416135619 -0.1006407237  1.0000000000
-4.2147848190 -6.5211242726  4.7972778139 -3.8940330902 -6.3713841602  0.5745245068 -0.0609001825 -0.0690723280  1.0000000000  0.0621883531  0.2475913306  1.0000000000
-3.2715909683 -7.6290187183  1.7108944191 -3.5176324550 -8.4599710522  1.8476412107  0.0147741459 -0.0654600745  1.0000000000 -0.1130454007 -0.1469482134  1.0000000000
-2.4214659543 -5.2699102683  3.8868090733 -5.1423774523 -7.9481228753  2.3980585672  0.2315173762 -0.0753358691  1.0000000000 -0.2454134820  0.0210814449  1.0000000000
-3.0151052822 -6.5245153608  2.6429170321 -4.5715410294 -8.2795092663  1.1386022347  0.0788348039 -0.0307782530  1.0000000000 -0.2388632782  0.0497334406  1.0000000000
-5.2504772852 -6.2633733473  1.0331483100 -3.4371248266 -6.0855485317  4.1567665847 -0.0625978384  0.2817924319  1.0000000000  0.0888766208  0.0050632331  1.0000000000
-2.3533355151 -5.5272756571  3.8818231697 -2.2817607743 -6.7653215394  1.8807886010  0.1816435988 -0.0626636347  1.0000000000  0.2122422933 -0.0783361074  1.0000000000
-5.1031259780 -7.1081823668  3.6682166225 -3.7572336269 -7.0534224431  1.6375217749 -0.1668984821 -0.0223648006  1.0000000000  0.0375976992  0.0882260194  1.0000000000
-2.5034064463 -6.2432948905  3.0387925476 -4.8001374162 -6.5568822447  2.2897193905  0.1621468563 -0.0482136036  1.0000000000 -0.1047375021  0.0952222924  1.0000000000
-2.2894534304 -6.8524479522  3.6458064348 -3.2961418682 -8.4624251728  2.5872981310  0.0977845467 -0.1890698068  1.0000000000 -0.1179174994 -0.1430145609  1.0000000000
-4.1436070525 -7.6109868573  2.4205052190 -3.1191095070 -6.6328147204  3.8689353785 -0.0756253328 -0.0336801453  1.0000000000  0.0451010004 -0.1048491576  1.0000000000
-3.4571245188 -4.5790365993  1.1453732001 -3.3890704433 -8.3979176686  2.8798148407  0.2311149834  0.3040207624  1.0000000000 -0.0643534089 -0.2482741457  1.0000000000
-3.3755650207 -5.6320733917  0.5444103982 -3.0794277036 -8.4527007231  2.9351678271  0.2323173166  0.2348445955  1.0000000000 -0.0765891625 -0.2425662715  1.0000000000
-3.8291477052 -5.5930026507  3.4600717804 -3.2744737564 -7.9631890698  4.0164204904  0.0428427531  0.0013117447  1.0000000000 -0.0154475700 -0.2070911252  1.0000000000
-4.5976670600 -5.7294588211  4.0657451839 -4.3363583745 -5.1808761534  2.7553328518 0.0166886378 0.0247693424 1.0000000000 0.0546591554 0.1401300993 1.0000000000
-4.9263073887 -7.7958933297  5.3089639657 -4.8430720809 -6.6565018359  1.4743639773 -0.1357985659 -0.1467554435  1.0000000000 -0.0866673761  0.1355972015  1.0000000000
-4.2028696069 -7.3241123654  5.0433539388 -4.3972335799 -6.3181588054  4.1956802715 -0.0751557798 -0.1435749833  1.0000000000 -0.0087385152 -0.0454589446  1.0000000000
-4.0894010778 -7.5907186209  1.6689427375 -5.5089438303 -5.3687597088  3.7523709882 -0.0674583348  0.0139905500  1.0000000000  0.0211141756  0.1268437309  1.0000000000
-2.4102771306 -5.5929361585  1.9888365801 -3.8943252192 -9.7259835752  1.9595392045  0.2735380439  0.0373071312  1.0000000000 -0.3046645072 -0.2584429388  1.0000000000
-2.4952432213 -7.7522634841  3.3324020006 -5.3444443309 -5.7445603398  3.6497890985  0.0678080317 -0.2540100863  1.0000000000 -0.0292001715  0.0904499316  1.0000000000
-4.4990632373 -5.9626957339  2.4735547948 -3.5736783876 -8.0788899707  4.2931405044  0.0340913776  0.0979839658  1.0000000000 -0.0595768325 -0.2108545740  1.0000000000
-5.7453137726 -4.8215574450  3.4427249392 -3.2600365409 -5.1482353441  1.2765169153 -0.0369984621  0.1921137623  1.0000000000  0.2310851386  0.2249782742  1.0000000000
-3.3596233650 -7.7002972433  4.5959916994 -5.3229314478 -6.9451836934  0.2806588082  0.0123869285 -0.2520357580  1.0000000000 -0.1687726860  0.2669328400  1.0000000000
-2.6118872400 -6.5107642126  2.9633908973 -2.1902563111 -6.2390242832  2.8052723156  0.1612079585 -0.1019603029  1.0000000000  0.2238493815 -0.1258604959  1.0000000000
