239.1000000000
50
-7.0690450408 -3.3480075975  0.5585143715 -0.2063976885 -0.2017006511  1.0000000000
-6.6451741662 -0.0888668564  2.0071340880 -0.0843239012  0.1487199993  1.0000000000
-5.8807005841 -1.9529303254  1.3583275718 -0.0258094753 -0.0604402004  1.0000000000
-5.9728762863 -2.4757712523 -0.1001928769 -0.1084679332 -0.1405813824  1.0000000000
-5.1803905226 -0.8974126490  2.3622658012  0.0932256225 -0.0055893909  1.0000000000
-7.0045159690 -2.9835094866  2.0209344039 -0.1695218429 -0.1279410400  1.0000000000
-3.6718597726 -1.4843773216  1.9768905768  0.1985117029 -0.0708834324  1.0000000000
-4.9982864483 -0.5388620500  2.8941718016 0.1224432806 0.0418945764 1.0000000000
-6.8289764397 -0.4681326154 -0.0734461658 -0.1571960311  0.1911608204  1.0000000000
-5.9066581647  0.6695863230  2.0299660822 0.0538642502 0.2067190426 1.0000000000
-5.8730507873 -3.1495247594  3.3312192413 -0.0169216652 -0.2226919768  1.0000000000
-4.7406225216 -1.6716493873  2.6015311830  0.1220244188 -0.0667941580  1.0000000000
-5.4740682506 -0.6945310747 -0.1332252680 0.0037891121 0.1476190859 1.0000000000
-6.7932142752 -3.4639209267  1.5791186188 -0.1836716059 -0.1712349494  1.0000000000
-6.3943595858 -1.0937533258 -0.5597504465 -0.1017701280  0.1452575075  1.0000000000
-7.2072311705 -0.8030579330 -0.0056668763 -0.2221824309  0.1634975042  1.0000000000
-4.5899774073 -0.0164350037  1.6713226683 0.1164078163 0.1366060812 1.0000000000
-5.4822795852 -1.6262190064  0.2683989722 -0.0303997986 -0.0051493137  1.0000000000
-5.7191613054 -0.8807600495 -0.4341539984 0.0317340632 0.1507425255 1.0000000000
-4.1826273300 -2.3328097228 -0.0250344878  0.1944031382 -0.1075005733  1.0000000000
-5.1325754654 -1.0209164306 -0.3144344258 0.0712454312 0.1163244721 1.0000000000
-5.0964218129 -1.8747823453  1.2453614626  0.0651873850 -0.0266437702  1.0000000000
-6.0249444181 -0.1102287962 -0.2083134236 -0.0306451984  0.2110437069  1.0000000000
-4.4067831637 -3.3116953290  0.8119205925  0.1082956434 -0.2298829278  1.0000000000
-6.1409704600 -2.7774555929 -0.6475521369 -0.1241872826 -0.1361471016  1.0000000000
-6.0623078073 -1.6694301871  2.4505691273 -0.0039025148 -0.0627386769  1.0000000000
-4.5924201739 -2.1977579606  1.8159183976  0.1126394727 -0.1205263585  1.0000000000
-6.0002531517 -0.9144964284 -0.6045463302 -0.0450160707  0.1528846770  1.0000000000
-4.7624851505 -2.2237310820  2.7477682879  0.0558262486 -0.1554118859  1.0000000000
-4.4087545712  0.3781264442 -0.5900477868 0.2420097190 0.3181530899 1.0000000000
-7.6820410114 -1.4600037383  2.0191567164 -0.1944660787 -0.0057007583  1.0000000000
-6.4004567454 -3.2880591272 -0.0523626784 -0.1727382345 -0.1850996358  1.0000000000
-4.7216240098 -1.2104836305 -0.5385954092 0.1550972652 0.1004128703 1.0000000000
-3.4576324347 -2.2235277973 -0.1340715558  0.2819541667 -0.1670661193  1.0000000000
-6.4276020915 -1.6472552649  0.6474697637 -0.0982754378  0.0409522596  1.0000000000
-6.7807579260  0.1910077995  2.0036402468 -0.0916650248  0.1513954912  1.0000000000
-6.7868006628 -1.5642836420 -0.7699060716 -0.1996967000  0.0838202974  1.0000000000
-4.2210464314 -2.8563762224  2.7999834356  0.1063358215 -0.2088547413  1.0000000000
-3.9019164769 -0.6390124957 -0.7858859077 0.3042829563 0.1417995255 1.0000000000
-4.3253557573 -1.3669287619 -0.8298647448 0.1976149259 0.0463341248 1.0000000000
-4.0663780914 -0.8432883789  1.4518403876 0.2199383338 0.0423473331 1.0000000000
-5.0753816312 -0.2470735331  1.9068905388 0.0941225609 0.0652288688 1.0000000000
-3.9491819406 -1.5652614211  0.6489221004  0.2445754065 -0.0702965712  1.0000000000
-3.6742953444 -1.5079601712  1.8035862802  0.2539275093 -0.0562255473  1.0000000000
-7.1212834842 -1.5685481381 -0.5335564969 -0.2577092584  0.0978998327  1.0000000000
-5.7227155587 -0.0426909593 -0.9353803170 0.0263655996 0.2855915429 1.0000000000
-5.9829373016 -2.9908876234  2.1304944904 -0.0815467756 -0.1974346610  1.0000000000
-6.3062400954  0.1115399810  1.6585174413 -0.0442796023  0.2059676450  1.0000000000
-6.7724968586 -0.5762320407  0.5366525656 -0.1089550370  0.1508677047  1.0000000000
-6.2475914538 -1.7364199632 -1.0012818629 -0.1856068919  0.0673855664  1.0000000000
50
-5.1726060097 -1.6559073635  0.2471194040 -6.2301430161 -2.6449529358  2.6421517450  0.0168406903 -0.0085398503  1.0000000000 -0.0615224037 -0.0847421671  1.0000000000
-4.3650624958 -2.9127833853  1.8635605708 -6.9651631276 -3.3512178392  3.0345733088  0.1378642197 -0.2048235364  1.0000000000 -0.1486407042 -0.2201783862  1.0000000000
-4.3686237665 -2.7195258233  1.7003195293 -5.0277562911 -0.7408612945  1.8986400304  0.1365541522 -0.1596153325  1.0000000000  0.1078647993  0.0559173666  1.0000000000
-4.8954778976  0.6964215237  1.9754738344 -4.6841074467 -1.8246356908  1.2451574769  0.1558219216  0.2146584479  1.0000000000  0.1143186864 -0.0648459966  1.0000000000
-5.4986487870 -1.2336074454 -0.0446615972 -7.5827175029 -0.2473408585  1.3474799601  0.0089973213  0.0629245529  1.0000000000 -0.1873073114  0.2005635798  1.0000000000
-5.1263825930 -2.5836844023  2.0633060170 -4.0851775324 -3.2626443728  0.5391706807  0.0338603920 -0.1495277802  1.0000000000  0.1444164685 -0.2539953465  1.0000000000
-4.4740751551 -0.7019240808  1.2961316078 -4.1674482211 -1.0680924066  0.2797654036 0.1715727403 0.0751010334 1.0000000000 0.1692292985 0.0251259464 1.0000000000
-3.4068903946 -2.5645249297  1.0156807118 -5.3551340659 -0.3230291460 -0.6967916579  0.2941435525 -0.1948379691  1.0000000000  0.0851541340  0.2127116784  1.0000000000
-5.7067202316 -0.6989239314  2.1318514342 -3.7714077852 -2.4168668462  1.8452610543  0.0106411777  0.0559730996  1.0000000000  0.1410116254 -0.1486152772  1.0000000000
-5.3199086494 -2.0539194421  0.3553416055 -5.7284020096 -3.0385905039  2.5418210341  0.0121919163 -0.1000115469  1.0000000000 -0.0507284104 -0.1756651687  1.0000000000
-5.6597711744 -0.2028602524  2.3996587285 -4.7384610655 -3.3464846004  1.2695927749  0.0426241998  0.1456314604  1.0000000000  0.0795806405 -0.2991029693  1.0000000000
-6.5241249750 -1.7097107495 -0.2565399591 -4.4455872546 -0.2442238955 -1.0254998054 -0.1655164262  0.0568743679  1.0000000000  0.2466364935  0.2357364408  1.0000000000
-3.8088425768 -1.9475156600  2.7982935744 -4.4400258468 -1.6750178606  2.5181526881  0.1892261027 -0.0940563961  1.0000000000  0.1555371337 -0.0403326875  1.0000000000
-5.4358125937 -3.0468454430  0.9061756832 -5.5817620816 -0.2612988038  2.5721775696 -0.0360707567 -0.2062108869  1.0000000000  0.0492643143  0.0852505234  1.0000000000
-3.4489223418 -2.6965401116  2.8341186999 -7.4831157149 -0.7731403956  0.0159863996  0.2289519147 -0.2000219359  1.0000000000 -0.2498468341  0.1486027712  1.0000000000
-4.6503935143 -0.2876333478  1.9235632146 -3.9754263512 -2.6962123342  0.6739289844  0.1843415979  0.0894820407  1.0000000000  0.2070168472 -0.1561075527  1.0000000000
-6.1256093106 -1.9314149321  2.7330747946 -6.3654641246 -2.5639392513 -0.3516233578 -0.0044359308 -0.0657422212  1.0000000000 -0.1538942998 -0.0982097953  1.0000000000
-5.7636102828 -2.4038724389  2.9506698888 -4.2876520162 -2.8714912035  2.9425709822 -0.0056905743 -0.1322357877  1.0000000000  0.1098509653 -0.2236302972  1.0000000000
-3.9994267883 -1.3945273520  1.8674515412 -4.7258015389 -2.3198795810 -0.3520722553  0.2072719162 -0.0588333247  1.0000000000  0.0882264374 -0.1426941552  1.0000000000
-4.7759731724 -2.6023463471  2.1112742298 -5.7259378442 -1.5049925235  1.7292712067  0.0994521897 -0.1754812314  1.0000000000 -0.0086499565  0.0015261365  1.0000000000
-6.6808103850 -2.7617714448  2.0339265579 -6.2474916569 -1.5865390672  1.0840958588 -0.1785536758 -0.1162583983  1.0000000000 -0.0411261420  0.0271714276  1.0000000000
-4.7330777477 -1.7713884023  0.5219592029 -7.5330836011 -1.5905283305  1.6651390967  0.1363833420 -0.0670958235  1.0000000000 -0.1812019027  0.0386325893  1.0000000000
-6.7837918630 -1.5419647769  2.6287468401 -6.3351658145 -2.4338009298  0.5358091561 -0.0749205165  0.0005849478  1.0000000000 -0.1054814777 -0.0324867659  1.0000000000
-5.1674289799  0.2807713010 -0.7283484519 -3.1065280200 -2.9830703626 -0.3264543792  0.1344942967  0.3111505369  1.0000000000  0.4081310121 -0.2986256543  1.0000000000
-7.2817983493 -0.6867431918  1.3334098558 -4.9919322942 -1.7851155657  0.3675831990 -0.1728006535  0.1191267218  1.0000000000  0.0491162240 -0.0272719387  1.0000000000
-4.1773011679 -2.3751912040  2.4952446468 -6.5750235146 -0.6892877902  2.6324947394  0.1146056643 -0.1883985077  1.0000000000 -0.0347601088  0.0831050166  1.0000000000
-4.0802322102 -3.3463815651  0.6425499675 -6.7195510475 -0.6007249144  2.6020954027  0.1518484014 -0.2980113453  1.0000000000 -0.0863032762  0.1462957141  1.0000000000
-4.8047095778 -0.4829049616  2.9233878939 -7.2871444940 -0.2268517854 -0.5694514871  0.1523890298  0.0667314753  1.0000000000 -0.2138908074  0.2821283139  1.0000000000
-6.7202872559 -3.4374879783  1.0636434474 -6.2416230521 -3.5059601581 -0.2712654631 -0.1894812824 -0.2325426484  1.0000000000 -0.1902126200 -0.2404160595  1.0000000000
-3.7674739070 -0.3376014779 -0.5757505493 -5.4528684373 -3.4431008477  0.2849678619  0.2807809716  0.1460983469  1.0000000000 -0.0255757547 -0.2456719879  1.0000000000
-5.7772529083  0.0589299380  2.1247741652 -6.9192389814 -0.5617485559  1.3352661709  0.0309005771  0.1116620592  1.0000000000 -0.1296190466  0.1456339271  1.0000000000
-6.4793424612 -3.1315114317  3.1724900261 -3.5853240251 -2.8832386369  2.4509251951 -0.1006425150 -0.1621338751  1.0000000000  0.2403963212 -0.2386915941  1.0000000000
-5.5240875863  0.0468457781 -1.1595607794 -5.3604864282 -2.5176134797  2.4718933104  0.0313101982  0.3592739431  1.0000000000  0.0240276959 -0.1381317668  1.0000000000
-5.4176408721 -0.6211241254  2.6153218962 -4.6263667521 -0.7015337322 -0.9146811385 0.0754159220 0.0911556339 1.0000000000 0.1783506982 0.1632982699 1.0000000000
-5.7032805804 -0.4230054743 -0.2971666799 -4.8021816675 -3.3745069657  0.1770998156  0.0494337388  0.1730380275  1.0000000000  0.0198265195 -0.2854003839  1.0000000000
-6.3074142543 -0.0627449920  1.0655654979 -6.6532896413 -1.9212685095 -0.4833271115 -0.0586231901  0.2071866495  1.0000000000 -0.1806747850 -0.0075161353  1.0000000000
-6.5245515535 -1.8242012306  0.4383571873 -6.3978293965 -2.7436736500  1.5414421155 -0.1365661696 -0.0149314598  1.0000000000 -0.1217904303 -0.1228892155  1.0000000000
-6.4745624209 -2.7429637828  1.2448941557 -5.3947355330 -3.6793642100 -0.3104346461 -0.1459103393 -0.0945446813  1.0000000000 -0.0384879857 -0.3153644644  1.0000000000
-7.8181252326 -0.1596747926  0.9118635228 -4.7783027959  0.3105125434 -0.3788031407 -0.2150234537  0.2021424945  1.0000000000  0.1875264040  0.2582788877  1.0000000000
-5.1473284499 -2.3669847368  3.0176509778 -4.8434263910 -1.9662540084  0.9251362040  0.0647814317 -0.1491679522  1.0000000000  0.0915573980 -0.0957213128  1.0000000000
-6.0371812736  0.5407274378  2.6425349233 -6.8805495089 -3.6071387339  0.7839443505  0.0661474396  0.1643410772  1.0000000000 -0.1915908333 -0.2043420924  1.0000000000
-5.3106106783 -1.6587325446  1.3706614262 -4.2263446510 -2.8891700659  2.6691377762  0.0541883999 -0.0454721406  1.0000000000  0.1011851319 -0.1598085216  1.0000000000
-7.2368124562 -2.0860555147 -0.9603672109 -7.2601292883 -1.6621985826 -0.1725521479 -0.2885511888  0.0361058845  1.0000000000 -0.2418785465  0.0414546067  1.0000000000
-3.4396326808 -2.1597788598  1.9752366863 -3.7508453893 -1.4172844581  1.8957109269  0.2214820342 -0.1503631254  1.0000000000  0.2414872221 -0.0613385422  1.0000000000
-6.7699504052 -2.5847098830  0.7438552068 -5.5237855766 -0.9156985505 -1.0648680609 -0.1668329540 -0.0966473218  1.0000000000  0.0002988604  0.1544523878  1.0000000000
-6.0528634176 -0.5969207776  1.4484225959 -5.0338960730 -3.2273613441  0.0923167733 -0.0258226312  0.0962900986  1.0000000000  0.0309449939 -0.2325048020  1.0000000000
-3.8233745939 -0.6563534516  0.0259199813 -3.8320304867 -1.0587287485  2.3688645915  0.2816330230  0.0943475350  1.0000000000  0.2494777169 -0.0060931681  1.0000000000
-5.5346977571 -1.5046051767  1.3302397815 -7.2683908350 -0.9198778478  1.0908797610  0.0103459441  0.0107008177  1.0000000000 -0.1179804531  0.0805228031  1.0000000000
-6.2497891911 -2.1374880490  1.6347830471 -4.4522479641 -3.1367238755  2.0078582333 -0.0721152624 -0.0596276122  1.0000000000  0.1110297645 -0.2335933943  1.0000000000
-7.4235736965 -2.1914038606  1.3169150835 -4.6147270639 -1.4403173753  2.0957962076 -0.2072324723  0.0062606151  1.0000000000  0.1297237116 -0.0289964591  1.0000000000
