728.5000000000
50
10.7633125892  1.5612766719 -4.5676975277 -0.1290025893  0.0183886651  1.0000000000
12.4232374682 -0.1148983851 -5.7469040289  0.1976937933 -0.1191662911  1.0000000000
12.6093849605  1.5654788691 -5.2833448872  0.0305666917 -0.1006858771  1.0000000000
12.0583846982  2.0208406261 -2.9518875386 -0.1545040421 -0.1483478348  1.0000000000
10.8515495078  1.3891405135 -4.9629887560 -0.0182565096  0.0402651592  1.0000000000
 9.6943885399  2.1071112300 -4.5677656512 -0.1390950266  0.1088147057  1.0000000000
11.3152705528  2.0960554626 -4.0651048817 -0.1539880991 -0.0337236215  1.0000000000
12.1269856126  2.4345104494 -4.4838354693 -0.1165209885 -0.0735461992  1.0000000000
 9.7364581420  0.8946606352 -6.3511095498 0.1275754718 0.2119519063 1.0000000000
11.4252036888  0.8238092633 -4.4186729430  0.0022367072 -0.0955230758  1.0000000000
 9.5220551447 -0.2933323580 -4.4301115271 0.0556986817 0.1172418003 1.0000000000
 9.9436175091  1.4569425653 -3.9041258774 -0.1379518189  0.1121868349  1.0000000000
12.6142930181 -0.0043428231 -5.5287848915  0.1774550487 -0.1250734541  1.0000000000
12.5738755702  0.4884844063 -5.7959335128  0.1533771525 -0.0750668915  1.0000000000
 9.9666092618  0.5993245899 -4.9854280719 0.0376558389 0.1413273838 1.0000000000
 8.6821055983  1.1353719171 -4.0817355143 -0.1642956378  0.2307318086  1.0000000000
12.7972239266  0.0109606708 -4.9317191257  0.1521168183 -0.2026002929  1.0000000000
12.2782651118  1.8472744721 -5.4177147798  0.0102520599 -0.0570617681  1.0000000000
13.2121571730  1.6738912700 -4.6028478419  0.0320817043 -0.1817129528  1.0000000000
 9.9895460701  1.3366924169 -3.2927529101 -0.2268779521  0.0150936780  1.0000000000
11.5142022874 -1.3909897727 -3.3478797269  0.1533046378 -0.2706661213  1.0000000000
12.3108800633  0.2040642548 -5.4625188359  0.1789031521 -0.1123091011  1.0000000000
12.5432145604  2.2992230776 -4.1583132153 -0.0680134620 -0.1415566073  1.0000000000
12.4014210595 -1.7447542659 -4.3716238144  0.2664849382 -0.2600804007  1.0000000000
11.9497127754  1.2280711932 -6.5079651740 0.1047817403 0.0027965485 1.0000000000
10.5486017809  2.7187463214 -5.1655586810 -0.1148921277  0.1247272724  1.0000000000
 9.7334379528 -0.6052405562 -3.6094686256 -0.0105042550  0.0335570734  1.0000000000
11.6815370904  0.9982506740 -2.5034328985 -0.1672455061 -0.2185553634  1.0000000000
10.1977991070  1.6397912421 -3.6158682858 -0.2137226393  0.0196617713  1.0000000000
 8.9218721882  0.5688636991 -2.8349837750 -0.2304400705  0.1070027472  1.0000000000
10.5427249323 -0.3261608071 -3.3260024708 -0.0505973356 -0.0514556111  1.0000000000
11.7691043468  0.2062928813 -3.7212111196  0.0159749573 -0.1773190790  1.0000000000
10.9696823098  1.7416248589 -3.8321029718 -0.1509065849 -0.0544067918  1.0000000000
11.0587299245  1.9935308349 -3.6765660807 -0.1520816457 -0.0484175671  1.0000000000
11.0776490036 -0.0483944330 -3.0127224227 -0.0506252588 -0.1728867170  1.0000000000
11.7673343813  2.3237567274 -4.9627692651 -0.0574705519 -0.0232605768  1.0000000000
 9.1831498271  1.7368437050 -4.7343961348 -0.1131694502  0.2159206223  1.0000000000
12.2110319716  1.2430701846 -3.1501790937 -0.0942900025 -0.1966510115  1.0000000000
11.3452900336 -0.9274590054 -3.5962609524  0.1049397482 -0.1729819260  1.0000000000
11.8178828370  2.5191536941 -3.6979320062 -0.1791640982 -0.1209857881  1.0000000000
 9.1307029691  1.0254586492 -3.3271255644 -0.2292095954  0.1338429474  1.0000000000
11.3108444131  0.7900504095 -2.9770887628 -0.1304994308 -0.1419380960  1.0000000000
11.9630727679  1.0591629676 -5.4298731930  0.0793516989 -0.0276059553  1.0000000000
 9.9594463334  0.6055246998 -3.4182068288 -0.1119260734  0.0347193739  1.0000000000
 9.8383514097 -0.2067015279 -6.3805221292 0.2182599341 0.2374145142 1.0000000000
12.0804043241  2.7141214683 -3.7401634065 -0.1824384288 -0.0930998099  1.0000000000
11.1040241634  2.8495683305 -3.9400823180 -0.2078493381 -0.0123103336  1.0000000000
10.9456937539  1.8945952549 -5.9522055847 -0.0041146226  0.0639525221  1.0000000000
10.1414434887  0.4735479188 -2.3981910688 -0.2654643860 -0.0783607571  1.0000000000
10.5460722442  0.9565333409 -3.5950768347 -0.1181491574  0.0117863811  1.0000000000
50
 9.4303907871  0.6523330465 -2.7916694295  9.2394610867  0.7904735168 -4.2337806875 -0.2746589494  0.0288730517  1.0000000000 -0.0460865583  0.1706011497  1.0000000000
11.5490277431  0.4303306792 -5.3786397460  9.8555256399  1.3546480069 -4.2494029651  0.1237876402 -0.0057202644  1.0000000000 -0.1009823323  0.0982624024  1.0000000000
10.5657613603  2.1532423987 -4.2277365467  9.4441049197 -0.0107049220 -3.9569061999 -0.1294743724  0.0569708018  1.0000000000 -0.0044448150  0.1276802543  1.0000000000
 9.6316659994 -1.5858019632 -5.1497507139 12.5383973210  1.0972695079 -5.1310199832  0.2744130473  0.1398188191  1.0000000000  0.0686558963 -0.0786402808  1.0000000000
12.3403433566 -0.0858202662 -6.1490072944 11.0953380157  1.8665603159 -5.3984878397  0.2475507304 -0.0266388095  1.0000000000 -0.0555939835  0.0548344152  1.0000000000
 9.1382936113  1.3680536115 -3.1381920151  9.2678273983 -0.3055052617 -6.1200945867 -0.2918920497  0.1014296582  1.0000000000  0.2162225061  0.2622394608  1.0000000000
10.5135382813  1.7700110452 -4.5242182237 12.5234229317 -1.3886715181 -4.7544720847 -0.0595722432  0.0532821407  1.0000000000  0.2534893459 -0.2290712206  1.0000000000
10.3760521876  0.9951784389 -5.5861256582  9.9731067533  2.4254227141 -5.3177294450  0.0564569805  0.0958091418  1.0000000000 -0.0971804266  0.1560401646  1.0000000000
 9.4992001233 -1.1571954732 -6.1386889802  9.0292783142  0.4783878207 -3.5691322619  0.2856938040  0.2415319970  1.0000000000 -0.1529820244  0.1337947548  1.0000000000
11.4904300281  1.0543388976 -5.3294677414 11.6167767161  1.9242639208 -3.9550130709  0.0378142084  0.0085540758  1.0000000000 -0.1261598113 -0.0520978970  1.0000000000
10.5358056913 -1.3774451008 -5.2463926167  9.4833751792 -1.0112501013 -5.9274890067 0.3192040092 0.0134165891 1.0000000000 0.2466675878 0.2561894726 1.0000000000
 9.9496877144 -0.7825863134 -3.8032144659  9.3822590613  0.0904816954 -5.3391477038 0.0366890194 0.0116213918 1.0000000000 0.0492128992 0.2346055823 1.0000000000
10.3554600340  0.4152727123 -3.8555658159 12.0776667995  2.2270891550 -4.2781083212 -0.0165921142  0.0490328939  1.0000000000 -0.0522923863 -0.1244470593  1.0000000000
 9.8441703621  0.6217658120 -2.9279307052 10.2387511081 -1.3503108788 -5.1722242454 -0.2024118981 -0.0322825792  1.0000000000  0.2534827254  0.0815277281  1.0000000000
11.0571953119  0.4918235910 -3.7269772301 13.4882114756  1.0630876612 -5.3144880849 -0.0718238121 -0.1000892499  1.0000000000  0.1123980899 -0.1697244225  1.0000000000
10.9012080438  0.2507506270 -2.8891117588  9.9849110202  0.5765210340 -2.8606350021 -0.1271269532 -0.1187374743  1.0000000000 -0.1336515248 -0.0356550737  1.0000000000
10.2836676296 -1.0209107637 -4.1973816619 10.2263127857  1.1148630859 -5.6482451385 0.1418716569 0.0024317632 1.0000000000 0.0445273973 0.1004640165 1.0000000000
11.3231718409  0.8519357948 -2.0781706415  9.4607788298  1.8603028069 -5.5007762091 -0.2335161535 -0.2599719309  1.0000000000 -0.0651140363  0.2340691012  1.0000000000
13.3161491926  0.5374085046 -5.6507921707 10.7850625891 -0.6496316530 -3.1442957898  0.1850256337 -0.1299110902  1.0000000000 -0.0104176674 -0.1691289803  1.0000000000
11.6642515516  1.2658273429 -6.7304243688 10.6079138079 -0.6534322499 -5.6675089952 0.1158745925 0.0271830910 1.0000000000 0.2294551154 0.0797590169 1.0000000000
 8.6007327020  0.7779170453 -3.5132460187  9.1330088424  0.4472913118 -5.6709707012 -0.2416164353  0.2036065835  1.0000000000  0.0999365551  0.2392736134  1.0000000000
11.9865766956  1.5414978863 -2.6986938683 10.0894190061 -1.0027121704 -5.5535411641 -0.1853479088 -0.1695114546  1.0000000000  0.2380212820  0.1409482743  1.0000000000
10.4228766825  0.5467708957 -7.5225202023 11.6959326022  0.5191080238 -6.8789901615 0.2286143483 0.2117545183 1.0000000000 0.2240815214 0.0376723412 1.0000000000
 9.8271279287  1.0300204128 -3.0052697075  9.6020425438 -0.0225462533 -3.6108554923 -0.2350933900  0.0026917216  1.0000000000 -0.0334627250  0.0913865808  1.0000000000
10.2516309575  2.2453357286 -3.5634421546  9.3149675541  0.3209806946 -5.6930674453 -0.2330658316  0.0505477174  1.0000000000  0.1082192225  0.2286575146  1.0000000000
11.9323742758 -0.2863448482 -3.1816155380 10.9508913311  0.4699770548 -4.2724056828  0.0292265253 -0.2189799982  1.0000000000  0.0470224264 -0.0350314573  1.0000000000
 8.4430663677 -0.3720798022 -4.8141335572 10.8916704794  0.0825908396 -2.6258395935  0.0386930017  0.2949379178  1.0000000000 -0.1280486649 -0.1511093833  1.0000000000
11.3401108146 -0.2862379013 -1.9245972070  9.0988199818 -1.2803048411 -5.4195162975 -0.1739477518 -0.3181442870  1.0000000000  0.2485829547  0.2298266290  1.0000000000
11.1189235703 -0.7222898723 -2.4965753680 10.5934091599  0.7120915233 -1.8222769711 -0.0238716891 -0.2709944995  1.0000000000 -0.2823746715 -0.2031096782  1.0000000000
10.0378694602  0.6349796406 -5.3506981641 12.0610895497  0.3089663189 -3.9883776302  0.0507635243  0.1036840570  1.0000000000  0.0600382333 -0.1915073398  1.0000000000
10.4905599624 -0.5930320626 -3.9994204434  9.4387031004  2.6779649894 -4.3604555973  0.0265495854 -0.0171502698  1.0000000000 -0.2357108498  0.1856763290  1.0000000000
 8.2609433644  1.3109166565 -3.3609968315 12.4241181988  1.5973763756 -3.3332526926 -0.2700069705  0.2728780859  1.0000000000 -0.1158246830 -0.1962348748  1.0000000000
12.8061503193  2.3488086730 -4.0144391664 11.0350977081  0.5653661837 -2.2172700614 -0.0809555386 -0.1583448933  1.0000000000 -0.1996159554 -0.2142986685  1.0000000000
10.8205362501 -0.1159627761 -2.2716840429 11.4240495507  0.5325287841 -3.8930625024 -0.1013714119 -0.2066418810  1.0000000000 -0.0168346741 -0.0945520257  1.0000000000
 9.5761346151  1.5515076922 -4.2902904501 10.5677981606 -0.4655191632 -2.8566441484 -0.1251848755  0.1295054030  1.0000000000 -0.0764379094 -0.1580328363  1.0000000000
11.5744302999 -0.0326795818 -5.4905323759 11.8139807416 -1.1370669617 -3.5790981802  0.1354047315 -0.0261298870  1.0000000000  0.1001682159 -0.2696716037  1.0000000000
11.3463863566 -0.7341671816 -3.6941659903  9.1412409554 -0.3137282249 -5.3406641134  0.0652795567 -0.1535518984  1.0000000000  0.1294459434  0.2750680133  1.0000000000
 9.8490914680 -0.0150040280 -6.0406500338 13.1601180203 -0.4214625093 -5.3095419021  0.1741625780  0.1838899043  1.0000000000  0.2282908630 -0.1606396973  1.0000000000
12.3562358999  2.2183844873 -3.4209651552  9.6446245770 -0.3603144944 -3.5980231014 -0.1617238961 -0.1636602394  1.0000000000 -0.0704905744  0.0276666504  1.0000000000
12.0947827347  1.0333655530 -2.7730616252 12.6851166575  0.8982730965 -4.0817841652 -0.1582384827 -0.2045522350  1.0000000000  0.0231375705 -0.1948189119  1.0000000000
 9.9978973420 -1.5748499809 -5.2101561127 10.1110861767  3.3616600265 -4.7329746755  0.3038835906  0.1211903673  1.0000000000 -0.1921010957  0.0862058064  1.0000000000
12.4117151183  1.2544396339 -3.0458598420 10.8727441374  0.5922578417 -2.4521997393 -0.1397851334 -0.2425039159  1.0000000000 -0.2314522650 -0.1535724331  1.0000000000
10.6346407647  3.2343910045 -4.4069964160 11.3704465025  2.2285837186 -3.5220805976 -0.1611057982  0.0458342925  1.0000000000 -0.1997024012 -0.0682201895  1.0000000000
12.0683266584  1.6132983033 -3.3761770949 12.8021773738  0.4492333557 -5.3194053589 -0.0944798663 -0.1392264052  1.0000000000  0.1389153754 -0.1290883956  1.0000000000
10.1108422218 -0.8612211194 -5.2386315798 11.6028567465 -0.7269372613 -5.2420251059  0.2174584513  0.1278211212  1.0000000000  0.2261081167 -0.0389073520  1.0000000000
11.9628758834  1.6718870264 -5.4542440621 11.9863457383  1.8904365193 -4.6092520560  0.0377686506 -0.0282350814  1.0000000000 -0.0775383351 -0.0888113470  1.0000000000
10.0669419805  2.3896646752 -5.9210487678 11.4142321695 -1.0123696013 -3.3417916474 -0.0119801024  0.2032697047  1.0000000000  0.0961689553 -0.2210913670  1.0000000000
11.6979417787  0.2415518146 -2.5073244447  9.7728654851 -0.0667869619 -4.9326563363 -0.1061919371 -0.2690360904  1.0000000000  0.0962599897  0.1372177270  1.0000000000
11.2352289192 -0.5085615162 -4.8035737062 12.5386718762 -0.5962088589 -5.3169959503  0.1564450587 -0.0588138629  1.0000000000  0.2449672914 -0.1529330832  1.0000000000
11.0526783217 -0.1069017256 -4.4305747937  9.6678071659 -1.2482255957 -5.9580987137  0.0996051687 -0.0777619051  1.0000000000  0.2668973977  0.1560787931  1.0000000000
