765.8000000000
50
 -1.7458676586   2.4844532239 -19.0542633747  0.1322366853 -0.1103974687  1.0000000000
 -0.2055928514   4.0737402557 -17.4743447189 0.0337897560 0.2589912971 1.0000000000
 -0.3900114168   4.5953000121 -18.0893519668 0.0434794390 0.2531962598 1.0000000000
 -0.5471901962   3.8554870801 -21.8455013621 -0.1401371552 -0.1164694223  1.0000000000
 -2.6804459723   2.8382625789 -19.3027407154  0.1905944509 -0.1562041101  1.0000000000
 -0.1908630898   4.8968780124 -18.7925654135 -0.0414730997  0.2418384261  1.0000000000
 -0.5874635787   5.7659667341 -19.7138473217 -0.0471445877  0.1701671839  1.0000000000
 -2.3094468306   3.2487606027 -20.2650638275  0.1105537124 -0.1348894966  1.0000000000
  0.3462785470   2.9026948012 -18.2931350771 -0.0983031936  0.1115932449  1.0000000000
 -1.9120358854   4.9018106498 -17.6826571977 0.1899354544 0.2137454092 1.0000000000
 -0.9274037177   4.6655778310 -20.0427968393 -0.0410465048  0.0545135844  1.0000000000
 -2.3447546690   3.0098357197 -20.4137027724  0.0662933287 -0.1842305713  1.0000000000
 -2.0930419199   4.2440550410 -18.7449083072 0.1733801862 0.0562588811 1.0000000000
  0.0614161273   5.0738328455 -20.2952157775 -0.1409388377  0.1164023390  1.0000000000
 -3.4472650322   5.2374406105 -19.6146377043  0.1804695702 -0.0133762657  1.0000000000
 -0.8862641584   6.0208592854 -19.4350537837 0.0089476741 0.1761994910 1.0000000000
 -3.2391389418   3.7194334257 -19.7093572235  0.2296243371 -0.1418095891  1.0000000000
 -2.0560994975   6.2206622805 -18.9717904092 0.1040562203 0.1695378814 1.0000000000
 -1.1128293326   3.1392211273 -20.2260427565 -0.0460785632 -0.1707170549  1.0000000000
 -1.2384411636   2.5285383462 -20.2045885959  0.0000179618 -0.2103143284  1.0000000000
 -1.8153446997   2.5984767192 -17.3588595471 0.3471395455 0.0231919918 1.0000000000
 -1.4240622381   1.8906966814 -18.9883634327  0.1133625330 -0.1602660123  1.0000000000
 -0.0283693622   5.9075848129 -19.4236243894 -0.0839572535  0.2462475784  1.0000000000
 -2.5884414050   2.5360096046 -19.6578198693  0.2043341282 -0.2087795893  1.0000000000
 -1.0924029434   1.3775593743 -19.0051642420  0.0667392007 -0.2695017853  1.0000000000
 -1.7595490622   5.1995403931 -20.4964431883 0.0224707826 0.0259090501 1.0000000000
 -0.2791389133   3.1252442778 -19.0435709785 -0.0525997288 -0.0193955315  1.0000000000
  0.4963928674   2.2851463895 -20.0155515513 -0.2645611476 -0.1578683120  1.0000000000
 -2.5738747944   4.1919116788 -18.0731200880 0.2886754332 0.0698491750 1.0000000000
 -1.7585576753   2.8945600095 -20.6686184247  0.0036757826 -0.1994890607  1.0000000000
 -2.7244064382   1.3361683828 -18.8700846426  0.3137193257 -0.2997191897  1.0000000000
 -2.2855082027   3.6985740606 -17.8776376787 0.2584787062 0.0554076838 1.0000000000
  1.1162144977   4.4449909484 -18.8428262833 -0.2459208741  0.1999157863  1.0000000000
 -1.9454167398   4.1569217618 -18.2369124709 0.1997538390 0.1173473789 1.0000000000
 -0.7305169488   3.1108421929 -20.6205270469 -0.0847838110 -0.1558376868  1.0000000000
  0.4379706031   3.5000092892 -18.2024746632 -0.1007966256  0.1997638394  1.0000000000
 -0.9076339483   2.9041133011 -21.0954994617 -0.0887512913 -0.1640699010  1.0000000000
 -2.0505166804   3.8140928841 -21.1369524616  0.0234827599 -0.1620989831  1.0000000000
 -2.3130066562   2.8675894441 -19.9224585866  0.1159132991 -0.1276800186  1.0000000000
  0.0447002323   4.6483314943 -20.0254028311 -0.1304719693  0.0495527080  1.0000000000
 -2.2022715321   4.4149026831 -19.0744351386 0.1607700525 0.0186592269 1.0000000000
 -2.2325054827   3.2375191286 -17.9618761510 0.2255010220 0.0304122405 1.0000000000
  0.4112890996   3.1606773913 -18.7335126782 -0.1510452512  0.0651694992  1.0000000000
 -1.8618417160   4.4309855356 -20.3817687171  0.0363346587 -0.0368488591  1.0000000000
 -1.9628769431   3.2178186209 -16.8894464421 0.3175450780 0.1187000546 1.0000000000
 -2.2627157908   3.1035598605 -21.3584908740  0.0388656215 -0.1856336309  1.0000000000
 -2.4730800665   4.1713172538 -20.8336879714  0.0431185673 -0.1067217573  1.0000000000
  0.6922640286   3.5457553601 -18.2205616927 -0.1830502452  0.1940924741  1.0000000000
  0.5855926946   3.1134055330 -19.5988325992 -0.2287971814  0.0145869444  1.0000000000
 -2.0101657216   5.3848336893 -19.9662130268 0.0675563915 0.0602410062 1.0000000000
50
 -0.9273411836   2.9875723796 -18.9567099201  -0.2539860050   4.4321648699 -21.7059794205  0.0021626953 -0.0287158604  1.0000000000 -0.1722130587 -0.0741433511  1.0000000000
 -1.0461719300   3.1933773758 -18.0423306915   0.2398132932   2.2366423436 -20.5327382346  0.0904666587  0.0780450869  1.0000000000 -0.2208227685 -0.2212977023  1.0000000000
 -2.0192184392   1.7122897531 -18.7903453764  -1.4592696321   3.4443057046 -17.6834742250  0.1471770690 -0.1955584521  1.0000000000  0.1873665293  0.0973995818  1.0000000000
 -0.4301326097   4.4860888810 -22.0302655325  -2.7401366123   4.9590207285 -19.7816874077 -0.1756529936 -0.1148970358  1.0000000000  0.0996904211  0.0455852413  1.0000000000
 -0.9093405383   5.5337065971 -20.7539075733  -2.6321720534   2.4690191016 -18.4339487227 -0.0687160711  0.0667904603  1.0000000000  0.2716621239 -0.0962355099  1.0000000000
 -0.2058708074   3.0823931879 -18.6631960058  -2.3079116822   4.1434862664 -19.5945888874 -0.0198889300  0.0038143908  1.0000000000  0.1276272553 -0.0158724744  1.0000000000
 -0.7573321403   4.7458919295 -20.0817013050  -0.4354977777   4.7124390087 -18.1558761555 -0.0467947691  0.0471160667  1.0000000000 -0.0009390070  0.2567872388  1.0000000000
 -2.0982676795   2.2791218954 -20.1478425989  -0.3900612945   2.2295331058 -19.7578111600  0.0241623922 -0.2719313055  1.0000000000 -0.1262878180 -0.1295471458  1.0000000000
 -1.1819955650   1.5822749821 -18.6561863166   0.2253411256   1.3757126669 -19.8820932582  0.0842528147 -0.1867272990  1.0000000000 -0.2081411515 -0.2697932150  1.0000000000
 -3.2497270754   3.4798340320 -20.8696147954   0.5667892189   2.3691725822 -19.7714876356  0.1386268217 -0.1910076378  1.0000000000 -0.2156801864 -0.0888269778  1.0000000000
 -1.1121126067   2.7476333367 -18.2175265606  -0.1124922683   2.8425119186 -21.0064314271  0.0718186385  0.0172097395  1.0000000000 -0.1567653367 -0.1522495303  1.0000000000
 -1.0321825951   4.3425962409 -17.4741726269  -1.9774096778   3.3840920548 -20.0085345254  0.1254709103  0.2578343517  1.0000000000  0.0724138629 -0.1097620188  1.0000000000
 -0.8573870565   3.4033433300 -17.5492835615  -2.2448258405   5.7617911912 -18.2940124398 0.1304230808 0.1180105200 1.0000000000 0.1868269925 0.2277429805 1.0000000000
  1.5856087631   3.9524761058 -17.9297922074  -0.7354225492   2.7152283463 -21.6021320494 -0.2696962616  0.3375934043  1.0000000000 -0.0996091519 -0.2004878922  1.0000000000
 -0.1365733613   5.7279922307 -19.8376510059  -1.9937641954   2.7103765976 -20.6856196933 -0.1184402787  0.1925891781  1.0000000000  0.0686957328 -0.1934164916  1.0000000000
 -0.1514132292   3.3200692407 -21.5995555005   0.3737461668   3.9008226946 -19.1355181592 -0.2004895342 -0.1269499603  1.0000000000 -0.1247055780  0.0955803904  1.0000000000
  0.9063259272   4.9200555098 -18.9782140642  -0.1509830884   2.9436755394 -18.6349293582 -0.2098197991  0.2019801177  1.0000000000 -0.0530213297  0.0096101119  1.0000000000
  0.0586054244   4.8887659977 -20.5720092615   0.3732556385   3.1937742414 -20.3965887225 -0.1370314607  0.0608462204  1.0000000000 -0.2035120521 -0.1116713310  1.0000000000
  0.7272234851   2.9840396885 -20.0723918833   0.1392391424   2.1181816982 -21.0946397311 -0.2641437693 -0.0683567411  1.0000000000 -0.2549820638 -0.2088129827  1.0000000000
 -2.2350763194   4.9265657888 -18.0166892516  -3.2265855929   4.3493153823 -19.4819006299  0.2192622565  0.1800118188  1.0000000000  0.2356620833 -0.0245281286  1.0000000000
 -0.0334480761   2.2431446988 -20.5614978092  -2.0827739364   3.3224296541 -18.6021097896 -0.1524378518 -0.2095617395  1.0000000000  0.2118672194 -0.0295581022  1.0000000000
 -1.6188471444   5.1522379797 -18.2600978349  -1.1735844936   2.8515849260 -21.4287616400  0.1446070143  0.2083500261  1.0000000000 -0.0971296679 -0.2103940977  1.0000000000
 -1.6015336142   3.4873111228 -16.8233983623  -0.2012690053   2.0540513662 -19.6432406138  0.3065347365  0.2196332687  1.0000000000 -0.0940935044 -0.1857744776  1.0000000000
 -1.3201567890   3.1193900527 -18.3399149142  -1.0233396119   4.3172061745 -17.4139401943  0.1476712362 -0.0342663326  1.0000000000  0.1629855005  0.2698305806  1.0000000000
 -1.0451333855   3.0421157540 -18.8605310465  -2.7395075012   2.1452976105 -18.3209718451  0.0309113636 -0.0649707440  1.0000000000  0.3356977486 -0.1832927158  1.0000000000
  0.8006276193   3.0469354959 -19.0644399051  -0.5730076157   4.4808654413 -17.6903718362 -0.2469473699  0.0637250951  1.0000000000  0.0526922760  0.2203133985  1.0000000000
 -0.4475327323   2.6948305015 -18.4013658014  -1.9998597402   3.6961103031 -21.0862387038  0.0159255967 -0.0194968449  1.0000000000  0.0201634751 -0.1443995046  1.0000000000
 -0.1797934612   1.9643391120 -19.4411114671  -0.6214176285   2.2145093628 -18.4247207440 -0.1595852353 -0.2054600114  1.0000000000  0.0085681858 -0.0690508783  1.0000000000
  0.9558146563   3.6136433788 -19.5272457125  -2.8986548326   6.1004199665 -19.0603886289 -0.2353917138  0.0671661078  1.0000000000  0.1987203691  0.1581072132  1.0000000000
 -1.4481011033   3.1652760573 -21.0398880389  -1.4183696102   2.5212208952 -18.9920191259 -0.0378397130 -0.1677797208  1.0000000000  0.0779498821 -0.1183288321  1.0000000000
  0.3136283655   2.9302350847 -19.4467342009   0.7305348559   4.0679751741 -19.2562956356 -0.1630659309 -0.0264493467  1.0000000000 -0.2022543778  0.1099384159  1.0000000000
 -1.7535610057   5.8541672136 -19.6693429254  -1.8366957072   3.9513746469 -18.3464853450 0.0512536754 0.1356974667 1.0000000000 0.1751472432 0.1030597711 1.0000000000
  0.3151534047   5.6306795977 -20.8510680520  -0.0500157599   3.8279321413 -18.1925127170 -0.2202938959  0.1549820372  1.0000000000 -0.0730190831  0.1386007333  1.0000000000
 -0.2591342939   3.0812562771 -21.9080724401  -3.3572111580   3.0669629576 -20.4624315190 -0.1890889253 -0.2045515817  1.0000000000  0.1885216025 -0.1802368280  1.0000000000
  0.6735481254   4.9705953715 -20.3135250050   0.7469726298   4.0591419748 -17.5584292573 -0.2160948303  0.0977679316  1.0000000000 -0.1030061320  0.2773391158  1.0000000000
 -2.6551901450   3.3798950358 -20.1715434007  -1.5004083502   4.9167286556 -20.3568316513  0.1244870859 -0.0916966695  1.0000000000  0.0269798884  0.0246855063  1.0000000000
 -1.0545604023   5.0115686827 -21.1761680681  -2.2641832109   5.1885907344 -18.0079629988 -0.0725118584 -0.0018925483  1.0000000000  0.1978645423  0.1569077776  1.0000000000
 -1.1860083546   4.3509837474 -18.1253107032  -0.1577790352   5.0043693516 -18.1180879399  0.1128942773  0.1926739934  1.0000000000 -0.0168638860  0.2827630386  1.0000000000
 -1.3404212933   5.2217022703 -19.7426566538  -1.8435267061   4.5106605172 -20.3228499190  0.0458845297  0.0825335792  1.0000000000  0.0122348957 -0.0320343080  1.0000000000
 -1.1118369472   3.2237039489 -21.2513349024  -0.9266949904   3.4212588303 -21.1551210478 -0.0801992905 -0.1555107419  1.0000000000 -0.1072884225 -0.1594009763  1.0000000000
  0.1829568752   3.6369107340 -17.3390983596   0.5558571150   5.2461874318 -20.4894084125  0.0057555810  0.2369992746  1.0000000000 -0.2093577255  0.1085502296  1.0000000000
 -0.4299069805   3.7927959223 -18.2527981555  -0.9220548716   3.3159164678 -20.1712977695  0.0061922752  0.1266079199  1.0000000000 -0.0838723337 -0.0669247115  1.0000000000
  0.3838312029   4.2366312847 -19.4546496551   0.1248533007   1.5387756861 -20.0037295503 -0.1547549403  0.1318999854  1.0000000000 -0.2395463435 -0.2589262605  1.0000000000
 -2.0182407217   5.1003567291 -17.9646166011   0.3973614586   3.2950617411 -18.1058432514  0.2014248661  0.2385521332  1.0000000000 -0.0783815446  0.1648510982  1.0000000000
 -1.2099793768   3.8716437455 -20.0368367646  -2.6692792957   3.7372938885 -21.1332374539 -0.0181410618  0.0101318493  1.0000000000  0.0720102536 -0.1495314049  1.0000000000
 -1.1883427004   1.8015210273 -19.3709826079  -0.0067904613   5.3056165086 -19.2596165808  0.0188183111 -0.2113835876  1.0000000000 -0.0916070322  0.1611217103  1.0000000000
  0.0164000000   3.0448987936 -21.5655104561   0.2468728021   3.2442870484 -18.3830338005 -0.2807699377 -0.1965813983  1.0000000000 -0.0941995234  0.1030529227  1.0000000000
  0.1093704384   2.5543184905 -21.2444563301  -0.3149311566   3.3142943038 -21.2587441532 -0.2303463739 -0.1927844149  1.0000000000 -0.2100309951 -0.1007175606  1.0000000000
  0.5025501969   5.3874003126 -20.5971369643  -1.7867119800   5.2110729481 -18.7670570118 -0.1897878352  0.0752733228  1.0000000000  0.1121103572  0.1270618228  1.0000000000
 -0.6613735097   4.9196366583 -21.5942311379  -0.4435661571   3.1765509197 -20.1311196993 -0.1289121333 -0.0820656934  1.0000000000 -0.1141526517 -0.0752413266  1.0000000000
