491.4000000000
50
 2.4939773460 12.1723245897  9.5312569880 -0.2299152340 -0.0348607474  1.0000000000
 6.3716902736 12.4864692974 11.2787390117  0.1510784362 -0.0520359912  1.0000000000
 5.7166631416 11.2156967223 10.2719143637  0.2635845474 -0.1722011250  1.0000000000
 3.2052080273 11.8334709638 10.5463101281 -0.1133759928 -0.1510087750  1.0000000000
 5.3481147354 13.1305679547  8.1030760148 0.2256780717 0.2831547683 1.0000000000
 3.8136902543 10.9948620361 11.1070214910 -0.0638900301 -0.2448564553  1.0000000000
 3.6064980823 13.8745594286 12.1365426090 -0.1794941198  0.0356762540  1.0000000000
 5.9827067137 12.5285018602 10.5021890399  0.1697636881 -0.0495027475  1.0000000000
 4.6885211543 12.5196014856 10.1394931573  0.0507458368 -0.0336165036  1.0000000000
 3.7194892555 13.4212825373 11.6028588426 -0.1441771369  0.0104950231  1.0000000000
 5.2141851858 12.1642588892  8.6183224680 0.1754223868 0.0548318004 1.0000000000
 5.7777494471 12.3296732100  9.9965771437  0.1887462263 -0.0289551740  1.0000000000
 5.3394680354 12.5531629324 11.1144913752  0.0698105191 -0.0378031254  1.0000000000
 3.6202270880 14.5698271045 12.1232973250 -0.2121069200  0.0562991118  1.0000000000
 4.2375221654 13.5530825475 11.7598973744 -0.1135224741 -0.0346447635  1.0000000000
 4.8565952385 14.7998609223 10.7348903290 -0.0321549908  0.1637328425  1.0000000000
 5.1540393592 13.7386872639  8.5021956712 0.1253764319 0.2535038460 1.0000000000
 5.2367396457 14.1979769257 10.4931693881 0.0149100209 0.1014635531 1.0000000000
 2.7718437703 12.2757576637 10.2203579239 -0.1704195029 -0.0929326579  1.0000000000
 5.0204813822 13.2129061034 10.7615651029 0.0600793752 0.0351397668 1.0000000000
 3.1490108066 12.3475206036 10.2574979990 -0.1302409545 -0.1138332972  1.0000000000
 4.3027786696 12.5407568816 11.9221839544 -0.0506013699 -0.1177889194  1.0000000000
 5.1037269258 13.0516624056  7.9745104584 0.2363395944 0.2513120334 1.0000000000
 4.9465136592 14.6470699821 10.3180885574 0.0232517194 0.2373372354 1.0000000000
 3.4405026515 11.3376145249 10.2981453140 -0.0608350965 -0.1745899476  1.0000000000
 2.5849058590 12.7367820231  9.3571485799 -0.1548641069  0.0472941430  1.0000000000
 6.9397566829 12.5964186492 11.9274119918  0.1853157336 -0.0641309385  1.0000000000
 4.0950222954 14.9486783715 11.0737647974 -0.1217088717  0.1509911506  1.0000000000
 5.2977449413 10.1402273583  9.9345464661  0.2164225902 -0.2607424805  1.0000000000
 3.4520097235 13.9222536578 11.5487072880 -0.1698815077  0.0112431826  1.0000000000
 4.7613897386 12.8892522301  8.3132305884 0.1423021384 0.2078559372 1.0000000000
 5.7885746060 10.8093307831 10.1191796426  0.2746721647 -0.2053611706  1.0000000000
 4.7971307118 13.6583100749  8.4141170169 0.0790585071 0.2848467673 1.0000000000
 4.7132093566 11.5948886081  9.1348031464  0.1845610168 -0.0447913410  1.0000000000
 4.0307200156 13.5028916210  9.3035768549 0.0013431500 0.1317560596 1.0000000000
 5.6442690551 14.8462546557 10.5926864983 0.0109426236 0.2035737445 1.0000000000
 4.5854158931 13.3284595943  8.4693245810 0.1316096575 0.2256890381 1.0000000000
 5.7409790529 12.1088020757 12.8507374638  0.0058076554 -0.1965107091  1.0000000000
 3.5887160250 13.6441326034  8.1007326020 -0.0333825422  0.3249835236  1.0000000000
 4.7848706490 11.3481928613 11.5801306609  0.0255110023 -0.2482161972  1.0000000000
 3.5793991012 13.7414812426  9.8113377409 -0.1265276566  0.1343549421  1.0000000000
 4.0943873907 13.7117598279 10.2311249503 -0.0738796643  0.1339560755  1.0000000000
 5.0238667956 12.0778230789 10.3498430117  0.0773094164 -0.0434032658  1.0000000000
 6.3219998488 11.6624565846 11.9493594529  0.1676949067 -0.1385731388  1.0000000000
 6.4326868852 12.5885838419 10.2235913436 0.2367395087 0.0392763197 1.0000000000
 3.5341376205 11.8981784412 11.7911596681 -0.0845780001 -0.1873050892  1.0000000000
 2.9478407648 13.9595414528 10.2259520742 -0.2613486055  0.1012209739  1.0000000000
 3.4315197508 12.6098853773 10.9845615708 -0.1455856274 -0.0905233335  1.0000000000
 3.4751995305 13.9266742027  9.9782574004 -0.1462145225  0.1285931414  1.0000000000
 3.3972155042 12.5190331777 10.9965698275 -0.1492287854 -0.0609661380  1.0000000000
50
 3.9340866153 14.0833180630 11.5922831823  5.4657355073 13.3004487226  7.9065946769 -0.1133175827  0.0407836591  1.0000000000  0.2372379317  0.3156844616  1.0000000000
 3.8539740944 13.7752364013 10.9576883023  3.1391521300 12.1762734171  9.3197779908 -0.1196589654  0.0661187523  1.0000000000 -0.1322031521 -0.0034259096  1.0000000000
 6.3775485787 12.9209159039 11.3673210147  6.1379105262 12.8770848828  9.5163361480  0.1370283833 -0.0216748556  1.0000000000  0.2115255557  0.0501111865  1.0000000000
 6.0800983360 14.3824159322 11.3830633555  2.7800175542 14.7818229642  9.8296552022  0.0921988542  0.0714361713  1.0000000000 -0.2185308134  0.2733238911  1.0000000000
 6.0165060107 12.0162096068 11.8734999870  2.6439583042 12.4395021987 10.3633986645  0.1097573203 -0.1175558873  1.0000000000 -0.1981091898 -0.0987570891  1.0000000000
 5.4425224451 11.7513648750 11.4124038380  5.5858165107 12.5520875511 11.7784160498  0.1187126703 -0.1518740979  1.0000000000  0.1138053237 -0.0547845871  1.0000000000
 4.1796770282 14.8391700118 10.6114024497  6.2881813840 14.8115736906 10.6674685862 -0.0861344092  0.1631655358  1.0000000000  0.1237646813  0.1728400434  1.0000000000
 3.0298515949 13.7858701079  9.5421972306  4.9345726105 10.9112297685  9.2728368923 -0.1787577220  0.1332172604  1.0000000000  0.2055998343 -0.1531899387  1.0000000000
 5.5414551631 12.8576237593 12.5530381845  4.9065592819 13.6016222546 10.7263099371  0.0382930562 -0.0870595927  1.0000000000  0.0309509137  0.0787521529  1.0000000000
 5.4546368046 12.8224789917 10.9115693759  2.9091557705 13.8564473531 10.5438494939  0.0542900578 -0.0084996884  1.0000000000 -0.2062006820  0.0793441517  1.0000000000
 3.5301271373 12.6417247362 11.4202105558  3.9739618265 11.1615038844 10.4913530282 -0.1301381632 -0.0690024268  1.0000000000 -0.0078781466 -0.2287709937  1.0000000000
 4.9037332433 14.7842592155 11.2140249886  3.3297812305 13.2951083827  9.1291125517 -0.0280542373  0.1148180395  1.0000000000 -0.0903838728  0.1748643886  1.0000000000
 3.8645189260 15.6669473077 11.2002465324  3.0202490218 10.7360092558 10.1740179439 -0.1885951240  0.1962314109  1.0000000000 -0.0738387652 -0.2975722089  1.0000000000
 5.2895635252 11.9079871640 12.4401247879  3.4030272019 13.7561851566 10.1284660831  0.0275494083 -0.1859150612  1.0000000000 -0.1378436537  0.1513809386  1.0000000000
 5.7609969443 12.9832715847 11.8327261715  4.1253969031 14.2506798068 10.2986614692  0.1018813052 -0.0260688396  1.0000000000 -0.0996671975  0.1281334639  1.0000000000
 5.1462286684 12.4168751226 11.0194495585  6.0108641634 13.4446626496 11.0054734750  0.0860913608 -0.0417133333  1.0000000000  0.1162697502  0.0774959705  1.0000000000
 4.4273137772 12.3428807559  9.8684489361  4.1684628528 13.7813664494 11.0974916963  0.0399252643 -0.0075023069  1.0000000000 -0.0867448121  0.0670990678  1.0000000000
 4.5585459600 13.8796251389 12.3322757903  3.1929808404 12.2671925716  9.3002932459 -0.0861813936 -0.0605210843  1.0000000000 -0.0803449060 -0.0258421349  1.0000000000
 3.8841943778 12.2614132975 10.5881352299  3.9301540754 14.9533230935 11.9390361102 -0.0020960070 -0.1029625158  1.0000000000 -0.1404768486  0.0823186833  1.0000000000
 3.8663478645 12.7415862448  9.1550670251  4.1149975075 12.6285612860 12.3738605163 -0.0035253416  0.1006572589  1.0000000000 -0.1013438891 -0.1177560019  1.0000000000
 4.3881294444 13.0611877486  8.4906074314  3.8599749208 13.9962478258 11.3731916228  0.0678365014  0.1993306082  1.0000000000 -0.1441765462  0.0555347844  1.0000000000
 5.1844185859 13.9932663958  9.3318213183  2.8760209313 12.5358279773  9.1261738450  0.1015617026  0.2153087830  1.0000000000 -0.1452721475  0.0467757449  1.0000000000
 5.0492660079 12.3940820045  9.5119914053  3.7074796835 13.6081774880 10.9304698075  0.1388993193 -0.0161448560  1.0000000000 -0.1285991219  0.0067712394  1.0000000000
 5.6115372319 15.0479199408 10.7427195611  3.5779554225 14.0447106215  9.2471748565  0.0172672729  0.1602256231  1.0000000000 -0.0737146246  0.1926548858  1.0000000000
 5.7010053956 10.5488831289 10.5076955484  3.8140045669 14.9638162318 11.3373796723  0.2319362715 -0.2915337263  1.0000000000 -0.1326034504  0.1572419564  1.0000000000
 5.4561837822 13.0613858853  7.7690638467  4.9575818433 13.6249892104 10.7766424559 0.2789680601 0.2704951673 1.0000000000 0.0118121146 0.0773219641 1.0000000000
 4.7216379077 12.2137030239 12.6325370043  6.1741711326 10.9453843369 10.7749947968 -0.0484218101 -0.1827460363  1.0000000000  0.2662155534 -0.1793455305  1.0000000000
 5.0152623559 12.9304232480 11.5393321020  3.2019043575 14.8429741898 10.0025376575  0.0505092726 -0.0125773326  1.0000000000 -0.1946178081  0.1947296333  1.0000000000
 3.3362539341 14.9232812221 10.9657305926  5.5315478571 10.6324278948  9.9396554370 -0.2096374080  0.1433495872  1.0000000000  0.2630707465 -0.2394661435  1.0000000000
 6.2351198860 12.3226126965 10.0676345347  5.3576332634 11.7494719859 10.4443612582  0.2245467557  0.0065866126  1.0000000000  0.1239191593 -0.0889073735  1.0000000000
 5.2449834713 12.2777847733 10.7463219609  3.6226775365 11.4231816273 11.6024135126  0.0609827691 -0.1094682260  1.0000000000 -0.0932542457 -0.2733055815  1.0000000000
 5.0590816771 15.1347902047 11.3002605444  4.1883684107 12.2930136922 10.3555041881 -0.0234450815  0.1859822088  1.0000000000 -0.0296554803 -0.0698271921  1.0000000000
 5.4349153119 10.9641849516 10.3013898668  6.2735501707 13.5170503732 10.9839669526  0.1939738985 -0.2421765977  1.0000000000  0.1344184222  0.0230460182  1.0000000000
 5.7453327925 12.7716687136 12.1190984623  6.2919596104 13.4939182783 11.5770707833  0.0564491795 -0.0856823323  1.0000000000  0.1130959590  0.0175996300  1.0000000000
 4.0858595823 12.3455117978 13.0020410637  5.1566867121 13.4169770708 11.5416762193 -0.0964189498 -0.1778920410  1.0000000000  0.0000507109 -0.0058841632  1.0000000000
 5.8617133881 11.0452650223 11.2749578038  5.5407670275 11.9515518690  9.2641956715  0.2025826703 -0.2148016276  1.0000000000  0.2100776355 -0.0482165272  1.0000000000
 5.6003141843 12.4654530230 10.4517537879  4.1410552731 15.0693561352 11.6832270521  0.1679315760 -0.0032016100  1.0000000000 -0.1366197775  0.1561321577  1.0000000000
 3.4928942744 11.6964319059 11.2108078149  5.6922113095 13.5716180191  8.1761187441 -0.1003739007 -0.2072909800  1.0000000000  0.2147671107  0.2785387843  1.0000000000
 2.7459533893 13.7766392495  8.5999756827  5.6977644909 14.1624678297 10.0238205405 -0.2357851840  0.2077589281  1.0000000000  0.0738007413  0.1595977804  1.0000000000
 5.4006616441 13.2475918765  9.4402241813  3.8687574104 13.6310185839 11.1778608788  0.1840475356  0.1339329811  1.0000000000 -0.0843640591  0.0219007230  1.0000000000
 3.0085302103 11.2837713091 10.4508525077  6.2876836608 13.0978614101 12.0028442083 -0.1233101313 -0.2769807094  1.0000000000  0.1375377684 -0.0721299344  1.0000000000
 4.2404485422 15.3915541850 11.2022718716  6.6835660342 13.7912391420  9.5760685842 -0.1070435789  0.1900233277  1.0000000000  0.2159239956  0.1907487252  1.0000000000
 3.5884895179 12.9784936465 12.4352590960  2.3427662369 12.5161562264  9.7150189906 -0.1593449764 -0.1205299733  1.0000000000 -0.2640600069  0.0221530349  1.0000000000
 7.0916175160 13.1415714754 11.2942634081  5.0495335580 10.6907952983  9.5769138085  0.2317886395 -0.0054646388  1.0000000000  0.2305932707 -0.2349508060  1.0000000000
 5.4008022805 13.6422248163 11.2455844943  3.2259931168 12.4658595547 11.7658258987  0.0360484234  0.0332500254  1.0000000000 -0.1510037609 -0.1331558510  1.0000000000
 4.1386540522 13.1961379130 12.0177530056  4.2646342467 11.4290987023  9.2035325176 -0.1052805820 -0.1103092624  1.0000000000  0.0886234480 -0.0794843705  1.0000000000
 5.2381310702 12.4185490228 11.9001592413  5.2434867781 15.0718740633 11.3249108932  0.0447415617 -0.1259967994  1.0000000000 -0.0560651158  0.1739890290  1.0000000000
 6.0155614134 14.0154551035 11.4024640062  2.6367515098 13.2484876123  9.1418595657  0.0697807128  0.1147856877  1.0000000000 -0.2605766597  0.1321565619  1.0000000000
 4.5683190957 12.6367333086  8.8646144439  5.1676620430 12.8160042083  8.3395493799 0.0696623379 0.0975322843 1.0000000000 0.1848432541 0.1406204964 1.0000000000
 5.0044309869 14.1594754418 11.9067850366  4.8955501713 11.6297303338 11.1958283895 -0.0311579719  0.0916760607  1.0000000000  0.0662476765 -0.1387356641  1.0000000000
