818.2000000000
50
-4.0698153572 -5.1537679001 15.3201245437  0.1954001017 -0.2361890197  1.0000000000
-3.7631474317 -5.8287869784 15.4296368830  0.0503305086 -0.2568450672  1.0000000000
-3.9850615151 -7.9890735637 15.2220231475 -0.2439647116 -0.1590046762  1.0000000000
-5.1271466530 -6.2498599887 18.2811277039 0.0827872745 0.0081232865 1.0000000000
-6.2149152196 -7.5318286785 16.8841589188 -0.0729216034  0.1141391793  1.0000000000
-6.2563292038 -6.4525715502 18.9801085183 0.1137992166 0.1493693793 1.0000000000
-6.6957576716 -5.6982481643 16.1459573482 0.1063484859 0.1631395912 1.0000000000
-5.0439799565 -5.7587501964 14.9344978866  0.0326912476 -0.1697086934  1.0000000000
-4.2139996354 -5.6358057451 17.3952864893  0.1132211071 -0.1495931502  1.0000000000
-6.6621928306 -8.9057713614 18.1385004696 -0.1991019959  0.1952577525  1.0000000000
-5.4571292182 -7.7078888874 18.5323325934 -0.0407411034  0.0543803284  1.0000000000
-4.7533139015 -5.6576315752 14.7664141254  0.0305003852 -0.1824774110  1.0000000000
-4.7334246905 -4.9062847097 15.6134384970  0.1703586155 -0.1691839485  1.0000000000
-6.7938323996 -8.3379663981 17.3434764752 -0.1121612340  0.2149865645  1.0000000000
-4.4421809153 -4.5179095679 16.9426716239  0.2819336497 -0.1321783144  1.0000000000
-7.3359677418 -6.3532272063 16.4895000204 0.0719477620 0.2704993404 1.0000000000
-6.2701966917 -6.1096327898 15.2534807111 0.0098485003 0.1118156861 1.0000000000
-4.1652978220 -5.4933339113 16.1926375104  0.1150519404 -0.1662571828  1.0000000000
-6.8578843725 -6.0115171616 17.8659617040 0.1435058186 0.2015214951 1.0000000000
-3.2950941342 -6.8457104630 16.4349021586 -0.0084927438 -0.2373950774  1.0000000000
-5.1201707819 -6.9036335728 15.5113977182 -0.1226967918 -0.0535088696  1.0000000000
-6.9545018498 -7.4735730843 16.8067970776 -0.0896993722  0.1645904943  1.0000000000
-5.8740797744 -7.6095385159 17.5070053106 -0.0887261452  0.1172803374  1.0000000000
-6.5235370801 -7.0419995247 17.6592881631 0.0184546270 0.1439301242 1.0000000000
-6.1847638887 -8.5190800260 18.0802589837 -0.1068142608  0.1503821419  1.0000000000
-4.5263444835 -6.5940596898 18.1308923899  0.0559774749 -0.0236338857  1.0000000000
-6.8326487269 -5.2369710958 17.6461858714 0.2246675387 0.1513756721 1.0000000000
-5.4915543495 -5.0410619269 18.0165635089 0.2076552831 0.0049902834 1.0000000000
-4.4825281753 -7.1781474532 16.6079495747 -0.0846611913 -0.0658869268  1.0000000000
-6.0643842629 -5.0753638763 17.8337495108 0.2347774390 0.1087311453 1.0000000000
-2.9412828974 -6.7783694901 18.0328069231  0.0153081424 -0.2147307421  1.0000000000
-4.2350356660 -5.8371194558 18.4201127487  0.1123856670 -0.0896849274  1.0000000000
-5.7217919970 -7.5552167500 16.9662747658 -0.1190806414  0.0498091712  1.0000000000
-3.8155892046 -8.1435660901 15.5812495318 -0.2038445602 -0.1561932948  1.0000000000
-4.7016617508 -5.5079271104 16.1123038663  0.1233920178 -0.1639379521  1.0000000000
-6.6079268543 -6.6549444844 17.9845675892 0.0128214913 0.1794760945 1.0000000000
-6.3403190444 -6.9197501470 17.2727826871 0.0240481176 0.1258814069 1.0000000000
-6.7401643440 -4.4647009240 16.3749255218 0.3269812539 0.1962386682 1.0000000000
-3.8071757324 -5.8228545856 16.3987511999  0.0267115875 -0.1863017793  1.0000000000
-3.8707096267 -6.9864249483 14.6733990044 -0.1803985686 -0.2621881386  1.0000000000
-6.0219346602 -5.0830145269 16.0253028082  0.1927057640 -0.0264995886  1.0000000000
-4.9330005320 -5.5045540640 16.9490733361  0.0967293021 -0.0490488168  1.0000000000
-6.4153089560 -5.5645747811 15.7772638300 0.1420963570 0.1039384722 1.0000000000
-6.2966755791 -7.1926740147 15.6788908515 -0.1476591550  0.0948473041  1.0000000000
-4.8571775722 -5.6491577402 17.0530779526  0.1319581442 -0.0409789634  1.0000000000
-7.1811098608 -8.3608200149 16.2616733651 -0.1966718824  0.2174977107  1.0000000000
-5.4615729456 -5.1691591269 15.9716184773  0.1630251177 -0.0287421476  1.0000000000
-4.4963395789 -7.6916755120 18.1201432639 -0.0990122196 -0.0228997331  1.0000000000
-4.0514903032 -5.7450595028 14.6909596581 -0.0079653892 -0.3197203881  1.0000000000
-4.8772819613 -4.1549150290 15.6843001921  0.3194315407 -0.1394660572  1.0000000000
50
-3.9919181662 -5.1852923528 15.2155292800 -6.6605463081 -8.0864274842 15.7232578467  0.1246241326 -0.2646559276  1.0000000000 -0.2069679675  0.1356756009  1.0000000000
-4.9237304617 -6.0188111663 18.1178403672 -5.7771023520 -7.4761650098 18.4234648150  0.1499702647 -0.0281208796  1.0000000000 -0.0093207583  0.0992568058  1.0000000000
-5.6079399470 -4.9486396825 15.9707805404 -5.2461469154 -5.7558431297 17.9149073704  0.2234190864 -0.0144858642  1.0000000000  0.1361017314  0.0237383808  1.0000000000
-4.8630246158 -6.9595055502 14.8083329327 -6.0396910327 -5.8298932628 16.4640761315 -0.1065428619 -0.1053654093  1.0000000000  0.1293149246  0.0641333156  1.0000000000
-4.1697147062 -5.3563179273 15.9253122526 -4.0262226458 -4.4485561618 16.4532366848  0.1367620837 -0.1760431874  1.0000000000  0.2613690239 -0.1936008741  1.0000000000
-4.3045938461 -8.2123918575 15.6167189514 -5.9425247947 -4.9086163817 15.8616701942 -0.2089488716 -0.1455417475  1.0000000000  0.2077738126  0.0129023568  1.0000000000
-5.0211614152 -6.8848259381 15.1767851796 -3.9281292742 -8.7977956066 17.4447389689 -0.1181500670 -0.0890424688  1.0000000000 -0.1638665406 -0.0903613626  1.0000000000
-5.2803029855 -6.3707781377 16.2160763239 -4.2914044080 -7.7596712882 14.6110654927 -0.0037754343 -0.0233845880  1.0000000000 -0.2738026375 -0.2095354457  1.0000000000
-3.9873798413 -7.7675149935 17.9969012086 -6.1699899951 -4.5567279963 16.4132190158 -0.0590026259 -0.0892116308  1.0000000000  0.3031005091  0.1094767016  1.0000000000
-6.5023160444 -8.7856174282 17.8758406128 -4.3343181737 -7.6798927984 16.3268929718 -0.1444943804  0.1609185613  1.0000000000 -0.1460114837 -0.0842849043  1.0000000000
-6.1436011833 -6.9480063672 16.9347495581 -6.7077076672 -4.9662824464 17.8376821675 -0.0254614331  0.1321634767  1.0000000000  0.2616901434  0.1940123791  1.0000000000
-3.7050068963 -6.7866853186 15.5047057955 -7.0523763559 -6.5866814854 17.8112305487 -0.0999264403 -0.2392067786  1.0000000000  0.0434725165  0.2101163286  1.0000000000
-4.5278640364 -8.3581735906 16.5491604917 -5.7945982743 -7.1855745766 15.1293393382 -0.1894580508 -0.0369852535  1.0000000000 -0.1494540890  0.0244284849  1.0000000000
-5.7096079412 -6.1171869103 15.6008757038 -6.1354990397 -8.0382970590 16.4204149194  0.0281063733  0.0261467889  1.0000000000 -0.1710859423  0.1141744999  1.0000000000
-5.6529132655 -8.2027127235 15.9954020256 -3.9238388429 -7.0792435065 16.2754742015 -0.1686590970  0.0316761362  1.0000000000 -0.0794781388 -0.1588618912  1.0000000000
-5.7028734912 -8.6306229494 17.0893386491 -4.6129296588 -4.4732004138 15.7617652851 -0.1848094065  0.0544451070  1.0000000000  0.2363658137 -0.1870655019  1.0000000000
-5.9807876522 -4.4502760848 16.0820820631 -4.2225142854 -4.7627130868 16.8950491489  0.2988240524  0.0245531328  1.0000000000  0.2259681196 -0.1566301281  1.0000000000
-7.0919107565 -6.9940794486 15.1756633139 -3.8581228654 -4.6317724575 15.3221119553 -0.0729642351  0.2344260327  1.0000000000  0.1761165230 -0.3144016662  1.0000000000
-4.2646620259 -6.8318022966 15.6148854906 -5.6035286479 -8.7755056686 17.5502502596 -0.0519942393 -0.1771194139  1.0000000000 -0.2002368751  0.0840821661  1.0000000000
-3.4067501189 -6.4748277976 18.3192021961 -6.4800635687 -4.9352587161 15.5949574403  0.0596371989 -0.1509963431  1.0000000000  0.2168451822  0.1000369615  1.0000000000
-5.0315631455 -6.4368762279 16.0722106267 -5.6198574118 -5.7974853115 16.6838543342 -0.0229302094 -0.0518009664  1.0000000000  0.0929610380  0.0023522053  1.0000000000
-6.2004731562 -7.4005183480 15.8325296550 -4.2235475931 -6.3526324249 15.3829551722 -0.1300557546  0.0620499997  1.0000000000 -0.0687166967 -0.2010091499  1.0000000000
-4.5366398752 -6.8585177450 14.9636881416 -4.7103708506 -7.2617785456 16.0964174562 -0.1152441531 -0.1444708522  1.0000000000 -0.1115746087 -0.0776889204  1.0000000000
-6.2389822531 -6.4867032013 16.0119412868 -5.2615138541 -8.0246277554 16.6304525760 -0.0337170584  0.1028538566  1.0000000000 -0.1721268180 -0.0204330272  1.0000000000
-5.1507929721 -7.5968972873 16.9849030203 -5.7567224910 -4.6624637485 16.6244594737 -0.0631292325  0.0109176800  1.0000000000  0.2966861048  0.0127478122  1.0000000000
-7.2818730669 -6.8673184980 15.3633922422 -4.5822291300 -5.1390215451 17.2602986922 -0.0816917603  0.2445520661  1.0000000000  0.2329879358 -0.1034012253  1.0000000000
-6.0648813275 -6.0532482469 15.9397512699 -6.8065433807 -5.9180066525 17.2266755055 0.0430274756 0.0416876398 1.0000000000 0.1421336902 0.2071203870 1.0000000000
-3.2132700656 -5.2530251595 18.2769009159 -5.6448747527 -7.0151629334 15.1375263832  0.2003331966 -0.2124432571  1.0000000000 -0.1292401286  0.0100023416  1.0000000000
-6.4938010171 -4.9685313537 17.3263117092 -4.4012698356 -7.1566366962 17.9704963282  0.2369657949  0.1575847893  1.0000000000 -0.0288433472 -0.0741953947  1.0000000000
-4.0402024120 -3.9809116322 15.2425831863 -4.8172265490 -6.2091505966 15.8899243005  0.3168371914 -0.2905766647  1.0000000000  0.0041887591 -0.1082153763  1.0000000000
-5.1996948327 -6.5434450977 15.6113546233 -7.0360491066 -6.0785267451 17.7482318139 -0.0536147031 -0.0436199852  1.0000000000  0.1184619905  0.2265590521  1.0000000000
-4.1542395137 -6.9716378081 16.0245992838 -6.3911230297 -7.1197281589 14.6673709875 -0.0969472301 -0.1658799546  1.0000000000 -0.1778762489  0.0714658129  1.0000000000
-5.2083544100 -7.8175409507 17.1807676925 -5.9579507071 -5.9242811375 17.7278990666 -0.0996668179  0.0278462820  1.0000000000  0.1275196871  0.0990527825  1.0000000000
-3.4537678137 -6.8460287523 17.8041342899 -3.1572134955 -5.3194907909 17.9728188082  0.0398804635 -0.1229254441  1.0000000000  0.1369723330 -0.1932614406  1.0000000000
-3.8807453078 -4.5445023929 16.0752082858 -5.0380237858 -7.2109949670 15.3002030906  0.2276882675 -0.2201440705  1.0000000000 -0.1464660676 -0.0812951889  1.0000000000
-5.5380882943 -6.4760583837 17.9306940697 -4.5400419253 -5.6524017075 15.3152900911  0.0523103850  0.0351256590  1.0000000000  0.0912943978 -0.1682800262  1.0000000000
-5.5500229812 -6.0918846353 18.6008435902 -6.2367209793 -6.5290892643 15.6999105344 0.1468463420 0.0754966427 1.0000000000 0.0143097623 0.1036723671 1.0000000000
-4.9933718531 -4.6287448919 16.8943585961 -3.2821369331 -5.9159762421 17.0029669259  0.2540708184 -0.0586264234  1.0000000000  0.0920429358 -0.2473145392  1.0000000000
-7.0101328135 -5.5574665617 17.0706129354 -5.8002317324 -6.0806665555 18.7720030932 0.1793671069 0.2357601524 1.0000000000 0.1532933805 0.1053677557 1.0000000000
-3.1740538408 -5.3753294822 17.7250363285 -4.1445530134 -7.7447388037 16.7307202717  0.1350855117 -0.2145996934  1.0000000000 -0.1105851521 -0.1338551834  1.0000000000
-3.0421770568 -5.5819068611 18.1550413639 -3.9356625581 -8.1717540764 15.8341620181  0.1164597680 -0.2374840289  1.0000000000 -0.1790861954 -0.1680597043  1.0000000000
-3.9748723791 -5.1241382034 15.0986351700 -3.8970134246 -7.5088925723 17.6255549172  0.0960320114 -0.3180278733  1.0000000000 -0.0817072941 -0.1127932965  1.0000000000
-6.1094117936 -5.5673802535 16.4326711841 -4.7810705739 -5.3269339828 15.9701421141  0.1111716584  0.1118395472  1.0000000000  0.1530156616 -0.1398921796  1.0000000000
-5.5576833555 -6.7581079186 18.5739195364 -5.3439985455 -7.4629887454 17.2826277982  0.0588061555  0.0705998110  1.0000000000 -0.0629029787  0.1006741515  1.0000000000
-4.6868543299 -7.0623218228 16.3187822360 -3.6333635370 -5.7521223948 15.7946642095 -0.0800259137 -0.0649373560  1.0000000000  0.0542469824 -0.2754803126  1.0000000000
-6.8629136184 -6.4479272294 17.4163026307 -5.2122852733 -5.3839508242 16.5755654871 0.0323496007 0.2032544851 1.0000000000 0.1425038044 0.0113345385 1.0000000000
-5.5796885098 -5.3451060947 16.8367892021 -5.3282917483 -7.7273603226 14.5155784654  0.1607317142  0.0703342700  1.0000000000 -0.2456733460 -0.0624666050  1.0000000000
-6.2148332638 -5.9120520101 16.9282512758 -7.5752074070 -4.5925549509 16.5319735632 0.1133711673 0.0942097396 1.0000000000 0.2589274828 0.2874203295 1.0000000000
-6.4617558444 -6.7164629067 18.6102224563 -5.6456216592 -7.6954385617 16.3222922673  0.0771854849  0.1492240785  1.0000000000 -0.1593788103  0.0452492723  1.0000000000
-3.3723177246 -6.6125729450 17.5253071422 -5.3606302666 -5.8707664176 15.4636864840  0.0711484236 -0.1994552158  1.0000000000  0.0358945690 -0.0450824096  1.0000000000
