945.4000000000
50
 2.1123935580  1.4402569188 -3.6023719885 0.1665155589 0.1185633248 1.0000000000
 1.3040697958  3.0486198252 -3.4127733659 -0.0851629913  0.1338301391  1.0000000000
 0.9613078130  3.3551728624 -4.9704600842 -0.1736611108  0.1093668206  1.0000000000
 2.8477536277  0.8991518748 -5.5719685998  0.1739927186 -0.0484322509  1.0000000000
 0.0678317140  3.6556714165 -4.6787679194 -0.1844527392  0.2091442584  1.0000000000
 0.9587521591  1.2064868456 -4.9636087500 0.0660408347 0.1812334891 1.0000000000
 1.9831264704  2.7369888593 -3.4336534085 -0.0142632185  0.0810785248  1.0000000000
 0.2614025675  3.1650047453 -3.8025708126 -0.0943732536  0.2864666454  1.0000000000
 1.4358294912  0.1862384238 -4.0770770272 0.2173285765 0.1502063326 1.0000000000
 1.8329022099  3.4598285972 -3.9229191360 -0.1354873621  0.0642488695  1.0000000000
 3.1272983034  2.7945422535 -2.1241511837  0.1149383601 -0.1434902494  1.0000000000
 1.3105121549  3.4277989043 -5.5603640146 -0.1773895129  0.0889794869  1.0000000000
 1.0431164284  2.5844993073 -4.3584156462 -0.0011959644  0.1674456718  1.0000000000
 2.5315419087  1.2932006276 -1.5844607329 0.3472801986 0.0473214717 1.0000000000
 2.4697072747  0.0236890208 -5.3377449578 0.1708103144 0.0576468143 1.0000000000
 3.4570646380  2.2633715126 -5.7463819363 -0.0135372054 -0.0836604361  1.0000000000
 1.4237200113  3.1209381770 -4.3962954419 -0.1058790382  0.0582213612  1.0000000000
 0.8293519575  1.7900279514 -3.8709118903 0.0500433761 0.1955809721 1.0000000000
 1.3217264444  0.7213561585 -2.9296250061 0.2362422979 0.1959722745 1.0000000000
 3.9796723376  1.8335010263 -5.7423718814  0.0557574039 -0.1400316189  1.0000000000
 1.8340167827  0.8058107339 -2.6106448815 0.2498873950 0.1582070397 1.0000000000
 1.5638797424 -0.2218208235 -5.1766783053 0.1998143802 0.1052638727 1.0000000000
 3.7728058865  1.5325718506 -4.9868965972  0.1292477927 -0.1406773489  1.0000000000
 3.3670549772  3.8144614262 -4.0171111751 -0.1136466538 -0.1768085933  1.0000000000
 3.6111122111  3.0343384360 -6.3301627083 -0.0618126916 -0.1601220195  1.0000000000
 1.7131431753  3.6596251341 -3.3475312247 -0.1164876649  0.0062334133  1.0000000000
 0.6733580510  2.8256752826 -6.0360773791 -0.1398686811  0.1749791329  1.0000000000
 2.8108946236  1.4964622706 -5.1960051869  0.0760434096 -0.0411992423  1.0000000000
 2.5984515568  3.5958291347 -5.4609410613 -0.1527713520 -0.0268135481  1.0000000000
 0.6386970599  1.5484989633 -5.3431221062 0.0551143974 0.1422700817 1.0000000000
 0.7069064776  2.1171575616 -4.5249452257 0.0043445288 0.2088874922 1.0000000000
 1.0900160607  1.3357767253 -3.5899745102 0.1426268022 0.1954977544 1.0000000000
 2.1794374136  1.4362908118 -4.4977987139 0.1096215292 0.0520473696 1.0000000000
 1.0145944334  1.7133202903 -5.4344750728 -0.0101794051  0.1459412158  1.0000000000
 4.1851002955  2.2364335572 -1.8969955105  0.2476028770 -0.2224874894  1.0000000000
 3.2788116697  1.2679149163 -4.1671121088  0.1539298299 -0.0711119530  1.0000000000
 1.9326277391  4.1773820377 -4.6959747221 -0.2131659162  0.0440805801  1.0000000000
 4.2153011385  0.5984608738 -5.2453089187  0.2123725314 -0.1608922261  1.0000000000
 3.4680661674  1.9222812164 -3.0520258875  0.1501357301 -0.1306316750  1.0000000000
 1.2778066517  2.5256817219 -3.1775002667 0.0488110683 0.2023242030 1.0000000000
 3.3157109541  3.6931747768 -3.2352694737 -0.0582826368 -0.2183119531  1.0000000000
 1.1234499992  0.9277813273 -1.8556556621 0.3182932542 0.3021471467 1.0000000000
 1.8917619087  2.3728325627 -4.9489720878 -0.0020767891  0.0349667536  1.0000000000
 3.6127385012  4.2510265611 -4.9955238726 -0.2150765311 -0.2076273936  1.0000000000
 1.2088059514  0.1609280021 -4.0890482315 0.2140394118 0.2046415183 1.0000000000
 1.8697583666  1.1802052231 -1.7141621917 0.3213457849 0.1516159439 1.0000000000
 1.4435446490  1.8775937882 -4.1265241716 0.0831869598 0.1157200574 1.0000000000
 1.2156593233  3.6018303072 -5.4099423790 -0.1679675162  0.1037972346  1.0000000000
 3.0373679858  0.0322941280 -5.3259186428  0.2090515359 -0.0109888721  1.0000000000
 0.4393695054  2.4177152899 -5.3321260194 -0.0520422945  0.2021657683  1.0000000000
50
 3.6607414743  0.7456874916 -3.6890853001  3.7961299535  0.7627958225 -4.5073651190  0.2647905170 -0.0954724990  1.0000000000  0.2390981037 -0.1249184267  1.0000000000
 1.8283645395  1.6451836329 -5.2412641970  1.5513904563  1.6411740052 -3.9626574832 0.0763745568 0.0420641317 1.0000000000 0.1007144132 0.1222573553 1.0000000000
 1.6386388396  2.5440014773 -2.4182058150  1.6360223759  2.6152390348 -5.3215304425  0.1177718172  0.1644783340  1.0000000000 -0.0851284861  0.0607159944  1.0000000000
 3.0909422996  3.8150225575 -5.8686207005  3.5139959783  1.8115640011 -3.2005942528 -0.1769553858 -0.1466312928  1.0000000000  0.1738587691 -0.0893024754  1.0000000000
 3.0308317964  4.1505605854 -2.7690443860  1.8901894035  4.0309687463 -2.7139819024 -0.1275428620 -0.1566950275  1.0000000000 -0.1460998471  0.0293606086  1.0000000000
 4.0104431731  2.3020970873 -5.3364833631  1.3862276660  0.6652616846 -4.8047967622  0.0126521865 -0.1815361886  1.0000000000  0.1674232444  0.1612541163  1.0000000000
 1.7332350670  2.1109917687 -5.0282636311  3.2998233478  4.0393249594 -3.7740649865 -0.0059015500  0.0847032412  1.0000000000 -0.1367294615 -0.1593730093  1.0000000000
 3.7119608565  0.5120432753 -5.2324161918  4.2604247268  2.5491518918 -4.1196043891  0.1784917758 -0.0882396760  1.0000000000  0.0592401130 -0.2563594251  1.0000000000
 1.4081206212  0.5369451592 -4.8020873823  3.2722545573  3.6550103946 -6.2160145292  0.1460285180  0.1358127621  1.0000000000 -0.2243413351 -0.1465512491  1.0000000000
 3.3499657672  2.9180065507 -5.0390087860  3.7864265478  0.5155786411 -5.2694042449 -0.0687248752 -0.1453743054  1.0000000000  0.1943580041 -0.0711668940  1.0000000000
 3.5905936257  5.0132396631 -3.5751626837  1.3369471551  0.4674319340 -4.2448007520 -0.2422698283 -0.2706398065  1.0000000000  0.1563898698  0.1356292519  1.0000000000
 2.0172444276  2.2016716586 -3.9333552741  1.1282484310  0.5949223512 -5.3272335587 0.0266775251 0.0745062473 1.0000000000 0.1106703241 0.1524074936 1.0000000000
 0.6233148974  4.3275227157 -3.3476114981  2.5933343105  4.7283259868 -3.1215958814 -0.2328675482  0.1758497112  1.0000000000 -0.2330030338 -0.0869429439  1.0000000000
 4.1878422606  1.0265982937 -4.2484773464  3.7883271215  4.3267404012 -4.6551526159  0.1764511167 -0.1773664632  1.0000000000 -0.1564953236 -0.2399227862  1.0000000000
 1.3766054240  2.7031716218 -4.5630490069  1.8976332865  1.2965964665 -5.6222707759 -0.0963734219  0.0832332270  1.0000000000  0.0506119376  0.0702311356  1.0000000000
 1.3291331470  0.9814289591 -5.2080478250  2.4191882954  1.6866711245 -5.5562808447 0.0461000111 0.1830631560 1.0000000000 0.0113255249 0.0110137724 1.0000000000
 0.1946738143  2.8189298722 -5.4805342635  0.3222404021  3.8480726231 -3.9126905569 -0.1283133946  0.2498075382  1.0000000000 -0.1984271017  0.1772577641  1.0000000000
 4.4079062383  1.9516063482 -2.0341098702  3.4829100728  4.2655740137 -2.9910177283  0.2639060189 -0.2388488324  1.0000000000 -0.1293088055 -0.2229801793  1.0000000000
 1.0760472337  2.9933172153 -2.9018268396  3.1492602568  3.4215238665 -2.6538889045 -0.0202048311  0.1516738243  1.0000000000 -0.0003710940 -0.1193277584  1.0000000000
 0.6636318253  3.7172182332 -3.2820818723  1.5519924133  0.8629303872 -3.6835506355 -0.1987319200  0.1750752299  1.0000000000  0.1792265382  0.1411020212  1.0000000000
 1.8480756761  2.1230398197 -2.4440996910  1.8332940877  3.0476257595 -5.6469994562  0.1233332146  0.0977785655  1.0000000000 -0.0991205830  0.0259257483  1.0000000000
 2.6592232144  3.8754810575 -4.0189645025  1.3627815087  3.6125611933 -4.6631582387 -0.1790270896 -0.0918594786  1.0000000000 -0.1603727651  0.0629802213  1.0000000000
 1.2019934368  3.1802568214 -4.8067533628  0.9996500236  2.6770403958 -4.2258759407 -0.0698447421  0.1036586392  1.0000000000 -0.0961132756  0.2234585453  1.0000000000
 0.2234327701  2.8927602504 -5.3494351896  4.0233218459  3.5347780648 -2.9045418133 -0.1324608660  0.1824244262  1.0000000000 -0.0447841831 -0.2487847360  1.0000000000
 3.2150851183  3.2678317651 -4.7070889923  1.0104628692  3.2377263309 -5.4835982734 -0.0724138817 -0.0990077093  1.0000000000 -0.1174526606  0.1658853773  1.0000000000
 1.1540827655  0.8421061032 -3.9565816164  1.4765092917  2.9818887580 -3.3386192532  0.1655777725  0.1286297776  1.0000000000 -0.0508463816  0.1425329564  1.0000000000
 4.3366032458  2.0138576236 -3.7651018772  2.0150682733  2.4304770136 -4.8036967970  0.1297286097 -0.2175589402  1.0000000000 -0.0292225448  0.0291573374  1.0000000000
 3.3585239953  3.5939711586 -5.7097664146  2.2520288796 -0.1640220111 -5.2464910355 -0.1154560185 -0.1552172831  1.0000000000  0.2179216680  0.0766471933  1.0000000000
 3.1926315620  1.0034704197 -2.8823102712  1.7917726522  4.0753923618 -4.7030906782  0.3025022461 -0.0667222094  1.0000000000 -0.2463326313  0.0282513652  1.0000000000
 3.7305522181  2.9665867781 -6.1608671369  0.5526082979  4.0167506777 -3.6874057371 -0.0578827353 -0.1654659128  1.0000000000 -0.2563522982  0.2242664128  1.0000000000
 3.0340844952  0.9513353723 -3.0361832714  1.7038606528  2.0352767736 -2.6120773737  0.3069736993 -0.0041775789  1.0000000000  0.0860287345  0.1431128971  1.0000000000
 3.8831237448  1.7872154979 -4.0994693931  0.9008661085  3.0156252310 -3.5194979532  0.1672367400 -0.1600553808  1.0000000000 -0.0883002388  0.1604304897  1.0000000000
 1.9578384677  1.9974334467 -4.9160596275  1.7254062774  2.9750391431 -5.9575763226 -0.0072910970  0.0612127429  1.0000000000 -0.1074374182  0.0440923771  1.0000000000
 0.8283082175  1.1607496414 -5.2881451392  2.3427324535  3.3207963488 -5.9220315952 -0.0090362425  0.1958859585  1.0000000000 -0.1178714401 -0.0137268057  1.0000000000
 2.6796828099  2.8808183484 -5.9286934070  1.4937063176  4.0870811412 -3.3714328850 -0.1258292544 -0.0216426967  1.0000000000 -0.2306190872  0.0896779686  1.0000000000
 4.3679347590  2.9357334342 -3.1556088428  3.4139030275  3.8406077032 -3.3596330082  0.0587044196 -0.2886161510  1.0000000000 -0.1099763520 -0.1677927405  1.0000000000
 1.4868188531  1.7386811056 -5.5210947743  4.0204790810  3.3228327879 -4.9120946943  0.0039337048  0.1179738093  1.0000000000 -0.0586504455 -0.2312549803  1.0000000000
 1.8557503634 -0.0786116646 -5.1394442051  1.8819988908  2.1216023203 -3.8286560106 0.2006680397 0.1270714567 1.0000000000 0.0270321734 0.0654160933 1.0000000000
 2.3371298996  2.2015157123 -4.6242803750  3.3063506722  1.2816871907 -2.5632652526  0.0330516827  0.0411349760  1.0000000000  0.2697829024 -0.0559873979  1.0000000000
 3.1493805187  3.4388401014 -3.9531649561  3.0939924764  0.5862906792 -4.0604401774 -0.0754386406 -0.1273567041  1.0000000000  0.2240558569  0.0033142973  1.0000000000
 2.1742786993  0.1377940902 -4.4780223526  0.5352371589  3.4645037049 -3.9437135382  0.2126029522  0.1347220708  1.0000000000 -0.1382597963  0.2159981646  1.0000000000
 1.7390033102  0.4449453767 -4.1242051518  3.2020121304  1.3191017723 -2.2189394440  0.1755617387  0.1419905970  1.0000000000  0.2704806485 -0.0478187527  1.0000000000
 3.2103011874  1.7654320491 -3.7784002610  1.1040839557  2.6630877045 -3.9623562177  0.1090674046 -0.0607287330  1.0000000000 -0.0524462782  0.2080087567  1.0000000000
 2.9736754694  1.6727305181 -1.7079166234  1.5007338062  3.0441396657 -4.3910064143  0.2751261508 -0.0213591239  1.0000000000 -0.1067077729  0.0603234737  1.0000000000
 4.1534629969  2.7291608932 -3.9835141420  2.1095019650  0.0498412408 -4.4805906410  0.0616247958 -0.2213648521  1.0000000000  0.2304621917  0.1292162615  1.0000000000
 2.6725442808  1.4372148363 -4.8258832158  1.1711320980  1.4937138355 -4.7992566724 0.1022342256 0.0323630891 1.0000000000 0.0804144651 0.1774289460 1.0000000000
 2.2765529127  2.3805476363 -5.7971143378  2.0699615200  0.8817612548 -4.8970121892 -0.0436059461 -0.0065469653  1.0000000000  0.1382273123  0.0999193698  1.0000000000
 3.4523649604  3.7858941133 -5.7308868596  2.5142045795  0.7932460387 -3.5366591100 -0.1534975128 -0.1421769835  1.0000000000  0.2008512564  0.0690143152  1.0000000000
 2.0137416708  2.2987519348 -5.7124566664  3.6083448809  4.0439783082 -5.9058247051 -0.0207592837  0.0747592873  1.0000000000 -0.1762641089 -0.1933115957  1.0000000000
 1.8387777110  4.3465510211 -3.0168814056  3.4158623398  1.2205067495 -4.1961283540 -0.2448078653 -0.0160771293  1.0000000000  0.1743931985 -0.0895022235  1.0000000000
