320.6000000000
50
-0.1267155825 -8.8814833506 -5.4203335526  0.1045431843 -0.2158371665  1.0000000000
 -0.9159770558 -10.6521973502  -4.8238710683  0.2168422552 -0.1128861711  1.0000000000
 0.6589881964 -9.3517860911 -4.5230954808  0.1766323685 -0.2387338184  1.0000000000
-1.3462319057 -6.0079794117 -4.3965232712 -0.2492420916  0.0380416262  1.0000000000
-0.5925941492 -7.6086916078 -2.4932583753 0.1491666719 0.0991862067 1.0000000000
-1.4631379104 -7.3873024834 -5.0965829625 -0.1092013193 -0.0163595037  1.0000000000
-1.4244507035 -8.4292493830 -5.2467432240 -0.0431089652 -0.0877278878  1.0000000000
-0.4554881355 -9.3926667348 -3.2168985181  0.3125861493 -0.0177828866  1.0000000000
-3.8427529499 -7.2792116883 -4.8654276883 -0.1700864948  0.1889362578  1.0000000000
 -1.3490503496 -10.4568070367  -4.7267480409  0.1998589977 -0.0859960987  1.0000000000
-3.9577394277 -7.6132836445 -4.9549522705 -0.1178467523  0.1635781141  1.0000000000
-1.2511293929 -7.4395277251 -2.2276024024 0.1490630449 0.1754785188 1.0000000000
-1.0908217613 -7.0405285204 -3.0632878049 0.0119072745 0.1317792843 1.0000000000
-2.4784565274 -9.3925797177 -3.3276250828 0.1527180992 0.1613425345 1.0000000000
-0.6302837888 -9.4706345711 -3.0610561995  0.3252955899 -0.0299526029  1.0000000000
-3.4353921122 -7.1342947775 -5.3996834715 -0.2026543590  0.0943500428  1.0000000000
 0.3982554520 -7.6268442614 -4.4547992029  0.0342665984 -0.2153940749  1.0000000000
-1.0208213480 -7.4967066948 -6.2342541233 -0.1558346025 -0.1668236822  1.0000000000
-0.6767274127 -8.2987209548 -4.9579106913 -0.0016166152 -0.1088407020  1.0000000000
-1.3838098646 -8.4459341297 -6.1930070547 -0.0478675840 -0.1394309158  1.0000000000
-1.6744821777 -7.5559801826 -5.8907432610 -0.1755080428 -0.0521187938  1.0000000000
-3.3285896407 -6.2916573133 -4.0702898531 -0.2269396234  0.2697243992  1.0000000000
-1.0014451572 -6.3333169385 -4.6498285684 -0.2136474216 -0.0486570365  1.0000000000
-2.4000296482 -8.6038930517 -6.5030724992 -0.1230504576 -0.1034770073  1.0000000000
-0.3583183241 -9.6663007205 -3.9374181466  0.2109713510 -0.0854113753  1.0000000000
-0.4232634325 -7.0694593690 -4.6971651083 -0.0982781959 -0.1560021880  1.0000000000
-2.5490860313 -6.3857637699 -4.1812001510 -0.1899836436  0.2030205814  1.0000000000
-3.2077253967 -7.0073644439 -3.8273087090 -0.1091502901  0.1964107766  1.0000000000
-1.8217947251 -9.8211065027 -4.4165291965  0.1697481520 -0.0403646124  1.0000000000
-3.7193211224 -8.2197999098 -5.1211706258 -0.0866045762  0.0961262670  1.0000000000
-2.6846883552 -5.7604308792 -3.8335418985 -0.2368089215  0.2265596428  1.0000000000
-2.1304779574 -7.7084071183 -2.2723787538 0.1128616935 0.2742094732 1.0000000000
-1.3591974583 -7.9053082863 -6.6492149181 -0.1528179187 -0.1643636012  1.0000000000
-0.0186955482 -6.7160479202 -4.1371076139 -0.1100968165 -0.0810505189  1.0000000000
-0.5824844612 -7.3683651777 -4.9515856096 -0.1111408789 -0.1249369205  1.0000000000
-1.7914096143 -9.3199144982 -3.7564723357 0.1280399914 0.0563492808 1.0000000000
-2.4543491156 -6.3248838096 -4.8405113197 -0.2374157278  0.1099527434  1.0000000000
-2.6312317297 -7.2839723592 -3.2939252211 -0.0679834115  0.2285117313  1.0000000000
 -2.6920931268 -10.2242130875  -3.5896916894 0.2001296066 0.0754057303 1.0000000000
-3.0999204612 -8.8287966155 -2.8953869960 0.0884509458 0.2211385199 1.0000000000
-0.1526394522 -9.4168313388 -5.4334254544  0.1184662564 -0.2768427369  1.0000000000
-1.7244240266 -9.7047059736 -3.0681417360 0.2279280500 0.0622973915 1.0000000000
-3.2127678874 -7.5121722101 -4.5444000280 -0.1591205706  0.1475794620  1.0000000000
 1.1089281127 -8.9566565535 -3.3356403306  0.3334497245 -0.2282348635  1.0000000000
-0.5301209511 -9.4092247910 -3.0238048646 0.2873716737 0.0049896358 1.0000000000
-2.1810571729 -8.7578289527 -6.2971996291 -0.0622550645 -0.0611605311  1.0000000000
 -0.7771360346 -10.0732521572  -4.2711503994  0.2134591452 -0.1263471105  1.0000000000
-2.3283388611 -7.8337536180 -4.2853648444 -0.0422660419  0.0809125062  1.0000000000
-1.0380660970 -8.6129380146 -2.9842492798 0.2076171048 0.0555069189 1.0000000000
-0.3816843118 -8.4709636247 -3.9512022024  0.1166835888 -0.1085440983  1.0000000000
50
 0.0233410886 -7.6811959793 -5.6505750290 -1.7636969809 -8.0297193813 -7.6755989457 -0.0929483489 -0.2400180502  1.0000000000 -0.1999289484 -0.1738357137  1.0000000000
-0.5241302502 -9.4909864290 -4.4001466659  0.4922330860 -9.3594052618 -3.5167478576  0.1754884079 -0.1007152442  1.0000000000  0.2358301825 -0.1394964859  1.0000000000
-0.1839153203 -7.8556298215 -4.7858768087 -1.6759143416 -9.2545363738 -4.0759787467 -0.0130194694 -0.1684883431  1.0000000000  0.1388263625  0.0039851823  1.0000000000
-2.0942472726 -6.9063786560 -5.6793343817 -1.5892881726 -7.9291018788 -2.4002517100 -0.2461641516 -0.0195548463  1.0000000000  0.1370241657  0.1924861710  1.0000000000
-2.9059578556 -8.2053868091 -4.9107288072  0.1268958994 -8.0384641347 -3.5184256401 -0.0775002132  0.0413862943  1.0000000000  0.1655385635 -0.0714567019  1.0000000000
-1.6324489991 -8.5783047409 -3.1314248936 -2.3098265644 -9.4168735648 -3.9070629447 0.1471408457 0.1354200823 1.0000000000 0.1101033914 0.1159962528 1.0000000000
-1.7531309846 -7.4508667938 -6.7811246223 -1.7570728840 -7.5423096422 -5.3038396360 -0.1857754678 -0.1245850449  1.0000000000 -0.1201225567 -0.0408042216  1.0000000000
-2.3506517226 -7.9325824798 -4.0140477487  0.5907796399 -8.7047043827 -2.6983680303  0.0039886431  0.1148820659  1.0000000000  0.3528443568 -0.0890001012  1.0000000000
-3.5690463583 -8.1849960849 -3.8722209613 -1.5677671366 -8.4802713746 -6.2873470496 -0.0064093386  0.1814034546  1.0000000000 -0.0671608829 -0.1202210617  1.0000000000
-2.4577803729 -9.2612427365 -2.1353612353 -1.4400301358 -8.7758913765 -6.5921456729  0.2747065069  0.2341434015  1.0000000000 -0.0880082114 -0.1596084314  1.0000000000
-2.1756521161 -6.8020095613 -5.5032222719 -0.1024434634 -8.5339492211 -4.1945048046 -0.2120827552  0.0311014614  1.0000000000  0.1009707274 -0.1258216451  1.0000000000
 1.4370402332 -8.8203660608 -3.9339346607 -0.8354202089 -6.5390462539 -3.6988236669  0.2703665952 -0.3210113157  1.0000000000 -0.0729471432  0.0699754385  1.0000000000
-0.4351215348 -6.5907959560 -5.9373822365 -1.2673196348 -8.7702282458 -5.9779455476 -0.2520199797 -0.1794044362  1.0000000000 -0.0146666101 -0.1804618855  1.0000000000
-3.4620795054 -7.9041514175 -3.9878498338 -1.2559671183 -7.3885182806 -2.9436688036 -0.0407953941  0.1484202240  1.0000000000  0.0138145208  0.1130062845  1.0000000000
-0.6467266149 -8.4292044393 -4.8490980784 -0.0555593340 -8.7658980011 -4.9234368896 -0.0071463215 -0.1376154758  1.0000000000  0.0788061215 -0.2173932181  1.0000000000
-3.0018812965 -7.4606182213 -5.1761713823 -3.6857207879 -8.0939559296 -3.8635308755 -0.1326074378  0.0596119429  1.0000000000 -0.0125154517  0.2067504923  1.0000000000
-0.1757247086 -8.2400190850 -5.6577727850 -0.5220554300 -6.5828768156 -6.1278468382 -0.0162154911 -0.2373661905  1.0000000000 -0.2657117108 -0.1968809037  1.0000000000
-2.0654468537 -7.4713068588 -5.6555758406 -1.2947642263 -8.3053276164 -6.0234950715 -0.1697937219 -0.0588603444  1.0000000000 -0.0515972458 -0.1631679000  1.0000000000
 -1.9590550461  -6.1380062761  -3.0430590984   0.2546325900 -10.0559356312  -4.3882763754 -0.1470122152  0.2250181229  1.0000000000  0.2637330153 -0.2202136167  1.0000000000
-0.7129874735 -6.2913324634 -3.8913687282 -3.2039752549 -7.5343719695 -3.6316456148 -0.1425625739  0.0226364532  1.0000000000 -0.0565430606  0.1826437333  1.0000000000
-1.8683677130 -5.9229229681 -4.2557746767 -1.6244797978 -6.4192145545 -5.1935829940 -0.2094375921  0.1261398789  1.0000000000 -0.2245389760 -0.0219312951  1.0000000000
-3.9711796141 -7.1115799941 -4.7182006579 -0.4728588325 -6.7782259090 -4.9785814339 -0.1792641724  0.1792372673  1.0000000000 -0.1677099789 -0.0859357150  1.0000000000
-1.9406395241 -7.5995285386 -2.3157844888 -1.2619400976 -8.7983167037 -3.0016986981 0.1273992717 0.2999294039 1.0000000000 0.1552538610 0.0867353789 1.0000000000
 -2.4879214147  -9.1453063643  -3.5340864815  -1.5676978657 -10.4203142002  -5.2169165034  0.1299001198  0.1357369961  1.0000000000  0.1698745986 -0.0812412719  1.0000000000
-2.1421697433 -8.9021424032 -6.0730116355 -1.9332770677 -6.5739254223 -3.0388894940 -0.0666711810 -0.1334691687  1.0000000000 -0.0950224388  0.2521265254  1.0000000000
-0.9395229678 -7.1638336183 -6.4617826818 -1.6433964374 -8.4870039953 -4.4948752152 -0.2167707132 -0.1944905198  1.0000000000  0.0326478588  0.0153807488  1.0000000000
-1.1777968654 -8.5846808613 -5.2193423541 -1.7068342435 -9.5207449925 -4.1730110535 -0.0077130549 -0.0786316339  1.0000000000  0.1409935930  0.0303250447  1.0000000000
-2.9396860461 -9.6461119813 -4.1152820212 -0.5756334572 -8.2734694984 -5.7846938734  0.1043000720  0.0528623138  1.0000000000 -0.0421897399 -0.1909525525  1.0000000000
-2.3672379502 -6.5436316232 -4.1324931247 -1.2725554456 -6.8284992472 -3.2088686399 -0.1766399951  0.1255561749  1.0000000000 -0.0376133164  0.1675372376  1.0000000000
-2.8742092856 -9.7230118758 -4.4513935057 -1.8703529412 -7.7928721187 -2.9473958111 0.1234483096 0.0687296404 1.0000000000 0.0590797403 0.1770746949 1.0000000000
-1.2871274211 -9.3283119782 -4.6132245282 -3.6307398376 -7.3209997282 -4.2966082920  0.1242656748 -0.0294728954  1.0000000000 -0.0944554766  0.2027598794  1.0000000000
 -1.0420971147  -7.5101439099  -3.7279149173  -0.9076718086 -10.4692559484  -4.4282301429  0.0192417635  0.0049341458  1.0000000000  0.2419216254 -0.1038552313  1.0000000000
-0.3697535426 -9.1851915961 -4.8275493880 -1.1700575056 -8.4232044411 -2.6204300197  0.0906376887 -0.1792491404  1.0000000000  0.1968737932  0.0886273848  1.0000000000
-0.5930135717 -9.1734203197 -5.5215354761 -1.6300196696 -8.5498794611 -6.1138985810  0.0523261460 -0.1969611581  1.0000000000 -0.0810510000 -0.0866750336  1.0000000000
  0.7093971423  -9.3304092118  -3.5869520939  -2.2240044496 -10.1027408808  -4.5853896799  0.2953205368 -0.1838688670  1.0000000000  0.1190875792 -0.0198601876  1.0000000000
-0.8766530495 -7.4611055082 -6.0447675297 -2.2460836604 -6.0169246752 -3.6931690859 -0.1592537111 -0.1300399150  1.0000000000 -0.1881523802  0.2161110861  1.0000000000
 -0.0215598374  -8.9246431724  -4.8504349426  -3.1314859663 -10.2214429311  -3.3396502508  0.0956451348 -0.1828953033  1.0000000000  0.2078893326  0.1589644412  1.0000000000
-2.5854875696 -7.9757961977 -6.3972375707 -1.8437738452 -9.3857524958 -3.5518695004 -0.1481368904 -0.0247305543  1.0000000000  0.1594472578  0.0632482159  1.0000000000
-0.2395310889 -9.5794204814 -3.8874172885  0.5502777424 -6.3735662149 -5.3040345660  0.2239906106 -0.0932544077  1.0000000000 -0.1886384860 -0.2444294581  1.0000000000
-0.7183135473 -7.4824506271 -5.0576193599  0.0763827151 -9.0851239379 -4.1539232162 -0.0820536689 -0.1315714713  1.0000000000  0.1822474877 -0.1162248074  1.0000000000
-0.7567594181 -8.6944520323 -2.0618213411 -1.9902299076 -8.4636410000 -2.1081713627 0.2944366184 0.1244518653 1.0000000000 0.1930238168 0.2623793695 1.0000000000
-0.5315848357 -9.6015865523 -3.5890048765  0.3682457718 -8.4915003677 -3.4591400569  0.2678381992 -0.0501405226  1.0000000000  0.2047752288 -0.1534732125  1.0000000000
 0.1286704079 -6.4659967774 -4.9521649963 -1.2974579676 -8.1976537319 -2.1584246765 -0.1900083176 -0.1801932047  1.0000000000  0.1819991717  0.1595120781  1.0000000000
 0.0117883337 -6.0222519167 -4.8808669604 -2.3992056538 -8.3494247029 -6.5287916412 -0.2165714778 -0.1470286310  1.0000000000 -0.0807729384 -0.0554025255  1.0000000000
-0.9703306165 -7.0170983892 -3.1798887033  0.2969238307 -8.9680446000 -5.1045571498 -0.0186883993  0.1192212031  1.0000000000  0.1142364848 -0.2648024260  1.0000000000
 0.0278789284 -7.5261855071 -4.9217500442 -0.8975597329 -7.0092055643 -4.1097668659 -0.0446847509 -0.1676608201  1.0000000000 -0.0888020376 -0.0005834589  1.0000000000
-1.3742916402 -7.4599962130 -1.7663722844 -2.0436771713 -8.1634772096 -7.5700702427  0.1406207205  0.2669293275  1.0000000000 -0.1399658184 -0.1890133219  1.0000000000
-1.5514176764 -8.3345511866 -6.5351340619 -2.7506215807 -8.0602567054 -6.8091108234 -0.1009016454 -0.1928207354  1.0000000000 -0.1343372470 -0.0929327760  1.0000000000
-2.0755060381 -8.4856899223 -5.8135869310 -1.8769335020 -9.7232116123 -5.5000835719 -0.0404533188 -0.0748394710  1.0000000000  0.0636354769 -0.0439402023  1.0000000000
-0.4051578418 -6.7266801760 -4.2846479085 -2.8054552056 -7.4779099451 -4.1165527864 -0.1051055933 -0.0907943596  1.0000000000 -0.0836712582  0.1454177230  1.0000000000
