22.5000000000
50
  8.5665972196 -13.3900272004   7.7474444219 -0.2420857346 -0.0429865816  1.0000000000
  9.6201824148 -13.8321325885   7.1858410950 -0.1466497186  0.0580924680  1.0000000000
  7.5710751910 -12.8145824242   7.3285274000 -0.1566659916 -0.0647175932  1.0000000000
  7.7442793062 -16.6608079614   5.9725284288  0.1763839435 -0.1293943826  1.0000000000
  9.5369026915 -14.1232132067   7.4314068262 -0.1666736076  0.0723238772  1.0000000000
  7.9790485574 -13.7972892286   6.9255859292 -0.0885325255 -0.0543772872  1.0000000000
  6.8140443093 -13.5339866238   5.4418887092  0.1746449530 -0.0488943770  1.0000000000
  8.3609931720 -15.1440064735   8.8795001720 -0.1927506261 -0.1994573780  1.0000000000
  8.9520339035 -14.6846164118   7.1709243733 -0.0771268536 -0.0333486536  1.0000000000
 10.9360141235 -15.0122952390   7.7777404469 -0.1507055071  0.0452366905  1.0000000000
  9.7936736669 -13.0444599970   7.0549536423 -0.2377032771  0.1124867539  1.0000000000
  8.9138222230 -12.1570285538   5.4234540631 -0.0823311002  0.2870882943  1.0000000000
  6.7045567204 -15.5412198994   5.6159441989  0.3145246821 -0.1823164130  1.0000000000
  6.7627169088 -16.3351860870   5.7967586436  0.2792684281 -0.2323621388  1.0000000000
  6.4912754731 -14.2784195061   5.8834512737  0.2141517352 -0.1382124921  1.0000000000
  9.0737160804 -14.1648870148   6.5820059931 -0.0477018061  0.0681168329  1.0000000000
  8.9134403617 -16.3751553646   6.4413281406  0.0843771411 -0.1055675918  1.0000000000
  9.2270014157 -16.3499861641   6.2478721875  0.0738308831 -0.0481689432  1.0000000000
  9.3040945518 -13.4225336652   6.2149394263 -0.0978126295  0.1486330081  1.0000000000
  7.6975164894 -13.3304111566   3.9132087985 0.2934581457 0.2040732883 1.0000000000
  9.7664032981 -15.6035010716   4.1895908660 0.2450769998 0.1965363303 1.0000000000
  8.8442701270 -15.3456581806   7.4094759461 -0.0765186953 -0.0614774759  1.0000000000
  9.0134263730 -15.9921228891   7.4791126901 -0.0038180886 -0.1307602456  1.0000000000
  8.5271085171 -16.8709835970   6.2319085436  0.1239183934 -0.1120050977  1.0000000000
  6.7201999491 -13.9849916577   7.6610360146 -0.0762956083 -0.2675135857  1.0000000000
  8.9832032772 -15.4320679407   6.7561085774 -0.0371531054 -0.0375444195  1.0000000000
  5.7050121859 -14.7966055253   5.4831344482  0.3495056608 -0.2421772906  1.0000000000
  8.7498945532 -14.8988830722   4.5045884108 0.1999636955 0.1139391161 1.0000000000
  6.4036788464 -15.1351361986   5.9849949350  0.2346404089 -0.2588283164  1.0000000000
  6.7966630998 -13.4938686120   7.9777381671 -0.1549689621 -0.2542780802  1.0000000000
  8.7074356284 -16.4883975381   8.4821837042 -0.0685977504 -0.1972141713  1.0000000000
  8.4017183137 -13.3316739917   7.8957660709 -0.1954834493 -0.0795963531  1.0000000000
  9.0085042978 -14.7629091470   4.7481903008 0.2011165244 0.1525394511 1.0000000000
  9.1883299129 -15.7293258245   5.7032633649 0.1074415972 0.0515331639 1.0000000000
 10.3868890230 -15.1404897556   5.0613314201 0.0798027072 0.2029431014 1.0000000000
  7.2994485546 -14.4169711460   5.3290583291  0.2021747903 -0.0381589413  1.0000000000
  7.8444915449 -14.2316671633   6.1959907848  0.0530187399 -0.0360002373  1.0000000000
  6.8421099802 -13.7330550234   5.9301280946  0.1489364950 -0.1002542982  1.0000000000
  7.3968914764 -13.4397279154   7.8332983551 -0.1180882588 -0.1901664115  1.0000000000
  7.7728943201 -13.7088515264   6.3988056212 -0.0238919055 -0.0505824578  1.0000000000
  8.4538870448 -13.4262865869   5.4850854215 0.1224202783 0.1090841463 1.0000000000
  9.5877475884 -14.4348713165   5.5639812742 0.0908980905 0.1675807520 1.0000000000
  8.0943458541 -14.5061248580   4.8850578445 0.2251638007 0.0623354149 1.0000000000
  9.3116963278 -15.9988163621   7.3319510173 -0.0282968229 -0.0850226601  1.0000000000
 11.3557738837 -14.3130020549   6.4384578859 -0.1238006468  0.2425848195  1.0000000000
  9.7660815574 -12.4674209748   7.0086505254 -0.2191007859  0.1752020585  1.0000000000
  9.1663797321 -14.9263595854   7.3830576403 -0.0858855314 -0.0722768813  1.0000000000
  6.1692334334 -13.8878970649   6.6529974705  0.0669289725 -0.2987117020  1.0000000000
  7.0933951125 -14.2604939270   6.0794494061  0.0982875056 -0.1560829565  1.0000000000
  9.2490069961 -15.0811744262   4.7034634712 0.1738668154 0.1336709286 1.0000000000
50
  7.4370172841 -13.0735818847   6.8973510179   9.8980120071 -12.4861117393   6.4356595455 -0.0338489895 -0.0802840189  1.0000000000 -0.1711080157  0.2108021744  1.0000000000
  9.9378023442 -15.7032894315   5.1142704216   7.7803417920 -13.5299041771   8.2640335754  0.1220738237  0.1146745296  1.0000000000 -0.2242816766 -0.1958968740  1.0000000000
  8.2061620660 -12.9708613011   7.7759451726   6.7240667163 -13.9159357406   4.9107554063 -0.2497935462 -0.1134786917  1.0000000000  0.2991645798  0.0032195934  1.0000000000
  9.1250684618 -13.3118556402   6.3485307959   7.1826026332 -13.1637746959   6.7525433519 -0.0877614053  0.1258367777  1.0000000000 -0.0199691802 -0.1411868616  1.0000000000
  5.8835243258 -14.2991336612   6.5259915813   9.1199230958 -13.1938017587   5.4558762174  0.1578379786 -0.3206114554  1.0000000000 -0.0164485880  0.2328619124  1.0000000000
 10.2397357865 -15.7813672055   4.5111378662   6.7967514327 -14.7987210893   5.9580549267  0.2027981575  0.1733061064  1.0000000000  0.1876724410 -0.1832171551  1.0000000000
  7.1406805128 -15.0819763333   7.0037846332   7.0066842483 -14.2211086021   5.6883879012  0.0684777922 -0.1749791573  1.0000000000  0.1658866996 -0.0902272365  1.0000000000
  8.6875199153 -13.1383732599   7.3118082259   8.3744540623 -14.0848593094   5.8544896278 -0.1855801200  0.0014895632  1.0000000000  0.0427558601  0.0410971436  1.0000000000
  9.5674032342 -12.7669020184   5.9690548342   9.9257742401 -14.3273232980   5.0047502063 -0.0686046635  0.2138033400  1.0000000000  0.0887286894  0.2144730817  1.0000000000
  5.8650990940 -14.0694369438   6.7282876032   8.5486924481 -15.6146466352   6.9948524545  0.1183654182 -0.3286498446  1.0000000000  0.0186872730 -0.1367330225  1.0000000000
  7.2754282890 -13.9960547984   7.1487062664   7.4224954521 -13.4487635947   5.7910047607 -0.0227639384 -0.1616511961  1.0000000000  0.0707899402 -0.0221012010  1.0000000000
 10.3469526796 -15.4181346719   5.0320520096   8.0423081910 -14.3020584944   8.7789102189  0.0907782279  0.1564517290  1.0000000000 -0.2189784724 -0.2045117525  1.0000000000
  7.4569534162 -14.0071766085   6.3258127456   9.5049286827 -13.1503553724   6.9970717560  0.0491142292 -0.0947794727  1.0000000000 -0.1731808817  0.1097301127  1.0000000000
 11.8091821262 -14.3838234198   7.0189445069   7.5928478687 -14.4705943327   4.4270000833 -0.2001314339  0.2120639779  1.0000000000  0.2724297163  0.0614758240  1.0000000000
  9.1345042561 -16.4629295278   4.7375241218   8.6488413666 -14.5400448698   7.4653545256  0.2291825336  0.0613214199  1.0000000000 -0.1237328350 -0.0955688316  1.0000000000
  7.8165359075 -12.9257389606   5.9897767172   8.3186727602 -14.9349344430   4.4703953450 0.0288334388 0.0525696317 1.0000000000 0.2473657356 0.1152982655 1.0000000000
  7.2528617454 -13.7434209155   4.8327857704   7.2592660745 -17.0367536659   6.1988875621  0.2627582152  0.0423022948  1.0000000000  0.2238677884 -0.2447409385  1.0000000000
  9.0131922307 -15.6687819091   7.8243572360   9.5332998217 -13.1496702667   7.6474453543 -0.0588170376 -0.0691009684  1.0000000000 -0.2444905298  0.0881469315  1.0000000000
  8.2460164290 -15.3776203366   4.5865764740   9.7552618259 -14.3733366454   5.3309990124 0.2429078414 0.0328318192 1.0000000000 0.0538332359 0.1586379612 1.0000000000
 10.0561361858 -13.8398972091   6.7955617068   8.2340515459 -15.1919475066   6.6739995824 -0.1095700636  0.1244676566  1.0000000000  0.0673020557 -0.1380733000  1.0000000000
  9.6942321777 -15.2569509122   8.0991012652   8.7925982170 -13.9878026830   4.5627514605 -0.1726258147 -0.0691478055  1.0000000000  0.2034577923  0.1659038390  1.0000000000
  9.6533821567 -12.9427144749   5.7944277033   8.7292888977 -12.8762118955   6.1202943060 -0.0946156599  0.2543326555  1.0000000000 -0.0656615831  0.1078570338  1.0000000000
  7.7705971301 -13.3839902642   5.6510670936  10.2084212119 -12.9790095572   6.1208822173  0.0810444267  0.0328018350  1.0000000000 -0.1055146832  0.2444205327  1.0000000000
  8.0338727097 -14.7844111779   5.2049018565   7.0996560321 -15.2007587632   6.5490932561  0.1903539087  0.0418419100  1.0000000000  0.1116577316 -0.1819248233  1.0000000000
  8.1852765370 -12.4869997919   5.7351707854   7.0105107413 -14.3777034728   5.7482376349 -0.0114005346  0.1419581513  1.0000000000  0.1773790299 -0.0888590316  1.0000000000
  8.9088791162 -15.2544240165   8.4201329598   8.9261276023 -16.5266905975   4.9673582177 -0.1455155091 -0.1663904810  1.0000000000  0.1757924824  0.0416373097  1.0000000000
  9.4640761224 -15.2188697413   4.3615614999   6.0280415891 -14.0464531155   6.7100518563  0.2257193147  0.1391033627  1.0000000000  0.1105032951 -0.3326046456  1.0000000000
  7.9057433817 -14.2451658475   8.0519693440   8.2120259966 -12.2527874989   6.9484580397 -0.1345361850 -0.1499446665  1.0000000000 -0.2239066152  0.0586687205  1.0000000000
  6.3064955431 -14.8848057077   6.6534052810   6.8932988396 -13.8489889322   5.1773785197  0.1367070458 -0.3062478164  1.0000000000  0.2514425796 -0.0669907606  1.0000000000
  8.9616679132 -15.5401386731   6.4587779059   7.8035249491 -13.9850333710   4.6305331775  0.0603814581 -0.0084730014  1.0000000000  0.2418184024  0.0974020261  1.0000000000
 10.2016422364 -15.4080211908   8.2656162563   7.0465601470 -13.7805401981   6.2400405013 -0.1467758190 -0.0223907620  1.0000000000  0.0585140112 -0.1341150874  1.0000000000
  6.3325890976 -13.9809030380   7.3864031426   6.1663219503 -13.6841548029   7.1144541143 -0.0184691241 -0.3151242419  1.0000000000  0.0050882248 -0.2769935108  1.0000000000
  8.5506192216 -15.3016358759   6.0454089024   9.6982709565 -15.1918060230   7.4935405547  0.0460207893 -0.0390937783  1.0000000000 -0.0620666446 -0.0138641411  1.0000000000
  8.4546013622 -12.1768847868   6.4286741067   9.6578510583 -15.0597208968   5.2904189431 -0.1475126992  0.1346160425  1.0000000000  0.0643090740  0.1450627493  1.0000000000
  9.4564298195 -13.9785161232   7.5634950955   8.0249480843 -13.3705296846   4.7020387422 -0.1609431383  0.0147600009  1.0000000000  0.2031604601  0.1626779340  1.0000000000
  8.5767818607 -12.0033120160   6.5606927942   8.5764809837 -12.5472884054   5.3063537120 -0.1886048738  0.1730482903  1.0000000000  0.0191306364  0.2337006409  1.0000000000
 10.2542614013 -14.3067895632   5.4278318020   8.9213963541 -12.6551329179   4.9548860930 0.0111741898 0.2197351594 1.0000000000 0.0823132835 0.2518482151 1.0000000000
  9.8993989316 -13.8937587593   7.8608438021   7.9227340586 -13.8953189950   6.5283724261 -0.2611333851  0.0372024570  1.0000000000 -0.0301366594 -0.0498758095  1.0000000000
  8.9855972735 -14.1392388436   7.5951923046   7.5862022329 -16.7653451689   5.8377314090 -0.1766019806 -0.0036221928  1.0000000000  0.2102038743 -0.1031361660  1.0000000000
  9.1507397206 -14.0003792121   5.8966541807  10.1774569679 -13.7373981305   6.5093625026  0.0108090980  0.1448956638  1.0000000000 -0.0827513081  0.1290790732  1.0000000000
  8.5305958342 -14.2857295747   4.0010581778   9.4043366060 -14.5334591809   4.4687865744 0.2575737789 0.1878123440 1.0000000000 0.1917576188 0.2244070782 1.0000000000
  7.3826979698 -13.4378805000   5.1152372357   9.0215070852 -14.7763376246   5.3150788617 0.1827280105 0.0408989327 1.0000000000 0.0770135196 0.0972777302 1.0000000000
  7.5484033540 -13.2849615263   7.2682791189   7.7251511738 -13.5663761887   5.2815991450 -0.1249198728 -0.1199831440  1.0000000000  0.1542658437  0.0520342952  1.0000000000
  8.3537108348 -14.8727635474   8.4787022610  10.7479691449 -14.3957457697   6.3370805556 -0.1819044954 -0.2145521624  1.0000000000 -0.0595809984  0.1780702598  1.0000000000
  9.5434757989 -14.6665726315   8.4584642661   8.7092899724 -13.5321992680   4.1257181041 -0.1875154944 -0.0833967908  1.0000000000  0.2227532135  0.2349375018  1.0000000000
  7.6810507990 -15.1028824307   6.2390907258   9.3196351849 -13.9095721362   5.2975059189  0.1127966513 -0.1828001613  1.0000000000  0.0400051627  0.1754541296  1.0000000000
  9.7198308382 -12.4731281144   6.4616249817   6.8744078381 -13.6308903178   5.0310100116 -0.2297677917  0.2432746765  1.0000000000  0.2497680593 -0.0244228866  1.0000000000
  9.9725360735 -14.4607712937   7.3932448576   7.7911557904 -12.9929724361   4.7291214999 -0.1531845324  0.0155619323  1.0000000000  0.2076175764  0.1233329164  1.0000000000
  8.1624688700 -16.1036030629   5.6397978927   8.0466511951 -16.7172845071   6.5401330300  0.1804456662 -0.0905584569  1.0000000000  0.1178846631 -0.1279304977  1.0000000000
  9.4969916727 -12.0844367463   6.5520945070   7.4352073779 -13.2724996761   8.4905549555 -0.2110714649  0.2311022672  1.0000000000 -0.2446675324 -0.2576030850  1.0000000000
