558.1000000000
50
  2.9221461778 -18.3163814902  -2.0712714905 -0.0641558909 -0.0382767210  1.0000000000
  2.0777911645 -16.8634769516  -3.1553907934 0.0895249038 0.0990959521 1.0000000000
  2.5597429165 -18.7001680567  -2.1933587504 -0.0204418154 -0.0018382855  1.0000000000
  2.5062562290 -16.8898263904  -2.6135497959  0.0174533484 -0.0041139811  1.0000000000
  4.2935734574 -18.3871586116  -2.3027954371 -0.2253415858 -0.0350328504  1.0000000000
  0.6379246535 -16.7884177732  -4.1088273474 0.2934043517 0.2579971898 1.0000000000
  3.8745314767 -18.8533457264  -4.3169100743 -0.2021308259  0.2265762477  1.0000000000
  2.4059616208 -18.3967879662  -0.3922726716  0.0445246786 -0.2124169787  1.0000000000
  2.3710891532 -18.9156614231  -3.3385114552 -0.0379404761  0.1437819960  1.0000000000
  3.9614160786 -19.4618988288  -3.4553826216 -0.2006945174  0.0985933842  1.0000000000
  1.1351141958 -16.2564941243  -1.1078641115  0.2438493478 -0.2063913050  1.0000000000
  2.0063617555 -19.4514596064  -3.0355843680 0.0080103544 0.1187125013 1.0000000000
  1.6565349216 -16.8934057710  -1.2420642853  0.1606432913 -0.1687148562  1.0000000000
  2.2662710967 -19.3985403072  -2.9073764860 0.0209039009 0.0829045097 1.0000000000
  1.4829784296 -17.0880744457  -3.3960856435 0.1175492351 0.1332097835 1.0000000000
  3.1792856759 -16.9579521879  -3.3731319183 -0.0713167001  0.0977981337  1.0000000000
  2.4044379925 -16.7414247757  -3.5140594231 0.0203388225 0.1034985563 1.0000000000
  4.2336350260 -16.7551918794  -1.9529690231 -0.1981132269 -0.1236494711  1.0000000000
  0.7101319434 -19.7716200436  -2.6196865505 0.1334639561 0.0795139991 1.0000000000
  1.9263867005 -19.1018044331  -3.1141466015 -0.0026891150  0.0971119341  1.0000000000
  2.7299395614 -19.7418887862  -2.7485661524 -0.0528101487  0.1087597480  1.0000000000
  2.2575971041 -18.2794724082  -1.0511960957  0.0387755012 -0.1216025278  1.0000000000
  2.2473586724 -19.7548336576  -3.8821490286 -0.0136006706  0.1928558533  1.0000000000
  1.3027525730 -18.0045948774  -1.9311516232  0.1368739197 -0.0396589546  1.0000000000
  2.1609288403 -16.8412345806  -1.1890933799  0.0894952679 -0.2027527063  1.0000000000
  0.5824939031 -19.5123931418  -1.6788017777  0.1231523658 -0.0007353293  1.0000000000
  3.4918867466 -19.2363038587  -4.3056509685 -0.1758583253  0.2527833124  1.0000000000
  3.2607325685 -19.4460082198  -0.5370947520 -0.0381992802 -0.2011338674  1.0000000000
  2.0133581701 -18.9405698408  -3.9809027256 0.0537055938 0.1914013937 1.0000000000
  2.3918321808 -17.6346547499  -2.5037253832 -0.0083659274 -0.0135968144  1.0000000000
  3.1882920650 -16.7646155171  -4.2816146051 -0.1436963753  0.2478194260  1.0000000000
  3.6365311075 -17.2347689869  -2.4848571617 -0.0904617732 -0.0490110351  1.0000000000
  0.6970776690 -17.0885644615  -3.8568885834 0.2780624393 0.2261314888 1.0000000000
  1.1051716587 -18.6730147044  -2.7091883716 0.1368028963 0.0397008333 1.0000000000
  2.8617246358 -19.2344565734  -1.3771556760 -0.0384075972 -0.0722667631  1.0000000000
  1.8230404437 -16.9871044669  -1.3758825539  0.1710899886 -0.1465194470  1.0000000000
  1.7837780994 -17.0680314051  -1.9080691732  0.1145596356 -0.0744038232  1.0000000000
  2.7250425474 -17.8636316983  -3.1462795837 -0.0777374794  0.0709589331  1.0000000000
  3.1593688751 -17.3037418934  -1.3384404274 -0.0278602481 -0.1797876121  1.0000000000
  3.8656638760 -19.8917990963  -3.0302173207 -0.2067925923  0.1051447099  1.0000000000
  1.9987547827 -19.3914855019  -4.0473420534 -0.0079440913  0.2446725716  1.0000000000
  2.2573346518 -16.5296018260  -1.4819948687  0.0549577887 -0.1594873407  1.0000000000
  1.1236579341 -15.8159286822  -1.0673615593  0.2878364536 -0.2604985061  1.0000000000
  3.2059202769 -19.4376403172  -3.8960179309 -0.0699602540  0.1673964496  1.0000000000
  1.0506416151 -15.8637951860  -1.7603848217  0.2718104079 -0.1515310894  1.0000000000
  1.5987789204 -16.5858500836  -0.5019208916  0.1791242384 -0.2758443132  1.0000000000
  3.5242731995 -18.9182676630  -3.2156074114 -0.1728144509  0.1275959268  1.0000000000
  2.6300472388 -16.9591428347  -1.0292142769  0.0019018656 -0.2075947014  1.0000000000
  0.5387910734 -17.7532536999  -2.0786167443  0.2621544496 -0.0253196748  1.0000000000
  2.9498226358 -16.9623677058  -2.8825087386 -0.0604418445  0.0359081131  1.0000000000
50
  3.8144769784 -16.8917682246  -0.9829099309   2.6694143942 -16.4820167922  -3.4429452254 -0.1043585709 -0.2331213199  1.0000000000 -0.0232729931  0.1164274742  1.0000000000
  2.1311247162 -17.2741742186  -2.9099181476   2.2964101002 -17.9369683456  -3.6677919677  0.0620136454  0.0850768905  1.0000000000 -0.0084893833  0.1685115317  1.0000000000
  1.2670397255 -16.8738819293  -3.4285526932   1.3171168852 -17.0577123189  -2.6041046890 0.1936826660 0.1388237252 1.0000000000 0.1722312936 0.0457317454 1.0000000000
  2.2221145032 -18.5947199652  -3.1298928110   2.1878192913 -16.9242297358  -1.5176259467  0.0151202500  0.1381704979  1.0000000000  0.0530939679 -0.1382211053  1.0000000000
  4.0629003913 -18.5556605563  -1.3840392750   1.8458376422 -16.8091175509  -3.0110189455 -0.1459843400 -0.1093962263  1.0000000000  0.0992366149  0.1005323333  1.0000000000
  1.3391247011 -17.9854242549  -3.9687259319   3.0790163244 -18.3458811682  -0.4602180731  0.1276928760  0.2324572213  1.0000000000 -0.0801758281 -0.2052569879  1.0000000000
  0.7149378223 -16.1916025912  -1.9502647250   0.9266259679 -18.9047670517  -3.2842049634  0.3145528865 -0.0928832016  1.0000000000  0.1591577056  0.1377952434  1.0000000000
  2.6135017998 -16.4389726293  -0.9132554187   4.2672043170 -16.1186113276  -2.5875559591  0.0530661054 -0.2311038171  1.0000000000 -0.2333902975 -0.0721507212  1.0000000000
  1.3203695653 -18.5271169437  -0.1395618913   4.2754126507 -17.2777103965  -2.2424135863  0.1559137340 -0.1987693160  1.0000000000 -0.2177301479 -0.0847207562  1.0000000000
  3.3181858392 -19.3030521235  -0.3601389962   1.1178066484 -15.7113117595  -1.7224778296 -0.0362356362 -0.1806242104  1.0000000000  0.2934808795 -0.1253253633  1.0000000000
  0.8445110095 -18.7002970744  -3.0009455038   1.0118882999 -17.3422811899  -2.1231551475  0.1808101884  0.1137769166  1.0000000000  0.1959058912 -0.0061991395  1.0000000000
  3.2240237025 -19.3157666297  -2.7423990794   4.0705657680 -19.1687380903  -1.8509088360 -0.1129907262  0.0867218066  1.0000000000 -0.1677921035 -0.0637933876  1.0000000000
  3.7647748120 -18.5868256601  -2.9031037017   2.4167430896 -16.6591865209  -3.1959593728 -0.1701441886  0.0299797972  1.0000000000  0.0177159700  0.0600696977  1.0000000000
  2.3653530960 -16.8871533102  -2.3864670342   0.8171663082 -16.2792984140  -3.6079126047  0.0643497436 -0.0466642746  1.0000000000  0.2486507418  0.2256353463  1.0000000000
  0.6350686512 -16.4873453170  -3.2993147854   3.3266517243 -18.0789237619  -3.6040530473  0.2836437959  0.1001716871  1.0000000000 -0.1085056345  0.1362441965  1.0000000000
  0.5896880531 -17.1222817815  -2.1865941211   2.5103221460 -17.1558726459  -4.2561075705  0.2958736414 -0.0060816473  1.0000000000 -0.0111125664  0.2354440202  1.0000000000
  4.1376905607 -16.7201938152  -3.8450011665   2.6907288505 -17.3242786316  -2.6945990997 -0.2418733415  0.1495060208  1.0000000000  0.0027920472 -0.0168015653  1.0000000000
  4.4362704671 -17.4970533795  -1.3474527796   1.7972410275 -17.8178044283  -1.5539682070 -0.2188653691 -0.1626081973  1.0000000000  0.1327583131 -0.0849903795  1.0000000000
  3.9931057174 -16.4656567168  -3.3025622529   0.6750136285 -18.2661667405  -2.7787896068 -0.2090121859  0.0271329100  1.0000000000  0.2018485815  0.1020560716  1.0000000000
  1.7280587082 -18.2100900859  -3.6412270861   2.9829453750 -17.7350298641  -1.7295718950  0.0599501229  0.1499720196  1.0000000000 -0.0929276430 -0.0889556006  1.0000000000
  0.7614039704 -18.7084246319  -2.7524444045   0.9849006848 -18.8841946987  -3.6871346064 0.1679839545 0.1216747951 1.0000000000 0.1337622310 0.2114024304 1.0000000000
  2.8390253106 -16.1412698175  -0.8495145452   4.4277706789 -16.9608388001  -2.3727551827  0.0057020944 -0.2727536324  1.0000000000 -0.2357121745 -0.1188591534  1.0000000000
  3.3962543608 -18.9572553939  -3.5305200686   2.3964765640 -18.6319954927  -1.6012713322 -0.1453076813  0.1216085969  1.0000000000  0.0523005933 -0.0128236748  1.0000000000
  4.1034592517 -17.6914461054  -2.3797190915   1.6053760123 -17.5446667334  -0.4610831658 -0.2311363962 -0.0189438431  1.0000000000  0.1138197661 -0.2453857602  1.0000000000
  1.9242265795 -17.7082494816  -2.6949273484   1.1647634522 -15.6653784950  -0.9212964905  0.1012827361  0.0871362058  1.0000000000  0.3078087695 -0.3197988822  1.0000000000
  1.7657732323 -17.9464064304  -3.5551273913   2.3090211627 -17.2594065237  -2.6110720723 0.0269821063 0.1627978239 1.0000000000 0.0019407364 0.0588278570 1.0000000000
  2.2142131850 -16.5344356467  -3.4194398447   0.4051019751 -18.4986576643  -3.6878404495 0.0484142515 0.1018716908 1.0000000000 0.1829212465 0.1663905838 1.0000000000
  1.3975962061 -18.5049652772  -2.5228327424   4.0442815242 -19.3750432608  -1.6589264677  0.0832628835  0.0693274936  1.0000000000 -0.1834963693 -0.0561361286  1.0000000000
  2.3246314046 -17.5951339264  -3.5043776174   2.3726514466 -17.5775839476  -1.6733306661  0.0093346846  0.1541774943  1.0000000000  0.0201050187 -0.0917834917  1.0000000000
  3.8201700952 -17.3111187657  -3.8712956915   3.2070586139 -19.7493677063  -3.6061594480 -0.1870556242  0.1415716773  1.0000000000 -0.1041701912  0.1498504454  1.0000000000
  4.3053116325 -19.1554091378  -1.7376250018   2.1805099041 -17.7098458434  -3.1498878984 -0.1669783436 -0.0679900144  1.0000000000  0.0124575884  0.0939951833  1.0000000000
  3.1116280717 -20.0937438359  -3.3267331489   3.8178497168 -18.1525421769  -2.3497064677 -0.1205990358  0.1707685524  1.0000000000 -0.1632986602  0.0253263175  1.0000000000
  1.6708700268 -17.3237272734  -0.8543696880   3.8535465514 -17.3432342136  -4.7953257983  0.1154708708 -0.2014396395  1.0000000000 -0.2440326106  0.3485104858  1.0000000000
  1.2228356735 -16.7344315364  -1.9402574274   3.4315925061 -19.4331228843  -3.6841818485  0.2399400884 -0.0467903844  1.0000000000 -0.1378130849  0.1577070213  1.0000000000
  1.0282350208 -16.6543417986  -0.8004897140   0.9937268292 -17.9566739458  -4.1324198137  0.2502882129 -0.2069975403  1.0000000000  0.1823684790  0.2310983100  1.0000000000
  3.6414230406 -18.9612740023  -3.5328072533   1.2954580118 -18.2036223861  -0.9663930556 -0.1568015415  0.1412089809  1.0000000000  0.1475242791 -0.1156051695  1.0000000000
  2.2311625909 -16.5127882994  -1.3708193877   3.9685284268 -18.1432493350  -3.5365635285  0.0872424014 -0.2266786742  1.0000000000 -0.1811283786  0.1156460103  1.0000000000
  3.7218928587 -18.2359763107  -1.3162865149   3.7021723826 -17.4576516474  -2.3381058881 -0.1502340061 -0.1462665263  1.0000000000 -0.1665155745 -0.0404613779  1.0000000000
  2.0055725334 -17.8516680770  -3.1685036425   2.7740509756 -17.1719749618  -2.5524055787  0.0465043200  0.0875834366  1.0000000000 -0.0003198665  0.0175456344  1.0000000000
  2.0888764172 -18.0215600425  -3.6484962873   2.5246919844 -17.3477141747  -1.6507144427  0.0315788281  0.1912200993  1.0000000000  0.0416606421 -0.1334050195  1.0000000000
  3.0421606390 -17.2270534217  -4.5537060800   2.3306208531 -17.3704576830  -3.1454184858 -0.0810147448  0.3090128779  1.0000000000  0.0131498639  0.0464649222  1.0000000000
  1.5137559279 -16.7467605087  -4.1345212077   2.6425066054 -18.8861362325  -1.6585787919  0.1382761293  0.2412345287  1.0000000000 -0.0005978945 -0.0797825197  1.0000000000
  1.4115565496 -19.5888662137  -3.8839197394   4.4127615918 -16.3049499001  -2.4757454718  0.0892790845  0.1666218979  1.0000000000 -0.2512027638 -0.0692439898  1.0000000000
  1.2836834380 -17.1106527398  -3.7472304799   3.4751380607 -19.0755975071  -0.8546737963  0.1484423007  0.2012175943  1.0000000000 -0.0975717176 -0.1435588742  1.0000000000
  4.1055155187 -17.3729990517  -3.3065367833   3.1048621573 -18.8351469165  -0.4260484061 -0.2420359132  0.0585025091  1.0000000000 -0.0395498029 -0.1914650714  1.0000000000
  3.3085877223 -17.1641385282  -1.6978522096   0.3829633754 -18.2756742336  -2.4247878080 -0.0917398228 -0.1292403805  1.0000000000  0.2466231659  0.0595781840  1.0000000000
  0.8857668719 -16.5932091655  -3.5219458538   3.2215107605 -19.5002330458  -2.3908268490  0.2561898733  0.2075199146  1.0000000000 -0.0729245217  0.0186961299  1.0000000000
  3.5844641298 -17.2196465328  -2.3743205000   1.8515437986 -19.5961880038  -1.8868686556 -0.1092983420 -0.0248187054  1.0000000000  0.0567053215 -0.0086810438  1.0000000000
  2.7284837168 -16.2788976278  -3.8698904410   1.9173150447 -19.0486501387  -2.5575240141 0.0063478999 0.1798049636 1.0000000000 0.0611454295 0.0565466709 1.0000000000
  3.4967440439 -16.5894876014  -4.5366832463   3.3810457208 -16.7238463585  -3.7921818933 -0.1361071018  0.2534758519  1.0000000000 -0.1755483719  0.1816627968  1.0000000000
