709.3000000000
50
-6.5693214231 -3.5858872369  2.4845944503 0.1335652457 0.1705218311 1.0000000000
-9.2138638229 -4.9181773001  2.0185119034 -0.1317196491  0.0136125803  1.0000000000
-7.1785229891 -6.5223132569  0.5111640876  0.1322120692 -0.2282570815  1.0000000000
-7.5853582123 -5.4544080124  2.1396923087  0.0512373164 -0.0752800201  1.0000000000
-7.3557839521 -6.0571459835  0.2493730843  0.1367138252 -0.2077285278  1.0000000000
-6.4666387582 -5.5119570803  1.9844119142  0.1806612092 -0.1020431073  1.0000000000
-9.3769103963 -6.4043629447  0.1185862423 -0.1582656929 -0.2950959231  1.0000000000
-8.9905697396 -6.5375628970  1.0588740352 -0.0882578804 -0.2540953496  1.0000000000
-9.0209037959 -4.4701267259  1.4303099308 -0.1380204754  0.0223151710  1.0000000000
-8.1008306991 -3.2264019500  1.9134521323 0.0051151938 0.2311971762 1.0000000000
-6.1542737229 -4.0787918051  1.0212345236 0.2592758176 0.1083932631 1.0000000000
-6.7628297185 -3.5223271497  2.9618519644 0.1273107330 0.1376163374 1.0000000000
-8.1541561578 -4.3556375530  3.1402564547 -0.0236498578  0.0261067228  1.0000000000
-6.9397323168 -5.6687108166  0.2207187644  0.2157341814 -0.1536709918  1.0000000000
-7.5843187586 -2.8386643832  1.3043568481 0.0805657752 0.2292327923 1.0000000000
-6.2550089834 -3.6173685734  2.5501223004 0.1529557625 0.1613512713 1.0000000000
-7.5848574817 -6.5701956839  2.2399071881  0.1007985379 -0.2125433895  1.0000000000
-6.4549095763 -5.4670784329  2.3783890076  0.1688884897 -0.0388048864  1.0000000000
-8.5070872085 -4.0575466952  0.8955942870 -0.0934722852  0.0978661400  1.0000000000
-6.7443463256 -6.3943708836 -0.0842457651  0.2454991400 -0.2285239744  1.0000000000
-8.1023640662 -6.8483534427  2.7691117183 -0.0002150649 -0.2078235398  1.0000000000
-6.0378302159 -3.9959997835  2.5461903156 0.1993622228 0.0609373103 1.0000000000
-6.7842324461 -6.0593269571  0.8675109232  0.1915262469 -0.1765519136  1.0000000000
-6.5903629516 -2.9817578095  2.3425329809 0.1127828307 0.2384535373 1.0000000000
-9.5371389190 -4.4278036344  2.2578289145 -0.1849481651  0.0191611471  1.0000000000
-7.8513768159 -4.9533125336  1.4476466486  0.0719015606 -0.0347323851  1.0000000000
-8.7107692553 -6.4207794080  1.6437950189 -0.0284013805 -0.2231215199  1.0000000000
-9.2861667782 -2.5344274440 -0.1907534042 -0.2206286381  0.2971186603  1.0000000000
-9.9655686912 -5.3206660378  2.0143973484 -0.2178080759 -0.0877832980  1.0000000000
-8.5019912141 -5.9362056273  2.0648519884 -0.0641512076 -0.1377486057  1.0000000000
-7.2742840404 -4.1116902561  2.3301853627 0.0734219316 0.1149442530 1.0000000000
-7.5744993593 -4.1697371491  1.4058004505 0.0918090046 0.0870551023 1.0000000000
-8.2423563956 -4.8292085395  2.1021650255 -0.0614356359 -0.0113405845  1.0000000000
-6.4228962005 -5.8106692757  1.7827260830  0.1818251789 -0.0908705012  1.0000000000
-7.5996458073 -5.0851043353  0.2295449317  0.1115766512 -0.0679401674  1.0000000000
-8.4135819014 -3.1127779642  2.4236234878 -0.0433750218  0.1658344427  1.0000000000
-6.4289112956 -5.8807812163  2.1254661864  0.2153431452 -0.1082530837  1.0000000000
-7.7896632168 -5.0331716253  2.1722186578 0.0455572384 0.0009625497 1.0000000000
-7.8822937532 -4.5862588497 -0.4882639136  0.0678245139 -0.0160473264  1.0000000000
-8.9787248126 -3.0724505688  0.7010002822 -0.1496203770  0.1978205575  1.0000000000
-5.9708671074 -5.1365533500  2.9741858146  0.2195068055 -0.0300961859  1.0000000000
-7.2176512249 -6.4306653154  1.4502662859  0.1409124841 -0.1919171881  1.0000000000
-9.1077622795 -4.2777985428 -0.1169504688 -0.0986071332  0.0066011883  1.0000000000
-6.2457737778 -5.0544285411  0.6731874065  0.2543662989 -0.0283225815  1.0000000000
-7.4354122347 -6.6050057765  2.0788107147  0.0736279979 -0.1827051449  1.0000000000
-6.2616890938 -5.3072835395  1.8615161731  0.1940624839 -0.0835979418  1.0000000000
-7.3275068217 -5.7769564173  3.0169506121  0.0436787766 -0.0976334829  1.0000000000
-8.1297099613 -3.2403804963  1.2658898843 -0.0248725177  0.1538437060  1.0000000000
-9.1646135312 -5.1062308722  2.9768774424 -0.1390010936 -0.0381094805  1.0000000000
-8.8512918049 -4.0882146421  2.5263762366 -0.1039598155  0.0739143401  1.0000000000
50
-8.8487825789 -4.0471605321  1.5582994144 -8.5620649416 -5.1260879112  1.2916528889 -0.0852162646  0.0925650782  1.0000000000 -0.0394206662 -0.0722470772  1.0000000000
-6.4920171963 -4.0723847586 -0.2369276823 -8.7026799534 -4.0998118885  0.4407152010  0.2271304070  0.0826078093  1.0000000000 -0.0706526509  0.0621979817  1.0000000000
-8.4003964096 -5.6847561119  1.8192685607 -6.8518530663 -5.9534789947  0.7699380516  0.0069716515 -0.1035844744  1.0000000000  0.2224066158 -0.1256065214  1.0000000000
 -9.4123149556  -2.9744342356   0.2582996965 -10.2038574138  -5.1142557021  -0.0539526515 -0.2247020470  0.2303101757  1.0000000000 -0.2608708427 -0.1151036349  1.0000000000
-8.2636953297 -4.8059496070  1.6248838129 -9.4822283351 -3.6555007756  1.5511923734 -0.0319162292  0.0104230711  1.0000000000 -0.2020672972  0.0893553681  1.0000000000
-7.1642315968 -5.5899174086  0.1208993064 -9.3156288642 -3.5307931142  1.7354289256  0.1554480548 -0.1414704192  1.0000000000 -0.1803208075  0.1235659370  1.0000000000
-6.5975142705 -3.4259655905  3.0387533317 -8.5012128203 -6.1471422694  2.3942413600  0.1355769603  0.1840883484  1.0000000000 -0.0353282428 -0.1461640551  1.0000000000
-7.3997020374 -3.2181487286  0.0629487368 -6.6708920267 -5.7021599643  1.3005855252  0.1265742408  0.2266003643  1.0000000000  0.1617932307 -0.0674501231  1.0000000000
-7.2413399197 -4.9287887672  0.7747100454 -9.9208965546 -4.2067580254  1.7007241757  0.1086939794 -0.0366397236  1.0000000000 -0.2116510056  0.0582060751  1.0000000000
-8.1758269393 -5.9960817064  1.2797575556 -8.8947931229 -4.1954403480  3.3788398963 -0.0165661299 -0.1549929862  1.0000000000 -0.0969508506  0.0555303362  1.0000000000
-8.0534650332 -2.6835286528 -0.0811605395 -8.8749291312 -4.8590525387  2.7441668545  0.0062931586  0.2671730823  1.0000000000 -0.1024359647 -0.0036838780  1.0000000000
-9.2062507826 -5.2335921568  3.2967925962 -8.6673480847 -5.8607276765  2.2706944824 -0.1753102171 -0.0522478350  1.0000000000 -0.0615136520 -0.1134482895  1.0000000000
-9.4561279617 -4.7980523272  0.0015091209 -7.8634545599 -3.0226795466  2.7858220422 -0.1592179009 -0.0597638582  1.0000000000 -0.0146877511  0.1515230917  1.0000000000
-6.3797125146 -5.4332631481  1.7026581888 -7.8861214238 -2.9588933274  1.0366214783  0.1842394121 -0.0374698493  1.0000000000  0.0292356386  0.1918001942  1.0000000000
-7.3558066247 -4.8002879517  0.7431130901 -8.4724682222 -5.0522920329  2.7887264747  0.1105532691  0.0029875618  1.0000000000 -0.0061248642  0.0276647331  1.0000000000
-8.9066855746 -4.2027105619 -0.2074744274 -6.8469649925 -5.2439135237  1.4158528804 -0.1378198582  0.0883669382  1.0000000000  0.1617439392 -0.0196342657  1.0000000000
-9.0942029033 -5.2161324597  2.6530573202 -8.5363028478 -5.6704988949 -0.8438076364 -0.1128966415  0.0024564424  1.0000000000 -0.0380378531 -0.2337309392  1.0000000000
-6.7863002310 -5.3715390008  0.4323180474 -6.9127912324 -6.1986476907  1.0400972122  0.2166203428 -0.0599556207  1.0000000000  0.1458381056 -0.1660924887  1.0000000000
-8.9641160314 -3.6254937186  3.5047255386 -9.5388632586 -5.9845737967  2.8369664451 -0.1120363561  0.1345539807  1.0000000000 -0.1142814861 -0.1015098507  1.0000000000
-7.6763583989 -4.3115128427  0.9113405817 -9.9881902668 -4.4105864755 -0.2017437083  0.0652130064  0.0398468960  1.0000000000 -0.3163275164 -0.0019239463  1.0000000000
-7.6507918386 -4.4196550304  1.0507757286 -6.1217571948 -6.3848707349  1.8639084843  0.0532648756  0.0811909092  1.0000000000  0.2106570278 -0.1661911680  1.0000000000
-8.2538649793 -2.7547831280  1.7886681526 -7.4902404730 -2.9158536129  2.5559447481 -0.0958716553  0.2288597100  1.0000000000  0.0168782836  0.2360680213  1.0000000000
-6.6051026030 -5.2702054031 -0.1323673748 -9.8198032360 -2.8177730060 -0.1233458444  0.2444194279 -0.0814683511  1.0000000000 -0.2378083889  0.2283706040  1.0000000000
-6.2898263674 -3.6223916564  2.7489472196 -9.7676568240 -3.2428857875 -0.1876689751  0.1408597678  0.1487886828  1.0000000000 -0.2437115627  0.1834826735  1.0000000000
-7.6164387562 -5.8537348208 -0.3145563032 -9.4807996403 -5.6871022589  2.2537135457  0.0709970059 -0.2121833158  1.0000000000 -0.1450120281 -0.0893819014  1.0000000000
-7.0262562317 -4.1555791947  2.4502456147 -6.6541670480 -4.9410202912  0.6394038950  0.1160030188  0.0714661125  1.0000000000  0.1929510298 -0.0357432636  1.0000000000
-6.8653166167 -6.7031630170  0.3573111114 -6.4372801213 -3.9341932689  2.3213014838  0.1719487757 -0.2615259195  1.0000000000  0.1307625274  0.1619384712  1.0000000000
 -9.1007990793  -2.6291353761   0.9732050588 -10.0265624728  -6.2696551040   0.0828580300 -0.1199978099  0.2349442794  1.0000000000 -0.2530247461 -0.2531610287  1.0000000000
-6.2541555991 -3.1973678802  0.4248827780 -7.2128661598 -2.8402500690  0.0345733908 0.2591446959 0.1915923973 1.0000000000 0.1036861668 0.2763079917 1.0000000000
-6.8440392649 -6.2383750996 -0.2227945417 -9.2706003676 -3.4317255114  3.1144514626  0.2269857589 -0.2320472424  1.0000000000 -0.1317074218  0.1775278592  1.0000000000
-6.8667913154 -3.9666264593 -0.6868873704 -9.0406412246 -6.6312614934  1.9618184230  0.2296335160  0.0565625380  1.0000000000 -0.0995453514 -0.2090599310  1.0000000000
-8.9259394392 -5.0641085237  1.6225743800 -9.9989569668 -5.8204633347  0.9989193051 -0.0990546649 -0.0865877848  1.0000000000 -0.2520656156 -0.1050077172  1.0000000000
-10.0266583899  -4.4318518965   0.6072601504  -9.7822183810  -3.6693186790   1.4986551602 -0.2877761709 -0.0259473839  1.0000000000 -0.2301268367  0.1279014073  1.0000000000
-6.1449462382 -2.9297629687  1.5654844598 -6.7675141367 -6.2345711596  0.8183251531  0.2162349172  0.2497353443  1.0000000000  0.2302523966 -0.2088269813  1.0000000000
-6.3990906943 -5.2280902486 -0.3120990174 -7.0981024140 -5.5609964019 -0.8639659836  0.2978505501 -0.1069387360  1.0000000000  0.2084589121 -0.1633510275  1.0000000000
-8.4785949623 -5.4445610245 -0.2470635831 -7.8172155778 -3.0991240784  3.3813397829 -0.0105765885 -0.1698422627  1.0000000000 -0.0495011796  0.1818601287  1.0000000000
-6.6397775524 -4.4414196168  0.1166152018 -9.6811330303 -2.6104498807  1.7770774221  0.2099981253  0.0439018716  1.0000000000 -0.2076760979  0.2560686062  1.0000000000
-7.9926334451 -5.6185349421  1.3364189100 -8.9123256092 -3.6347374776  1.7758747212  0.0165539158 -0.0950515931  1.0000000000 -0.1152535600  0.1501936746  1.0000000000
-9.1056237683 -5.4373263026  1.6642356982 -8.3995040696 -3.5664494984  1.5660337287 -0.1539154332 -0.0733550964  1.0000000000 -0.0636073887  0.1748581067  1.0000000000
-6.9778660614 -2.9449934946  0.9490382771 -6.0488292791 -2.8865407234  0.6856919596 0.1406557481 0.2321260372 1.0000000000 0.2257096842 0.2754631355 1.0000000000
-9.4207304659 -5.8752655825 -0.2912244434 -9.3846622109 -6.2686116530  1.4337062276 -0.1141434898 -0.2292589874  1.0000000000 -0.1428802940 -0.1765429296  1.0000000000
-7.2629913347 -5.2022380300 -0.7607178583 -6.7972152775 -3.7031846961  2.9442022959  0.1529430900 -0.1250346626  1.0000000000  0.1211884718  0.0837876380  1.0000000000
-9.8286702586 -5.2375082435  3.1012307726 -6.7571663349 -2.9770457534  1.2537011303 -0.2229734049 -0.0382742810  1.0000000000  0.1856924867  0.1933318736  1.0000000000
-9.5823221779 -4.4513743549  2.2647119322 -6.5931606898 -6.7377881565  2.6213427800 -0.1461156805  0.0285084411  1.0000000000  0.1618992116 -0.1559587913  1.0000000000
-6.8665422305 -4.8522768765  0.3955791031 -6.9268924645 -3.3759917326 -0.4720035185  0.1842530196 -0.0072739008  1.0000000000  0.2056051184  0.1687211374  1.0000000000
-6.4065234865 -2.8785676868 -0.5829294275 -6.1591010518 -4.7261366699 -0.0053457958 0.2736446522 0.3251893008 1.0000000000 0.3144090894 0.0117026475 1.0000000000
-8.7624161641 -4.4677166008  1.0381504712 -9.5382946130 -4.6461627668  0.0591149044 -0.0923100550  0.0233759844  1.0000000000 -0.1592084685 -0.0310956169  1.0000000000
-7.7708860990 -5.4850567666  2.7880956389 -7.7598551188 -3.6712314448  3.1400058207  0.0261638855 -0.0619948562  1.0000000000  0.0240390359  0.1280899475  1.0000000000
-9.7036627777 -4.5540061206  2.2689390501 -9.3731107134 -4.8638286905  2.5323356575 -0.2028653492  0.0106338572  1.0000000000 -0.1140114409 -0.0558004667  1.0000000000
-7.4680565031 -3.6926845950  1.9958467534 -8.3402906629 -3.3273322390  1.3611565633  0.0553325249  0.1522883385  1.0000000000 -0.0343990855  0.2048894419  1.0000000000
