365.1000000000
50
 5.1358583488  5.4508519198 -6.7663780812 -0.1225772069 -0.1015490306  1.0000000000
 4.2212477795  4.8355820007 -5.3650214665 -0.1221913290 -0.2125890923  1.0000000000
 7.4816620264  4.0181326291 -7.7606664506  0.0968566663 -0.1446101072  1.0000000000
 3.6321168823  4.0035284754 -8.1840050610 0.0556964070 0.1739647701 1.0000000000
 5.2428775364  5.0592601969 -6.8852742185 -0.0132172275 -0.0613630704  1.0000000000
 5.4619077994  5.8136605398 -6.4809511004 -0.1839885728 -0.0863828476  1.0000000000
 3.9140301589  6.3038097767 -7.4093466778 -0.2299760137  0.0515988086  1.0000000000
 4.2330348268  4.1955712370 -7.5051517443 0.0604601391 0.0744010849 1.0000000000
 6.5779339433  5.5658609176 -7.5555669853 -0.0616919232 -0.0941359165  1.0000000000
 3.5998054931  3.3021925044 -8.5667841687 0.1612186181 0.2123259844 1.0000000000
 6.0467167624  4.4194459816 -6.2816575493  0.0011298653 -0.2089316775  1.0000000000
 6.3460781926  3.0549520570 -7.8543249435  0.2198703120 -0.1082833494  1.0000000000
 7.3431048263  2.9025428000 -7.4330922837  0.2192309859 -0.2474115890  1.0000000000
 5.1392938301  3.2357650339 -8.8788614549 0.2167757105 0.0771775122 1.0000000000
 6.9426637089  6.2018195804 -6.3069751017 -0.1209027898 -0.2596134410  1.0000000000
 4.4850592060  3.5447627923 -5.9118204173  0.1063078258 -0.2431953546  1.0000000000
 6.1342887010  6.2362434301 -6.6516751421 -0.1682618730 -0.1406425590  1.0000000000
 3.7379788650  4.6336986709 -8.0178444055 0.0035666456 0.1659233535 1.0000000000
 6.2990441511  3.6535027170 -6.7626243078  0.1181489828 -0.2061824551  1.0000000000
 3.7873523970  4.4631571596 -8.8414979637 0.0324266470 0.2442524312 1.0000000000
 5.2282036087  3.5391124984 -7.4857745305  0.1655190572 -0.0719243133  1.0000000000
 5.8360594543  5.7476970782 -7.1781722153 -0.1228444565 -0.0934652975  1.0000000000
 6.4983874903  3.4851166405 -8.0515710363  0.1728521700 -0.0966916482  1.0000000000
 5.3741844523  3.8368184005 -6.8438177599  0.0757203011 -0.1643246487  1.0000000000
 4.7346219514  5.6960369231 -6.6339409058 -0.1510083565 -0.0603023835  1.0000000000
 4.6240453205  3.2074729520 -9.8943079156 0.2238870050 0.1896194654 1.0000000000
 6.4618812321  6.3572247600 -6.1050736749 -0.1980967020 -0.2080450181  1.0000000000
 5.1562932302  3.6546236766 -8.0100510606 0.1405673073 0.0028499822 1.0000000000
 5.4518696528  6.3438795769 -6.2786421320 -0.2113290452 -0.1134412671  1.0000000000
 4.2676675971  4.5678098135 -8.6091042978 0.0540559616 0.1524423173 1.0000000000
 6.3197893864  3.6252612057 -8.9365934570 0.1907836495 0.0300684362 1.0000000000
 3.0930055671  5.0757230591 -7.6437615115 -0.0791095693  0.2142909587  1.0000000000
 4.9380726744  2.9237387941 -8.6686060548 0.2633646427 0.0149504195 1.0000000000
 6.2812505241  4.0483990201 -7.5527160066  0.1091312830 -0.1010263905  1.0000000000
 3.3546651109  5.5755542552 -6.0208186384 -0.2950605944 -0.0387664320  1.0000000000
 6.7242187420  5.4354714343 -8.2488055038 -0.0159381707 -0.0592864115  1.0000000000
 7.1734256118  3.5311784226 -9.1505443823  0.2052828913 -0.0669556337  1.0000000000
 5.8544539403  3.7065823363 -7.0358349746  0.1037446402 -0.1242570559  1.0000000000
 6.0722664054  6.0145764887 -6.7759979700 -0.1712518542 -0.1320194775  1.0000000000
 4.5753306861  4.0737985095 -8.8369579809 0.1155610617 0.1301862660 1.0000000000
 6.0332352922  6.8463588505 -8.7633242190 -0.1154001837  0.0666388621  1.0000000000
  5.2610611457   3.7542049266 -10.3001044170 0.2004978135 0.2004562526 1.0000000000
 3.4235725387  6.4985220855 -8.3550001744 -0.2206214167  0.2296122820  1.0000000000
 5.3128107552  5.0675845510 -8.3792669307 -0.0274871617  0.0427384374  1.0000000000
 3.0126674111  5.5581153372 -7.0326886121 -0.1860447842  0.0871544074  1.0000000000
 5.5528716191  5.6754407446 -6.0001342885 -0.1481835008 -0.2146715520  1.0000000000
 7.0033541515  6.4404609682 -6.7224215660 -0.1594250271 -0.1913674973  1.0000000000
 2.8624534536  5.8442414651 -7.4792244272 -0.1896272636  0.1882250750  1.0000000000
 3.5933427395  4.4417629186 -9.0260120521 0.0469135955 0.2193501900 1.0000000000
 3.2461479338  5.0454407079 -7.1886900111 -0.0910585331  0.1141812057  1.0000000000
50
 5.4804924977  4.2608949025 -9.4556906863  5.6015355512  4.3789819819 -9.1358506670 0.1459078843 0.1018856001 1.0000000000 0.1121266683 0.0997900365 1.0000000000
 4.6732270745  4.3683550594 -8.7030126103  6.7943033066  6.0100470526 -7.2031816812  0.0944098089  0.1072594277  1.0000000000 -0.1273834265 -0.1400188447  1.0000000000
 5.9226260431  3.1429167935 -7.8225018328  5.1005926043  6.6200145453 -7.2997965935  0.1683698905 -0.1114118078  1.0000000000 -0.2312157644 -0.0123247436  1.0000000000
 3.2289120648  5.6243302124 -6.7345312210  6.6219920117  3.9992723770 -9.8004865718 -0.2410516453  0.0491680806  1.0000000000  0.1937681583  0.0611503944  1.0000000000
 4.6547399282  2.6965504381 -6.6645310945  4.8315912285  4.6276994409 -7.7347591027  0.2349635554 -0.1390141478  1.0000000000  0.0174788434  0.0289220537  1.0000000000
 5.4998961590  5.4343225013 -6.7844113767  5.8149582160  2.3554271794 -6.3519089605 -0.0684336516 -0.1485797380  1.0000000000  0.2461678573 -0.3462467960  1.0000000000
 6.7618196463  4.6318433052 -8.9948331412  5.9413129069  3.3044339105 -8.1782841303  0.0728033562  0.0131129121  1.0000000000  0.2464760662 -0.0581027208  1.0000000000
 4.9414566368  6.4525986714 -9.5417129561  5.8543375409  4.2901449229 -8.6979089319 -0.0997193753  0.1843673934  1.0000000000  0.1287522648  0.0326164443  1.0000000000
 5.3707345688  5.9100666211 -8.4506055419  6.2517649034  3.5547587930 -9.4956707532 -0.0774788319  0.0213876022  1.0000000000  0.1775170494  0.0611732539  1.0000000000
 5.0589397133  6.2579005933 -8.6991938839  6.2165087867  3.7436425355 -7.2459426605 -0.1346364270  0.1026348991  1.0000000000  0.1136882693 -0.1345136708  1.0000000000
 3.6214865253  2.3976527407 -8.3604799640  5.2703198706  5.9450584009 -5.2451702103  0.3964500036  0.1120173066  1.0000000000 -0.2211015845 -0.2309139883  1.0000000000
 3.3800802559  4.6212878143 -9.0369277994  6.8157397392  3.8009772068 -9.5885594412 0.0320805883 0.2602588220 1.0000000000 0.1692705991 0.0571862440 1.0000000000
 6.7890839744  3.7214719386 -8.7788627684  4.5072735668  4.0916729620 -5.8622245635  0.1677319011 -0.0088709659  1.0000000000 -0.0110490891 -0.2421902278  1.0000000000
 4.8437296687  6.8387461295 -9.1862636875  3.3754165146  3.3724387453 -8.1357991996 -0.1919391492  0.1406097585  1.0000000000  0.1798176655  0.1498881273  1.0000000000
 3.6019992299  4.0454875790 -6.8892571542  5.3361718659  3.3289458919 -6.1818669729  0.0316402407 -0.0372388763  1.0000000000  0.1500974196 -0.2108186369  1.0000000000
 7.2970179832  5.3854637662 -7.4884656413  6.5377333913  5.5789880904 -8.6221089132 -0.0152926115 -0.1379570841  1.0000000000 -0.0296902728 -0.0120554468  1.0000000000
 5.8979917049  5.8285981840 -9.6191004756  4.0531986873  6.6752464257 -8.1701825871 -0.0024395181  0.1316365515  1.0000000000 -0.2186629421  0.1445829678  1.0000000000
 4.4401101191  4.9167566135 -8.2143412950  3.9683931838  4.2224582188 -8.5500830666 -0.0158988748  0.1024109619  1.0000000000  0.0887444174  0.1507707579  1.0000000000
 5.7832625326  5.0504178091 -8.6600163010  5.7136393469  6.1472876386 -8.8193944309  0.0139880116  0.0289471962  1.0000000000 -0.0670187900  0.0274636709  1.0000000000
 5.1901783166  3.9828920900 -9.0987924613  3.0906198825  3.1476942959 -9.0514694915 0.1877567886 0.1004876025 1.0000000000 0.2420751958 0.3182280841 1.0000000000
 4.7206527004  7.1769910554 -9.2253610105  3.3212312838  4.4883362418 -8.6848714419 -0.2138939984  0.1933180660  1.0000000000 -0.0132496045  0.2391256873  1.0000000000
 4.5957491068  5.7681150868 -9.2137256984  3.6427697590  5.3837228605 -6.2513986191 -0.0885332622  0.2165460542  1.0000000000 -0.1583059773 -0.0590193513  1.0000000000
 3.2668804385  3.1486855942 -8.6129770525  6.0225396100  4.0867045161 -7.0042772732  0.2439558667  0.2516640748  1.0000000000  0.0510057882 -0.1480649609  1.0000000000
 2.7108274406  5.5462866558 -8.2924745931  5.2068510258  3.6374652748 -9.7648009793 -0.1775958347  0.2846827798  1.0000000000  0.1813413946  0.1795193596  1.0000000000
 6.7069730553  4.7759571429 -8.6978496572  5.6766263460  4.6399395802 -8.6138955057  0.0584423567 -0.0068281692  1.0000000000  0.0709219918  0.0316093374  1.0000000000
 5.5704577442  4.5131524613 -7.6593342069  5.0394382739  4.9851159051 -8.3657325108  0.0581194629 -0.0289272475  1.0000000000  0.0014237643  0.0598357288  1.0000000000
 4.1625504823  4.4714403124 -6.2483490679  5.3918024760  3.4507355778 -7.7102806239 -0.0742369650 -0.0876435748  1.0000000000  0.1506938835 -0.0620396745  1.0000000000
 5.5026693363  4.2311215299 -8.1327341105  6.0928977159  3.0046221083 -6.5646607327  0.1031301454 -0.0268746174  1.0000000000  0.1936335681 -0.2363938110  1.0000000000
 4.4905921124  2.7065476954 -6.3100056167  3.5841042438  4.0136964434 -8.7378442554  0.2383378198 -0.2009783859  1.0000000000  0.1168194222  0.2041916823  1.0000000000
 2.9596828807  5.8193343738 -7.7010717284  6.0977390909  4.3242258271 -8.7374729255 -0.2173159329  0.1668599832  1.0000000000  0.0749058315  0.0112271413  1.0000000000
 5.2790425253  5.7182746766 -5.8098372945  6.2768534293  4.4919461735 -9.6081507704 -0.2198254010 -0.1891963184  1.0000000000  0.1393528287  0.0814717558  1.0000000000
 3.7548507425  6.4141462855 -8.0814538310  6.5045755564  5.1149346006 -7.5090997036 -0.2273958239  0.1850842791  1.0000000000 -0.0094387542 -0.0589935187  1.0000000000
 4.9281387566  3.3781949294 -9.6775447989  5.1210956497  2.3572411410 -7.1603158881  0.2176889848  0.1937054239  1.0000000000  0.2945470561 -0.1485246496  1.0000000000
 3.8726703550  5.1181688739 -5.9492166013  5.8172314382  6.8474026397 -8.1694338322 -0.1342669322 -0.0880425979  1.0000000000 -0.1625636631 -0.0147245723  1.0000000000
 5.0051621882  3.4277820463 -9.0850037125  5.4877703815  5.1538871723 -8.0431775131  0.2068677549  0.0873865039  1.0000000000 -0.0491921391  0.0572490853  1.0000000000
 3.7621689990  4.5936890423 -8.9185057236  3.9958023691  5.8125060066 -8.5661685998 -0.0025404990  0.2333528073  1.0000000000 -0.1340510603  0.2366011112  1.0000000000
 4.3185644530  5.7692263109 -5.9411260235  5.1621728424  4.7217871042 -5.7105492713 -0.2537752984 -0.1117612862  1.0000000000 -0.0799597111 -0.2357710351  1.0000000000
 5.1988817934  6.2457786224 -8.2969237524  4.7128879860  5.3086684257 -9.3126811856 -0.1010640197  0.0723513113  1.0000000000 -0.0025744792  0.1627401145  1.0000000000
 4.7562155299  4.1890284058 -9.9331856334  5.2778299235  5.9732425560 -9.3513647075  0.1533100504  0.2064515201  1.0000000000 -0.0968636492  0.1409648352  1.0000000000
 6.2932448746  6.7693281574 -7.6021078252  7.1094425501  4.4755643962 -6.9239868513 -0.1716694553 -0.0684474926  1.0000000000  0.0555831265 -0.1901987004  1.0000000000
 4.3900904415  4.2583035314 -6.9069019245  4.9862277079  5.8362500616 -9.3057224279 -0.0244231589 -0.0712546384  1.0000000000 -0.0623773866  0.2008870469  1.0000000000
 4.4826901293  3.2783018221 -5.6601887999  4.1261242943  3.2863066168 -6.7564511779  0.0925893480 -0.2611063979  1.0000000000  0.1668663130 -0.0731838298  1.0000000000
 5.5191649340  4.8318273077 -6.0218860662  4.5558369379  5.9200775057 -8.4005835511 -0.0772145687 -0.2349831981  1.0000000000 -0.0934035883  0.1445709653  1.0000000000
 3.5398702760  5.0765065990 -6.1743002459  6.2546067321  6.5862997388 -6.9202090679 -0.1562789220 -0.0832148561  1.0000000000 -0.1909431209 -0.1063745537  1.0000000000
 4.6208944938  4.1987053346 -5.8207959684  3.0998196749  4.6599251759 -8.5736662042 -0.0435576089 -0.2073342338  1.0000000000 -0.0187814970  0.2292989864  1.0000000000
 7.0150911718  3.4611970078 -7.6451136000  3.5773565842  3.7329729792 -9.0025168103  0.1971850914 -0.1166159467  1.0000000000  0.1245128601  0.2308019749  1.0000000000
 4.7613578806  3.8692112153 -9.8082942430  2.8795115669  5.7409253457 -8.4895397757  0.1985720160  0.2113711433  1.0000000000 -0.1396601269  0.3701755537  1.0000000000
 6.5234586001  5.9665566941 -7.9332470799  2.9278065798  6.3674828758 -8.2381526171 -0.1028881783 -0.0350989032  1.0000000000 -0.2763994392  0.2291214092  1.0000000000
 3.9388455000  5.2222270416 -9.3021970518  5.2227708484  4.4733254300 -9.3329604043 0.0077174794 0.2401028946 1.0000000000 0.0977710130 0.1343270745 1.0000000000
  5.1968231751   4.0905027221 -10.0405987149   5.0769969275   3.0223682452  -6.2272115753  0.1841846219  0.1475264628  1.0000000000  0.1665591983 -0.2557171637  1.0000000000
