749.1000000000
50
-4.8769404300 13.2434660208  5.5662246429 0.2175916607 0.0631450376 1.0000000000
-5.3442215369 13.9219991166  5.9768247737 0.1660638658 0.0195554256 1.0000000000
-5.7306136994 13.2829577152  2.8909238372 -0.2093500844 -0.0069681468  1.0000000000
-6.0959004009 11.8829394248  2.3996130084 -0.2617884409 -0.0982274529  1.0000000000
-4.4836234100 14.9964670169  3.3539569672 -0.1046542564  0.1907944436  1.0000000000
-4.2180086957 14.6081598551  2.8961243565 -0.1375746402  0.2377188851  1.0000000000
-6.5322138411 12.6403101272  3.2891735986 -0.0916556292 -0.1556753545  1.0000000000
-6.2304276218 12.3863897815  6.2293486406  0.2655612053 -0.1251504484  1.0000000000
-5.4781936783 12.3283739553  2.3541397250 -0.2708343648  0.0020341256  1.0000000000
-3.8707647734 13.7933144151  5.2058083120 0.1610332489 0.2451634063 1.0000000000
-4.2289965113 12.4220863805  3.9313611631 0.0308721121 0.1557197811 1.0000000000
-5.0072178072 14.1799958002  6.1894492151 0.2582686954 0.0615474951 1.0000000000
-4.0612654067 12.7273457502  4.4617320607 0.0859936553 0.2058857891 1.0000000000
-4.5200810877 14.4070632833  2.3354840794 -0.2025784267  0.1474908644  1.0000000000
-7.2362141293 13.1521370993  2.8594774685 -0.1838816810 -0.2128829457  1.0000000000
-6.1542971970 12.7903282626  5.6444918035  0.1978706623 -0.1253747701  1.0000000000
-5.7639143452 14.3118436305  4.1935086620 -0.0190639259  0.0238282409  1.0000000000
-5.9072174151 15.0004327342  5.6545084349 0.1094183292 0.0105106920 1.0000000000
-5.4537718774 13.6105229902  2.8458250009 -0.1973938516  0.0629372619  1.0000000000
-6.1726365760 12.9916792166  3.4009388046 -0.0675639794 -0.0674601306  1.0000000000
-3.7384294413 12.4510770910  4.9744934851 0.2030050540 0.2310413513 1.0000000000
-4.6072342845 14.8236197274  6.0448930169 0.2102308747 0.1438411132 1.0000000000
-6.0114720740 13.8631690681  4.9424555848  0.0799279925 -0.0304135710  1.0000000000
-5.6819601791 13.3610706127  5.7309006157  0.1860499751 -0.0422437862  1.0000000000
-5.7586443525 14.2900459022  4.0462579627 -0.0077267080  0.0175709966  1.0000000000
-6.4728480886 14.9333374706  6.2029456701  0.1548863436 -0.0654808227  1.0000000000
-4.6542910167 14.1105116658  3.5260393022 -0.0557509970  0.1364060652  1.0000000000
-5.2147495762 12.2360104922  2.1151739356 -0.2812788871  0.0198299246  1.0000000000
-4.8104234199 14.0930062282  6.2163660860 0.2592522906 0.0863111727 1.0000000000
-3.3808970209 12.3936580626  3.5023049569 -0.0618711169  0.2750547671  1.0000000000
-5.0228634355 15.1238358083  5.7623214813 0.1582517547 0.1125647509 1.0000000000
-5.0690113894 14.2279482648  6.2861035881 0.1879924712 0.0542504290 1.0000000000
-5.9553760848 11.7531843427  5.3425164180  0.1821379985 -0.1676030283  1.0000000000
-7.2724761104 13.4934629170  4.3946848358 -0.0305253304 -0.1550775226  1.0000000000
-5.5276083055 12.5760272355  2.1406106490 -0.2624197639  0.0125605906  1.0000000000
-6.0363421276 13.4295805317  5.1874875127  0.0985165480 -0.0270738724  1.0000000000
-4.6219373941 13.1187778851  4.9128404757 0.1030212364 0.1409140974 1.0000000000
-5.4609970828 15.5585759600  3.5643149671 -0.1427104779  0.0906172236  1.0000000000
-5.1953452570 14.3796683590  3.6696484304 -0.0774567733  0.0707584280  1.0000000000
-7.5444920728 13.7911712789  2.6329583645 -0.2051636714 -0.1980892961  1.0000000000
-4.1556173113 13.8225700241  2.3301084879 -0.2413363867  0.2526480919  1.0000000000
-3.3215723048 11.9424158230  5.6655359904 0.3077822665 0.2341161841 1.0000000000
-4.5507589529 12.9044002926  4.9174715450 0.1414995060 0.1537507023 1.0000000000
-6.6528988270 12.5933151300  5.8987382775  0.1997402868 -0.2217119201  1.0000000000
-7.4554024272 14.7777280324  4.8505898339 -0.0140624537 -0.1268638973  1.0000000000
-4.0089529840 13.2479842226  4.8393865361 0.1391713584 0.1881483566 1.0000000000
-5.0905757643 12.0449352803  3.0373747147 -0.1216272724  0.0403477680  1.0000000000
-4.7931755935 14.8660524706  4.9745498964 0.1083277767 0.1604331585 1.0000000000
-7.0486866890 12.9400820606  4.8014254131  0.0529199222 -0.2472611829  1.0000000000
-7.3863015667 13.6248228247  3.5497564864 -0.0792024084 -0.1899728244  1.0000000000
50
-7.2674868594 14.4189647811  4.9967395369 -6.7245152886 12.1364528988  4.1851688838  0.0207882605 -0.1474587884  1.0000000000  0.0210504065 -0.1684090034  1.0000000000
-4.2734447146 13.3493313400  2.8122510807 -5.0006070683 14.3106158969  3.7485436714 -0.1654753048  0.1990563234  1.0000000000 -0.0077982806  0.0885550514  1.0000000000
-6.1142698089 11.5254223660  4.1804007764 -3.5271918385 12.3428982876  3.3664086397  0.0154645725 -0.2026998340  1.0000000000 -0.0422174587  0.2872009601  1.0000000000
-6.4075959089 12.4404052903  6.1196862629 -4.1944191177 13.6113004695  5.1567240616  0.2428889908 -0.1865817452  1.0000000000  0.1349803652  0.1478832054  1.0000000000
-5.4685962474 12.2803631581  5.6560049281 -5.6629292907 14.9997553759  2.5381992718  0.2558761435 -0.0339277428  1.0000000000 -0.2276623466  0.1001304056  1.0000000000
-5.5956296713 13.3479789242  3.0194811409 -5.1585292823 15.7105128388  3.9507477417 -0.1477747121 -0.0009266752  1.0000000000 -0.0440543714  0.0807938182  1.0000000000
-7.2614798994 12.9691034415  3.2774585369 -4.6516547124 13.9961169873  6.0698758769 -0.1280826657 -0.1987074396  1.0000000000  0.2127068968  0.1251495643  1.0000000000
-5.2144294144 15.8619351962  3.3812510098 -4.5309470767 14.1472704054  2.7910799954 -0.1264484917  0.1238583313  1.0000000000 -0.1618615191  0.1494473147  1.0000000000
-7.1098051071 14.7392069421  4.1202149723 -5.3508611777 15.2270341080  3.2855597524 -0.0337624239 -0.0926159056  1.0000000000 -0.1346054265  0.0608384915  1.0000000000
-7.5478136508 13.1410298606  5.0455039557 -4.6482625414 13.8449861850  3.3462212210  0.0413389600 -0.2413502822  1.0000000000 -0.1119026088  0.1324921475  1.0000000000
-6.5564515316 12.8053105495  5.6995831404 -6.9675075101 13.5993013825  5.0934961097  0.1664054759 -0.1144014603  1.0000000000  0.0784735442 -0.1099734056  1.0000000000
-4.4228092588 11.6192919194  4.8626338568 -6.1702195955 12.0906661376  4.1496869346  0.1561440411  0.0991253378  1.0000000000  0.0171592907 -0.1621858249  1.0000000000
-6.2456789637 11.9757643754  3.4014555882 -4.6146636224 13.4227011946  2.8125467446 -0.1397940224 -0.1234043641  1.0000000000 -0.1781867712  0.1103352167  1.0000000000
-5.0001530738 13.6656038918  3.9973934747 -6.1310833698 14.9376501708  3.3019609986 -0.0236584952  0.0796087061  1.0000000000 -0.1327454651  0.0247338532  1.0000000000
-6.7073240833 11.3906480382  2.9071510779 -5.1407237069 13.8127531992  6.3088750499 -0.1735511616 -0.2552764442  1.0000000000  0.2700907593  0.0598742007  1.0000000000
-7.9061826308 14.7141101054  3.6336531714 -5.0692637884 14.7739776517  3.9789976877 -0.0960141120 -0.1633269536  1.0000000000 -0.0215562716  0.1316146450  1.0000000000
-4.8277077241 13.6237796070  2.2998946012 -3.5684338825 12.7621603243  3.1313526626 -0.2565331602  0.1177269240  1.0000000000 -0.1138327843  0.2759378005  1.0000000000
-7.1683472468 13.3886108712  4.9002267135 -6.3305757193 15.1071348272  4.1622080834  0.0526132321 -0.2036971965  1.0000000000 -0.0217340580 -0.0171222153  1.0000000000
-3.7121788944 12.7878575051  2.1125732267 -4.5146446403 13.9013831793  4.5874176410 -0.2989520973  0.2534911340  1.0000000000  0.0758533950  0.1759658321  1.0000000000
-4.5376431912 14.5155075422  5.2248660850 -6.3415844578 15.0357835447  3.9729638532  0.0807783063  0.1538820856  1.0000000000 -0.0258027452 -0.0551199109  1.0000000000
-6.5533696470 14.8557271320  4.3347304831 -6.7109392716 11.6929545748  2.8637500727 -0.0120784764 -0.0390007122  1.0000000000 -0.1756839374 -0.1619639518  1.0000000000
-5.2358001681 13.1628441724  5.9914654419 -4.7791676008 13.4546799684  5.8630066278  0.2359483308 -0.0080679129  1.0000000000  0.2289674960  0.0958483618  1.0000000000
-7.0845099451 14.6897687427  2.8402898741 -6.5837983706 12.7621581142  4.4199431000 -0.2004073110 -0.0982988039  1.0000000000  0.0322412543 -0.1594163764  1.0000000000
-6.6462237786 14.3059564279  4.5345300219 -4.7929877105 15.3046744493  3.6026544142 -0.0225964399 -0.0663528152  1.0000000000 -0.0782659586  0.1097331239  1.0000000000
-5.5048191035 13.5125733121  2.7387438467 -5.2554494281 12.0624062117  4.4162950879 -0.1548962728  0.0311815334  1.0000000000  0.1002344441  0.0329262033  1.0000000000
-5.7849548913 12.9243491287  6.2735697281 -6.4045409576 15.1157602805  3.2494890078  0.2526590948 -0.0523592094  1.0000000000 -0.1350727104  0.0520165067  1.0000000000
-3.2992568959 12.2680534727  4.5529259487 -6.4105730110 15.3682445341  4.1816496918  0.1481711508  0.2626584717  1.0000000000 -0.0223743670 -0.0175923761  1.0000000000
-6.7891909299 14.6259699036  5.3480218183 -5.1376218459 15.1340508128  6.1172048876  0.0482886173 -0.0955985388  1.0000000000  0.1775620615  0.0456370460  1.0000000000
-5.7973244741 13.4485111866  3.2221194077 -7.0314294429 15.1398203715  3.1408539290 -0.1195570896  0.0095959551  1.0000000000 -0.1833310894 -0.0615235944  1.0000000000
-4.2329137396 12.6343799196  4.7158208457 -4.0968480846 13.5652282502  2.7535923641  0.0931986790  0.1616883073  1.0000000000 -0.2120751267  0.2209092454  1.0000000000
-6.5124123536 14.9025645115  4.9141346020 -7.2065560420 15.0533086524  2.9262306218  0.0348644705 -0.0487976830  1.0000000000 -0.1584135228 -0.0857494167  1.0000000000
-5.9969991049 11.9488842726  2.1199691787 -6.5053412256 14.2432699629  4.5116541085 -0.3110709884 -0.1051143747  1.0000000000 -0.0033581609 -0.0618319689  1.0000000000
-5.9433214943 11.5571585036  5.2508662188 -7.0856222064 14.1517700716  4.6594766024  0.2116325569 -0.1258727429  1.0000000000  0.0148285030 -0.1242013891  1.0000000000
-5.5247127042 14.6229908738  2.4401447373 -5.8047179334 15.1909146297  3.9586805344 -0.2188590753  0.0629499674  1.0000000000 -0.0648243053  0.0386664760  1.0000000000
-5.1950364672 15.9689721893  3.0418397410 -7.3631792528 13.9998981200  2.7433562569 -0.1364868208  0.1082770889  1.0000000000 -0.2056501648 -0.1330675870  1.0000000000
-7.5766485741 14.3111993048  4.4641867513 -7.1816221026 12.3726877738  5.3152272589 -0.0423484661 -0.1551828135  1.0000000000  0.1385894314 -0.2579685791  1.0000000000
-7.3458713421 12.9943749655  2.8239348235 -4.2691683757 13.7328656164  3.9465951495 -0.1700599365 -0.2070009857  1.0000000000 -0.0454438333  0.1782372463  1.0000000000
-4.2039060572 15.5378105697  5.3160319858 -4.6459907687 14.3432823870  6.0709240062 0.0986785038 0.1904726656 1.0000000000 0.2396342841 0.1122784658 1.0000000000
-5.4865502932 12.2729436007  4.5369838763 -6.0822104827 12.3881593526  3.0630052350  0.0511468245 -0.0203172884  1.0000000000 -0.1676110860 -0.0880284333  1.0000000000
-6.5713425534 13.7571457398  2.6942395136 -7.8041491123 13.6560177199  3.6120275696 -0.2291165023 -0.0562682672  1.0000000000 -0.1060346051 -0.2337801224  1.0000000000
-4.5589247527 14.7450005417  3.7521632531 -6.1319037111 11.8454514375  3.6948608584 -0.0648497576  0.1591977661  1.0000000000 -0.0752004016 -0.0981099030  1.0000000000
-5.2185633347 15.0567210913  4.4892688105 -7.4799370468 14.7883186339  4.2370202171  0.0092075124  0.1689106088  1.0000000000 -0.0672067776 -0.1347624691  1.0000000000
-7.1030128658 12.6446594886  3.7898201767 -4.1843111354 12.6132179750  2.4014600709 -0.0395604712 -0.1980343869  1.0000000000 -0.1758866614  0.2342487453  1.0000000000
-6.7758057029 11.1189573099  4.4042834108 -6.4131819596 13.4445223369  6.1536375572  0.0483216769 -0.2952061086  1.0000000000  0.2163269928 -0.1133657325  1.0000000000
-4.9206773724 15.3438183311  3.5665419949 -6.2136489144 15.1279089810  3.8541168451 -0.1034237434  0.1607014287  1.0000000000 -0.0972090497  0.0372528553  1.0000000000
-6.5467712658 11.9679745068  2.9177866299 -6.2923616715 13.2775405797  4.2438869754 -0.1695658677 -0.1711195425  1.0000000000 -0.0239503806 -0.0847941725  1.0000000000
-7.4497842004 14.7240007528  3.5348140595 -6.9800098738 12.6499998667  3.8753573224 -0.1091831262 -0.1485556919  1.0000000000 -0.0427203976 -0.2057859521  1.0000000000
-5.8452121463 14.4158647446  4.4408778448 -4.7815205413 12.1928387908  3.2584073978  0.0166105215  0.0166928886  1.0000000000 -0.0809991100  0.1066852060  1.0000000000
-4.7344621527 12.6436532375  3.5596236095 -6.5741331946 14.1548406056  5.2272682311 -0.0445043606  0.1059085524  1.0000000000  0.0525370064 -0.0491748559  1.0000000000
-7.1135753743 13.7677150491  4.6099165437 -8.0427114817 14.9703428472  2.9499427119  0.0015606045 -0.1073925431  1.0000000000 -0.1618409491 -0.1797599467  1.0000000000
