310.1000000000
50
  7.0702053999 -10.8163246206  -0.8863317096  0.0970578840 -0.0264495804  1.0000000000
  8.6539331255 -11.0335136469  -1.0434522822 0.2569792193 0.0356403422 1.0000000000
  6.5214882969 -11.0312252857  -2.9241044231  0.2344109399 -0.2330140245  1.0000000000
  7.6853183006 -10.6010519427  -0.7178085105 0.1106607024 0.0364215421 1.0000000000
  4.8745619157 -11.3284271184  -0.5839154533 -0.1565117952 -0.2264995141  1.0000000000
  7.4161397082 -11.2061426999  -2.4961802507  0.2689594607 -0.1097031881  1.0000000000
  5.6424456220 -11.7162284639  -1.0670091954 -0.0478405244 -0.2242932713  1.0000000000
 7.2498312833 -8.5591837870 -0.1189312642 -0.0328985010  0.2786368416  1.0000000000
  5.1989393140 -11.0191920386  -0.2659148578 -0.1604301196 -0.0846505895  1.0000000000
  5.8534044970 -11.0207982416   1.5065685773 -0.2182316779  0.0039405627  1.0000000000
  4.4406168857 -10.8247750676  -0.7893979719 -0.2096882337 -0.2169189849  1.0000000000
  6.5337038949 -12.8060129296  -0.1361222755  0.0459374199 -0.1388659980  1.0000000000
  7.0188039062 -10.2759484881   2.5017354156 -0.1308818080  0.1405479565  1.0000000000
  6.0650467661 -10.1943935331   0.6659964668 -0.1135655532 -0.0110284241  1.0000000000
  8.0874466841 -10.3790710082   0.1218829095 0.1189235843 0.0984339998 1.0000000000
  6.3668802542 -10.6107623553   2.0890681998 -0.1322326256  0.0999323472  1.0000000000
  6.0065544026 -12.7734450164   0.7915830973 -0.0783680855 -0.1735366714  1.0000000000
  8.1861073182 -11.8772474882   0.4068915859 0.1144679646 0.0403128596 1.0000000000
 8.3217055605 -9.6882749079 -2.0818737800 0.3148608331 0.1376916620 1.0000000000
  7.2720974290 -10.2025793210   0.6977772071 -0.0577343782  0.1280964129  1.0000000000
  6.9690648191 -10.0369009534   1.5967743423 -0.0910825526  0.1673685025  1.0000000000
  6.8698158638 -11.8901365619   0.4844961811 -0.0112170028 -0.0666819243  1.0000000000
  6.4193501185 -11.1567581014   0.6832623177 -0.0972955832  0.0203215165  1.0000000000
 6.1070072771 -9.6166274395 -0.1409731451 -0.1168342166  0.0386038762  1.0000000000
  6.7952057291 -10.5913631394  -2.6200483275  0.2115706929 -0.1717906720  1.0000000000
  6.6460729096 -11.8162150138   0.2764757562 -0.0389071602 -0.1076482413  1.0000000000
  7.0288717964 -11.1154132257   1.3246047760 -0.0606389152 -0.0063771102  1.0000000000
  5.6988975120 -10.7344874214  -0.4132544695 -0.0522389393 -0.1603862785  1.0000000000
  5.0021608916 -10.0122405601  -1.1824937800 -0.1570754757 -0.1590950357  1.0000000000
  7.2818687232 -10.8058505458   1.2742543200 -0.0671105321  0.0659527758  1.0000000000
 6.3663581519 -9.4454336046  1.9166446061 -0.2456434019  0.1676766759  1.0000000000
  6.7984129678 -10.2360974665  -2.5388199161  0.2027663639 -0.1121033312  1.0000000000
  7.4694390713 -10.3383737182  -0.3848968777 0.0794241125 0.0465655134 1.0000000000
 6.6199989517 -8.3843317484 -0.4399067234 -0.1121403088  0.2576181021  1.0000000000
 7.5328364870 -9.9731200789 -0.6996656188 0.0675459926 0.1075868593 1.0000000000
  6.9983634823 -12.5424401152  -0.8794285198  0.0896567524 -0.1904689129  1.0000000000
  6.4204980402 -10.4068255664  -0.9629962802 -0.0264008271 -0.0874718168  1.0000000000
  7.0391113618 -10.2806014703   0.7046142430 -0.0490178260  0.0758303343  1.0000000000
  9.1158927189 -10.7895465449   0.9823252220 0.1382558432 0.1864081535 1.0000000000
  7.6937028046 -12.0630104002  -1.1708365941  0.1681963148 -0.0875332785  1.0000000000
  7.0744449146 -11.6523704649  -1.1109419527  0.0844232216 -0.1414788142  1.0000000000
  6.0033777154 -12.9147475607   0.2225340615 -0.0277476423 -0.2080367905  1.0000000000
  6.8771363116 -10.2552321564   0.0866909369 0.0066075343 0.0601557152 1.0000000000
 8.9472378818 -9.4830017791 -0.8105319152 0.2565669508 0.2027293250 1.0000000000
 4.9547139697 -8.9461701758 -0.3311082450 -0.2781289029  0.0813244829  1.0000000000
  5.6994547593 -10.4681455395  -1.3536897120 -0.0672906615 -0.1311116160  1.0000000000
 6.2962537875 -9.8125271592  1.3265405581 -0.1674238606  0.1012962229  1.0000000000
  5.5667477476 -11.3109247960  -1.2838574224 -0.0827504546 -0.2216313677  1.0000000000
 5.8815980480 -8.4574071287  0.4972638456 -0.2449485396  0.2403777610  1.0000000000
  8.8912316262 -10.4307987418  -1.0965724876 0.2446896591 0.1023341631 1.0000000000
50
  7.7060079569 -11.4221842297  -0.7098701108   7.9597052771  -9.1581969874  -1.4988319995  0.1630266267 -0.0296052430  1.0000000000  0.2058538666  0.1955478060  1.0000000000
  5.3856109170 -10.2677961337  -1.9761076166   5.6649069994 -11.7836657707  -0.5414694882 -0.0742610265 -0.1612853639  1.0000000000 -0.0245595975 -0.1885531474  1.0000000000
  8.0315037648 -13.2964283799  -0.6721095299   5.3846378483  -9.1720346046  -1.0559045935  0.1782403169 -0.1670606913  1.0000000000 -0.1902145683 -0.0152672907  1.0000000000
  8.2325705549 -10.0914189901  -2.0530591021   5.0011286688 -12.5601853257   0.7420606926  0.2859981987  0.0750101920  1.0000000000 -0.1512582619 -0.2051635750  1.0000000000
  6.9950626412 -11.5887490804  -3.0846167558   6.4058999313 -11.9424783072  -1.8423598549  0.2453111409 -0.2507024114  1.0000000000  0.1033476626 -0.2414732174  1.0000000000
  6.5155745666 -10.7554209338   1.8632215609   9.0605463481 -10.4809507328  -0.4100782066 -0.1507323349  0.0443020502  1.0000000000  0.2102483212  0.1777403193  1.0000000000
  6.3460763937  -9.1167405603   0.7627609256   6.2790780052 -11.6098124337   0.9068888668 -0.1665588461  0.1725512156  1.0000000000 -0.0773474491 -0.0092233379  1.0000000000
  5.7076024867 -10.3059687556  -1.3426245575   7.2914845595 -10.5550738929  -2.6791883674 -0.0514826377 -0.0629119891  1.0000000000  0.2767681782 -0.0933521357  1.0000000000
  6.7706614579 -10.0575075957  -0.8491755166   6.4381802335 -10.4904301704  -1.2460381609  0.0315099727 -0.0115341512  1.0000000000  0.0405982570 -0.0917052171  1.0000000000
  7.0767482353 -10.2788761958  -0.8848764632   7.9813820162  -9.0527448081  -0.4735245793 0.0716354544 0.0261777195 1.0000000000 0.0831655470 0.1872180243 1.0000000000
 6.2709215538 -8.3222840470 -0.8145987405  5.0769843288 -9.5284105843 -0.6534449620 -0.0715047771  0.2335838385  1.0000000000 -0.2048867280 -0.0350632766  1.0000000000
 8.4979629880 -8.8946563415 -2.0665219887  6.3352449251 -9.1829348293 -0.5529683838  0.3272436816  0.2618434205  1.0000000000 -0.0820352513  0.1140121268  1.0000000000
  8.0212583164  -9.6069900985  -0.2448233487   9.7830311860 -10.5797489175   0.2536043906 0.1148187249 0.1776738633 1.0000000000 0.2281193540 0.1887259287 1.0000000000
  6.7916024035 -11.9792092639  -0.1699544141   7.9482041077 -10.3092350517  -1.9974039240  0.0126741553 -0.1429065884  1.0000000000  0.2523078982  0.0264576926  1.0000000000
  7.9289358103 -10.0884794444   1.1190739989   5.7729185882 -11.0568832301  -1.0431413579  0.0022996116  0.1771832993  1.0000000000 -0.0372680478 -0.1711613516  1.0000000000
  6.0186116598 -12.4305719611   1.2041943154   6.7983133797 -10.7668231512  -1.6150745666 -0.0721493188 -0.1222482810  1.0000000000  0.1298487965 -0.0932173365  1.0000000000
  6.6260651895 -10.7748064737  -0.9115418594   5.9712645003  -9.7880297096  -0.0397428492  0.0308677394 -0.0589408002  1.0000000000 -0.1166619713  0.0724129966  1.0000000000
  4.8034600913 -12.1225043812   0.3087758607   5.9210788383  -8.7164157702   0.7459335749 -0.1753113693 -0.2326760845  1.0000000000 -0.2442245065  0.1743470076  1.0000000000
  6.1623271522  -9.7416616239  -0.3496197440   9.0403377769 -10.8638027593   0.3535056507 -0.1081314713  0.0563543543  1.0000000000  0.1679766864  0.1480899272  1.0000000000
  8.1073769712 -11.2874312560  -0.0497573957   8.8070061716  -9.1318753774  -1.5066649667 0.1070356704 0.0474772335 1.0000000000 0.2838234010 0.2489188479 1.0000000000
  6.8066776786  -9.4248352955   1.3565917754   6.6769134591 -12.4354507643   0.0148420227 -0.1448822071  0.1656460042  1.0000000000 -0.0299467571 -0.1578080013  1.0000000000
  8.2981016554 -10.7966261677  -1.1825248640   7.0810953275  -8.2018937450  -1.0194557911  0.2294401049  0.0412590174  1.0000000000 -0.0177576018  0.2705786535  1.0000000000
 6.7775508685 -9.7498490402 -0.9862271765  7.0828491634 -8.8548518140  0.0869158162 -0.0151731444  0.0905866666  1.0000000000 -0.0726965819  0.2218632738  1.0000000000
  7.5211880469 -11.6052049985  -2.2730111835   6.9758545610 -12.6761206619  -1.2836466714  0.2650293157 -0.1593536049  1.0000000000  0.1320889467 -0.2536769285  1.0000000000
 6.9688154351 -9.6237406204  0.4305435176  6.8095321792 -8.2601701073  0.1908869191 -0.0852685071  0.1621308174  1.0000000000 -0.1427018189  0.3277624088  1.0000000000
  5.6160919867  -9.2140623268  -0.3791299897   6.0359867004 -10.3391637941  -0.6004641618 -0.1772421260  0.0790862023  1.0000000000 -0.0560996683 -0.0191378964  1.0000000000
  9.5227709398 -10.6953475655   0.3670812190   9.1784639620 -10.3318734795   0.2852950517 0.2052162875 0.1813811837 1.0000000000 0.1469752626 0.1788862727 1.0000000000
  5.6429524762 -10.9640221197  -1.5488681593   6.6787773883 -11.1951135935   0.6291983674 -0.0578495222 -0.1831300568  1.0000000000 -0.0458335085  0.0322300392  1.0000000000
 7.2553951715 -8.7844360305 -1.0898171708  6.5938971998 -9.7528579110 -1.9067886737  0.0513439400  0.2254158832  1.0000000000  0.1163746625 -0.0477622241  1.0000000000
  7.9230497764  -9.9837561187   1.5653287844   5.4542220906 -10.7024699481  -1.6081140615 -0.0480384105  0.2078091300  1.0000000000 -0.0181372411 -0.1422161206  1.0000000000
  4.8983910183 -10.4706428219   0.3020480817   7.1611790199 -10.2761281638   0.3587053356 -0.2292578448 -0.0989826205  1.0000000000  0.0244244930  0.0736841890  1.0000000000
  7.0096680453 -11.5052201658   1.2908823688   6.1537097777 -11.9984369460   0.8086096477 -0.0376426880 -0.0087913178  1.0000000000 -0.0718053787 -0.1061047427  1.0000000000
  6.9411390072 -11.0752706859   0.3657861069   7.1872738125 -10.9248206960  -2.7509589621 -0.0220098941  0.0335005515  1.0000000000  0.2917991772 -0.1192793093  1.0000000000
  7.3146105107 -11.3042786816  -1.1828925713   5.2045504482  -9.5561503746  -1.1738504884  0.1722498479 -0.0918887036  1.0000000000 -0.1602145695 -0.0418584610  1.0000000000
  5.4948569764 -11.5423351107   0.3516652806   5.6231893670  -9.7280367908  -1.5315810687 -0.1285033232 -0.1354496037  1.0000000000 -0.0384506293 -0.0392963905  1.0000000000
  8.1188265587  -9.7525408340  -0.4891045311   6.2676553131 -10.6859725680  -0.4551600701  0.1351597514  0.1814554572  1.0000000000 -0.0451263754 -0.0936339976  1.0000000000
  8.3630244887 -12.4507993007  -0.5246331650   4.9183001170 -10.5751792393  -1.0330001767  0.1722005078 -0.0385880993  1.0000000000 -0.1633989568 -0.1644868638  1.0000000000
  8.3125886157  -9.6368449537  -0.2561125554   7.8555686177 -13.5411322691  -0.9956054807  0.0964093604  0.1776377150  1.0000000000  0.1860439798 -0.2251216301  1.0000000000
  6.6897961862 -11.2504007224   0.9915351496   7.7371092515 -10.8595217053  -0.6085860291 -0.0648260234  0.0523239071  1.0000000000  0.1325474449  0.0099920647  1.0000000000
  8.0140594539 -12.6632036358  -1.0917975569   6.4053121156 -12.3944614259   0.8411045831  0.2169991848 -0.1615444485  1.0000000000 -0.0768669780 -0.1267158572  1.0000000000
  5.9001940113  -9.3364974672   0.1117725699   5.6402941960 -10.7023539469  -2.5806501349 -0.1714701105  0.0764479099  1.0000000000  0.0945612183 -0.2618539316  1.0000000000
  9.0140900681  -9.4044532056  -0.8084599542   4.7117680294 -10.8287620525  -0.5357720182  0.2188906966  0.3046469008  1.0000000000 -0.2051659160 -0.1767728739  1.0000000000
  8.7680925568 -10.7497245827  -1.1903880610   5.0941991821  -9.3730917050   0.0013109984  0.2756678462  0.0615965873  1.0000000000 -0.2467482055  0.0267478037  1.0000000000
  6.2492454017 -10.2947515509  -1.5790992164   6.3613868566  -8.9612905497   1.2134704293 -0.0121193644 -0.0959050586  1.0000000000 -0.2100324392  0.2130862863  1.0000000000
 6.1323868379 -9.1494821822 -0.4407223701  6.6939288022 -9.4181076807 -1.2356188791 -0.1348739052  0.1268756887  1.0000000000  0.0384059208  0.0946347107  1.0000000000
 6.7088685249 -9.0446621054  0.9613968009  7.2553916162 -9.5228205655  1.1831380078 -0.1668168417  0.1942765096  1.0000000000 -0.1000615797  0.1762918345  1.0000000000
  5.3385984778 -10.2388687991  -0.9867483143   6.4166559546  -9.2286061582  -1.1200191237 -0.1547507072 -0.1191035200  1.0000000000 -0.0105820777  0.0797699396  1.0000000000
  4.4152666969 -10.6015104448  -0.8268420576   6.5992213188 -10.4541180681  -1.7232279641 -0.2503949098 -0.2509744642  1.0000000000  0.0532020525 -0.0848777832  1.0000000000
  8.1245622048 -10.3307207622  -2.2160365686   7.4426050413 -13.1115056035  -1.3911493815  0.3283998374  0.0442746015  1.0000000000  0.1508675333 -0.2484727376  1.0000000000
  6.9136152794 -12.4174513297  -0.1571256723   5.0443078830  -9.8574879835  -1.1844467244  0.0017394761 -0.1269351893  1.0000000000 -0.1833297688 -0.0871902820  1.0000000000
