509.9000000000
50
 4.9373451974  4.6613621039 -9.1820870595 -0.2556537439  0.3043435025  1.0000000000
 7.9570665233  3.9036086301 -9.8267878753  0.0646054116 -0.1342229268  1.0000000000
 6.2432456581  6.8154757214 -9.8124471302 -0.2069632322  0.1110151272  1.0000000000
  7.1530102686   3.8088963740 -12.1231003195 0.2392239501 0.1797426611 1.0000000000
  7.0513409064   5.3871298273 -10.3746310388 0.0004311861 0.0018812836 1.0000000000
 6.8816954225  5.2529935441 -9.2691247520 -0.1302245009 -0.0044333809  1.0000000000
 6.4139048679  6.8717403211 -9.5206527882 -0.2153667596  0.0675356174  1.0000000000
  8.9701960348   5.5046304539 -12.2488696763  0.2023767323 -0.0924073004  1.0000000000
  6.1523554702   4.5852015310 -11.5928239973 0.1476234066 0.1912521482 1.0000000000
  5.8267093227   5.2684872279 -11.7680121897 0.0268238449 0.2960605967 1.0000000000
  9.5053019173   4.6954096044 -11.4303846290  0.2242845747 -0.2210457109  1.0000000000
  7.5067517219   5.7056882057 -13.0384216259 0.1486646717 0.1053640495 1.0000000000
 5.7907914276  6.6681633506 -9.5679861450 -0.2442751585  0.1408201005  1.0000000000
  6.4605158877   4.5160915445 -10.9222198720 0.0947477397 0.1506351807 1.0000000000
  9.2994346334   6.0068951818 -12.1821174631  0.1400327635 -0.1117748108  1.0000000000
 7.3793681926  5.5986709726 -9.6693252522 -0.0972317258 -0.0203795480  1.0000000000
 7.3815243323  3.8810003919 -9.6775277477  0.0070549800 -0.0292905321  1.0000000000
 7.2049638414  5.8029861661 -8.9169631916 -0.2170302217 -0.0677644946  1.0000000000
  9.2324720092   4.0275264604 -10.6148812369  0.2130160514 -0.2249499588  1.0000000000
 6.0447006837  5.2561383240 -9.4733999460 -0.1658989221  0.1318733411  1.0000000000
  7.0185947941   4.6116074021 -11.2009395826 0.1394514272 0.0596976664 1.0000000000
 6.3198020380  4.7436431687 -8.9316734187 -0.1798146682  0.0669629687  1.0000000000
  7.8768854868   5.7032723442 -13.0982927223 0.2176006260 0.0500855906 1.0000000000
  8.5653420061   6.0335930688 -10.5943882336  0.0221706249 -0.0814222990  1.0000000000
  9.4308285580   6.2455136630 -11.7034396577  0.1275214499 -0.1501760433  1.0000000000
  7.7761957646   4.6071390539 -10.5253435425  0.0620510690 -0.0433735302  1.0000000000
  6.6001097775   5.3019727248 -13.3759634012 0.2084568546 0.1843122855 1.0000000000
 8.2269295706  5.5524841044 -7.7727647779 -0.2459436974 -0.2730259656  1.0000000000
  5.5751539996   5.1253889346 -10.2079328531 -0.0957520806  0.2278372846  1.0000000000
 8.7196023492  3.9189787217 -9.2082177510 -0.0102262841 -0.2684501006  1.0000000000
  6.8335035021   5.6185629915 -12.2761349623 0.1478030013 0.1404301225 1.0000000000
 5.0675545019  5.7110336734 -9.7146737088 -0.1978793982  0.3189673202  1.0000000000
  5.5363335974   7.7593740665 -11.1608254093 -0.1224954656  0.2253591009  1.0000000000
  7.9834508697   3.5160893644 -11.5804774622 0.2894212928 0.0158802884 1.0000000000
  8.3729429753   4.8253874702 -10.3666475895  0.0755890389 -0.0779554987  1.0000000000
  6.0889369035   6.5263615240 -11.6643748543 -0.0189871873  0.1732725191  1.0000000000
  6.4506597005   5.8099982923 -12.4673887530 0.1153593715 0.1805608491 1.0000000000
  6.1398015294   6.5904402878 -11.8098721992 0.0132451271 0.1850282357 1.0000000000
  8.8434066112   6.1142883434 -11.1206654837  0.0637011492 -0.1195383928  1.0000000000
  7.2609322723   5.8131233410 -12.9614886023 0.2006044532 0.1413628124 1.0000000000
  8.0406815623   5.1834327846 -12.2345210822 0.1949610049 0.0001464312 1.0000000000
  7.2350582584   5.7670056337 -11.3390435500 0.0617847647 0.0565304052 1.0000000000
  7.0676622692   5.0115004681 -12.4934482470 0.2550744319 0.1602792235 1.0000000000
  6.7095118721   3.4210352267 -11.3106203971 0.2169661961 0.1775111111 1.0000000000
 7.2178335677  6.1525969463 -8.7842093025 -0.2060305146 -0.0642763385  1.0000000000
  5.8959227570   5.0665508287 -10.3088411430 -0.0522130825  0.2091608798  1.0000000000
 6.4956784641  5.2899999468 -9.0215680199 -0.1766735527  0.0714502709  1.0000000000
  9.3396529875   3.5583784565 -10.3835908772  0.2486251839 -0.2360063030  1.0000000000
  6.8432906906   4.6150360905 -11.1456973703 0.1043371474 0.1356203323 1.0000000000
 6.6765952057  4.4254925326 -9.6473734786 -0.0283609942  0.0659277116  1.0000000000
50
  7.3901338463   4.3841090084 -10.4754829542   8.7925344929   7.3921333744  -9.9668834112  0.0837915457 -0.0189310377  1.0000000000 -0.1236964895 -0.1491775477  1.0000000000
  8.6223059648   6.5505942213  -8.3393586553   6.2475183382   3.3655714605 -11.1654252745 -0.1993845634 -0.2615383758  1.0000000000  0.2064698270  0.2498643349  1.0000000000
 5.3438967821  4.9310856555 -9.4868266836  7.7172199797  6.6264379431 -8.8423490901 -0.1455525833  0.2737528381  1.0000000000 -0.2018947189 -0.1540112501  1.0000000000
  8.1664056805   6.3160497852 -11.4587536383   8.8703734818   6.8275074279 -11.8808015566  0.1022620029 -0.0019646293  1.0000000000  0.0889674625 -0.0859786781  1.0000000000
  5.4409434710   4.2376022576 -10.1404654843   7.4023201226   6.2688910868  -8.7025169762 -0.1004103385  0.2936005989  1.0000000000 -0.2416524816 -0.0799954012  1.0000000000
  7.3683150130   5.4330082817 -10.8439830213   7.8788862900   3.9109043662 -10.2063873279  0.0278382385  0.0164005528  1.0000000000  0.1674579223 -0.0400229353  1.0000000000
  6.3689076086   4.5973348256 -11.4044848901   6.0534300166   4.9234363901 -11.0785382660 0.1093054877 0.1852222158 1.0000000000 0.0602096651 0.1802597395 1.0000000000
  9.0462351397   4.5732124811  -9.0856765613   7.6734734419   4.5118469412 -11.0287096885 -0.0383611944 -0.2882997239  1.0000000000  0.1044308288 -0.0104791671  1.0000000000
  7.7342989765   5.8879568687  -8.9180167802   8.6133933020   7.4188434110 -10.9938693941 -0.1565022736 -0.1230608268  1.0000000000 -0.0240308727 -0.1113257103  1.0000000000
  8.1180831018   6.4704914663 -10.3202633545   6.7547502132   3.6636404215 -10.7566696424 -0.0009087395 -0.1012292432  1.0000000000  0.1457570970  0.1318637848  1.0000000000
  8.0985330420   4.7799721832  -8.6424755034   8.5976005378   5.8029157781 -11.1228397609 -0.1493372872 -0.1713813101  1.0000000000  0.1176564076 -0.0799284561  1.0000000000
  6.9362246229   4.9224309221 -10.4546993135   5.8868043144   7.4219411516 -11.9859347540  0.0505745513  0.1012045764  1.0000000000 -0.0211637126  0.2004018745  1.0000000000
  8.8256207946   6.0381985609  -9.8715742891   7.9831650356   3.0611870798 -10.8401782795 -0.0505874843 -0.1813121646  1.0000000000  0.2843947066 -0.0370931011  1.0000000000
  6.1717303754   6.9743476936 -10.5823915908   6.7062058093   6.9372762385 -11.6141727822 -0.1285321391  0.1154194442  1.0000000000 -0.0246662498  0.1207478089  1.0000000000
  8.0260057258   4.3724774047 -10.9572349866   7.5989177019   6.2379431689 -10.8966790068  0.1665888383 -0.0103918746  1.0000000000  0.0084669646 -0.0126449429  1.0000000000
  7.3298518563   4.8415359506 -11.0475793262   9.2056526498   5.2082602504 -11.9568483283  0.1002315145  0.0578042565  1.0000000000  0.2071999611 -0.1448826742  1.0000000000
  7.3494726706   4.7716878919 -10.5337350720   7.6535711659   6.5353401569 -11.4591707139  0.0349796247 -0.0202835930  1.0000000000  0.0146521727  0.0003815491  1.0000000000
 9.1374514409  4.2982726464 -9.9302144327  8.6292793362  6.8389141156 -8.9737533889  0.1359373853 -0.2809995929  1.0000000000 -0.1870951336 -0.1906035648  1.0000000000
  6.9074403680   4.7392111531 -12.3243510563   7.1742497171   5.9376298624 -11.7734163849 0.1900857125 0.1227476247 1.0000000000 0.1052605114 0.0681468316 1.0000000000
  4.9673202975   5.2091319057  -9.2791881155   7.3264741759   6.8427398982 -11.8816035380 -0.2561218467  0.2993443643  1.0000000000  0.0320435158  0.0762491106  1.0000000000
 8.7604697981  6.0363199833 -8.6218426927  6.4662085812  4.2837618163 -9.5961928469 -0.1175608192 -0.2701515757  1.0000000000 -0.0521686632  0.1313748264  1.0000000000
  6.6399708645   6.3328880955 -13.6271048838   6.4777860143   5.9060315538 -11.0023608912 0.1311304853 0.2017053286 1.0000000000 0.0006310131 0.1478896666 1.0000000000
  5.5823538886   4.1835327956 -10.5974375041   7.5966202427   6.3794997937 -11.5694407147 0.0160361091 0.2625049098 1.0000000000 0.0617163415 0.0250067355 1.0000000000
  9.2453600508   7.2432407844 -10.4340799881   6.1465954824   7.4151077738 -10.2133396381 -0.0266913936 -0.2153924156  1.0000000000 -0.2038880291  0.0995790702  1.0000000000
  5.3512514625   6.2519373922  -9.6256938011   6.5818177212   5.1726390853 -11.6400074946 -0.2002139292  0.2010719046  1.0000000000  0.0959878685  0.1290266658  1.0000000000
 8.6366499895  3.7707920817 -9.9227779061  8.1062463832  4.9812341502 -9.2337132438  0.1568813112 -0.2273283452  1.0000000000 -0.0508915176 -0.1163320373  1.0000000000
 8.3050556280  6.3488514448 -9.8756238873  5.8288457580  6.4360066318 -9.8034740971 -0.0591586311 -0.1085247830  1.0000000000 -0.1766099275  0.1651495146  1.0000000000
  5.6101945929   8.0051045336 -10.7410685491   6.8626457961   5.2378207911 -11.1820528434 -0.1763634744  0.2123275412  1.0000000000  0.0755734269  0.1166166488  1.0000000000
  7.1087702426   3.7341993453 -10.3583290261   7.8453883762   5.6130287151 -10.0455244766  0.1347663615  0.0665630703  1.0000000000 -0.0382884094 -0.0399584402  1.0000000000
  6.1666288717   5.9550622176 -10.4798832906   7.8076496274   6.5672251454  -9.2214388353 -0.0258030980  0.1546760842  1.0000000000 -0.1909360119 -0.0943563010  1.0000000000
  7.6428496547   5.0373853490  -9.2575724785   7.5987914232   6.8479742730 -11.7072929774 -0.0930117355 -0.0717252083  1.0000000000  0.0030358451  0.0006181648  1.0000000000
  9.0448706757   4.2382658565 -10.5458173903   7.0941457011   5.6312682426 -11.3023071346  0.1891335118 -0.1751792734  1.0000000000  0.0445460090  0.0901936668  1.0000000000
  7.2294774057   6.0978443551 -11.1472724956   8.8561025283   6.9786690415  -9.5244580297  0.0093968505  0.0185694766  1.0000000000 -0.1471583861 -0.1829855736  1.0000000000
  9.2154030488   4.3685968822 -10.6333910208   7.1382872831   7.8357029553 -10.5997088850  0.1641436117 -0.2095234197  1.0000000000 -0.1050054297  0.0284684668  1.0000000000
  9.6932954746   4.2627010087 -11.1650454674   6.9380908735   6.6980116339 -10.3338721625  0.2460329765 -0.2079186229  1.0000000000 -0.1352277707  0.0520475274  1.0000000000
  6.7016800680   6.3319290655 -11.9692751484   6.0674549324   4.9346892468  -9.0582905328  0.0571189055  0.0975497421  1.0000000000 -0.2130476773  0.1192147696  1.0000000000
  5.6591357754   6.4494286621 -11.0073147111   8.0011199875   4.4360719394 -12.0064554242 -0.0567251508  0.1956931373  1.0000000000  0.2563868473  0.0006154691  1.0000000000
  8.5023575446   3.9370370426  -9.4365321557   6.2944721779   5.3927609842 -11.6919207823  0.0712680834 -0.2222307876  1.0000000000  0.0968818523  0.1745757281  1.0000000000
  9.1874359749   6.0082733880 -11.4629641776   8.6447855287   6.2747010931  -9.5947390227  0.0981900014 -0.1405252875  1.0000000000 -0.0861292390 -0.1770322612  1.0000000000
  7.4748277236   6.6576084851 -10.6288922832   9.4663456417   5.3469261753 -11.9157225038 -0.0424142314 -0.0123467980  1.0000000000  0.2421743357 -0.1720686755  1.0000000000
  6.4116375307   6.4556568163 -12.9290616435   9.1055684392   5.8886085533  -9.8609264765  0.1202327218  0.1503348567  1.0000000000 -0.0153942362 -0.2147829872  1.0000000000
  6.7049829486   6.3898354337 -10.9729947010   9.6731517469   6.4422049663 -12.4101290748 -0.0039678268  0.1244242161  1.0000000000  0.2063807892 -0.0913803782  1.0000000000
  8.4411592337   8.0196168991  -9.7963629835   7.3459121945   4.5871934956 -12.4579501992 -0.1606190689 -0.1001712345  1.0000000000  0.2392219664  0.0958729764  1.0000000000
  6.9493445873   5.0991560772  -8.7745273418   9.2461178343   7.4526239896 -10.0364333457 -0.1845284684  0.0229958541  1.0000000000 -0.0898787421 -0.2244898070  1.0000000000
  6.8039965300   3.8995939486 -11.2182931595   8.4359289112   4.8305398039 -11.9739529390  0.1865302745  0.1576415577  1.0000000000  0.2608766700 -0.0434030313  1.0000000000
  8.6168040380   4.7601409330 -11.6022886995   6.5938781940   3.6742006675 -12.0094745846  0.2197732301 -0.1194454495  1.0000000000  0.2543732381  0.2104356606  1.0000000000
  7.6750949711   5.8551411664 -11.5056019525   7.5725644777   3.4886825195 -10.7139253792 0.0352731777 0.0236079999 1.0000000000 0.1912617780 0.0102226298 1.0000000000
  8.5853849074   6.2494589114 -13.0214466019   5.7778514377   3.6678350935 -11.0359075437  0.2197586293 -0.0456400372  1.0000000000  0.1462306475  0.2678673317  1.0000000000
 8.2683238625  4.8678846737 -8.0461665038  5.1063196682  5.1760835332 -9.6870486037 -0.2327415027 -0.2782471306  1.0000000000 -0.2142123735  0.3008266262  1.0000000000
  9.3090246332   4.7581735357 -11.3721357278   6.3939846696   5.1166873316  -9.8626928407  0.2245469517 -0.1843887642  1.0000000000 -0.1030487658  0.1051680938  1.0000000000
