341.1000000000
50
 7.8860507404  8.4377167477 -3.1364242090 0.0534675972 0.0105788275 1.0000000000
 7.7165952022  8.5994116114 -1.1533167654 -0.0409328378 -0.1877843114  1.0000000000
 6.2922930891  7.0802276936 -3.6187808742 -0.0424718963  0.0867448523  1.0000000000
 5.9567635555  9.2897828929 -2.7762266676 -0.2197624143  0.1148855412  1.0000000000
 6.8054526718  6.6627589607 -2.5014733718 -0.0424941917 -0.0739511539  1.0000000000
 6.1924311156  8.5810823078 -3.5918971202 -0.0987632248  0.1238357286  1.0000000000
 7.6967366729  5.8555573599 -2.9454510515  0.1171678680 -0.0696865794  1.0000000000
 8.0290581286  6.1046108684 -4.5662892423 0.2343103264 0.0623591960 1.0000000000
 8.0507414386  9.0208262258 -4.7085697987 0.1165586188 0.1882766908 1.0000000000
 7.4231076442  6.0343095706 -3.0916499467  0.1176749906 -0.0433341330  1.0000000000
 6.2813773712  9.4066005372 -4.0263684244 -0.0805505034  0.1888847517  1.0000000000
 5.1375842340  5.7164507928 -2.0400561922 -0.2576462834 -0.1287458780  1.0000000000
 5.7966870658  8.6886673451 -2.8564334260 -0.1713748471  0.0855274205  1.0000000000
 6.5213142452  7.2181725324 -3.8355568948 0.0098260269 0.0805526688 1.0000000000
 7.3248979757  7.9233794598 -1.2534913600 -0.0625331822 -0.1989670401  1.0000000000
 8.0790465138  7.0655589889 -2.8503681640  0.0812102764 -0.0456024070  1.0000000000
 7.9070172733  8.2912997225 -1.1114287069 -0.0162062684 -0.1788762356  1.0000000000
 8.4480594574  6.7655390572 -1.5248375087  0.1247253008 -0.2063823611  1.0000000000
 8.6196184990  7.2153653016 -4.5578666195 0.2458033463 0.1544806384 1.0000000000
 7.7609664736  4.7440021083 -3.6975333380  0.2832669638 -0.0475109997  1.0000000000
 6.6876099253  9.4293212943 -2.6680843102 -0.1150667049  0.0579727417  1.0000000000
 4.9330145930  7.2520674968 -3.3385294202 -0.2395902385  0.1153086937  1.0000000000
 6.0930343087  9.7353642514 -3.1033577139 -0.1687936964  0.1335191326  1.0000000000
 8.7153606904  7.1174932558 -2.4018220717  0.1380304067 -0.0962980219  1.0000000000
 6.6152567537  8.8304875294 -2.4900543465 -0.0701164776 -0.0137154087  1.0000000000
 8.6144567617  5.2393340624 -3.0737672882  0.2503736805 -0.0982258842  1.0000000000
 6.9678425564  6.6760762694 -3.7653819748 0.0439299325 0.1029868072 1.0000000000
 7.1657467870  6.4712941416 -2.4427095276  0.0082634070 -0.1174890748  1.0000000000
 5.5072839167  6.0174548397 -1.9389815713 -0.2324389422 -0.1499008933  1.0000000000
 8.3911587646  6.5464736842 -2.1904033573  0.1367362758 -0.1636727985  1.0000000000
 7.5970886708  5.5079914693 -3.1422292223  0.1871668852 -0.0609908863  1.0000000000
 8.7123674597  8.1992429697 -2.7207532915  0.0857673570 -0.0274543005  1.0000000000
 5.8152424482  8.5511648273 -2.0188277074 -0.1849406326 -0.0514563399  1.0000000000
 9.7936524325  7.8809405521 -2.5417756605  0.2052983693 -0.1079723003  1.0000000000
 7.7654587649  6.9727023143 -3.1357555805  0.0848871717 -0.0032690930  1.0000000000
 7.6845585129  8.0374459971 -2.6404469539  0.0331277046 -0.0092256322  1.0000000000
 8.3630809624  5.8949858307 -1.7564104661  0.1342524028 -0.2443236457  1.0000000000
 6.0706103669  8.5265074884 -2.3348482830 -0.2159451481  0.0138236107  1.0000000000
 6.0201007777  5.6422986213 -3.9927726096 -0.0079543246  0.0824080851  1.0000000000
 7.0691340951  5.7452656958 -3.1319507575  0.0754700491 -0.0659606068  1.0000000000
 6.3901666835  7.2817673822 -1.2377056242 -0.1658998962 -0.1583796199  1.0000000000
 6.9083272631  9.4478911066 -3.8267509762 -0.0580299430  0.1633805272  1.0000000000
 5.7445416691  7.7285886887 -4.1202623550 -0.0984678244  0.2195579958  1.0000000000
 8.7269449244  7.6825384329 -4.9191561025 0.2475040742 0.1771216734 1.0000000000
 8.1021468242  5.3892070063 -4.0709802743  0.3265120436 -0.0467354618  1.0000000000
 7.7792919845  6.9532659349 -1.2253729476 -0.0094624604 -0.2682570463  1.0000000000
 6.2231322102  8.3225541991 -3.5539194503 -0.0977517744  0.0807326351  1.0000000000
 6.7712276906  6.2455914438 -4.8975040342 0.1202695275 0.2239199067 1.0000000000
 7.5614819013  8.2917710043 -2.0804385247 -0.0329320431 -0.0864427332  1.0000000000
 5.9053703286  7.0184761409 -4.7547379197 -0.0049998158  0.2817195883  1.0000000000
50
 7.4408305725  7.0809157633 -1.4703110999  5.8936144766  6.0573083014 -2.8851047350 -0.0240727271 -0.1578141105  1.0000000000 -0.1058897881 -0.0057934924  1.0000000000
 5.1487693862  6.3672582223 -3.6983704667  5.4192434736  8.0609068653 -3.0928477697 -0.1846914572  0.1494867578  1.0000000000 -0.1885512209  0.1000178143  1.0000000000
 6.7656156383  6.2520117258 -3.9768063442  7.7442910007  6.1145006600 -2.0352104673  0.0379237480  0.1007102213  1.0000000000  0.0838486192 -0.1946275973  1.0000000000
 6.0478784110  5.3879988884 -2.9319723951  7.0592084403  7.4021271376 -1.0822017723 -0.0650917934 -0.0547292585  1.0000000000 -0.0873586944 -0.1963830672  1.0000000000
 8.1160378694  8.1017562980 -2.9669136772  7.2776567970  8.1575326078 -4.5287154443 0.0742338649 0.0006924922 1.0000000000 0.0078841693 0.2399062881 1.0000000000
 8.5976222185  8.3897942138 -3.0640699719  5.6248689556  7.2301845423 -3.1818492531  0.1131645504  0.0309997465  1.0000000000 -0.1440122908  0.1066125270  1.0000000000
 8.5572891261  7.4934794426 -4.3872739061  8.4414559248  7.9589428140 -2.0572018486  0.2056800144  0.1299321050  1.0000000000  0.0178805261 -0.1002892042  1.0000000000
 7.1561977117  8.9145001969 -2.2891381049  6.5418776530  7.7721725686 -4.2386319053 -0.0582213067 -0.0137391794  1.0000000000 -0.0385255998  0.1583266234  1.0000000000
 7.3122195228  5.9022939615 -5.1814677934  8.6979303449  6.7447712547 -3.7327984581 0.2216309937 0.2192222585 1.0000000000 0.2376090775 0.0137650184 1.0000000000
 7.6357939764  8.1478971084 -2.0997115892  7.0780522070  6.5144452106 -1.0620542364 -0.0477904148 -0.0660333340  1.0000000000 -0.0701292783 -0.2832914284  1.0000000000
 7.1107870506  5.6456001106 -5.5256610165  7.8377380150  7.8001853149 -2.0995225620  0.2381898814  0.2685282840  1.0000000000  0.0193509303 -0.0492560812  1.0000000000
 6.5021613472  9.6799055010 -3.9494546968  7.3910803777  8.8559275402 -3.9445862349 -0.0614251843  0.1922966228  1.0000000000  0.0399287644  0.1758044642  1.0000000000
 8.4811410644  6.8053685089 -4.7362616835  9.0515804007  7.3750314530 -2.5788331426  0.2398537723  0.1395298621  1.0000000000  0.1752449635 -0.1212070088  1.0000000000
 7.5017159646  5.7520959776 -3.3291078147  4.9777069438  6.5788274789 -4.6682096725  0.0994595492 -0.0280978261  1.0000000000 -0.1263592444  0.2929984817  1.0000000000
 6.2461987015  5.6881615427 -4.6033206643  7.6349537914  6.5040762379 -2.3070665607  0.1006098377  0.2436341193  1.0000000000  0.0142250917 -0.0998607615  1.0000000000
 7.9771557795  7.8894127728 -2.1204132619  9.0271817124  6.7040808698 -1.8494042170  0.0839541199 -0.0813305014  1.0000000000  0.1238495552 -0.1881734393  1.0000000000
 8.1218430965  4.9576999649 -1.9998858902  6.9941559579  7.1988203431 -4.6663754682  0.2230985034 -0.3061840819  1.0000000000  0.0634554381  0.2029013487  1.0000000000
 7.6109031294  8.6237947592 -2.0648994623  8.8172538427  7.9071769664 -1.7205501671 -0.0376615237 -0.0616937437  1.0000000000  0.0902254028 -0.1005743543  1.0000000000
 6.3534948129  8.4270598660 -1.7409435822  5.7221005420  7.5794172344 -2.1691894324 -0.1545909573 -0.0492097233  1.0000000000 -0.1969704555 -0.0425251333  1.0000000000
 8.8726778079  7.4074062384 -3.2565674251  5.0823622750  7.5071324515 -4.0399229975  0.1722916143 -0.0232672979  1.0000000000 -0.1920998648  0.2393726182  1.0000000000
 7.3414528903  8.9513102642 -3.3282371113  7.1620226710  6.7725400240 -2.5767789119 -0.0040284008  0.0818670304  1.0000000000  0.0220103998 -0.0671806593  1.0000000000
 6.7531872163  6.3822983404 -3.3635443720  5.5385808162  6.3643397182 -4.8632035448  0.0307055377  0.0051397770  1.0000000000 -0.0581826273  0.2567812803  1.0000000000
 7.9670541765  7.9968629651 -4.6957594080  7.5564571212  5.5258933094 -5.0898854444 0.1506774900 0.1462857467 1.0000000000 0.2754737967 0.2150444019 1.0000000000
 6.7965573814  8.4346644914 -2.7528160605  9.0664739626  7.5529212883 -1.5230188141 -0.0688266441  0.0404294721  1.0000000000  0.1181473829 -0.1720763827  1.0000000000
 6.4959351704  9.5220823399 -3.2636382944  6.7154756505  8.3142095350 -0.7459010340 -0.1302875782  0.1163800200  1.0000000000 -0.1769220455 -0.1782196761  1.0000000000
 9.4595530694  7.7283261865 -1.4134928049  5.8108970154  7.1228696812 -2.4827983704  0.1511833280 -0.2122905412  1.0000000000 -0.2087455867  0.0036615507  1.0000000000
 8.2028912120  8.5349811495 -3.9398826055  7.1691442506  6.9655981939 -4.5191225859 0.1304820793 0.1069111213 1.0000000000 0.1123123271 0.1986372280 1.0000000000
 7.8019795946  8.1301663849 -2.9549744619  6.6380387245  7.7058412938 -3.1503040797  0.0512379321  0.0333742543  1.0000000000 -0.0661170632  0.1048625182  1.0000000000
 8.7362968232  6.3869103693 -3.2467457143  9.5944655664  7.1890618276 -2.6458127128  0.1960842833 -0.0841003213  1.0000000000  0.2256555976 -0.1119196441  1.0000000000
 8.5037983764  6.4701171082 -2.3514470936  9.4117370382  6.7777557816 -1.7568394388  0.1273187236 -0.1300219187  1.0000000000  0.2031136056 -0.2003096061  1.0000000000
 8.5855876288  8.3498772210 -5.1690060562  7.1028439698  7.5226211925 -2.2832027535  0.1978489485  0.2211615918  1.0000000000 -0.0630702999 -0.0726885368  1.0000000000
 6.6470932334  8.2846466677 -1.3304652812  8.5367285502  6.6944216048 -4.2526886762 -0.1735017775 -0.1074771378  1.0000000000  0.1794804083  0.0697708001  1.0000000000
 6.5486931611  5.8820916229 -3.0277641397  6.6314898478  7.8012004058 -0.4380052648 -0.0172952232  0.0040466421  1.0000000000 -0.1508109882 -0.2063081368  1.0000000000
 6.2942294393  5.7009428746 -3.2981105962  7.2614449599  4.8574039981 -2.9842806295  0.0161893215 -0.0203203060  1.0000000000  0.1828709430 -0.1395547470  1.0000000000
 7.3347905469  5.2725430396 -5.2139907494  9.0641339161  7.6625293004 -3.6519965074 0.2791709428 0.2257541634 1.0000000000 0.2200381008 0.0396862194 1.0000000000
 9.0345390734  7.0950011934 -3.0531612660  6.0306559348  8.4735801157 -4.3664638690  0.1826781529 -0.0562908242  1.0000000000 -0.0819273047  0.2122293469  1.0000000000
 6.0922514010  5.7167449081 -4.4464749709  5.6623567060  6.0106481882 -1.9562132645  0.0773534965  0.1846215893  1.0000000000 -0.1531083135 -0.1251518581  1.0000000000
 6.9233040156  5.5091165597 -3.2492276427  8.0721361015  6.8290571581 -1.8811294415  0.0646442711 -0.0612805432  1.0000000000  0.0705569866 -0.1837718781  1.0000000000
 6.4146588083  7.9084123922 -1.3354770532  6.5081773047  5.6495596075 -2.2491550865 -0.1383647739 -0.1271144179  1.0000000000 -0.0382559546 -0.1244169089  1.0000000000
 7.1090095746  8.4092743665 -1.4446566707  9.0861419649  7.0968277907 -1.6155510788 -0.0822189715 -0.1313063452  1.0000000000  0.1190599415 -0.2022728983  1.0000000000
 6.0340493990  8.6117956937 -3.1864216754  6.2900291773  7.8284430771 -1.8485530131 -0.1473703355  0.0762068630  1.0000000000 -0.1435832305 -0.1255172263  1.0000000000
 9.4383802131  7.8324436857 -2.8600981952  5.9600879505  7.3313539128 -2.6245947876  0.1316011545 -0.0304384185  1.0000000000 -0.1322304025 -0.0188042940  1.0000000000
 7.6199423521  7.5277277650 -3.5477076934  7.9452185595  5.4130257654 -2.5964025351  0.0658391952  0.0726026361  1.0000000000  0.1685615840 -0.1685697936  1.0000000000
 5.5940041888  9.5074364120 -3.3750707116  7.6034884252  8.4817728216 -0.5749040981 -0.2276374630  0.1093469897  1.0000000000 -0.0962968483 -0.1644144306  1.0000000000
 6.5192949235  7.2137491362 -4.5058825552  7.3332567142  7.7007335250 -3.5484332940 0.0340919840 0.1999344982 1.0000000000 0.0456098512 0.0671074871 1.0000000000
 6.3956148135  6.9140428740 -2.2322767153  7.1823551890  7.8445844321 -4.8954968070 -0.0843714859 -0.0322729062  1.0000000000  0.1269275173  0.2051087862  1.0000000000
 8.7796634135  7.7834804194 -5.0024156681  7.5839814440  7.4274266069 -2.2771715261  0.2221041980  0.1690919958  1.0000000000 -0.0072357583 -0.1000866782  1.0000000000
 5.9054397284  9.4336486630 -3.7478077899  6.8402707831  6.8196840971 -1.5652673468 -0.1480461574  0.1905795588  1.0000000000 -0.0788960420 -0.1599483757  1.0000000000
 6.2291686045  5.9825925220 -1.0008507923  5.2567609673  7.2643468406 -4.5217466573 -0.1660499139 -0.2855258696  1.0000000000 -0.1313887205  0.3193770577  1.0000000000
 5.9786791837  7.5093400796 -1.9141468996  6.6922709528  5.7344313430 -5.5466050169 -0.1994625356 -0.0561885539  1.0000000000  0.1939042610  0.3334959872  1.0000000000
