641.1000000000
50
17.8068547017  7.9371308617 -5.0581803374  0.0459182722 -0.1390045189  1.0000000000
16.4741977160  6.6479167212 -6.7294982651 0.1806391786 0.0738265408 1.0000000000
16.4183377108  9.1859946784 -4.0760761362 -0.2320324447 -0.0597028611  1.0000000000
15.7017588569  8.1505321735 -6.1666644268 0.0128606244 0.1456697608 1.0000000000
16.4236805227  7.1560261288 -4.9235449520  0.0314298577 -0.0353739122  1.0000000000
16.5418721801  5.7595354249 -4.9879511466  0.2460995678 -0.0692878124  1.0000000000
16.3595991836  7.5620254045 -7.9144847089 0.1643051189 0.1620723397 1.0000000000
18.3273041288  7.8393756310 -6.1845541760  0.0652503586 -0.1213571424  1.0000000000
17.0771457214  6.8183759913 -6.7309113686 0.2074789321 0.0071031326 1.0000000000
16.3718561754  5.5635170543 -5.5052967990 0.3004969038 0.0042973653 1.0000000000
17.5299579435  8.0474663817 -3.6364549757 -0.0884561865 -0.2814949322  1.0000000000
14.8220309804  5.3896051449 -6.3026615266 0.3668502692 0.2433259623 1.0000000000
14.9219776852  7.5367170221 -6.5220516597 0.0473835731 0.2404078296 1.0000000000
15.5173352313  8.6639279945 -3.6708051175 -0.2502828160 -0.0463549333  1.0000000000
18.4395163412  7.4861931612 -4.7394747882  0.0635642947 -0.2100299850  1.0000000000
14.6949699520  5.2706221670 -6.0532323209 0.3392250262 0.2871698312 1.0000000000
16.3842473071  9.8826638757 -6.4904625441 -0.1356568418  0.0521348276  1.0000000000
15.4759732811  8.6947286637 -3.6752819634 -0.2547861728 -0.0404899284  1.0000000000
18.1201017085  6.8046273046 -6.5319182924  0.2128760844 -0.0828314472  1.0000000000
16.6969104918  6.8067270202 -4.6378146910  0.1384938426 -0.0888448756  1.0000000000
16.0064570806  6.1946631600 -5.9278839802 0.2444712959 0.0654320430 1.0000000000
15.1836385734  7.9909375950 -4.6695938301 -0.1044459838  0.0686268630  1.0000000000
16.5795998108  7.4387390903 -3.7331932899 -0.0633831476 -0.1235782776  1.0000000000
17.8899482016  6.8704299224 -5.7704800257  0.1581466644 -0.1034613479  1.0000000000
15.0747412669  9.7164999199 -5.9920253788 -0.2075399166  0.2228178167  1.0000000000
15.6494411471  7.3113466014 -6.8754584544 0.0772040786 0.1868871056 1.0000000000
17.6364896810  6.3733964909 -4.1900061094  0.1488005680 -0.2327255238  1.0000000000
18.4389470215  7.4790981245 -5.3470224374  0.1483766207 -0.1655957579  1.0000000000
17.3468354493  5.3319885866 -3.9679798812  0.2965868655 -0.2776408797  1.0000000000
15.8588279558  6.8814287039 -6.0343688519 0.1556265132 0.1262319178 1.0000000000
14.6776728521  8.4764210466 -3.5390679000 -0.2602272415  0.0743566342  1.0000000000
15.6087744159  8.8174631962 -6.4745130741 -0.0922927978  0.1319224138  1.0000000000
18.2419689286  8.2628387047 -5.9487861677  0.0525572207 -0.1066239048  1.0000000000
17.3423589487  5.9286196867 -4.0901438739  0.1765413191 -0.2550215378  1.0000000000
16.5361541447  6.9124381351 -3.3769345244 -0.0040304451 -0.2138490624  1.0000000000
15.9512809436 10.1160202704 -6.8150680520 -0.1305801344  0.1243570649  1.0000000000
15.2625481135  6.1281810228 -4.8322053238 0.1568257644 0.0674100275 1.0000000000
15.6364808575  8.6330434650 -3.1038091577 -0.3060669531 -0.0963107676  1.0000000000
16.8646729414  6.2250628150 -4.4173200794  0.1151157782 -0.1664029699  1.0000000000
16.3166875307  7.6256463745 -8.1834179219 0.1566649416 0.1524008407 1.0000000000
14.6172955197  8.7229009537 -6.0868485171 -0.1474780828  0.2433479189  1.0000000000
16.3952312022  8.0337491327 -4.1879021556 -0.1058486695 -0.0654611853  1.0000000000
14.8019923799  9.7589608172 -5.7802947299 -0.2153705581  0.2018819364  1.0000000000
16.6445048293  6.8039112958 -7.1974423760 0.2194645898 0.1022869054 1.0000000000
17.7325212237  9.7355598713 -4.7899186737 -0.1589173226 -0.1267405164  1.0000000000
17.1268750585  9.1986229985 -4.9511099822 -0.1190861045 -0.0617489305  1.0000000000
17.1526834286  8.3931560310 -3.1940417980 -0.1191323322 -0.2628403579  1.0000000000
17.8984395470  8.9475229356 -4.0915416480 -0.1366278527 -0.2223409560  1.0000000000
16.2871083129  9.1926192863 -6.8606516547 -0.0233117212  0.1295017279  1.0000000000
16.9489604427  8.3671953249 -6.7533439712 0.0657822846 0.0662852128 1.0000000000
50
15.6208692161  6.6093163377 -6.9174672201 18.1028951298  9.6923803962 -5.2193503180  0.2580636318  0.2007256103  1.0000000000 -0.1066015147 -0.1588283083  1.0000000000
16.5064247191  8.5748219012 -3.4435149024 18.9274925128  7.3350655508 -6.1067254128 -0.1697790234 -0.1341992530  1.0000000000  0.1497047745 -0.1383282639  1.0000000000
16.9845434357  9.4377760439 -4.1746944442 16.4108907381  8.0639678409 -4.9061059075 -0.1905841744 -0.1355486428  1.0000000000 -0.0527239670 -0.0057535457  1.0000000000
15.2853112196  7.4075165664 -4.7095063850 15.4492820627  8.0444689414 -6.1880040022 0.0014663122 0.0986571410 1.0000000000 0.0034622040 0.1410841186 1.0000000000
16.4470346310  7.8398317559 -3.3471808158 15.2020115189  5.6636728450 -5.6770060423 -0.1128342796 -0.2014649170  1.0000000000  0.2581437818  0.1822335552  1.0000000000
18.6525951509  7.7462408546 -6.3918531223 18.6606966613  6.7899549096 -6.3151281951  0.1079838202 -0.1201730703  1.0000000000  0.2154874829 -0.0734909444  1.0000000000
14.9662806534  7.8792033302 -3.6281988474 15.6457213329  7.6634263787 -3.9524513126 -0.2192322046  0.0135120546  1.0000000000 -0.1219021479 -0.0469729082  1.0000000000
16.7939000237  6.4185908124 -3.0407058200 15.9727459650  5.1661427817 -5.1412497343  0.0441746126 -0.2936773732  1.0000000000  0.3328519905  0.0056496588  1.0000000000
15.8209629797  7.3259433976 -5.9062801613 18.0335171400  8.6524310626 -5.4942069407  0.0707489793  0.1199163722  1.0000000000 -0.0045623848 -0.0964906236  1.0000000000
16.4382290868  6.9461145204 -4.9583623972 16.4307604072  8.3552087868 -5.4283653777  0.0973208948 -0.0376209318  1.0000000000 -0.0338715569 -0.0118475464  1.0000000000
16.5334952528  7.3246146741 -5.5227105347 16.7663726656  6.1167379890 -4.9245896852  0.0640612990 -0.0007219756  1.0000000000  0.2092628193 -0.1503595317  1.0000000000
16.0510767733  7.6980042449 -4.0766433183 16.4696545579  6.6467027428 -5.6949309066 -0.0816853105 -0.0873984562  1.0000000000  0.1716401280  0.0297232384  1.0000000000
17.1964561876  7.1424369219 -6.5763690420 15.4425635425  7.8645474954 -4.7027979291  0.1663286680  0.0074698814  1.0000000000 -0.0837015888  0.0356194972  1.0000000000
16.8110984341  8.7002496401 -2.7511705388 15.7718497450  9.4602182967 -6.8954287894 -0.2382935216 -0.2487529528  1.0000000000 -0.0986513516  0.1902116942  1.0000000000
17.0715283040  6.6454479227 -4.5626790021 16.1247779070  9.7491739956 -6.7892518935  0.1042949014 -0.1403856369  1.0000000000 -0.0907648737  0.0986114389  1.0000000000
16.9059657180  6.5952379601 -4.8307540257 16.7426601941 10.2089643418 -5.8760511231  0.1542532901 -0.0831607212  1.0000000000 -0.1601808578  0.0168754538  1.0000000000
16.0450185954  8.6343694241 -6.6963546346 16.9866621610  5.2838417493 -4.5062585422 -0.0380181337  0.1362102374  1.0000000000  0.2870090053 -0.2249814533  1.0000000000
15.9815777454  8.7070553311 -7.4545678474 17.3847482989  9.4913781211 -4.4461318219  0.0253709829  0.1553833449  1.0000000000 -0.2088824964 -0.1471701740  1.0000000000
15.1108569250  8.0342991014 -3.4902621524 15.4698924237  8.3965241327 -3.0977287288 -0.2371343922 -0.0291653676  1.0000000000 -0.2657586543 -0.1097500454  1.0000000000
15.3581284778  8.2586890649 -4.9982957122 14.6325419570  8.1886591170 -3.7696181757 -0.0976098757  0.1227427800  1.0000000000 -0.2011078992  0.0975682155  1.0000000000
14.4566445711  7.7053404048 -5.7116719678 16.8929737093  7.2830072434 -8.4467844677 -0.0291520116  0.2453734353  1.0000000000  0.2212203051  0.1438378373  1.0000000000
15.2601567668  5.9002692437 -5.1489033677 15.0004831644  9.5106293622 -5.1504069733  0.1599990441  0.1029908111  1.0000000000 -0.2222982232  0.1566881433  1.0000000000
16.3241906513  6.2386830411 -6.4962125476 17.4375748218  9.9013626548 -5.6465336878  0.2257524610  0.0970029260  1.0000000000 -0.1530981716 -0.0473491916  1.0000000000
15.7776712820  6.4198905757 -4.3455064825 16.2098719553  5.5626202676 -5.5508343095  0.1006838092 -0.0466608503  1.0000000000  0.2659117720  0.0251264143  1.0000000000
14.8201551579  6.8943936006 -5.9570139388 14.8512226553  8.8131146620 -6.0943523582  0.0886524234  0.2268830352  1.0000000000 -0.1127797100  0.2339154153  1.0000000000
17.2810532476  9.0162486266 -4.4225547027 15.8526308774  8.1442646777 -2.7156465626 -0.1059282130 -0.1430188595  1.0000000000 -0.2788743241 -0.2094894389  1.0000000000
16.3940551763  5.8752235485 -4.0107670312 16.3860965138  8.4243837226 -6.8651933942  0.1821161990 -0.1532122612  1.0000000000  0.0208255534  0.0940527796  1.0000000000
17.6886003253  9.3772606280 -4.9541711042 18.1020419300  7.9159018017 -5.4468545825 -0.1059076792 -0.1675273916  1.0000000000  0.0503991266 -0.1257863134  1.0000000000
17.5989052419 10.1281984505 -5.0162553307 16.7118326229  7.5790129815 -5.5570350615 -0.2047677068 -0.1070821514  1.0000000000  0.0208138414 -0.0228931695  1.0000000000
15.7425941889  7.9519074039 -5.9348361391 16.3099366319  7.2345860282 -3.7436773251  0.0102056089  0.1517871575  1.0000000000 -0.0258367913 -0.1394710600  1.0000000000
15.1426569936  7.2158334678 -6.3655958958 15.6568900026  6.9250106157 -7.3513997359 0.0625495105 0.2717146711 1.0000000000 0.1774696665 0.2466228223 1.0000000000
14.9050113149  9.5930258003 -6.3180346191 15.7538102287  6.4249506896 -6.5949259587 -0.1545919297  0.2163138781  1.0000000000  0.2490054846  0.1813289429  1.0000000000
16.6023444797 10.1029685909 -6.1078400762 15.7394539390  7.6857707225 -3.8632059483 -0.1388144054  0.0856861015  1.0000000000 -0.1093929151 -0.0173057838  1.0000000000
17.6313652322  8.0152787255 -5.6698645212 15.4413964594 10.0382025079 -6.2183677756  0.0441038213 -0.0807337998  1.0000000000 -0.1978920964  0.1319245045  1.0000000000
16.8186918075  6.5373910998 -5.2696996444 16.5708247085 10.0780085751 -5.5529495239  0.1793707938 -0.0117386851  1.0000000000 -0.1804158216 -0.0086369317  1.0000000000
15.0321296913  5.9241060456 -6.7310670468 17.6666308855  7.3153005298 -7.2558614982  0.2760094017  0.2472759925  1.0000000000  0.1659370267 -0.0074651563  1.0000000000
18.2997850449  6.9516998317 -6.0346678584 17.0159729764  7.9745835341 -7.0384937948  0.1497435067 -0.1312613877  1.0000000000  0.0780546250  0.0558854871  1.0000000000
16.4631230073  8.9429268632 -5.9386656481 16.6696716968  7.8411129501 -7.3137609449 -0.0829516337  0.0172869803  1.0000000000  0.0975407922  0.0687271034  1.0000000000
15.0886056588  8.5747818065 -3.6993173017 17.9909029667  6.7570363080 -6.2061468445 -0.2855415599  0.0123244735  1.0000000000  0.1917328429 -0.0878490652  1.0000000000
16.2270682869  9.0202387505 -6.1827771900 16.7965085397  6.6451076267 -6.2494774803 -0.0751107220  0.0477343929  1.0000000000  0.2205048395  0.0360072169  1.0000000000
15.9801399766  6.9620118366 -6.9812340443 15.6062342364  8.3294563965 -5.8319413454  0.1567008344  0.1367072182  1.0000000000 -0.0624536386  0.1591235418  1.0000000000
16.3689442548  7.2516289981 -5.4004764383 16.0920188064  8.1210074270 -4.1782403212  0.0831945294  0.0490418764  1.0000000000 -0.1268322750 -0.0628088193  1.0000000000
19.1033032377  7.4279879024 -6.4032364839 14.6491018327  7.0323962780 -6.3988759255  0.1470498742 -0.1012775219  1.0000000000  0.0754127494  0.3074728905  1.0000000000
16.0936370367  7.8236360487 -2.7037218450 14.3194015440  7.0620270792 -5.2079164297 -0.2059811738 -0.1841400591  1.0000000000  0.0210472231  0.2101839569  1.0000000000
14.5113476071  7.8525718356 -3.8772626967 17.2535914748  6.5071007400 -4.5298272758 -0.2244052368  0.0994930819  1.0000000000  0.1282184886 -0.1686642575  1.0000000000
14.9282823145  6.9618314032 -5.3597370335 15.6830033438  7.2965658117 -3.2836916596  0.0746781378  0.1763748527  1.0000000000 -0.0695734186 -0.1039547359  1.0000000000
15.7786636988  6.4759251955 -6.2458762713 18.5933943191  9.6189248383 -4.9730934404  0.2260994075  0.1183381480  1.0000000000 -0.0795067052 -0.1825427585  1.0000000000
17.1077921502  7.5852826196 -3.3727103667 15.8486524835  7.4250669444 -3.8642510295 -0.0824870430 -0.2456827115  1.0000000000 -0.0533588910 -0.0647077596  1.0000000000
17.3599019357  8.2758381059 -5.8828659626 17.3253669149  9.0652856330 -6.2987095172  0.0128746532 -0.0268223468  1.0000000000 -0.0591227299 -0.0109013331  1.0000000000
15.7336622738  9.1738684255 -4.3614892289 15.3649800111  8.9942108496 -5.9638745519 -0.2259529078 -0.0025638068  1.0000000000 -0.1432863833  0.1624237796  1.0000000000
