33.7000000000
50
 5.5827625560  9.8586371937 10.2176504629 -0.0214468810  0.1574878232  1.0000000000
 3.8733037799  8.5806274254 10.0338486820 -0.2304319974 -0.0764191227  1.0000000000
7.4181427390 7.6946754581 9.8778968532  0.2235323996 -0.1764839549  1.0000000000
 4.3257339379  8.9663568822 11.9067451375 -0.1340642716  0.0025383419  1.0000000000
 6.6442504080  8.3147901389 10.2431457061  0.1363780663 -0.1025872203  1.0000000000
5.1504989848 7.5696708135 8.3373070509 -0.0743917720 -0.2096288416  1.0000000000
4.5816554843 7.3491744757 9.4794893462 -0.1625304154 -0.2426705224  1.0000000000
4.4716769142 9.6641511604 8.2834340096 -0.1842579168  0.0815897289  1.0000000000
 6.0093785403  9.3446333585 10.4173307668 0.0445852999 0.0400649919 1.0000000000
 6.5013767769  9.7086314355 11.5318267013 0.1348525972 0.0718515520 1.0000000000
 7.5921140154  7.4573652893 10.3464293078  0.2589761980 -0.2166004086  1.0000000000
 5.6538424349  7.6538179534 11.9422722891 -0.0223046318 -0.1185883835  1.0000000000
7.2613066366 7.2933377233 8.6265028016  0.2908614043 -0.2607502495  1.0000000000
 5.0750914580  7.8672976129 10.6234903482 -0.0626111814 -0.1532365023  1.0000000000
 4.8521532055 10.7780190197 11.9664900516 -0.1206993273  0.1809958267  1.0000000000
6.6974600741 8.2063019199 8.4572865369  0.1835496956 -0.1106417551  1.0000000000
6.8325706170 9.1003658862 8.7642636920 0.2096638731 0.0108926578 1.0000000000
 4.1747344781  9.9547473192 11.4955374795 -0.1607393021  0.0853080621  1.0000000000
4.0761567407 8.1740424142 9.8530946351 -0.2201553476 -0.1619095225  1.0000000000
 6.3194956237 10.7600663215  8.4837584669 0.1101452907 0.2836636868 1.0000000000
 5.6807016427 10.6490176627  9.0228924999 -0.0338825531  0.2264072447  1.0000000000
3.8364033915 8.5724206208 9.7428852053 -0.2188031301 -0.0777704460  1.0000000000
7.5495381609 8.0635079512 9.9481239336  0.2053954089 -0.0856570521  1.0000000000
 4.0923857388  9.5062073626 10.9209620558 -0.1747244639  0.0910612771  1.0000000000
 6.4871195965 10.3929805601 10.5664371620 0.1179296407 0.1881705278 1.0000000000
 6.2231490457  9.4276901293 11.8219281039 0.0465812288 0.0550821772 1.0000000000
6.3994728227 8.5311162258 9.9546485912  0.0997719261 -0.0620964701  1.0000000000
6.9572018974 8.8398718488 8.8293973350  0.2042195859 -0.0425903003  1.0000000000
6.2321909180 9.2188280674 9.9785176170 0.0704661144 0.0396877024 1.0000000000
3.7515368531 7.8584393096 9.8597108429 -0.2505651094 -0.1379811425  1.0000000000
4.0926943230 9.7547005253 9.4901072548 -0.2247812009  0.0868106359  1.0000000000
 4.9619002713  9.8367940866 10.9701072793 -0.0603859368  0.1231909579  1.0000000000
 6.4492038216  9.6144026812 12.0343301148 0.1021698623 0.0651343044 1.0000000000
 4.1993685126  9.9641717105 10.5679457783 -0.1705690778  0.1093818741  1.0000000000
6.7727314174 8.5416166430 9.8848472250  0.1578031621 -0.0538981713  1.0000000000
 5.1710433951 10.9679403277  8.3728564576 -0.0508777947  0.3134281244  1.0000000000
4.8120775310 9.6414475030 9.9425596114 -0.1505741988  0.1178174717  1.0000000000
 6.6201765864  8.8383533381 11.7583683639 0.1012965335 0.0317316706 1.0000000000
7.1627586198 7.2803361667 9.9735867507  0.1960479982 -0.2168066382  1.0000000000
 4.9782355788  7.3895488074 10.8536308954 -0.0685084779 -0.2250186855  1.0000000000
6.5001747697 7.6682317649 9.4966631221  0.1209473494 -0.1834722968  1.0000000000
3.7059238927 8.8931810392 8.4066689771 -0.3050476017 -0.0251319441  1.0000000000
 6.4839285254  7.4073731693 10.9330685691  0.0965611449 -0.1793975187  1.0000000000
6.2993205848 7.7995551575 9.8500092389  0.1185184724 -0.1523397866  1.0000000000
 4.7512872082 10.8880867360 11.4758153709 -0.0934606724  0.1764118635  1.0000000000
 6.3722882797  8.2486251400 11.3750090070  0.1417357282 -0.0586213356  1.0000000000
6.4919636906 9.2764165146 9.9774852337 0.0953675696 0.0181679440 1.0000000000
 4.2200336068  8.1533753488 11.9272894697 -0.1340770658 -0.0611516707  1.0000000000
 7.7844272391  7.4993861218 12.1171953113  0.2150851018 -0.1367759359  1.0000000000
5.4928598516 8.7969185267 8.5608218749 -0.0068821516 -0.0207046022  1.0000000000
50
4.6908048625 7.6240258108 8.6585580160 6.5734539059 7.5839105107 9.8927922983 -0.1228943216 -0.2291120222  1.0000000000  0.1600235896 -0.1792047329  1.0000000000
 7.0901882542 10.3083957708  9.9778782290  3.8182676955  8.9900268861  8.8459030682  0.1853317215  0.1613166900  1.0000000000 -0.2588119832 -0.0017061334  1.0000000000
 7.7535520258  9.7501533997 10.3450013668  4.9448357967  8.4193015269  9.6809650451  0.2751324401  0.0930141180  1.0000000000 -0.1066649118 -0.0819387036  1.0000000000
 7.1691509138  7.0696028380  8.7777246414  4.3517259662  7.5823599525 10.6760757683  0.2555794081 -0.2995230905  1.0000000000 -0.1602804522 -0.1487919451  1.0000000000
 4.8921213557  7.5535162782 10.3032112102  6.7391666941  9.2919876292 10.2003910821 -0.0649733195 -0.1629131855  1.0000000000  0.1099585420  0.0621616900  1.0000000000
 7.3596397343  9.6722906333 10.5105326374  3.9411358862  7.4874014694 11.6771724991  0.1621223336  0.1388661682  1.0000000000 -0.1800961493 -0.1901537693  1.0000000000
 7.2996353648  9.1938029501 10.4052403796  5.2252899550  9.8127787735  9.7722008509  0.1987261970  0.0175154093  1.0000000000 -0.0258484699  0.0983605432  1.0000000000
3.9850131185 8.0587030016 9.9314001607 5.4212964679 9.4457835844 9.8278943442 -0.2044348058 -0.1281759275  1.0000000000 -0.0522436792  0.0926603157  1.0000000000
 5.6063981966 10.0562435432 11.0378344924  6.0723198546  8.4400876738 10.5406890900 -0.0457102765  0.0914141757  1.0000000000 -0.0223941769 -0.0582921890  1.0000000000
 6.6849287313 10.4735333896 11.1257829900  4.8372687320  8.5422030665  8.3687495963  0.1510655646  0.1891699973  1.0000000000 -0.1155659433 -0.0428668219  1.0000000000
 7.7416695185 10.8203696328 11.2154703736  4.1334515287 10.3181426378 10.9135117285  0.2290670869  0.2281587914  1.0000000000 -0.1901802752  0.1444989366  1.0000000000
 6.3220108710  8.4970227266 11.0028589676  5.1492464623 10.0707789588 10.5607492210  0.0828071425 -0.0696543229  1.0000000000 -0.0885617128  0.1319463393  1.0000000000
 6.1325580045  7.6886424029 11.9809699555  4.4762264958  9.3269904684  8.2983649647  0.0592116791 -0.1486382695  1.0000000000 -0.2014972602  0.0527672593  1.0000000000
 7.5450465553  8.0536329630  9.8407366225  5.1373799022 10.4725093540 11.7028064269  0.2546998041 -0.1412445058  1.0000000000 -0.0407937696  0.1499728140  1.0000000000
 4.5368562420  9.4325597879 10.0378326839  6.0132006660  9.4982444762  8.8155052236 -0.1435663204  0.0253537147  1.0000000000  0.0497105330  0.0615159580  1.0000000000
5.9052742049 8.5852325637 9.9798151085 5.1206270726 7.2466051269 9.8900908743  0.0176139087 -0.1114254633  1.0000000000 -0.0615572924 -0.2069300818  1.0000000000
 6.7290756150 10.0043167942 10.1210789116  5.6696031016  8.3547769965  8.7054751623  0.1223039924  0.0964427222  1.0000000000  0.0080281222 -0.1103336360  1.0000000000
 6.4055771130  8.1106028282 10.0149172264  4.6375533782  8.1949287769  8.4204960567  0.1241480800 -0.0685945512  1.0000000000 -0.1087933397 -0.1312114531  1.0000000000
5.8295256512 9.8516611502 9.1447594113 5.2513237142 9.3343873017 8.9885532748  0.0316274200  0.1471023660  1.0000000000 -0.0639967293  0.0199673299  1.0000000000
 7.6201563258  7.0390685348 10.1725043751  6.1807075630  7.6991765010 10.9912488960  0.2676801031 -0.2239385756  1.0000000000  0.0433206107 -0.1737593136  1.0000000000
 3.7629475439  9.5377686617  9.3617966241  3.9987278274  7.1822269180 11.5212105987 -0.2393195239  0.0702942919  1.0000000000 -0.1993241876 -0.1927001647  1.0000000000
 6.9904631705  9.0229720029  8.8216739512  4.4784891033  9.5992735734 11.8517431873  0.1883995320 -0.0125774626  1.0000000000 -0.0951038651  0.0664859854  1.0000000000
5.4616732194 7.3800587092 9.7996716986 6.5800039739 7.4995352961 8.4290968197 -0.0328128488 -0.2104056704  1.0000000000  0.1642214682 -0.2540245950  1.0000000000
 5.5041941422  8.4720175233  9.4348146799  3.9314453448  9.2848187700 11.5712784688 -0.0037723487 -0.0753752382  1.0000000000 -0.2228321510  0.0427518881  1.0000000000
 3.8712056896  7.2980931200  9.0987642218  4.6633792390 10.0608788495  8.9752921014 -0.2212600300 -0.2868320057  1.0000000000 -0.1453915465  0.1444445372  1.0000000000
 7.1378294571  7.0614814311 11.3149585299  7.3610553499 10.2872078710 11.3117789179  0.1557996893 -0.2166684469  1.0000000000  0.1830516187  0.1124190016  1.0000000000
 5.4591031764 11.0023032151 11.6246118197  3.9707291554 10.6328454542 10.9570867210 -0.0128166481  0.1922364555  1.0000000000 -0.1732312228  0.1781402628  1.0000000000
 4.2896583380  8.1916868107 11.5836033027  4.7423985612  8.4099642921  9.3262734193 -0.1453627334 -0.1270118991  1.0000000000 -0.1349734661 -0.1196168239  1.0000000000
 6.3570052414  9.5787484846 12.1911760117  4.4718534703  8.9136500093 10.0481055275  0.0507303074  0.0614737855  1.0000000000 -0.1652822450 -0.0323931318  1.0000000000
 4.7434811058  9.7117830027 10.1414511122  7.7995478138 10.3367770888 10.2256641488 -0.0860087939  0.0897456598  1.0000000000  0.2665719319  0.1742342794  1.0000000000
 3.9125460196  9.6083220262 11.2896542861  7.1896821017  8.6613336238 10.5542531871 -0.2238330303  0.0771720664  1.0000000000  0.1542106085 -0.0172823839  1.0000000000
 7.1368168232  8.0618477207 10.0671079683  6.8534463097 10.7542397991 11.6470998186  0.2180265075 -0.0898596119  1.0000000000  0.0963291057  0.1748666375  1.0000000000
 3.9789728837 10.1528286064 11.8854221069  5.1307812796  7.1708148939  8.3445112548 -0.1859944296  0.0869507129  1.0000000000 -0.1027821013 -0.3116017346  1.0000000000
 3.7600131016  7.2160930933  9.4273835769  5.7820596969  8.9449368518 11.8421658607 -0.2747418336 -0.2546352389  1.0000000000 -0.0188131761 -0.0027041489  1.0000000000
 4.3952484849 10.8647145592  8.6035009687  3.7715647086  8.9785748698  9.5916072543 -0.1589754751  0.3083445911  1.0000000000 -0.2058716397 -0.0158883530  1.0000000000
 6.2807280429  7.9017315485  9.4856241873  4.0659819944 10.3649266283  9.6516533149  0.0741737900 -0.1582543357  1.0000000000 -0.2086811780  0.1394776945  1.0000000000
5.0810404332 8.2305567559 9.0368694776 4.8226044199 7.7125527352 8.4514033608 -0.0388863314 -0.1248385024  1.0000000000 -0.0981113875 -0.2092031874  1.0000000000
 4.0136416467  7.3522614015 11.4606486120  4.1788955139  7.4477933002 11.5680156904 -0.1672531914 -0.1901392761  1.0000000000 -0.1663302557 -0.1501660340  1.0000000000
4.2737282339 8.5651997597 9.0536550141 6.2004877049 8.1295749949 9.0630634817 -0.1924158947 -0.0870017849  1.0000000000  0.0606786781 -0.1002515752  1.0000000000
 6.1123023413  8.4812503768 11.0215414031  4.0971231842  9.8473742930 11.7286235161  0.0371912518 -0.0746678961  1.0000000000 -0.1631177053  0.0743318143  1.0000000000
 4.9319284046  7.1064560902 11.7358492440  4.2330521140  8.4979179947 10.3337539147 -0.0742264973 -0.1868390057  1.0000000000 -0.1970307535 -0.0352152086  1.0000000000
 5.4800863219  9.2530557174 10.5636150871  6.2278753471  9.4316996485 11.9199146048 -0.0453993610  0.0196007498  1.0000000000  0.0580217765  0.0432470326  1.0000000000
6.3842766005 8.5867616523 9.0793261308 6.7630441014 7.8609906570 9.3202870075  0.0994790372 -0.0460785412  1.0000000000  0.1485703642 -0.1293405662  1.0000000000
 4.3282594864  8.7198635611  9.8230924894  5.5227936914  9.5467413427 10.3422859718 -0.1761834966 -0.0289582158  1.0000000000 -0.0089077330  0.0830963233  1.0000000000
 6.9142413309  8.3128011899  8.7958430025  5.7751169200  7.8073455636 11.1733000507  0.1829825627 -0.0783939313  1.0000000000 -0.0062861338 -0.1405733339  1.0000000000
 5.8420965240  7.2872179629 11.4199082089  7.2444715102  9.2897956760  8.5260922814  0.0110137007 -0.1453595839  1.0000000000  0.2296568082  0.0308402839  1.0000000000
 5.4540112584  7.6844182701  9.0791384974  3.9502198636  7.4599741578 10.8310771641 -0.0322135746 -0.1814960384  1.0000000000 -0.2006442478 -0.2024741002  1.0000000000
 5.5236718923  8.2907695464  9.1485950419  6.5564317064  9.4091670748 11.7810477779  0.0111644916 -0.0991031836  1.0000000000  0.0866133223  0.0743060118  1.0000000000
 4.2472884884 11.0304908119 10.9299367088  6.7445336457  9.0709958630 11.4268249865 -0.2054816512  0.1954820938  1.0000000000  0.1054575452  0.0535242090  1.0000000000
4.0340521593 9.7710283623 9.2615230127 4.7734288889 8.6974794551 8.4575595161 -0.2010328608  0.0912623893  1.0000000000 -0.1398518811 -0.0151206409  1.0000000000
