670.2000000000
50
  3.1545698792  -2.0263277509 -10.4934075891 0.0048954115 0.0204471949 1.0000000000
 4.3696619716 -2.9375443951 -8.9424696355  0.0872101599 -0.1604030058  1.0000000000
 1.3671047467 -1.5003945601 -8.2888151340  0.2204766583 -0.0233786502  1.0000000000
 4.8944955287 -1.9983511445 -9.1240706800  0.0591060277 -0.1834666032  1.0000000000
  1.0103134602  -1.6092519386 -10.3163821878 0.0510467078 0.1755574242 1.0000000000
  2.5642655108  -1.4545028573 -11.8485862885 -0.0687882486  0.2001961788  1.0000000000
  2.9287658193  -0.7070771234 -11.1322859063 -0.1321187822  0.0760863459  1.0000000000
 2.9912893028 -0.6940728195 -8.0670269726  0.0295284414 -0.1962109148  1.0000000000
 2.1572049829 -1.4672852661 -8.3160826066  0.1601104609 -0.1308895613  1.0000000000
  2.0906516828  -3.0340108732 -10.0239795203 0.1871658505 0.1040092145 1.0000000000
 2.6318228705 -0.1759867267 -8.7109312279 -0.0897362079 -0.1190316248  1.0000000000
 3.7394403568  0.2845234743 -8.7681716370 -0.1274945443 -0.2301995107  1.0000000000
  2.9336404632  -1.2488728015 -11.9477554183 -0.0762811077  0.1713414417  1.0000000000
  3.9984753338  -1.5127321251 -10.3682098435 -0.0552977882 -0.0113148490  1.0000000000
  2.1059955811  -1.6627153775 -11.9098775685 -0.1055168580  0.2017260337  1.0000000000
 3.2548215358 -1.9499839752 -8.8188305741  0.1034240492 -0.0960402369  1.0000000000
 2.0261581438 -0.7229786292 -9.0804173202 -0.0111135409 -0.0547362502  1.0000000000
  1.1924282031  -0.3433346530 -11.4605607026 -0.1600096758  0.2332878139  1.0000000000
  2.3674500837  -1.8395530193 -10.5751449999 0.0050812765 0.1437723383 1.0000000000
 1.5850473566 -2.1532121171 -8.9729654137 0.1850703101 0.0436079881 1.0000000000
  1.5593839926  -2.0081888760 -11.1051178926 -0.0043801803  0.1744363034  1.0000000000
 3.3719544350 -2.2791932760 -8.2875278125  0.1510925842 -0.1218980033  1.0000000000
 3.0435748069 -0.2011476522 -9.6553644495 -0.1415384418 -0.0497285152  1.0000000000
  3.3819937614  -0.8381669974 -11.7315820782 -0.1398020526  0.0809804440  1.0000000000
 4.0533411946 -3.1275276803 -7.9684645086  0.1852277232 -0.1803580831  1.0000000000
 0.3806403088 -1.3705732600 -9.0940685937 0.1646186128 0.1671698562 1.0000000000
 3.2830295561 -0.5846834842 -9.1217061074 -0.0421069660 -0.1578724919  1.0000000000
 2.4187368601 -1.6244981620 -9.0231972685  0.1069336069 -0.0466676950  1.0000000000
  0.9443626794   0.6188421361 -11.2442981997 -0.2529248027  0.2713857183  1.0000000000
  2.2207659559  -2.5740123819 -10.4644856265 0.0774950486 0.0954834523 1.0000000000
  3.9075562110   0.0098887556 -10.2346112097 -0.1556167374 -0.1470188764  1.0000000000
 4.1225803443 -2.1286127520 -8.7855442897  0.1335702602 -0.1732293845  1.0000000000
 1.9813264441  0.2313615731 -8.9862466785 -0.1440535376 -0.0955009153  1.0000000000
 3.2102531594 -2.8419265273 -9.6400473267  0.1384829165 -0.0286793630  1.0000000000
 3.4832461985 -2.4030287884 -9.9514623116  0.0240530465 -0.0198659164  1.0000000000
 3.5437100443 -1.0387162032 -9.0083472129  0.0090023257 -0.1682442203  1.0000000000
  3.1235932147  -2.0876077889 -10.3627854954 0.0524764914 0.0309295062 1.0000000000
 2.8238976741  1.1261220335 -9.2434722504 -0.2431692575 -0.1958056768  1.0000000000
 2.0002176709 -0.2564037456 -8.2329667648  0.0108943684 -0.1290854716  1.0000000000
  2.1818471885  -2.9978721629 -11.3168842479 0.0739595062 0.1537360915 1.0000000000
 2.8328491197  0.2369394457 -7.8205605566 -0.0675321865 -0.3055076971  1.0000000000
  1.7849711982   0.5086694160 -10.6805535752 -0.2393397653  0.0973404806  1.0000000000
  1.1097168778  -3.1837041906 -10.6584377714 0.1511438484 0.2400194961 1.0000000000
  1.0519607408   0.9759658069 -10.6964369603 -0.2719053636  0.1676010985  1.0000000000
 2.3354850875 -2.3719741858 -8.7802340890  0.1846263254 -0.0237869452  1.0000000000
  1.8121116131  -2.7318166711 -10.7461989008 0.1208605011 0.1540503440 1.0000000000
 2.1709279410 -0.0447338410 -9.3895825166 -0.1066271714  0.0043292606  1.0000000000
  2.9046001576   0.0958486791 -10.2893522790 -0.1156953749 -0.0580475301  1.0000000000
  2.0744145418  -1.5511890888 -11.8145132170 -0.0784903308  0.2166559129  1.0000000000
  2.5842902608  -1.5222311884 -10.4996485891 -0.0098985211  0.0841521878  1.0000000000
50
 2.9178944923 -0.9801652510 -7.6745931454  3.5687609567 -0.3195246892 -8.7750816753  0.1000903949 -0.2398578772  1.0000000000 -0.1116405473 -0.2065993171  1.0000000000
  2.1128219433  -1.6543461329 -11.8326570600   1.2546853998  -0.1506889873 -11.6132572696 -0.0514092025  0.2185384590  1.0000000000 -0.1881696803  0.2878027023  1.0000000000
  1.4123167318  -1.5280044098 -10.5099791414   3.7681058136  -1.9392631593 -10.9001289132  0.0395800595  0.1710366660  1.0000000000 -0.0266274326  0.0178557036  1.0000000000
  1.6699909129  -2.9685846601 -10.4226460241   2.7161413304  -1.8181970721 -12.3279532410  0.1669061055  0.1783568883  1.0000000000 -0.0987661046  0.2074990954  1.0000000000
 2.9979938527  0.0108712811 -9.4485437064  0.3532498771 -1.9085034426 -8.9714932358 -0.1213290074 -0.1368972388  1.0000000000  0.2233330821  0.1989140099  1.0000000000
 3.9476476611 -2.7637141326 -8.1151516305  1.6563418544 -2.7995282182 -8.6858619959  0.1589925405 -0.1673904986  1.0000000000  0.2458055742  0.0233590029  1.0000000000
 3.3401376468 -3.1621489446 -8.6439415966  0.5309652739 -2.0442088327 -8.5413525395  0.2221192466 -0.1471573957  1.0000000000  0.2932788418  0.1078713567  1.0000000000
 2.4744473774 -1.2142316691 -7.4810408362  4.5670066507 -0.7757605385 -9.2710481941  0.1698688596 -0.1990723600  1.0000000000 -0.0397907672 -0.2171670768  1.0000000000
  1.2934501218   0.3553026025 -10.4141596425   3.8459637201  -1.1694573100 -11.7933015069 -0.2210461267  0.1209278156  1.0000000000 -0.1514243090  0.0570410651  1.0000000000
 2.9570639653 -0.0728912230 -8.1202161596  3.5832114625  0.1992464676 -9.4495311039  0.0140286203 -0.3079573027  1.0000000000 -0.1935454362 -0.1651676966  1.0000000000
  1.1407196771  -0.4048102129 -11.3967628173   1.7101755370  -1.4283627304  -8.5423489870 -0.1659826253  0.2551639805  1.0000000000  0.1381777542 -0.0184512959  1.0000000000
 1.9519710273 -2.1129761237 -7.3814881683  1.9146855954 -0.9494173074 -8.4025069801  0.3140766969 -0.1861108181  1.0000000000  0.0940196916 -0.1485865220  1.0000000000
 1.0170209158 -1.3144852719 -8.8341683623  3.7386169936 -2.8625095964 -9.4803319063  0.1344947650  0.0106451722  1.0000000000  0.1321852609 -0.1024497949  1.0000000000
  1.6261753567  -0.6582865614  -9.2402846381   2.5011190795   0.1743211704 -10.1843441910  0.0304433589 -0.0140282176  1.0000000000 -0.2146085492  0.0087590929  1.0000000000
  2.1388150038  -0.5119442066 -11.0531323319   4.4397892455  -1.5270161401  -9.9568310803 -0.1691076783  0.1352935282  1.0000000000 -0.0248254659 -0.1445559909  1.0000000000
 1.1333287226  0.0155075122 -9.4817770577  0.5988848256 -2.0015250039 -9.8000949409 -0.0404792733  0.0754841094  1.0000000000  0.1471086444  0.1876209054  1.0000000000
 1.5120466447 -1.4213327860 -6.7152993741  1.6901141199  0.6053819587 -8.6785860863  0.3765420751 -0.2630463787  1.0000000000 -0.1328633128 -0.1207189895  1.0000000000
 2.4818656900 -2.7317060876 -9.1766265343  2.6108522064  0.1044186463 -9.7138682541  0.1680554238 -0.0291340755  1.0000000000 -0.0993269130 -0.0826610961  1.0000000000
 0.8084565063 -1.2983375461 -8.9279019082  4.3497775123 -0.0964096873 -9.0298762713  0.1918939915  0.0468391776  1.0000000000 -0.1163772107 -0.2411403085  1.0000000000
  2.6203596904  -3.3279550524  -9.2911719748   4.2233049000  -1.1699527209 -10.9488354786  0.2230358378  0.0361682439  1.0000000000 -0.1080617767 -0.0357763445  1.0000000000
  1.6109071042  -1.9240029612  -8.8487926985   2.0693388930  -2.4345982089 -10.6217746488 0.2031046612 0.0014796705 1.0000000000 0.0414880243 0.1079992585 1.0000000000
  1.2595672623  -2.3193182803  -9.9990585794   1.8938188578  -0.0357138938 -11.2941186924  0.1306153712  0.1310041353  1.0000000000 -0.2255668461  0.1682340068  1.0000000000
 3.1339469785 -1.8998701282 -9.8367632032  1.3968470517 -3.2482838048 -9.8465602646  0.0449161551 -0.0340570160  1.0000000000  0.2505418550  0.1244769669  1.0000000000
  2.0848197430  -2.5398773226 -11.3490491736   2.2579702573  -1.6114905995  -9.6838161871 0.0874388924 0.2257962083 1.0000000000 0.0382290064 0.0293754115 1.0000000000
  4.0321483188  -0.2223399128 -10.3306776987   3.5656649699  -1.5440561123  -9.2673002628 -0.1800826396 -0.0852398069  1.0000000000  0.0447395850 -0.1016656382  1.0000000000
  3.8138206732  -0.6727945051 -11.6127475818   3.1471952028  -2.5932679079  -8.7741675921 -0.1504077032  0.0354939960  1.0000000000  0.2391749284 -0.1359575134  1.0000000000
 1.1848480833 -1.6414807379 -9.8784833771  2.1772493636 -0.0013310624 -8.1466327166  0.0573159586  0.1281037290  1.0000000000 -0.0304307322 -0.1940331970  1.0000000000
 0.0759516369 -2.3195465673 -9.5486673290  2.9662888388 -2.4862229687 -9.7922168361  0.2337956910  0.2649931224  1.0000000000  0.0977397540 -0.0592612017  1.0000000000
  3.4606870887  -1.9951156778  -9.2670759600   1.4552077473  -0.0942702275 -10.9000442295  0.0590829391 -0.0681592309  1.0000000000 -0.1608525870  0.1469418018  1.0000000000
  3.5114988659  -2.0543783059 -10.5949268016   1.4455626351  -0.7379419115  -7.5022836913 -0.0099935250 -0.0011533113  1.0000000000  0.2000415809 -0.2110134121  1.0000000000
  3.6955401843  -0.4212036028  -8.9915190035   1.7317743735  -2.1076617679 -10.5388311184 -0.1165855571 -0.1525929878  1.0000000000  0.0985027412  0.1810168276  1.0000000000
 3.2214630494 -0.3744518598 -8.8177762362  1.7135198527 -0.3402170398 -8.1111984686 -0.0500467682 -0.1490399239  1.0000000000  0.0941492022 -0.1828526997  1.0000000000
 2.5975858574 -1.1624709377 -9.7152040762  2.3601518917 -2.3909712376 -7.8518348503 -0.0304213570  0.0225429338  1.0000000000  0.2687167767 -0.1546766490  1.0000000000
  0.4187511544  -0.1232981736 -10.8365154277   4.2077771288  -0.1962050500 -10.3845849047 -0.1127485621  0.3134585700  1.0000000000 -0.1429712496 -0.1156904193  1.0000000000
 4.3854084459 -2.2439444786 -9.3674061520  2.6452688647 -1.9035424461 -7.9506308947  0.0244149952 -0.0898678754  1.0000000000  0.1872116393 -0.1628837625  1.0000000000
 0.3783462919 -2.2290678349 -8.7865917870  2.5962498542 -1.9210883572 -8.5465488551  0.2944404421  0.1620671151  1.0000000000  0.1298129726 -0.1493422590  1.0000000000
  0.2421275657  -2.0454480381  -8.7617395615   1.9426846438  -0.4834064401 -11.0997365977  0.2724925030  0.1393678142  1.0000000000 -0.1329205226  0.1469212358  1.0000000000
 1.3919590993 -0.6774434455 -7.9340384830  1.3948118381 -2.8091617880 -9.5659938721  0.1486282923 -0.1525742696  1.0000000000  0.1818246877  0.1264072456  1.0000000000
  1.0203260552  -2.7439425693  -9.9385722180   3.1886155047  -0.7048249724 -11.1553137994  0.1715047983  0.1857882117  1.0000000000 -0.1666923116  0.0441761331  1.0000000000
  3.3588975225  -1.4020392259 -10.7574852012   0.9689734929  -1.5679504803 -10.8992499383 -0.0231491984  0.0440157954  1.0000000000  0.0108180692  0.2363342233  1.0000000000
 2.9852104060  0.4768203990 -8.6703755986  1.2918599973 -0.8524549350 -9.4051077213 -0.1604215669 -0.1834517072  1.0000000000  0.0693934929  0.0501008082  1.0000000000
  3.5390224825  -1.6312519477 -11.6830989358   4.9161710882  -0.3191029748 -10.4282478750 -0.0976562627  0.0463859195  1.0000000000 -0.1908518893 -0.1521894689  1.0000000000
  2.2028301781   0.2919476507  -8.4227082130   3.1409142735  -0.6659187546 -11.6787142368 -0.0647149975 -0.1523606287  1.0000000000 -0.2212899469  0.1335848077  1.0000000000
  3.3003094280  -2.8050031175  -8.2558274749   1.4851787077  -1.9346599107 -10.9377217655  0.2206625772 -0.1438262515  1.0000000000  0.0652750527  0.1787800218  1.0000000000
  2.9124338990  -0.6078413913 -11.5488494535   2.5327910006   1.3964254265  -8.6615763795 -0.1428191890  0.0733986295  1.0000000000 -0.2568481966 -0.2364491099  1.0000000000
  3.2247565220  -0.3156248976 -10.1227830406   2.6884957898  -2.9832475643  -9.9694036976 -0.1067496551 -0.0541105382  1.0000000000  0.1424124304  0.0699819090  1.0000000000
 1.7290472434 -1.0231752810 -9.6147492179  2.4975868844 -2.0680669883 -9.4601043702 0.0408632414 0.0377833977 1.0000000000 0.1012010560 0.0290180317 1.0000000000
  2.1132876352  -2.9681649638  -9.4401534409   4.0090293622  -2.5691020065 -10.0245916140  0.2138968485  0.0004562222  1.0000000000  0.0723641760 -0.0375858259  1.0000000000
 1.9841810930 -0.9864980569 -7.0426927754  0.4558458613 -1.0928777112 -8.7435453796  0.2180393585 -0.2826705458  1.0000000000  0.1491417161  0.1296459291  1.0000000000
 3.0660668830 -1.0756342365 -9.4881548750  3.0740617314 -1.8099579283 -9.5533902327 -0.0277107912 -0.0704205873  1.0000000000  0.0366600368 -0.0459930188  1.0000000000
