91.3000000000
50
-2.5037768272  1.2761397727 -2.2038647611 -0.1102295935 -0.0944287173  1.0000000000
-3.9036554261 -0.6385406685 -0.5471314593 -0.0678421394  0.1602288474  1.0000000000
-3.4615985125 -0.3897103403 -1.6979432447 -0.0072564098  0.0979721929  1.0000000000
-1.9475105295  2.0425756894 -2.7196290033 -0.2014772777 -0.1853448138  1.0000000000
-2.4791196548 -2.1999585368 -2.9894780133 0.1759816890 0.2175037231 1.0000000000
-3.7807971839 -2.4587367082 -2.6997234591 0.1891522442 0.1908750041 1.0000000000
-3.3058766081 -1.5622725490 -3.6518625848 0.2092030027 0.0744054392 1.0000000000
-1.0091801929  0.3489428039 -2.7882038214 -0.0797153908 -0.0886628348  1.0000000000
-3.6700696993  0.9489633277 -4.0426320932  0.0708443730 -0.1970143223  1.0000000000
-1.8963033397 -0.9609450881 -1.5679292378 -0.0769733032  0.1826331003  1.0000000000
-2.9484062316  1.9498731075 -2.8431536393 -0.0644353753 -0.2353433939  1.0000000000
-3.2571780815 -0.3490473575 -4.1827153442  0.1974656963 -0.0887500352  1.0000000000
-1.8608625710 -1.9208086832 -3.6125228739 0.2040903717 0.1454868633 1.0000000000
-1.6480609763 -1.9299782035 -2.5937675386 0.0769976611 0.1854400616 1.0000000000
-0.3777707506 -0.2496204602 -1.5182922034 -0.2340744574  0.1173289150  1.0000000000
-0.7261057879 -0.8578979530 -2.9203758866 -0.0105595738  0.0532901102  1.0000000000
-2.6225171048  0.4203493125 -1.3041748725 -0.1469365089  0.0280611831  1.0000000000
-1.0736972812 -2.1635611523 -3.0720567929 0.2002013724 0.2393380563 1.0000000000
-1.5581589252 -1.5032004529 -4.1543422779 0.2584160238 0.0228453586 1.0000000000
-4.0736017208 -1.4092041236 -1.4018952703 0.0137908128 0.2016326980 1.0000000000
-4.9259951003  0.0958474365 -4.2535337208  0.1898552368 -0.1369029114  1.0000000000
-1.8837678268  0.7832311075 -4.4801541860  0.0710712541 -0.2831663531  1.0000000000
-3.7141421329 -0.5251518977 -0.2036435269 -0.1252657563  0.1662861797  1.0000000000
-3.6195056727  0.1699346952 -1.7822994788 -0.0613991775 -0.0142865768  1.0000000000
-2.8176806837 -0.8184677890 -2.6814339283 0.1024753261 0.0718795328 1.0000000000
-1.6685300717  0.4842604366 -4.6696391732  0.1128618362 -0.2043323654  1.0000000000
-3.7576338378  0.2432120165 -3.6595307739  0.1309815333 -0.1291547937  1.0000000000
-2.5961369393 -1.4336191566 -1.2234006911 -0.0248218002  0.2015482380  1.0000000000
-1.0944791466 -1.3738458397 -2.2469296261 -0.0114102124  0.2000897551  1.0000000000
-0.9711520527 -0.2058932659 -3.6591060733  0.0556857859 -0.0903410095  1.0000000000
-1.5117791314  0.1790166482 -3.2181891165 -0.0418579700 -0.0823771424  1.0000000000
-1.6736065058  1.5141756737 -3.7617036468 -0.0265224409 -0.2605884063  1.0000000000
-1.5889305734  0.3219014062 -4.2156907552  0.0747228757 -0.1971200917  1.0000000000
-3.4210018314 -0.5050070740 -2.5570976772 0.0640578393 0.0235604887 1.0000000000
-1.8561210360  0.8765168486 -3.4696103534 -0.0204748224 -0.1650546517  1.0000000000
-2.8065786303 -2.5555986903 -3.4060723180 0.3317552284 0.2138173858 1.0000000000
-2.5568085934  0.2957381146 -1.1365901572 -0.1744868995  0.0411433579  1.0000000000
-3.5743212708  0.6917202861 -4.7404547596  0.2060208305 -0.2431590328  1.0000000000
-2.1872994241  0.0086052639 -2.7268542603  0.0037951464 -0.0444195099  1.0000000000
-3.7004575023 -1.8595268954 -1.4659434187 0.0351401646 0.2059013844 1.0000000000
-1.5072210144 -0.6081402705 -3.7201995714  0.1076790460 -0.0183799831  1.0000000000
-1.7643386516 -2.4057688170 -3.5413913787 0.2600541772 0.1774727613 1.0000000000
-1.4742933524  0.4893785365 -1.9521261452 -0.1559197245  0.0518740047  1.0000000000
-3.9077641122  1.8053160977 -2.6376989077 -0.0654869766 -0.1678158650  1.0000000000
-0.2937810428  0.4536555446 -1.8526649680 -0.3036834309  0.0333213516  1.0000000000
-4.0136251801  0.3961701036 -1.7063992866 -0.0575346737  0.0276180677  1.0000000000
-3.1261887616 -1.2088057178 -3.1347216500 0.1511615479 0.0755368226 1.0000000000
-2.6703199464 -0.0017521122 -2.3904141221 -0.0082583615 -0.0074954096  1.0000000000
 0.0516430128 -0.9853719698 -0.9244431265 -0.3155539469  0.2906071415  1.0000000000
-0.6261145728 -0.5960978554 -3.1187679696 -0.0403767879  0.0112293668  1.0000000000
50
-1.6536975781  0.7283651268 -3.5175450990 -2.0291802655  1.5461934737 -3.0655926253 -0.0317941623 -0.1734606300  1.0000000000 -0.0866659578 -0.1703899347  1.0000000000
-3.2707089951  0.0698817291 -3.8899871384 -4.5657752096 -0.9886301097 -2.8616778279  0.1446795200 -0.1004030618  1.0000000000  0.1653051481  0.0301768954  1.0000000000
-3.4789468151 -0.1429588460 -1.3905117873 -4.6164835691  0.9269982562 -4.1872798792 -0.0767931119  0.0350601274  1.0000000000  0.1211547947 -0.1967747667  1.0000000000
-3.7092170303 -0.8602623579 -1.3865587669 -2.9184061558 -0.3377532380 -4.7494374245 -0.0068166265  0.1620049368  1.0000000000  0.2624222588 -0.1499363655  1.0000000000
-4.9163570761  0.0433214407 -3.7354545759 -4.1892430991 -0.4698696290 -1.2909432807  0.1554634818 -0.0879858443  1.0000000000  0.0123159873  0.1371316199  1.0000000000
-4.4351330870 -1.7654124992 -1.2868371117 -2.6516744880 -0.4114656287 -3.5843819524  0.0610007665  0.1899327125  1.0000000000  0.1082943067 -0.0400366452  1.0000000000
-3.9711048064 -2.6977154272 -2.6690957737 -2.5076260889 -1.7446739582 -1.9597259533 0.2128304725 0.1674049364 1.0000000000 0.0443273993 0.1944532968 1.0000000000
-1.3883871345 -0.5378913483 -1.5212794611 -2.6798836976 -0.0477159350 -1.3546033310 -0.1381976684  0.1415961822  1.0000000000 -0.1260038818  0.0614126378  1.0000000000
-1.7514528467  0.7612057465 -1.3059798718 -3.6666534193 -0.7880161506 -0.4600465668 -0.2101296599 -0.0045539217  1.0000000000 -0.0675075712  0.1583968338  1.0000000000
-3.8473499592 -1.3115411646 -1.3828165002 -3.0101822665 -0.7485490387 -0.7236742615  0.0084409840  0.1593508839  1.0000000000 -0.1058234411  0.1619528812  1.0000000000
-0.8537086104 -1.0736897152 -1.4642573082 -3.8879796830  0.2829104971 -3.1282241291 -0.1282733778  0.2184996001  1.0000000000  0.0612740781 -0.0860081038  1.0000000000
-2.8531411036  0.9965475376 -4.0899331354 -2.4943329806 -0.4557654219 -2.7695279112  0.0996322580 -0.2088876705  1.0000000000  0.0078114923 -0.0011653659  1.0000000000
-0.4474848279 -1.2248444179 -1.8523770284 -2.2947911418 -1.3318039625 -4.3062527044 -0.1401611282  0.1929549083  1.0000000000  0.2775206049  0.0086582717  1.0000000000
-2.3515333554 -1.6469206906 -1.4121590711 -2.3774916902 -1.1799647702 -1.2707031156  0.0170805300  0.2328186565  1.0000000000 -0.1094343252  0.1906590888  1.0000000000
-3.2179937399 -0.3257737005 -0.8811601644 -1.3264005965  0.4521978559 -1.7018122454 -0.1023752911  0.0969429078  1.0000000000 -0.2142452508 -0.0171066474  1.0000000000
-3.4788778942 -1.8478179966 -3.6073351883 -3.3831033582  0.4657849069 -1.6761562152  0.2280146750  0.0980349941  1.0000000000 -0.1114257895 -0.0186954187  1.0000000000
-2.0050626653 -1.5336281250 -1.1465457508 -1.5419451203 -1.1973722084 -4.4422454297 -0.0741024425  0.2521994347  1.0000000000  0.2539244223  0.0313847406  1.0000000000
-3.3450248827 -0.6554591618 -3.1701767312 -3.6320389924 -0.2503569009 -0.6849083771  0.1305492128  0.0477599224  1.0000000000 -0.1133902120  0.0908145893  1.0000000000
-3.4729403160  1.4020848286 -1.8073803806 -1.1142621472 -0.5251354586 -1.0240512966 -0.1172990538 -0.0902548033  1.0000000000 -0.1533775216  0.1411330544  1.0000000000
-3.5820664026 -1.3030031141 -3.3119755807 -3.6823545870 -1.1742042122 -0.7883857291  0.1872574844  0.0250273729  1.0000000000 -0.0395566489  0.1661865007  1.0000000000
-3.7491638029  0.9761410170 -0.6568949933 -4.4462681091  0.5434783323 -2.5832501149 -0.1974600030 -0.0165897589  1.0000000000  0.0294716442 -0.0929520042  1.0000000000
-1.7209901986 -1.3854069362 -2.4822240052 -2.1855942565 -0.2727659852 -0.2262701289  0.0484278974  0.1926440929  1.0000000000 -0.2366427656  0.1960814284  1.0000000000
-2.5529929853 -0.2314781891 -2.7634307138 -1.2219007928  0.3554771292 -2.6149793740 -0.0096301935 -0.0621914858  1.0000000000 -0.0684133230 -0.0455095923  1.0000000000
-2.5068461264  0.3855007668 -3.4630421086 -2.9214264222 -0.0506469230 -1.9682490798  0.0683967683 -0.1244133712  1.0000000000 -0.0180794531  0.0385447537  1.0000000000
-4.2770891045 -0.1562326983 -4.5033168272 -3.7168323383  0.2554532331 -4.7814528060  0.2193549360 -0.1505022769  1.0000000000  0.2135368252 -0.2098737788  1.0000000000
-4.4189867551  1.5496749072 -2.8295946082 -1.4425475744  0.2845371898 -5.1003158142  0.0089967160 -0.1403941838  1.0000000000  0.1744506266 -0.2794083916  1.0000000000
-3.1151798991  0.2111847545 -3.0610411017 -1.0893076599 -1.8262987454 -1.8414068383  0.0655411870 -0.0416866887  1.0000000000 -0.0643418756  0.2658440974  1.0000000000
-1.9669196000 -1.2169108438 -4.4385579667 -2.9809995014 -0.3268776695 -1.4501151660  0.2746799002 -0.0265557577  1.0000000000 -0.0794542269  0.0812719037  1.0000000000
-4.5711325068  1.0967462078 -3.0950011132 -2.1596718535 -0.3910026864 -0.8610153288  0.0495019091 -0.1657494644  1.0000000000 -0.1251417259  0.1717966352  1.0000000000
-3.9230897008  0.2242761569 -1.5254878040 -4.1268453077  1.2897025726 -2.6546257926 -0.0447599597  0.0068245709  1.0000000000 -0.0312112661 -0.1081235870  1.0000000000
-4.0406593134  1.0749937516 -2.9987543696 -2.1303825253  0.3581800456 -3.7746095151  0.0179386925 -0.1432068172  1.0000000000  0.0389299047 -0.1795240626  1.0000000000
-1.7224383429 -2.5774343024 -3.7068602755 -3.9731980684  0.6096194799 -4.7305573978  0.2788941740  0.1822225900  1.0000000000  0.2265856194 -0.1901958048  1.0000000000
-1.0224156893  0.8022752430 -3.4634924026 -0.0979435272 -0.8844520278 -1.0487085468 -0.0085860738 -0.1827768406  1.0000000000 -0.2913259776  0.2502093342  1.0000000000
-1.5101181942 -0.9474734940 -1.0595248436 -4.9605209814 -0.8238460625 -3.6822313039 -0.1259224756  0.1707547301  1.0000000000  0.1973401107 -0.0138511496  1.0000000000
-1.1443831700 -0.1971153101 -3.6016669836 -2.7077740508 -0.1118454771 -3.7965365218  0.0509438837 -0.0858785958  1.0000000000  0.1122748770 -0.1093225471  1.0000000000
-4.6053420551  0.2269464993 -3.9950232509 -1.6337165035  0.4682951703 -1.5390692558  0.1706993472 -0.1117880824  1.0000000000 -0.2077501156 -0.0073996717  1.0000000000
-1.3403066386 -2.0679007500 -4.3637066548 -4.9294409456 -0.4904850098 -3.8512479739  0.2916319577  0.1128348455  1.0000000000  0.2112118896 -0.0521729229  1.0000000000
-3.3859965120  0.7753125194 -1.2676665733 -0.8976110744  0.4431303768 -1.7039158367 -0.1176801319 -0.0075894480  1.0000000000 -0.2618247123  0.0100870413  1.0000000000
-2.3441845367 -2.6573738969 -3.4930911612 -2.2865431729 -1.1774584994 -1.6591167785  0.2944202897  0.1839088504  1.0000000000 -0.0307422257  0.1872906972  1.0000000000
-2.8077471455 -2.3443047802 -2.5976700697 -0.2388657049  0.6490955992 -2.3729499868  0.1472747953  0.2260015856  1.0000000000 -0.2601164782 -0.1015947340  1.0000000000
-3.1963983591  1.0673861980 -2.2540341933 -3.4321183103 -1.5235256159 -3.0859611913 -0.1012544776 -0.0713270421  1.0000000000  0.1395855683  0.0766951519  1.0000000000
-3.3384078058 -0.7312358126 -1.8933946540 -3.7255840981 -1.3523977217 -3.1405446475 0.0084334562 0.1179162412 1.0000000000 0.1463560097 0.0688548609 1.0000000000
-2.9181104473  0.2378956793 -1.9235626662 -4.2927228800 -1.5284434630 -2.7537788407 -0.0742484117  0.0906235355  1.0000000000  0.1801221965  0.1165478928  1.0000000000
-4.5757257515  1.1125456133 -3.9212003006 -4.1172358908 -0.1741200977 -2.3902367830  0.1015789102 -0.1818456572  1.0000000000  0.0549473488  0.0414487897  1.0000000000
-1.7552227728 -2.0259975442 -1.9103142509 -1.8057527904  0.1912962438 -5.5649343414  0.0468714737  0.2761878224  1.0000000000  0.3132520682 -0.3260981935  1.0000000000
-1.0168344839 -0.6231664218 -1.5748622938 -3.2652458772 -0.6820450016 -4.1305322888 -0.1326009855  0.1493939307  1.0000000000  0.2263765540 -0.0411173142  1.0000000000
-2.2856929923  0.7434941093 -4.0579349584 -3.4586132879 -0.4498029773 -0.7820466035  0.0747517920 -0.2149744212  1.0000000000 -0.1287832638  0.1208504721  1.0000000000
-3.7208233812 -0.5555321189 -3.2522320581 -0.8802379133  0.0872002203 -3.6772273768  0.1256643034 -0.0058592133  1.0000000000  0.0630576922 -0.0901658124  1.0000000000
-4.0988033021  0.8523808870 -2.7724701665 -2.4442525139  2.1050625877 -1.8676796718  0.0228924489 -0.0926374788  1.0000000000 -0.1858308706 -0.1985604582  1.0000000000
-0.8204265761  0.8389185953 -1.6936000249 -2.7880397081  0.7960040958 -0.8005053993 -0.2826451171 -0.0165715426  1.0000000000 -0.1764859822  0.0249109278  1.0000000000
