511.9000000000
50
 3.2836734635 -3.7571710601 -6.6422740394 0.1065278820 0.2729330362 1.0000000000
 0.7210802453 -5.0557084275 -7.3971599978 -0.0942396069 -0.0750814169  1.0000000000
 2.0301625916 -5.0883971372 -7.8204466215 -0.1193823551  0.0938595398  1.0000000000
 1.5640454801 -4.7621524620 -9.5050866872 -0.1661378106  0.1600509627  1.0000000000
-0.1459027106 -4.3275972688 -7.3276124267 -0.0672267034 -0.1271265886  1.0000000000
 3.3707735234 -4.9033125651 -6.7608440139 0.0206616435 0.2730860960 1.0000000000
 1.9745710255 -2.0982196926 -7.6048338079 0.2016081782 0.1263394225 1.0000000000
 1.1586895194 -3.9052295632 -6.0680296788  0.1201461219 -0.0808340566  1.0000000000
 0.9924066272 -4.3538093536 -9.3077132254 -0.1359157436  0.1162268976  1.0000000000
-0.3548417985 -3.4214439910 -6.9140902100  0.0211474859 -0.1434149968  1.0000000000
 2.0185172453 -5.1470793742 -9.2782285753 -0.1849709407  0.1696668402  1.0000000000
 0.6409787477 -5.9070023807 -5.7208444436 -0.1267589402 -0.1930028861  1.0000000000
 0.5133518716 -2.4938973046 -7.2737782198  0.1300178061 -0.0317205638  1.0000000000
 0.7585773999 -4.6818317639 -8.1727223243 -0.1100523896  0.0248139179  1.0000000000
 1.6524527754 -4.5435865523 -9.9270721252 -0.1731618124  0.1869422546  1.0000000000
 0.3590203687 -2.6547822206 -7.3461561702  0.1352542893 -0.0596215754  1.0000000000
 0.4515398076 -2.7221714383 -6.3749914039  0.1858614014 -0.0578366974  1.0000000000
 0.3569559480 -4.8414313478 -4.5170417847  0.1393324865 -0.3422989128  1.0000000000
-0.6553106897 -5.3563540579 -8.2035932982 -0.1917822288 -0.1116112579  1.0000000000
 1.8264211320 -1.6055078588 -7.9264559173 0.1878236477 0.1313463334 1.0000000000
 2.0307844800 -2.5948032575 -8.2647920542 0.1132919124 0.1903461081 1.0000000000
 0.8720631774 -5.7362585874 -5.2964049350 -0.0657767108 -0.2134493073  1.0000000000
-0.4926514504 -4.5757369925 -6.0018035090 -0.0048879958 -0.2581470336  1.0000000000
-0.6315201186 -3.8606433958 -8.2679836653 -0.0794747113 -0.1497494263  1.0000000000
-0.3879490176 -5.0262765865 -8.8249478216 -0.1666002690 -0.0782497048  1.0000000000
 0.3992743335 -3.3079350109 -4.7305917455  0.3053743388 -0.2124305240  1.0000000000
 2.8808367247 -2.6807992848 -7.5248078015 0.1760676960 0.2634918864 1.0000000000
 1.5277654464 -3.9518841231 -7.6936968505 0.0203586449 0.0784843468 1.0000000000
 1.4027086802 -3.3377418693 -8.2114642028 0.0392364857 0.0808526329 1.0000000000
 1.4493617324 -4.5146702872 -8.1352707368 -0.0783799046  0.0677334340  1.0000000000
 0.6424084013 -5.1323906178 -7.4076753568 -0.1137370228 -0.0403949343  1.0000000000
 1.6639155635 -5.0545928222 -9.0110334377 -0.2345114329  0.1279612036  1.0000000000
-0.0597200825 -5.2340703586 -8.0842628545 -0.1710962273 -0.1057320237  1.0000000000
 1.0227251384 -3.0035628847 -8.4925867805 0.0452806585 0.0423029188 1.0000000000
 2.3718373291 -4.4965270162 -6.6993256897 0.0436435970 0.1260224122 1.0000000000
 2.0488830194 -4.6728597982 -7.1556974365 -0.0444810458  0.0808035419  1.0000000000
 1.6623613089 -3.8227838857 -6.1703513618 0.1263197557 0.0197975922 1.0000000000
 0.2440516823 -6.1354319334 -5.0986310695 -0.1134711922 -0.2922853671  1.0000000000
 1.2824805749 -2.2861569045 -6.8368668806 0.1842843882 0.0145757897 1.0000000000
 2.8578194022 -3.4742914269 -6.8674817131 0.1187304240 0.2065409556 1.0000000000
-0.7100135041 -4.2637542090 -7.4221237578 -0.0134821242 -0.1740102011  1.0000000000
 0.2717841797 -2.9384010819 -5.9526932525  0.1887625263 -0.1607194632  1.0000000000
-0.0615657811 -3.2517120175 -7.7002970895  0.0363870944 -0.0760896953  1.0000000000
 2.3549058935 -4.6965371562 -8.4076899341 -0.1167362021  0.1697850076  1.0000000000
 1.2036103395 -5.7295756008 -6.8742283179 -0.1549440042 -0.0386891136  1.0000000000
 1.6580614094 -3.1387564291 -9.0717609151 -0.0044458362  0.1781288772  1.0000000000
 1.7553028220 -3.0723836989 -6.4198013552 0.1840079281 0.0369458352 1.0000000000
 2.5059356274 -5.0787565582 -8.4256983875 -0.0968088056  0.1858114010  1.0000000000
 3.0948999030 -6.0342150075 -7.0529468878 -0.1865403606  0.2060003957  1.0000000000
 1.0740542051 -1.9274128812 -7.6287455830 0.1618525746 0.0310243466 1.0000000000
50
 3.0355332391 -5.9630008439 -8.2981855740  3.1637774091 -5.7721680224 -6.9906081278 -0.2082664162  0.2745091712  1.0000000000 -0.1599075645  0.2738383046  1.0000000000
 0.8451434162 -3.6561110795 -7.2011862691  1.9490416144 -4.0996379766 -7.5849919989  0.0367628823 -0.0130916162  1.0000000000 -0.0047156790  0.0896800131  1.0000000000
 3.7619492174 -3.4701426879 -5.7695721606  1.3904392700 -3.6032044318 -5.8948518158  0.2615242959  0.2828836653  1.0000000000  0.1900452749 -0.0662128510  1.0000000000
 0.7018275072 -5.1334488575 -6.3638117589  0.4957183925 -4.2850566334 -8.2639018626 -0.0560811880 -0.1225740509  1.0000000000 -0.0535770634  0.0223287940  1.0000000000
 2.0235980663 -5.7181978939 -7.4333886992  1.9724136085 -3.5970655148 -6.1199582533 -0.1606656414  0.1009219135  1.0000000000  0.1765932855  0.0549269171  1.0000000000
 3.1324527868 -3.6275029978 -6.4359256996  3.2121994805 -3.8903859143 -6.9395668707 0.1644327409 0.2106185069 1.0000000000 0.0951075065 0.2390096198 1.0000000000
 1.1631568263 -5.3198781113 -8.1872424659  0.6612998953 -3.9616687983 -4.6243509016 -0.1525794812  0.0789131649  1.0000000000  0.2266045851 -0.2276710581  1.0000000000
 0.0556835138 -3.0461796071 -6.3001845519  1.0996906296 -4.9097030732 -7.9175877712  0.1595309668 -0.1683273138  1.0000000000 -0.1029878245  0.0104080491  1.0000000000
 2.7340464867 -4.2179830877 -7.2887350286  0.9948075831 -5.2302153088 -9.1157470854  0.0060393004  0.2001721666  1.0000000000 -0.1858580912  0.0625298039  1.0000000000
 3.6166243037 -4.2679088522 -6.1966770154  0.6975974073 -5.6141457571 -6.3527708575  0.1010177807  0.2598051823  1.0000000000 -0.1169678458 -0.1533960740  1.0000000000
 1.8992506516 -6.3314031883 -6.4554467522  1.5337094578 -4.6917323535 -9.3744974541 -0.2404433812  0.0121556994  1.0000000000 -0.1522250632  0.1355778432  1.0000000000
 0.9382106593 -3.6461120107 -6.3863967339  1.3410256616 -2.8934635056 -6.7874527562  0.1399940631 -0.0355829002  1.0000000000  0.1559972301  0.0118133607  1.0000000000
-0.1204314057 -6.0333273590 -7.4252518371  2.5861362228 -4.2697112738 -6.7488684781 -0.1595647779 -0.1371652570  1.0000000000  0.0669428534  0.1486612148  1.0000000000
-0.1412627512 -4.5020451464 -6.6015509938  3.1819847186 -6.2413035837 -7.3492195629 -0.0047143862 -0.1850644492  1.0000000000 -0.2370532855  0.2492361001  1.0000000000
 3.3690960697 -6.3674864396 -7.6569835910 -0.3789724583 -4.3610781350 -7.7466859860 -0.2752481325  0.3106847719  1.0000000000 -0.0469252025 -0.1287438107  1.0000000000
 1.3243078973 -4.0931874286 -4.6603145647  0.2850801063 -4.4092485728 -5.1937939956  0.2303223232 -0.1350201338  1.0000000000  0.0747875902 -0.2575725765  1.0000000000
 1.4372562675 -5.9581647383 -7.6915851819  0.9215548108 -4.9411305982 -4.9952800357 -0.2289218006 -0.0033459303  1.0000000000  0.1100190816 -0.1972305056  1.0000000000
 1.2460785933 -2.2839118373 -7.8222279007  2.0693174583 -2.8279552983 -8.9002347271 0.1078006838 0.0783841397 1.0000000000 0.0616765613 0.2130852876 1.0000000000
 1.2379535267 -3.4411578145 -6.5568339803  0.6031341040 -2.7310945186 -8.1868425325 0.1272310259 0.0139326871 1.0000000000 0.0543664013 0.0065104463 1.0000000000
 2.4612686041 -4.6141675015 -5.8322149201  1.7292324965 -3.8288316917 -5.1287741467  0.0667234861  0.0991245593  1.0000000000  0.2305947418 -0.0777057667  1.0000000000
 0.9690569654 -5.5528906266 -7.7530357078  2.1411789277 -5.4487559531 -7.5873783999 -0.1743230301 -0.0044992185  1.0000000000 -0.1240669734  0.1296925767  1.0000000000
 0.7913730420 -4.5336823668 -4.2993555276  1.0135986576 -3.7238919382 -4.2223383437  0.2162003038 -0.2671940561  1.0000000000  0.3266630819 -0.2208936063  1.0000000000
-0.6648600321 -3.5977473085 -6.5147116361  2.8957070103 -3.6902059735 -7.7516838528  0.0868797272 -0.2086080127  1.0000000000  0.0634275938  0.2175396808  1.0000000000
 1.5961564760 -6.5480147310 -6.7727817576  0.5003717706 -3.1592800674 -7.6950410199 -0.2436057157  0.0216859230  1.0000000000  0.0468303234 -0.0251592276  1.0000000000
 1.2233343806 -5.0895656271 -7.6149658666  2.6466872939 -4.3972535408 -5.9454390598 -0.1298689419  0.0496736834  1.0000000000  0.0835918978  0.0883893160  1.0000000000
-1.0377290676 -4.5429671574 -8.5594939042  2.1153623107 -3.7651023706 -5.1000202550 -0.1344345761 -0.1250102921  1.0000000000  0.2120406954  0.0124423290  1.0000000000
 1.8200220621 -2.9898263794 -5.5406068930  1.9758196993 -6.2142054680 -6.8379792327  0.2985403210  0.0311803070  1.0000000000 -0.1772843123  0.0351184470  1.0000000000
 0.9702822892 -6.2443941052 -6.1109194491  1.6137809543 -4.7100636092 -8.9308081643 -0.1499068897 -0.0957109493  1.0000000000 -0.1594132885  0.1316567159  1.0000000000
 2.9792510942 -3.9002279676 -6.9033954083  1.9520820892 -5.6532349804 -7.9565420727  0.1311286985  0.2071311066  1.0000000000 -0.2082164675  0.0969856910  1.0000000000
 1.1325013424 -4.8932954429 -4.7845685785  0.9162570575 -5.3241984474 -6.3707684131  0.1131595134 -0.1644182050  1.0000000000 -0.0753782870 -0.1050750563  1.0000000000
-0.2476391000 -3.3419307791 -7.9082806557  1.3362210697 -6.7426355741 -6.7291007867  0.0199410894 -0.0402900185  1.0000000000 -0.2867689762 -0.0485943408  1.0000000000
 1.1873800239 -2.9714243732 -8.8190286482  1.3632679370 -4.3218102497 -9.8504065650 -0.0098688741  0.0849014865  1.0000000000 -0.1889816416  0.1369914062  1.0000000000
 3.3643501415 -5.1374398268 -6.9558914392  1.9309482437 -5.5487025314 -7.4779736214 -0.0370050813  0.3002942550  1.0000000000 -0.1725190172  0.1096115875  1.0000000000
 2.6839971173 -5.3825064978 -8.7858642860  1.5667667407 -3.9770945694 -5.1781552931 -0.1957967289  0.2367169626  1.0000000000  0.1978524588 -0.0847951616  1.0000000000
 0.9326766334 -6.3639080977 -7.1905224280  0.8797553616 -3.7178041139 -8.8851577959 -0.2675293591 -0.0899018777  1.0000000000 -0.0346174341  0.0596863011  1.0000000000
 1.9759266024 -4.0807449608 -6.2564690119  1.0256752861 -4.8677047910 -9.1673257728  0.0823708479  0.0223939033  1.0000000000 -0.1192194890  0.0781924372  1.0000000000
 1.3699057486 -2.3325644584 -7.6653310089  2.0178673275 -3.8195281047 -6.5926260531 0.1589517312 0.0858717818 1.0000000000 0.1255239268 0.0430766843 1.0000000000
 2.1903279232 -3.6847874451 -7.2951546763 -1.1301054787 -4.2650013133 -7.9367860755  0.0649898572  0.1463675399  1.0000000000 -0.0646998862 -0.1605502973  1.0000000000
 2.0363006565 -5.7391535763 -6.5442280035  2.6465710935 -4.1856909398 -6.2866490719 -0.1241559596  0.0635815165  1.0000000000  0.1523410818  0.1552324032  1.0000000000
 0.0397687872 -6.9770241164 -5.7247237723  3.6732154248 -4.2328834418 -6.1215374970 -0.2593985142 -0.3271061013  1.0000000000  0.1124336366  0.3062905491  1.0000000000
 0.2818381365 -5.2017439932 -6.7411253204  0.6248606077 -3.7011730054 -4.0213480211 -0.0973545755 -0.1563572748  1.0000000000  0.3457027490 -0.2989544381  1.0000000000
 3.2540387228 -4.1845769370 -6.4898879879  1.1623018863 -6.0490421403 -5.6230625422  0.0911934723  0.2697158486  1.0000000000 -0.1245593163 -0.1751864739  1.0000000000
 1.5974572699 -5.1207239767 -8.9945512420  2.0165863443 -5.6633192661 -7.5721550844 -0.1989082581  0.1432695521  1.0000000000 -0.1953657468  0.0821361941  1.0000000000
 2.2406393062 -3.0191913941 -7.4102876654 -1.2263334063 -3.6896562339 -7.3568067409  0.1104284335  0.1535604161  1.0000000000 -0.0142726305 -0.1843459775  1.0000000000
-0.5394473463 -4.3425075337 -6.4268023712 -0.4816995982 -4.3655168925 -6.8237533479  0.0568016862 -0.2430259947  1.0000000000 -0.0009045538 -0.1943050803  1.0000000000
 1.6333015823 -3.9596179069 -6.2722808611  1.4239013888 -3.0834351958 -7.2146994530 0.1053766044 0.0274026099 1.0000000000 0.1463404974 0.0191052528 1.0000000000
 1.9964555806 -3.3563394816 -7.7339626856  2.7760697537 -3.1366652269 -6.1969045339 0.0934343499 0.1501267094 1.0000000000 0.2203650314 0.1539727828 1.0000000000
 0.9919961370 -3.3629165231 -6.9879654492  1.7787195599 -4.0492683455 -8.4168896456  0.0965851952  0.0134745059  1.0000000000 -0.0781758925  0.1141908801  1.0000000000
-0.0089779970 -4.5192905653 -8.5882849503  0.0830352681 -5.0322248310 -7.6418684234 -0.1044876988 -0.0642673443  1.0000000000 -0.1249412861 -0.0800302021  1.0000000000
 3.0199195075 -5.6716846095 -7.0958766952  0.8767023668 -4.4542276580 -7.6523427236 -0.1278762797  0.2566558018  1.0000000000 -0.0406510414  0.0233574610  1.0000000000
