15.4000000000
50
-2.3393194387  3.9436373139 -0.0087082044  0.1292514707 -0.1614529621  1.0000000000
-1.0989369031  4.7581538334  0.3416016738  0.1212612835 -0.0198492804  1.0000000000
-0.9705858079  6.5324062110 -0.7460894314 -0.0608553484  0.0906490966  1.0000000000
-1.8228822179  4.0155021644 -3.5237883169 -0.2262996613 -0.1596051064  1.0000000000
-0.0214812675  3.9974817440 -2.4186975498 0.0178659492 0.1174232122 1.0000000000
-0.1223073892  5.2566393753 -2.1400918787 -0.0718724821  0.2060083460  1.0000000000
-1.3161437665  4.0499223493 -0.5540618444  0.0597275274 -0.0495288141  1.0000000000
-1.9631938814  3.2170518338 -1.0280960279  0.0874150053 -0.1657088652  1.0000000000
-0.5116526740  5.6372152433 -0.2150750361 0.0271749132 0.1042349028 1.0000000000
-0.8001507610  5.8849571664 -1.8426592228 -0.1489213988  0.1553473033  1.0000000000
-2.2948473417  5.8955359719 -1.7375668814 -0.1371771453 -0.0788000129  1.0000000000
-1.4359315756  2.4145701220 -1.4062013171  0.2000597185 -0.2071645880  1.0000000000
-1.7728687565  5.2829469316  0.3741960175  0.0673207755 -0.0212108559  1.0000000000
-0.6361536811  4.4593919882 -2.2985706663 -0.0067406530  0.0716825833  1.0000000000
-3.0945642251  4.9560464795 -0.2220819159 -0.0563260162 -0.1550215854  1.0000000000
-1.5170518941  5.0514375111 -0.7040576999 -0.0356418023  0.0117804964  1.0000000000
-1.3233004289  2.1918096800 -1.7876673181  0.2260028099 -0.2172698114  1.0000000000
 0.0494549750  5.0811106908 -2.6580899820 -0.1106550194  0.2081839338  1.0000000000
-1.7696566466  4.8901342979  0.6574071319  0.0937779690 -0.0759238392  1.0000000000
-1.0401708572  5.3816056287 -0.8092280512 -0.0147969654  0.0653457712  1.0000000000
 0.8412528624  2.9405394324 -1.3175301511 0.3054066222 0.1576799466 1.0000000000
-0.6249058035  3.7649125799 -1.7651384538 0.0394316002 0.0093762499 1.0000000000
-2.3393049327  3.4849048023 -0.0142588336  0.0858564448 -0.2189632436  1.0000000000
-0.5674340559  3.5904034528 -1.5305006102  0.1093578992 -0.0244759388  1.0000000000
 1.0216720309  4.1406680192 -0.7171165352 0.1992675354 0.2298183289 1.0000000000
-1.5800886229  4.4479376792  0.4106929906  0.0831458463 -0.0744320516  1.0000000000
-3.0614771038  5.1930200679  0.0057654480 -0.0267413314 -0.1419577120  1.0000000000
-1.6861686467  5.3336155696 -0.4982928095  0.0139065190 -0.0474546322  1.0000000000
-1.6779926308  2.8596090618 -1.9292803240  0.0947148760 -0.1977879238  1.0000000000
-1.0179389885  5.3695610496 -0.3286470073 0.0439275212 0.0642321764 1.0000000000
-1.3560750727  5.5093938784 -2.1398715436 -0.1331955133  0.0210468213  1.0000000000
-3.2304039390  5.6417991855 -0.4138387121 -0.1389733648 -0.1461908637  1.0000000000
 0.8460755221  4.5843305046 -2.7830462998 0.0000175985 0.2765889016 1.0000000000
-1.4667420748  5.9375625214 -2.1966013229 -0.1906791616  0.0443495419  1.0000000000
-1.3689717095  4.8595241476 -1.9461025702 -0.0581904983 -0.0404952031  1.0000000000
-2.1499999947  4.2887471536  0.0518658314  0.0696337067 -0.1370785548  1.0000000000
-1.2731179866  5.9820957759 -0.0787810130 0.0053798511 0.0639124660 1.0000000000
-2.6025381707  3.7811332600 -1.8207564317 -0.0751651400 -0.2018487603  1.0000000000
-1.0930529962  6.0305497326 -2.0516745621 -0.1778725295  0.1045098525  1.0000000000
-1.9790764061  3.8454946162 -2.8584993768 -0.1169376695 -0.2018467693  1.0000000000
-2.4777933212  6.1763672829 -1.8161976990 -0.2412950711 -0.0510827863  1.0000000000
-1.1121550318  5.9368382714 -0.1957258559 0.0050388863 0.0772809066 1.0000000000
-2.9790415494  4.8152088919 -0.5345402191 -0.0121329137 -0.2058648284  1.0000000000
-2.1230835719  4.0726552378 -1.7387277913 -0.0424952262 -0.1493616341  1.0000000000
-0.8045539924  4.5254275355  0.9681747025 0.1833916867 0.0195588670 1.0000000000
-2.0267363428  3.6487715717 -2.9485136082 -0.1237427517 -0.1511448141  1.0000000000
-1.6868874539  6.6426941109 -1.7188690291 -0.2185421929  0.0546387178  1.0000000000
-2.4056334289  3.2391351020  0.8803416707  0.2475445411 -0.2012456581  1.0000000000
-2.5873826799  4.5015203902 -1.7475680777 -0.1381715873 -0.1714782785  1.0000000000
-1.0875957516  4.2569483057  0.2152358537  0.1156698338 -0.0103275641  1.0000000000
50
-2.4465751645  6.5681390264 -0.8983851011  0.5912717466  5.0880068617 -0.2251122346 -0.1854135740 -0.0193079244  1.0000000000  0.1018736578  0.1735144582  1.0000000000
-1.1219419560  3.1930292337 -0.3021615497 -0.7504254809  5.5520429507 -3.0578167163  0.2139704094 -0.1004614581  1.0000000000 -0.2208387025  0.1077505053  1.0000000000
-0.6769100829  4.8088241466 -0.5252975448  0.8031861254  4.5816683307 -0.5244456548 0.0874185710 0.1179304286 1.0000000000 0.1688018430 0.1939834629 1.0000000000
 0.2402194577  5.7614547274 -1.2277641816  0.4149397897  4.8854196504 -2.0518464712 -0.0160204595  0.1946102091  1.0000000000 -0.0236867116  0.1854066020  1.0000000000
-1.4781922544  2.4768358362 -2.2045354986 -0.2550287632  6.6053240057 -2.2897793698  0.1198556377 -0.2460957444  1.0000000000 -0.2191008427  0.2480106903  1.0000000000
 0.5818015631  4.5413534293 -2.0352894048 -1.0761015113  4.1556253649 -1.8925711812  0.0111304989  0.2409174171  1.0000000000  0.0222802883 -0.0417864639  1.0000000000
 1.2525698947  3.7545070196 -1.8898242169 -2.9900850141  4.8860867871  0.1429066806  0.1392941753  0.2260188897  1.0000000000 -0.0183177682 -0.1592519582  1.0000000000
-0.4542017364  5.0849771773 -3.7049925293 -1.6521858765  3.0458193694  0.5917703972 -0.2732354333  0.1974043547  1.0000000000  0.2460660227 -0.1960737093  1.0000000000
 0.2648912548  3.8877024375 -0.1984295835  0.2601589259  5.7392780895  0.8213024749 0.2513690513 0.1088534809 1.0000000000 0.1702343162 0.1387374104 1.0000000000
 1.1874901275  4.2084780933 -0.3769499289 -0.2541775248  2.4962026818 -1.5212669037  0.2489309730  0.2373660721  1.0000000000  0.2719318342 -0.0611000387  1.0000000000
-0.0252536354  3.4442208400 -1.6127021412 -0.6873550623  6.6885353960 -1.3514214014  0.1908948245  0.0553404760  1.0000000000 -0.1532611438  0.1683225948  1.0000000000
-0.0729184198  5.8443932502 -3.2334266774 -1.1361099587  7.1138426743 -0.5362276251 -0.2560700253  0.2302865663  1.0000000000 -0.0758471178  0.1333273255  1.0000000000
 0.7183408688  4.1261158161 -0.2680464801 -2.0111360536  5.7525330405 -2.0805967132  0.2291470424  0.1961101216  1.0000000000 -0.1574588473 -0.0235980074  1.0000000000
 0.6944121772  4.8931347354 -0.3805126202  0.3536489178  4.7524582470 -0.7996630407 0.1400535047 0.1929257904 1.0000000000 0.1121910581 0.1385250878 1.0000000000
-1.5724180885  3.2143381732 -1.5473158776 -2.3058706739  4.7061302212 -3.2533311577  0.0570402229 -0.1441946086  1.0000000000 -0.2728281457 -0.1555615863  1.0000000000
-0.7077548613  3.2466025025 -2.1257942861 -2.8855942479  4.6776252333 -0.1943454159  0.0899011506 -0.0849755778  1.0000000000 -0.0083157993 -0.1692167821  1.0000000000
-1.4438285379  3.5002170931 -2.9680652217 -2.0230480735  4.0999679702 -3.1865538618 -0.0802322113 -0.1521702882  1.0000000000 -0.1799150943 -0.1666986835  1.0000000000
 0.5729102641  3.3607620982 -0.4977800481 -1.8122907293  3.6356398875 -2.0744543428  0.2877984833  0.1012531338  1.0000000000 -0.0179243046 -0.1596152380  1.0000000000
-0.2541837759  5.1518176642 -2.0879369411 -2.1298398679  3.9843867561 -3.1503535079 -0.0557757239  0.1137956866  1.0000000000 -0.1679235890 -0.2055135895  1.0000000000
-1.7975672385  5.5000172244 -0.4729376023 -0.2512343622  4.3620630540 -0.9394551941 -0.0426113462 -0.0346777471  1.0000000000  0.1306751024  0.0149384471  1.0000000000
-1.0137753435  6.1168982780 -2.3375722318 -0.9822356167  4.5755215193 -3.1755195998 -0.2143874041  0.1180380667  1.0000000000 -0.1677398667  0.0070923961  1.0000000000
-1.0751864418  4.8968042595 -0.9609655682 -0.8064771884  5.2732822902  0.7974831404 -0.0062897323 -0.0330346092  1.0000000000  0.1177272738  0.0978620202  1.0000000000
 0.7435665079  4.8397566345 -2.5537077784 -1.5357688056  2.6431854567 -1.8939179284 -0.0146693607  0.2369694539  1.0000000000  0.1275378862 -0.2155784616  1.0000000000
-1.4305676196  4.9381969535 -1.1747114665 -1.2240073987  5.4041344596  0.4768305413 -0.0319104310 -0.0801087997  1.0000000000  0.0691211746  0.0603470493  1.0000000000
-1.8153915684  4.5509859993 -3.3701404148  0.1771294704  4.6736028275 -0.5013823619 -0.2076466570 -0.1223236150  1.0000000000  0.1403727175  0.1251261194  1.0000000000
-1.7293058865  3.5608932638 -2.1460231883 -0.6894131655  2.5541367752 -0.5032316109 -0.0135030525 -0.1976308678  1.0000000000  0.3031124084 -0.1106120450  1.0000000000
 0.1992471768  5.3640893205 -1.1161320459 -1.2912689078  7.2941038815 -0.5134341797  0.0393851009  0.1796795418  1.0000000000 -0.0910139411  0.1180509033  1.0000000000
-0.7435258712  7.1225455806 -1.4548861089  0.5436548542  5.6650696307 -2.7668688565 -0.1440533221  0.1948986318  1.0000000000 -0.1140584674  0.2979929502  1.0000000000
-1.0649819973  5.0310673137  0.5450548032 -1.3583079626  4.6950687554 -2.3294372126  0.1041979335 -0.0121792604  1.0000000000 -0.1399056582  0.0024146032  1.0000000000
-1.2137502445  5.4337092847  0.5183944704 -2.1124462381  2.9805263786 -2.7713649774  0.0618843750  0.0099191729  1.0000000000 -0.0250530395 -0.2499495063  1.0000000000
-1.9912145961  4.4417301414  0.0823826450  0.1772566480  2.9989305923 -0.7858353852  0.0500217309 -0.1459689645  1.0000000000  0.2872308454  0.0143007942  1.0000000000
-1.7605321032  2.2708029946 -1.0682510601 -2.7709143686  3.9873042259  0.0472353460  0.2096527305 -0.2690187362  1.0000000000  0.0772184470 -0.2271525783  1.0000000000
-0.5741357567  6.1644353340  0.2109974645  1.2108591442  4.5387910992 -2.5763167456 -0.0171346600  0.1062789267  1.0000000000  0.0528149597  0.3142762977  1.0000000000
-0.3214331926  6.0007681524 -2.9438107498 -2.9040435374  4.9718293536  0.5476370283 -0.2045658913  0.1956637981  1.0000000000  0.0513799762 -0.1177173449  1.0000000000
-2.9754029192  4.3314635678 -2.7388989265 -3.5641547000  5.6038650993 -0.5679538039 -0.2031944773 -0.2183967711  1.0000000000 -0.1393499155 -0.1508992305  1.0000000000
 0.2389691758  5.1483006056 -1.7358717461 -3.9493262078  6.1498368455 -0.7832425724 -0.0048337668  0.2427429248  1.0000000000 -0.1754227238 -0.1680866434  1.0000000000
-3.0630736401  6.3887181700 -0.7706068649 -3.6200574594  5.3890921501 -1.1000542214 -0.1763648158 -0.1112718313  1.0000000000 -0.1859679001 -0.1949340240  1.0000000000
 1.3014832105  4.4024702353 -0.2543845196  0.6825522079  5.6694586990  1.3763083972 0.2271372975 0.2214802293 1.0000000000 0.2053963770 0.1922324406 1.0000000000
-1.4590737606  3.4977654445 -0.3254138700 -1.3272103420  3.3068378395  0.3063501250  0.1599025944 -0.1218320167  1.0000000000  0.2265430046 -0.1159791140  1.0000000000
-1.3053272839  5.2715202779 -3.5037200574 -1.5453631003  5.1312734193 -2.9048898753 -0.2957879950  0.0611736952  1.0000000000 -0.2040889583 -0.0155873852  1.0000000000
 0.7888280119  4.0599249526 -0.1345347094 -1.3367944038  7.4762911196 -1.0428533102  0.2572142726  0.1581663822  1.0000000000 -0.1752549994  0.1271874282  1.0000000000
-1.0212687764  6.6821581915 -0.1503087725 -0.4755533241  4.0638360486 -2.7647361600 -0.0339513717  0.1544189258  1.0000000000 -0.0327634658  0.0727046843  1.0000000000
-2.6150361667  3.2722868140 -2.3245357159  0.7957379273  5.1567746005 -2.6253245357 -0.1326816344 -0.2959842872  1.0000000000 -0.0932824019  0.2919099384  1.0000000000
-0.3492591341  3.3011283864 -2.0677539674 -2.2813004680  3.5503470606  1.1004752274  0.1201873995  0.0162798053  1.0000000000  0.2290210201 -0.1757892995  1.0000000000
-2.4489346585  4.8482136142 -0.2465151491 -0.7955019870  4.1495931550  0.9971758573  0.0254634698 -0.0824719893  1.0000000000  0.2236425717  0.0287013858  1.0000000000
 0.3310384668  5.7709393403  0.8117177040 -0.1831610219  6.0078192942  0.2336310433 0.1347946206 0.1669554901 1.0000000000 0.0482557498 0.1387933067 1.0000000000
-0.7525705120  6.6108990996 -0.1984645658  1.1650803560  3.7670148222 -0.7158926867 -0.0318383800  0.1540780803  1.0000000000  0.2725012248  0.2721615136  1.0000000000
-2.1128142621  2.9887125054  0.6577749377 -0.9306659787  1.9156353902 -1.2676431771  0.2373231901 -0.2455079588  1.0000000000  0.3195578047 -0.1750311351  1.0000000000
-2.0216996306  4.2169391410 -1.3886918737 -1.9354523627  2.9115264796 -2.1825713484 -0.0096058342 -0.1175977620  1.0000000000  0.0277014906 -0.2377525127  1.0000000000
 1.2577411731  3.7851583368 -1.8944001422 -0.8601198401  5.7966415907 -1.7042012057  0.2118725094  0.2779449318  1.0000000000 -0.1193595068  0.0798690942  1.0000000000
