825.1000000000
50
-0.0750396492 -2.0716389574 -4.4884184153 -0.1474413388  0.1980781805  1.0000000000
 0.0441461861 -0.3902882340 -5.2909133933 -0.2447683425 -0.0197805435  1.0000000000
 1.0148917050 -0.0491530106 -5.9043802215 -0.3141304594 -0.1646394833  1.0000000000
-0.1267697821 -3.3486057358 -5.1606705138 0.0017409035 0.2482714398 1.0000000000
-0.6282592876 -2.3559393728 -5.1528112762 -0.0352299911  0.1713862875  1.0000000000
-0.4510197469 -0.1925228590 -6.1068908544 -0.2049538129 -0.1182452557  1.0000000000
-1.2934590180 -3.1459259314 -7.6624821071  0.2308119083 -0.0663887763  1.0000000000
 0.8512727002 -2.3911863753 -4.9411456860 -0.1056910495  0.2117437526  1.0000000000
-2.9937833901 -3.1447632966 -5.8688603216 0.0787372639 0.1011940687 1.0000000000
-2.3783651918 -0.4503158599 -6.6744841919 -0.0487088848 -0.1184594722  1.0000000000
-1.8628053825 -0.9716187374 -6.0438226225 -0.0790042946 -0.0432487515  1.0000000000
 0.2654341294 -2.0276834230 -6.8089106771  0.0258043365 -0.0749887757  1.0000000000
-0.8792025890 -2.8226074182 -7.3888085686  0.2224798407 -0.0134463339  1.0000000000
-0.6471915196 -1.7523643268 -8.8293576122  0.2190075521 -0.2625768492  1.0000000000
 0.4283048498 -0.5706479340 -5.7581008490 -0.1937773312 -0.0612619323  1.0000000000
-0.7552385729 -1.9908337619 -6.3794245340 0.0191479094 0.0079381745 1.0000000000
-2.7082393563 -2.8693272240 -7.4691801305  0.1928043060 -0.0530782876  1.0000000000
-1.8713800192 -2.3078089855 -5.2867994460 -0.0459366217  0.1483286600  1.0000000000
-1.0663298001 -1.6732738883 -6.3064084175 -0.0173444460  0.0175494952  1.0000000000
-1.8963189282 -2.2984897598 -5.2232195082 -0.0557510435  0.1067511365  1.0000000000
 0.6009576222 -0.2278811941 -7.0790527337 -0.1145154594 -0.2530933702  1.0000000000
-1.4120194190 -3.7323399129 -7.2064798205 0.2466814315 0.0808283040 1.0000000000
-2.8635563178 -0.6383447352 -5.4204258867 -0.1236092529  0.0078724017  1.0000000000
-3.0173652403 -1.5577951716 -6.9313037476  0.0160243549 -0.0675794358  1.0000000000
-0.6972115793 -3.2084509547 -7.6713530812  0.2869450901 -0.0224190486  1.0000000000
-2.4303015471 -1.8842448150 -3.8508648557 -0.1569849529  0.2314604424  1.0000000000
-0.4115572712 -3.0884083179 -5.3479430131 0.0340806155 0.2032180133 1.0000000000
 0.6232581055 -1.2757571483 -6.8127334482 -0.0375730943 -0.1834330437  1.0000000000
-1.1649914412 -1.4064709829 -4.6049392137 -0.1369360907  0.1190954979  1.0000000000
-0.4136839223 -1.4472060898 -7.7607062114  0.0851823774 -0.2016978697  1.0000000000
-0.6164405365 -1.2581414113 -6.1922067969 -0.0616849770 -0.0598952813  1.0000000000
 0.7831013532 -1.7122565631 -6.5930669629 -0.0395220212 -0.0478281491  1.0000000000
-1.3276840126 -3.5534159834 -7.4630246884  0.2411665452 -0.0086535593  1.0000000000
-2.6399341621 -2.2801310646 -8.6457608112  0.2450191478 -0.1946301830  1.0000000000
-0.4770492121 -2.3128298759 -8.8575672921  0.2690771340 -0.1995362174  1.0000000000
-0.1334592943 -0.7385640414 -6.8437591638 -0.0629862164 -0.2118806726  1.0000000000
 0.3587956474 -1.8131608301 -4.8942579903 -0.1351685457  0.1785239749  1.0000000000
-0.8736322007 -1.1417996178 -7.4485365011  0.0626778047 -0.1755401322  1.0000000000
 0.1020781455 -1.8269889081 -7.3648641312  0.0465287304 -0.1686527851  1.0000000000
-0.3939567424 -2.1037273164 -4.2780033917 -0.1340415203  0.2676568848  1.0000000000
-2.1086997664 -1.2236713641 -7.0676460520  0.0139235999 -0.1300112090  1.0000000000
 0.0504515385 -3.8598668600 -6.8570484802 0.2612164692 0.1860638942 1.0000000000
-2.1910991083 -3.7810045364 -6.8853151145 0.2039782245 0.0565521143 1.0000000000
-2.5447239618 -2.2491551357 -5.6428651382 0.0115040254 0.0914817241 1.0000000000
-2.8343156860 -1.7293822516 -5.3412791782 -0.0482232883  0.0847848708  1.0000000000
 0.2780114804 -1.2331742800 -8.3053679630  0.1412973336 -0.2740706011  1.0000000000
-2.8216451744 -2.3853179136 -8.3114844836  0.2224519364 -0.1143940181  1.0000000000
 0.7770480426 -1.5903858819 -4.6608955184 -0.2394848583  0.1405725291  1.0000000000
-0.4904888794 -1.8716407128 -6.9528220630  0.0539098422 -0.0782369129  1.0000000000
-0.2445767898 -2.9813194107 -6.9567854518 0.2055120114 0.0364903193 1.0000000000
50
 0.4379874199 -0.9811944363 -7.7630482146 -2.6104159265 -2.2743669685 -4.1051534957  0.0251204412 -0.2744315771  1.0000000000 -0.0748062718  0.2072970926  1.0000000000
 0.4038425517 -4.6053857462 -6.2214663658 -2.3454446020 -2.0700225396 -6.8498738668  0.2646215053  0.3134549356  1.0000000000  0.0515548598 -0.0111044424  1.0000000000
-1.7362779548 -2.0281723699 -4.9674440929 -1.5316205203 -1.1807819213 -6.0130158357 -0.0558046247  0.1163188261  1.0000000000 -0.0828166123 -0.0527197337  1.0000000000
-2.2533050275 -1.6500124928 -6.6960043210 -1.7984120202 -1.2472657951 -5.6964766960  0.0415648444 -0.0260674832  1.0000000000 -0.0560064384  0.0005527015  1.0000000000
-2.1713311869 -1.2286643886 -7.9343751151  0.4923420220 -2.1774143965 -4.5221879059  0.0619549490 -0.1561367541  1.0000000000 -0.1369370554  0.2271291492  1.0000000000
-0.5042398658 -0.0044902949 -7.2639525831 -2.6755719891 -2.1582703688 -4.4281745448 -0.0846299009 -0.2432066954  1.0000000000 -0.0898611559  0.2043568251  1.0000000000
 0.3711782807 -2.4983837140 -4.2077653306  0.4309151324 -3.3284586963 -5.9343047570 -0.1475603878  0.2652760887  1.0000000000  0.0690054281  0.1843427694  1.0000000000
-2.0100966220 -1.6019294088 -6.2069894344  0.5985911628 -2.2218351096 -8.5814480438 -0.0098302329 -0.0008933348  1.0000000000  0.2881153934 -0.2076715710  1.0000000000
-0.5270836818 -2.4049003641 -4.5336101279 -2.8312863941 -2.9805876037 -6.6797810823 -0.1207008911  0.2074724265  1.0000000000  0.1542084638  0.0599981874  1.0000000000
-0.0041578829 -2.9250346874 -7.7271256988 -2.5946800165 -2.6486729989 -6.8964549292  0.2529295135 -0.0555088806  1.0000000000  0.1367243414 -0.0231616397  1.0000000000
 0.4940909332 -3.9931559128 -5.8631371880 -0.5792040809 -3.4054580510 -5.8255466448 0.1888808149 0.2358368517 1.0000000000 0.1102161906 0.1918753536 1.0000000000
-1.6642607104 -3.6757130103 -5.2794068624 -2.3826915559 -0.6292251979 -7.4133628291  0.0797954461  0.1920943958  1.0000000000 -0.0151087206 -0.1900192138  1.0000000000
-1.2977351849 -4.1446972080 -6.4868654523 -2.7229255006 -1.4931056763 -3.9191958636  0.2358017004  0.1535053365  1.0000000000 -0.1884475816  0.1528865694  1.0000000000
-2.5512073848 -2.6345580039 -8.2239277632  0.4625727365 -1.5347739828 -7.6166432412  0.2432385903 -0.0966855486  1.0000000000  0.0949740704 -0.2018880918  1.0000000000
-2.8834751104 -2.9632843807 -7.9197309304 -2.2509986806 -1.2133764282 -7.1140263932  0.1854011575 -0.0654132952  1.0000000000  0.0385977703 -0.0888806355  1.0000000000
-1.2921004083 -1.2499662354 -6.7276917314 -0.3611041540 -1.7754654305 -5.2785889130  0.0198333142 -0.0623689923  1.0000000000 -0.1375485847  0.0628200734  1.0000000000
 0.9473663023 -0.8740995689 -6.4496697478 -1.7352285703 -0.5133485176 -7.0438159235 -0.1277480695 -0.1826148675  1.0000000000 -0.0511388201 -0.1823236791  1.0000000000
 0.3935677607 -1.5618212073 -5.1859103517  0.6531278798 -1.1393024632 -5.0743985812 -0.1793280468  0.1308638912  1.0000000000 -0.2316819606  0.0915652214  1.0000000000
 0.3152009306 -1.4983965372 -6.2779178947  0.3142414113 -2.3694561811 -6.4206847942 -0.0501851085 -0.0443580184  1.0000000000  0.0943379017  0.0348981937  1.0000000000
-2.2186525970 -3.0814645858 -7.5924874285 -1.9025920883 -0.3110673831 -6.2019022656  0.2081483229 -0.0275984120  1.0000000000 -0.1237158792 -0.1360755678  1.0000000000
-0.1907159025 -2.9313423929 -5.4081587522 -1.7628336468 -0.0554282090 -6.4513923989  0.0137218093  0.1747503239  1.0000000000 -0.1391237917 -0.1580956054  1.0000000000
-3.0016779453 -0.8950045531 -7.1051184566 -0.2420997474 -3.3978135216 -5.5164028752  0.0115538344 -0.1404128272  1.0000000000  0.0605699128  0.1973104137  1.0000000000
-1.4870030878 -0.0023392434 -7.0608326056 -2.5598564623 -1.9949023561 -8.2796493544 -0.0853910801 -0.1800032297  1.0000000000  0.1840096893 -0.1248631256  1.0000000000
-2.7793890270 -0.7046091317 -6.2653848270 -0.5318832765 -2.9601645456 -7.3731775578 -0.0486258712 -0.0565376563  1.0000000000  0.2139730806 -0.0228860216  1.0000000000
-2.5460167303 -0.4903043004 -6.6204938610 -2.5331079006 -3.2734724344 -5.0798001420 -0.0790120672 -0.0924654421  1.0000000000  0.0562262861  0.1717001898  1.0000000000
 0.8029463077 -1.1542545033 -6.9816195565 -1.3930284101 -3.3822233046 -5.2023385746 -0.0417985513 -0.1576619307  1.0000000000  0.0583058808  0.2396148699  1.0000000000
-2.2137720755 -3.9093545893 -5.7023797596 -0.0295746349 -1.8607197524 -7.7004505955  0.1425375523  0.1484592717  1.0000000000  0.1235943188 -0.1902612943  1.0000000000
-2.5923220738 -3.4810839414 -5.7965616241  0.2667852880 -3.8207851318 -6.7858526495 0.0990061202 0.1387370444 1.0000000000 0.2177952025 0.1244225900 1.0000000000
-2.9276309462 -1.3759000564 -4.9955364249 -0.2613746937 -1.2906784561 -8.3638551512 -0.1096423654  0.0882789520  1.0000000000  0.1406506821 -0.3001187529  1.0000000000
 0.1476412652 -4.3733470423 -6.2658828263 -1.0776649305 -3.7745848304 -6.5828278685 0.2838005680 0.2614820069 1.0000000000 0.1983081003 0.1170139996 1.0000000000
 0.8733271319 -1.7782134460 -4.5192388518 -0.7264335247 -0.3482755290 -5.6501297899 -0.2236816810  0.1932453145  1.0000000000 -0.2242701748 -0.0486939940  1.0000000000
 0.9297792797  0.3003001686 -6.3557002104 -2.3475109060 -0.7010390608 -6.1210460133 -0.3058202940 -0.2499369138  1.0000000000 -0.0604658388 -0.0608384642  1.0000000000
-1.0394202748 -0.0332462465 -6.2760806026 -0.2935428700 -2.6032008779 -7.8429481770 -0.1519081184 -0.1372772978  1.0000000000  0.1926114078 -0.0251689755  1.0000000000
 0.2415390071 -1.6489586559 -7.0345402433 -0.6800647102 -2.3730974619 -6.1384069718  0.0319572407 -0.0859480844  1.0000000000  0.0101893777  0.0433710099  1.0000000000
 0.5498581537 -2.5944318604 -5.5145337767  1.0265549676 -0.4846617549 -6.5213102724  0.0049114606  0.1903495177  1.0000000000 -0.1734486931 -0.2001132572  1.0000000000
-2.4354787435  0.3014643304 -5.7317733044  0.8427636418 -2.3264825879 -5.4675883722 -0.2233766584 -0.0832154321  1.0000000000 -0.0627150029  0.1555371023  1.0000000000
 0.4522068227 -2.7959199035 -5.5992531966  0.1746133251 -3.4327975718 -6.9609061153 0.0305440825 0.1267738379 1.0000000000 0.2910478398 0.0519595313 1.0000000000
-0.5338267736  0.2663176475 -6.2074429243 -1.2317378594 -1.3866818528 -6.1990477690 -0.2202616235 -0.1516812109  1.0000000000 -0.0274196213 -0.0418252922  1.0000000000
-0.8006157697 -2.8445747329 -6.5272613614 -2.7059495673  0.0977945593 -7.2233707159  0.1147030104  0.0923652764  1.0000000000 -0.1099499850 -0.1573899713  1.0000000000
-0.8023933018  0.4183342018 -6.3784848334 -2.6865244076 -0.0958544309 -6.8330105920 -0.2287959545 -0.1985389200  1.0000000000 -0.1029634853 -0.1385381993  1.0000000000
 0.3626615949 -0.8858482897 -7.9528456204  0.3956581208 -0.1088729357 -7.1276263635 -0.0008598673 -0.3029350578  1.0000000000 -0.1286540229 -0.2871971044  1.0000000000
-1.0709823322  0.4120078647 -6.1264012749  0.6386198741 -2.0325240032 -7.3916584309 -0.2237468222 -0.1713570269  1.0000000000  0.1405492325 -0.0944799118  1.0000000000
-2.8731729289 -3.3146772726 -6.4044560497 -2.8383591925 -0.4521585282 -6.2585416758  0.1579171893  0.0715448478  1.0000000000 -0.1253401802 -0.0649939518  1.0000000000
-0.6574558705 -3.6009161214 -6.7383118000  0.5464071519 -3.6046214749 -6.9888842077 0.2153810894 0.1523507074 1.0000000000 0.2798220626 0.1346630552 1.0000000000
-0.6648459558 -2.4666523107 -8.7563370641 -0.5714245460  0.3507861465 -6.6073561190  0.2536603981 -0.2423086102  1.0000000000 -0.2020022034 -0.2151958547  1.0000000000
-1.7058733081 -0.0000904033 -6.1454899538  0.0991056598 -0.7468537900 -5.8292780407 -0.1737521419 -0.1111858244  1.0000000000 -0.1510983677 -0.0267386235  1.0000000000
-1.0396931175 -2.5913557420 -4.5176747515 -1.1766982065 -1.0431546783 -8.1441786136 -0.0383408593  0.2410388426  1.0000000000  0.0816993354 -0.2285470390  1.0000000000
 0.2097052817 -2.7765755377 -4.7247825201 -3.1424310079 -3.2769772241 -5.4050662222 -0.0738784320  0.2487007905  1.0000000000  0.0783106973  0.1748735962  1.0000000000
 0.0056410548 -0.9546649305 -6.6755776842  0.2680166176 -3.0755143943 -8.2226041273 -0.0723422536 -0.1433335791  1.0000000000  0.3418511507 -0.1479965251  1.0000000000
 1.0273814611 -1.4790173092 -4.8690346191 -2.8795354439  0.1658178588 -6.6152229103 -0.2774660095  0.1642995634  1.0000000000 -0.1135231707 -0.1236165361  1.0000000000
