992.3000000000
50
-6.7096294359 -3.6733667240 -2.5627169628 0.2366761423 0.1814562039 1.0000000000
-8.4363277758 -4.2250609210 -4.6346576143 -0.0401844593 -0.0595716854  1.0000000000
-8.9775551336 -1.2801791680 -3.1747761797  0.1084599319 -0.0617984713  1.0000000000
-8.5168574671 -1.7722713820 -2.6910653455  0.1416394154 -0.0086556411  1.0000000000
-8.9047337300 -3.8866928109 -3.9187943062 -0.0027331131 -0.0974088327  1.0000000000
-9.0554461847 -2.8049471782 -2.1444548319  0.2470848156 -0.0677996391  1.0000000000
-7.7052797169 -4.2918345468 -3.3037724950 0.1469281659 0.0351186529 1.0000000000
-6.4553596670 -4.3713015165 -3.1400324321 0.1467158710 0.2487020358 1.0000000000
-10.0593340715  -3.2069289124  -5.3424781360 -0.1467478449 -0.2236576454  1.0000000000
-8.6768010661 -2.9599734425 -5.5558829627 -0.1988962494 -0.0277741137  1.0000000000
-8.9679340754 -3.7615504338 -5.1829715046 -0.1076623180 -0.1566916758  1.0000000000
-7.8505933640 -2.0713109182 -3.9400525748 0.0033499505 0.0816066399 1.0000000000
-8.5822327432 -4.6880130372 -3.4541418375  0.1177447089 -0.0890319571  1.0000000000
-9.8540678029 -2.9003444911 -3.3977056886  0.0416446053 -0.1597949979  1.0000000000
-8.0029837034 -1.2138534833 -3.9074780972 0.0209478151 0.0546508659 1.0000000000
-7.4840210396 -4.0060368106 -2.9306943002 0.1786335871 0.0246554823 1.0000000000
-9.1395780971 -2.0055659299 -4.2064146112 -0.0046858608 -0.0996137560  1.0000000000
-9.9324447312 -2.8842109817 -3.6502986672  0.0567833206 -0.1474923199  1.0000000000
-9.2842947708 -2.6053727236 -3.3477228299  0.0456775919 -0.0547376724  1.0000000000
-8.2382757575 -4.6668834230 -5.5218586189 -0.2191070075 -0.0742685428  1.0000000000
-7.5936698693 -3.6094033607 -3.4716408821 0.0993367441 0.0789357075 1.0000000000
-10.1645757714  -1.7286519411  -1.9901683014  0.1707149891 -0.1449834631  1.0000000000
-6.8462258906 -3.5866558404 -3.4505028038 0.0831611116 0.1653007601 1.0000000000
-8.3062939569 -3.5318332727 -2.9804439939  0.1515371593 -0.0481952243  1.0000000000
-6.1075242081 -4.2131266886 -4.5744379252 -0.0407902232  0.2762153134  1.0000000000
-7.4960393436 -1.9613085057 -4.7173446062 -0.0817247402  0.1243448629  1.0000000000
-9.0651960067 -5.1654798332 -4.1360022084 -0.0078984250 -0.2103634434  1.0000000000
-6.8784531016 -4.1395992151 -4.9425406690 -0.0940998226  0.1884804651  1.0000000000
-8.4591624418 -3.6859472673 -2.3713539585  0.2082691757 -0.0457670192  1.0000000000
-8.1808756414 -1.8854565834 -3.5488572652  0.0527978998 -0.0016590467  1.0000000000
-9.1516638932 -3.7114356529 -3.5469300324  0.1091605369 -0.1675953115  1.0000000000
-9.3702461923 -3.4180516353 -2.2552321939  0.2334619704 -0.2113332042  1.0000000000
-6.6185485542 -3.5297976693 -2.4388349105 0.2519953478 0.1970228272 1.0000000000
-7.9517157726 -1.7040251902 -5.1636736255 -0.1307900046  0.1018545681  1.0000000000
-10.2226783440  -2.6906173799  -3.6950711501  0.0255218404 -0.1875632812  1.0000000000
-8.7922807910 -3.4384235600 -3.5782052320  0.0789320930 -0.1022738503  1.0000000000
-6.9134360781 -2.1610352046 -4.7674494648 -0.0841586187  0.1702906936  1.0000000000
-9.3783781487 -3.7962068669 -4.8805252104 -0.1136249688 -0.1969483392  1.0000000000
-10.0514333474  -2.3275125251  -4.3031673713 -0.0241147792 -0.1925295874  1.0000000000
-7.3468985505 -3.5300610459 -2.9310572332 0.1577819071 0.0729262490 1.0000000000
-8.9909101434 -2.8816822499 -3.8095017356  0.0434311131 -0.0675474394  1.0000000000
-9.3790980070 -2.2936945076 -2.2127540599  0.2220802650 -0.0772891784  1.0000000000
-9.6066664041 -2.6959370811 -4.2714665133 -0.0438983790 -0.1559201459  1.0000000000
-8.5354124230 -4.0354030248 -3.2105678234  0.1115421911 -0.0110046965  1.0000000000
-6.3556375456 -3.2431213094 -4.1353876239 0.0094598629 0.2636063641 1.0000000000
-8.1572796957 -2.1788654254 -5.2673528755 -0.1563567579  0.0287822753  1.0000000000
-6.8709455019 -2.5890082726 -3.6073852384 0.0796339626 0.1800686278 1.0000000000
-9.7326924924 -2.4468562036 -5.2320042716 -0.1083038260 -0.1709752502  1.0000000000
-8.2225383313 -1.8178601671 -3.8015498150 0.0213928702 0.0321174789 1.0000000000
-8.7495115610 -3.1344492004 -4.9355849350 -0.1209737962 -0.0788385713  1.0000000000
50
-6.7488547284 -2.2453758630 -2.8146651472 -6.6066586418 -3.6910353499 -5.8930154774  0.1327493995  0.1840859780  1.0000000000 -0.2403588841  0.2092848673  1.0000000000
-9.5663137414 -1.3430435145 -4.9069706453 -6.3779494893 -2.1918625329 -3.5387984762 -0.1053557484 -0.1135994603  1.0000000000  0.0584275012  0.2474279651  1.0000000000
-8.6593044699 -1.6096920854 -3.7189703958 -7.3366143784 -3.9275336986 -5.7356161559  0.0691370158 -0.0243580246  1.0000000000 -0.2085322704  0.0646148505  1.0000000000
-9.5211241279 -2.1702621222 -2.1066739504 -8.3490672651 -3.5308986694 -5.6249045208  0.2212336912 -0.0929056643  1.0000000000 -0.2328019631 -0.0192987585  1.0000000000
-5.9881756277 -4.4931288081 -3.4316577090 -9.5612256428 -1.9387664998 -5.7270642877  0.1749526863  0.2984255581  1.0000000000 -0.1751363008 -0.1430585859  1.0000000000
-6.6629358929 -3.8009315475 -2.2758022599 -9.6643459248 -5.3720926733 -3.0638340466  0.3002194343  0.2015464459  1.0000000000  0.2136464666 -0.3369196798  1.0000000000
-6.0693198041 -3.9462155489 -5.8692709069 -7.9296390701 -3.4388325483 -5.8128238615 -0.2584661468  0.2843473059  1.0000000000 -0.1716013742 -0.0263420333  1.0000000000
-9.0713424195 -1.4511417397 -3.6729645794 -7.9936867611 -2.9236382168 -5.2363882524  0.0469910183 -0.0399766641  1.0000000000 -0.1452262202 -0.0031980108  1.0000000000
-8.8154828836 -2.8222445695 -4.2360929718 -7.5050932715 -2.8599623797 -2.5203181816 -0.0063376822 -0.0774007976  1.0000000000  0.2128350130  0.1192113417  1.0000000000
-7.6036328695 -2.3912978055 -2.6540969752 -8.1718224355 -3.4923927896 -5.8565830852  0.1476824117  0.0935336672  1.0000000000 -0.2432931378 -0.0133908654  1.0000000000
-7.2685358320 -3.4170199637 -2.4803336902 -7.1327242815 -3.5625749932 -2.4485709655 0.1914900132 0.1164077660 1.0000000000 0.2187094874 0.1011467590 1.0000000000
-6.6291718495 -4.2465660218 -2.6995890574 -9.3573757769 -4.4553712733 -4.5758275252  0.2273803611  0.2147088064  1.0000000000 -0.0879000440 -0.1743966112  1.0000000000
-9.7305021138 -4.4348173014 -3.0043063879 -8.4900694648 -1.6967397351 -4.5214351168  0.1655469516 -0.2413820777  1.0000000000 -0.0429003391  0.0111634516  1.0000000000
-9.4167063533 -5.3727468680 -3.4233981967 -7.8629405738 -3.0421108719 -4.4365262873  0.1312720109 -0.2889816114  1.0000000000 -0.0098909367  0.0614614899  1.0000000000
-9.1857340073 -3.7724301426 -5.7357136409 -7.7782194940 -4.3301075422 -3.8964183469 -0.2182866945 -0.1424939026  1.0000000000  0.0424579094  0.0470083961  1.0000000000
-6.4230104858 -3.6384675209 -4.9813523987 -8.9559159321 -4.5888059469 -6.1191298085 -0.1154322877  0.1869863103  1.0000000000 -0.3034042112 -0.1860200297  1.0000000000
-8.3830359432 -5.1626102166 -2.8923124434 -8.4870408177 -1.7021362951 -1.9967353961  0.2516613253 -0.1418596569  1.0000000000  0.2022076293  0.0043562332  1.0000000000
-6.9281098420 -3.3858386858 -5.9863217615 -7.4780905988 -4.6010334179 -4.0513883587 -0.2683224944  0.1621680116  1.0000000000 -0.0103349787  0.0668950910  1.0000000000
-7.8098311434 -3.3059386711 -3.6351752890 -9.6984310607 -4.7980926451 -5.4577458362  0.0554153898  0.0936236983  1.0000000000 -0.1747307476 -0.2734991058  1.0000000000
-8.8641447455 -3.0395301667 -4.4318156243 -8.4009918240 -2.7598682025 -2.2819369109 -0.0235459883 -0.0560576282  1.0000000000  0.2270285905  0.0111923677  1.0000000000
-7.2157961790 -4.1973054696 -2.8655875303 -7.1407061425 -2.7021019221 -5.8667532191  0.2051003531  0.1033240404  1.0000000000 -0.2332576558  0.1026978876  1.0000000000
-7.1478863294 -2.7646461390 -4.5217901987 -7.5041233191 -3.7397979679 -2.5098881380 0.0012731236 0.1370604436 1.0000000000 0.2351783650 0.0854948790 1.0000000000
-6.4564000850 -3.5065062842 -3.3725491600 -6.2828903883 -3.1933048581 -5.0154462048  0.1114209627  0.1982931605  1.0000000000 -0.0935835177  0.2407705792  1.0000000000
-9.1369682221 -1.9513398982 -2.5269949190 -8.3467359423 -3.3836442627 -2.5731422912  0.1488747910 -0.0906129627  1.0000000000  0.2188621901 -0.0011383625  1.0000000000
-6.5864992597 -1.8995087383 -5.0823899762 -7.5562098333 -4.8048988731 -3.4455734189 -0.0987601473  0.2196338861  1.0000000000  0.1714709456  0.0036349273  1.0000000000
-7.8272922137 -0.9357321804 -4.3421885720 -9.8117451357 -2.0735804134 -5.3699885663 -0.0447913743  0.1045584674  1.0000000000 -0.1633658909 -0.1041135026  1.0000000000
-8.0323697865 -1.8027228753 -2.2443011543 -6.2619615652 -3.7873500529 -3.9155013095 0.1911591274 0.0687831559 1.0000000000 0.0791552272 0.2289738523 1.0000000000
-8.9893291368 -4.8510253196 -4.4097086646 -8.5020727527 -1.9316263596 -4.2974268648 -0.0393644780 -0.1618865592  1.0000000000 -0.0462932362 -0.0151788615  1.0000000000
-8.4337247839 -5.0904446926 -3.2175104671 -7.5723393568 -1.1844360248 -5.0145352455  0.1650857530 -0.1030387684  1.0000000000 -0.0936893981  0.0832226946  1.0000000000
-8.9054301756 -2.0296948598 -5.2635012477 -9.0088081496 -1.4203556498 -2.9668788976 -0.1057261302 -0.0712757818  1.0000000000  0.1346395307  0.0144506706  1.0000000000
-8.9053036697 -2.5450542802 -4.2116862784 -9.1776144489 -5.2697662610 -3.8313031792 -0.0146817227 -0.0611158414  1.0000000000  0.1296597632 -0.2319232097  1.0000000000
-6.1906230982 -3.7955700031 -5.1905618793 -9.2944426636 -4.8995237000 -5.5769641908 -0.1200840968  0.2614018301  1.0000000000 -0.1686593415 -0.2557319116  1.0000000000
-9.5332121030 -2.7868240270 -4.5534427633 -6.0701269412 -4.3800175968 -2.7407630118 -0.0619034188 -0.1753778722  1.0000000000  0.2517356224  0.2725578778  1.0000000000
-6.4232485333 -2.5292464677 -5.2569476652 -6.7195912750 -3.9274929555 -2.3324837980 -0.1272273939  0.2298293053  1.0000000000  0.2848612799  0.2006797354  1.0000000000
-7.9844553373 -3.1347864480 -4.7099515831 -8.3709143792 -2.7183848662 -3.0147431415 -0.0862068528 -0.0149695304  1.0000000000  0.1583304381  0.0002761170  1.0000000000
-9.5434608951 -3.8872529122 -5.6983407990 -9.9692010723 -2.2383601820 -4.9953836907 -0.2377966758 -0.2157546381  1.0000000000 -0.1093794481 -0.1491889746  1.0000000000
-9.0428165145 -3.6010846744 -5.3860143710 -9.0625162140 -2.6988327846 -4.8212608263 -0.1672128557 -0.1348310206  1.0000000000 -0.0856114063 -0.1132266010  1.0000000000
-6.8780217288 -1.5708346938 -3.9414247445 -6.0515771434 -3.9600848485 -4.4119498327  0.0193703786  0.1801320378  1.0000000000 -0.0179845899  0.2829266846  1.0000000000
-8.9881411695 -1.1593324683 -4.2757848000 -7.3749204088 -4.0287693684 -5.3143034701 -0.0196638767 -0.0552253960  1.0000000000 -0.1302721887  0.0428606875  1.0000000000
-9.5608420088 -5.0200121449 -3.2093911406 -7.6167703604 -2.9540419371 -5.0715565160  0.0993359759 -0.2876629944  1.0000000000 -0.1214733844  0.0568234803  1.0000000000
-6.1669797465 -3.6911094683 -4.6813761981 -7.2362291586 -3.5755912161 -4.1909575207 -0.0679383169  0.2974029921  1.0000000000 -0.0035218910  0.1268323445  1.0000000000
-9.9629721986 -3.3899316577 -3.1217569128 -7.8639437881 -1.8583260689 -5.7461942549  0.1168772144 -0.2092765301  1.0000000000 -0.2239156247  0.0564588092  1.0000000000
-9.1021487046 -1.3421202779 -2.0153335728 -8.1701709952 -3.2043801595 -2.3459479394  0.2008150388 -0.0479772017  1.0000000000  0.2974366560  0.0158112812  1.0000000000
-8.7204060744 -1.3354923265 -4.4647020144 -7.5226517580 -3.8035132689 -2.1633637267 -0.0403622140  0.0015309206  1.0000000000  0.2515253825  0.0551578646  1.0000000000
-7.3562393883 -2.5233437293 -5.8225431645 -9.3050155006 -4.2896820268 -3.4033481772 -0.2306944982  0.1161081389  1.0000000000  0.1034537641 -0.2037630837  1.0000000000
-8.8527888136 -3.1756084785 -3.4779867841 -8.1116943426 -1.4035693955 -4.4908536301  0.0674915464 -0.0720130550  1.0000000000 -0.0373028609  0.0637768618  1.0000000000
-9.4661778801 -3.9207230772 -4.5059602576 -6.5158292024 -4.1349119864 -5.9595710161 -0.0474272491 -0.2268473210  1.0000000000 -0.2893641394  0.2395303940  1.0000000000
-6.5949010831 -4.1416957866 -4.3619179892 -8.5822038616 -5.0273307209 -2.3968574903 -0.0015513914  0.1972460756  1.0000000000  0.2949321412 -0.1292925116  1.0000000000
-9.8558438140 -1.3432029743 -4.1110411841 -8.0835197254 -3.4240146775 -5.8186499902  0.0005538805 -0.0836461162  1.0000000000 -0.2127647037 -0.0003701712  1.0000000000
-9.9870140737 -4.2652311203 -2.9609107152 -9.0351473304 -3.9231111475 -2.2758936661  0.1869341235 -0.3207483089  1.0000000000  0.2573963028 -0.1281725865  1.0000000000
