207.5000000000
50
0.2542971802 9.9739924827 1.1198546660  0.0870121699 -0.2384775492  1.0000000000
-0.2579129554 11.2859682683  1.7459394986  0.0998180515 -0.1459167973  1.0000000000
 0.6713232543 11.6427552277 -1.5113420651 0.2759213260 0.1043425173 1.0000000000
-3.0983372762 11.3499925395 -0.5909767301 -0.1436576991  0.1843516682  1.0000000000
-1.5434498484 10.8780558240  1.8384051396 -0.0271881381 -0.1517530811  1.0000000000
 0.6729786369  9.7827629246 -0.2555025034  0.1295808651 -0.1521645094  1.0000000000
-0.2362458382 10.9852415019 -0.5231061420 0.0793451199 0.0188417253 1.0000000000
-0.5877956194 10.1504016024 -0.7981071540 0.0324830483 0.0142086786 1.0000000000
 0.1729478324  8.7737733796 -0.6065778399  0.0232206048 -0.2046633765  1.0000000000
-1.0370827242 12.4238262078  0.7718216476 0.1364034394 0.0090968372 1.0000000000
-0.2451145901 12.0653533148  1.9007974609  0.1524936108 -0.0996845479  1.0000000000
-1.6507693284 10.2422271658 -2.5516649523 -0.1003260704  0.3214550535  1.0000000000
-3.4329099102 11.6870443392 -0.6514249598 -0.1263676117  0.1888500372  1.0000000000
-1.0953378870 10.1748007396  1.5120289588  0.0065922802 -0.1721256968  1.0000000000
-2.8137039913 11.0078701373  0.7355027353 -0.1631639292 -0.0000352793  1.0000000000
-1.3935086773  8.3107496712 -0.3870941228 -0.2621722799 -0.1577345387  1.0000000000
-2.7927030673 11.5475666492 -1.1886018963 -0.0622797211  0.2708218666  1.0000000000
 0.1215855319 10.2205015983 -1.0085921358 0.1292457873 0.0033856242 1.0000000000
-0.0621362157 12.4175426977 -1.9300252654 0.2566067204 0.2576750234 1.0000000000
-0.5961860481 13.2880775856  0.2737709901 0.2177660348 0.0904873393 1.0000000000
 0.7475596061 10.8352504515 -1.3008080855 0.2816141496 0.0556293987 1.0000000000
 0.2765970540 11.3418530852 -2.3921486067 0.2457390640 0.2873255382 1.0000000000
2.0231071343 9.6815087989 0.0680489482  0.3543088742 -0.3069645948  1.0000000000
 0.6972822178 10.4987395039 -0.8806173422  0.2333622249 -0.0029738020  1.0000000000
-1.4504059530 11.5669711322 -0.0269446265 0.0408291565 0.0860714146 1.0000000000
-2.3844301969 12.1928232246  0.3693424724 -0.0302266334  0.0474724324  1.0000000000
-2.2854952833 12.9789536547 -0.5132702519 -0.0012343331  0.1927263734  1.0000000000
-2.0427411827 10.2580306536 -0.8195244830 -0.1326720884  0.0537973544  1.0000000000
-1.3463496802 10.4909536671 -0.7442560895 -0.0312708013  0.0514334034  1.0000000000
 0.5047042774 10.5795900726 -1.3595450934 0.2257116011 0.0750366484 1.0000000000
-0.4839992111 11.6885901351  0.4402809851  0.1420332490 -0.0085495570  1.0000000000
 0.4234575140 11.5004672984  0.5426718716  0.1887725496 -0.0352253361  1.0000000000
-2.5525655989  9.5854002544  0.7148864288 -0.2290654025 -0.0903107730  1.0000000000
-1.1695100183  7.9828059276 -0.1986044025 -0.1907656725 -0.2185576800  1.0000000000
-2.4420999209 11.1245173916 -0.2365237290 -0.0869401532  0.0589848676  1.0000000000
 1.2345513297 10.8353952708  0.7427978082  0.2752254077 -0.1854558374  1.0000000000
 0.3449792681 11.9441290751 -1.0304920916 0.2785628338 0.1220318306 1.0000000000
 0.4049409499 11.4682399454 -2.6184389358 0.3210010415 0.2487497458 1.0000000000
-1.6054715429 10.5304806466  0.7903874266 -0.0617532947 -0.0759830884  1.0000000000
0.7875424884 9.9775275759 0.2517565896  0.1633559712 -0.1592350352  1.0000000000
-0.6729935754 13.0601547885 -0.8622922279 0.2308604040 0.2026153602 1.0000000000
-0.3873648302 10.5356277113 -2.2997334057 0.1025036772 0.1550099575 1.0000000000
-2.3173873112 10.5256441507 -1.5290440079 -0.1327800481  0.1616610487  1.0000000000
-0.6265688534 12.5711727231 -1.4247341971 0.1809242397 0.1968060216 1.0000000000
 1.2504669625 10.4789978071  0.0249298233  0.2554422965 -0.2054849163  1.0000000000
 0.1010284230 10.1604747074  0.4235585803  0.1167972269 -0.1733565027  1.0000000000
-1.2006648570  8.0681221046 -0.2121651001 -0.2484822484 -0.2107702691  1.0000000000
 0.4257525376  8.6889057660 -0.1361319045  0.0344216976 -0.2623561102  1.0000000000
-0.4198609598 10.5275377169 -0.3356146039  0.0964877468 -0.0182504042  1.0000000000
-1.3511456621  9.7789476056  0.7683861083 -0.0941011561 -0.1345613120  1.0000000000
50
-0.7526621411 10.0153799314  1.0964567310 -1.7929915854 10.2638945895 -1.4741399534  0.0102845820 -0.1300884391  1.0000000000 -0.0963814355  0.1440711475  1.0000000000
-2.7076353633 10.5890304381 -1.9479735850 -3.3327872792 11.1907437075 -0.4721429292 -0.1623778078  0.2835990466  1.0000000000 -0.1768302397  0.1457817455  1.0000000000
-1.7647904734 10.4647842122 -1.4395222359 -1.0062682123 10.8998365747  0.2703633115 -0.1007877481  0.1356784387  1.0000000000  0.0522982027 -0.0446752904  1.0000000000
 0.4584818512  9.9857009640 -1.5871800154  1.3094193459  9.4540834452  0.1365437230  0.1097995227  0.0459087229  1.0000000000  0.2177280777 -0.2836534912  1.0000000000
-1.4631090225  9.6091667892 -1.5856636990 -1.8167675256 11.7700106660 -1.5225243542 -0.1409756464  0.1124220767  1.0000000000  0.0161476769  0.2321499212  1.0000000000
 0.0553892317 10.0537194429 -1.3960028301 -1.9678114030 11.3538243388 -1.1466329314  0.0960392419  0.0511720867  1.0000000000 -0.0195971796  0.1841707084  1.0000000000
-1.6009521023 10.7517358496  1.4845420928 -2.0650566392 10.3068388740  2.5350146837 -0.0575368409 -0.0796380479  1.0000000000 -0.0878303216 -0.1629299096  1.0000000000
-1.7689507754  8.2545080933 -0.8353678707 -1.7629647246 11.3615657920 -1.8878283770 -0.2962582998 -0.0815350816  1.0000000000 -0.0096955887  0.2468158885  1.0000000000
-0.9020586496 13.9659170924 -0.5614379902 -2.1997901238  9.2573238212  1.4612965359  0.1835296488  0.1753049247  1.0000000000 -0.1543284168 -0.1943584923  1.0000000000
 0.1023499150 10.6114787209  0.4699014524 -1.2418194897 12.3808419596 -0.5116344130  0.1132177393 -0.1239401294  1.0000000000  0.0870387114  0.1616851117  1.0000000000
-2.0122615649 10.2877691131 -2.0761421976 -2.8978031505 10.6707185013  0.9416283555 -0.1501647482  0.2601279049  1.0000000000 -0.1186979372 -0.0185161458  1.0000000000
-0.8473869404  9.3888660703 -0.1296036136 -1.4003969118 10.4306731852  0.8925265467 -0.0757583052 -0.1041878082  1.0000000000 -0.0289607551 -0.0739676077  1.0000000000
-0.6831814107 12.0506932673  1.1779307091 -1.3636715015 12.9198634716 -0.0692049439  0.1498229096 -0.0505517857  1.0000000000  0.1251793649  0.1225793903  1.0000000000
-0.3755743762 11.4153838995 -1.3374952489  0.4900490631 10.9408159335 -0.3466240738  0.1358097895  0.1483827302  1.0000000000  0.2321003562 -0.0075377874  1.0000000000
-2.7475763620 10.4291662388 -1.6339225845  0.7722952860 11.0120996949 -1.6034953690 -0.1891025907  0.1897077925  1.0000000000  0.3038144696  0.0924427494  1.0000000000
-1.0922483047 13.0800757224 -0.5351748940 -1.4298073951  9.7047684222 -2.0865238960  0.1447700194  0.1510485682  1.0000000000 -0.1140509477  0.1720910113  1.0000000000
 0.4433613225  9.1749463408  0.3608252975 -0.1847054298 12.1854949784 -0.8039273664  0.0470881786 -0.2526750320  1.0000000000  0.2570045693  0.1324910227  1.0000000000
-2.7140244263 11.5950556276  0.5133834363 -2.8224254623 10.3745635649  0.1717647944 -0.0917021147  0.0471155236  1.0000000000 -0.2132661554  0.0443398740  1.0000000000
-0.4308898681 12.2178511671 -1.6330285063 -0.9376206658  8.9209583961 -0.3043258137  0.1841872197  0.2515970750  1.0000000000 -0.1533656953 -0.0942618951  1.0000000000
-1.6129538442  9.2058359226 -1.9427232337  0.1338376712 11.2566675959 -2.0939256314 -0.1878948820  0.1624957705  1.0000000000  0.2033158145  0.1813132527  1.0000000000
 0.1467006617 10.4754477198 -1.7807525216 -2.1318555536 12.2526289543  0.1050829463 0.1653058842 0.0894591812 1.0000000000 0.0117318840 0.0822835081 1.0000000000
-1.0055804956 10.9983298112 -2.3370716254 -2.2057053608 10.9793747250  0.5657613709  0.0527069264  0.2806529833  1.0000000000 -0.0426575978 -0.0009049027  1.0000000000
 0.2017328727 12.0327681629  0.4320458444 -1.2878358593 11.1304766947  2.0839151787  0.1894200107 -0.0421409773  1.0000000000  0.0114045310 -0.1555991664  1.0000000000
-0.6522488084  9.5974797614 -1.6468278905 -1.4395691117 12.8052936654 -0.0759021561 -0.0073713564  0.0630131901  1.0000000000  0.1216835900  0.1142396446  1.0000000000
-1.2751398152 10.3793956623 -2.0842484914 -0.8833831026  8.7012457427  0.9385061261 -0.0236272565  0.2504451075  1.0000000000 -0.1077651831 -0.2843134125  1.0000000000
 1.4912274085  9.9696961971  0.1910386626 -0.4149145280 11.0804852420  2.3119918526  0.2974879024 -0.2565551089  1.0000000000  0.0665425796 -0.1917967941  1.0000000000
-0.0163177955 10.1250076074  0.3837269596 -2.2906484294 10.0072179467  2.4650758867  0.0748548431 -0.1587372205  1.0000000000 -0.1442562394 -0.1725080549  1.0000000000
-0.6392836787 10.6879550421 -1.4679855944  0.0032503637 10.8258812658 -1.5227418385 0.0732167796 0.0950301151 1.0000000000 0.1792520545 0.1042474935 1.0000000000
-2.2467711107 11.3372257849 -0.3739405798 -1.7990273970  9.2364040891 -1.5341983249 -0.0829570649  0.0453026461  1.0000000000 -0.2098120826  0.1085092036  1.0000000000
-0.4745161366 13.3437027525 -0.2669512606 -1.7829981821  8.2704147532  0.2410340799  0.2016322875  0.1097876806  1.0000000000 -0.2401032536 -0.1695090363  1.0000000000
-2.1404855744  9.5273851682  0.3162386436 -1.7960709146  9.1744465687  0.4015778500 -0.2008565673 -0.0851058740  1.0000000000 -0.2061133932 -0.1014501604  1.0000000000
-1.0942747103  9.7103631743 -1.6640807263 -2.0238479323 11.2824324906  0.0896255239 -0.0292924780  0.0890307782  1.0000000000 -0.0351441728  0.0516664361  1.0000000000
-3.5913825263 11.5297777689 -0.3256717637  0.5446069677 10.3346269648  1.0165075337 -0.1858364206  0.1894434537  1.0000000000  0.1352031365 -0.1833294989  1.0000000000
-0.9285812209 10.5747328085 -1.8053197889 -2.9037262581 10.9334741574 -1.3269397224 -0.0158608542  0.1854067435  1.0000000000 -0.1327409071  0.2100733677  1.0000000000
-0.2314881335 12.8379604743 -0.5541487532 -1.8657801760  9.4138560516  1.6968968704  0.1844885346  0.0822782372  1.0000000000 -0.1587514202 -0.2117010676  1.0000000000
-1.4647384510 11.3310990266  0.1044514220  0.0494344261 11.0208794359  2.0809327891  0.0281388087  0.0612483438  1.0000000000  0.1051619256 -0.2058518823  1.0000000000
-1.4594450145 10.8416812947  2.0685974474 -2.7292289807  9.9336034268 -1.8658492827 -0.0094719398 -0.1684375069  1.0000000000 -0.2387151740  0.2532832196  1.0000000000
-0.3064465391 12.6486677223 -0.5857529247 -2.7217723077  9.7085925578  1.3003831986  0.2360350856  0.1401844254  1.0000000000 -0.1920664993 -0.1355509887  1.0000000000
-0.0533420923 11.3692804372  0.0217920208  1.1899104212  9.0385501222  0.1154963197  0.1510924016 -0.0150292940  1.0000000000  0.1922551486 -0.3044450133  1.0000000000
-0.8305715981 10.4251804478 -1.6262982663 -0.1536504681  9.8313573444 -0.7694959180  0.0038139397  0.1244928155  1.0000000000  0.0749260772 -0.0291966866  1.0000000000
-1.3652040002  8.6069190405  0.5404812302 -3.3729925045 11.6250469015 -0.6372203661 -0.1715774839 -0.1545840463  1.0000000000 -0.1491628511  0.1605530605  1.0000000000
-2.4452678098 11.2008757030 -1.0604824887 -0.8165678191  7.9985161641 -0.3722227581 -0.1086913711  0.1681460214  1.0000000000 -0.1641982494 -0.2132023411  1.0000000000
 0.6427037049 11.2930534588 -2.3445051232 -1.3809803909  8.9305548373 -1.7830790315  0.3006965915  0.1772360431  1.0000000000 -0.1666652239  0.0680922432  1.0000000000
 0.8079311264  9.0406827402 -0.3812227376 -0.5590599496 11.2448733752  1.5084425440  0.0996903221 -0.2429816526  1.0000000000  0.0935541943 -0.1344844676  1.0000000000
-1.3150859352 10.3785624259  0.1765972293  0.6348985257 10.4699590726 -1.6610347873 -0.0576756600 -0.0036400215  1.0000000000  0.2193844911  0.1034682324  1.0000000000
-0.4084916492 12.8713185989 -1.2111657982 -0.6198469537 12.7090577674 -0.3326784191 0.2375412343 0.2077330836 1.0000000000 0.1823877854 0.0873730704 1.0000000000
-0.7099514141 11.9516189433  1.3013966724  1.0103739416 10.5606236835 -0.6265279807  0.0947461998 -0.0803849763  1.0000000000  0.2438026732 -0.0902362309  1.0000000000
 0.0851688841 10.7908556389 -0.4172895466 -1.1110540303  9.7711241701 -0.5716810466  0.1175180817 -0.0283562608  1.0000000000 -0.0762046675 -0.0340314947  1.0000000000
-0.9484009450 10.6300520402 -0.1478034734  0.6087682128  9.8292483838 -0.4992357222 -0.0480465346 -0.0341936601  1.0000000000  0.1725569571 -0.0860534445  1.0000000000
-3.2596597151 11.3840278850 -0.4006638903 -0.3333293852 11.3340485116 -2.1509364586 -0.1442337546  0.1837992750  1.0000000000  0.1761340933  0.1911398489  1.0000000000
