165.8000000000
50
-11.6138173967  -3.3531056344   3.6101013583  0.0430624890 -0.1015230501  1.0000000000
-10.9765403046  -2.8828420679   1.8251452407 -0.1219490825 -0.1273231409  1.0000000000
-11.3241153147   0.5882181328   2.0179843204 0.0025407573 0.1913355222 1.0000000000
-12.7797958383  -0.4781314219   3.7508768965 0.1681531948 0.0980278471 1.0000000000
-9.9308498423 -0.4930209606  1.6912075806 -0.0682772508 -0.0399175753  1.0000000000
-10.3411364743  -0.9174025408   4.3067570454  0.2113749036 -0.0850032227  1.0000000000
-9.5212403272 -1.6378393165  2.9721156969 -0.0024829839 -0.2302253731  1.0000000000
-13.9933465822  -0.5804885836   3.6369859434 0.1508505879 0.2308365740 1.0000000000
-11.7219773070  -2.2690734718   4.0482623642  0.1282922577 -0.0885736627  1.0000000000
-9.1155416054 -0.7072921274  3.1639273088  0.1710260631 -0.1790952852  1.0000000000
-11.0969648531   0.7382739138   3.3698764562 0.2285118886 0.1113118578 1.0000000000
-12.2727218572   0.5117964456   3.1845998936 0.1893255060 0.2122553909 1.0000000000
-10.5252444850  -0.7850463429   2.4291765115 -0.0486885531 -0.0036680656  1.0000000000
-9.6456604731 -0.3086055977  3.0738142274  0.1005009824 -0.1261672137  1.0000000000
-11.8644071098  -1.0540675230   1.9193895115 -0.0135192767  0.0661758937  1.0000000000
-12.4371125841  -1.8230128935   2.5455460842 -0.0116230006  0.0434562677  1.0000000000
-11.5748627385  -2.8108594306   4.5628954946  0.1283489751 -0.1716098621  1.0000000000
-10.9717822500  -4.2326908606   1.9966361048 -0.1629061118 -0.2063167012  1.0000000000
-10.9940851932  -0.4629964173   0.2296587394 -0.2769089574  0.1591338537  1.0000000000
-10.8000489054  -0.6364162831   3.8549859243  0.2179827473 -0.0469188260  1.0000000000
-9.6955197947 -0.2200912221  3.9794522971  0.2642421907 -0.1066698096  1.0000000000
-8.7407903538 -1.6537569861  1.0831365399 -0.2508809868 -0.2725249561  1.0000000000
-11.5793245960  -0.9287765442   2.3899720690 -0.0200062388  0.0805368004  1.0000000000
-11.7710799299  -2.2602027940   4.1011052957  0.1383169940 -0.1009733309  1.0000000000
-11.9315986128  -0.3194017199   3.6378664515 0.1730650022 0.0963701772 1.0000000000
-9.2096346380 -1.3662760561  2.2806709996 -0.0249342296 -0.2234810077  1.0000000000
-11.8319834853   0.1633264573   0.6177497395 -0.1903527046  0.2586476575  1.0000000000
-9.3426300954 -2.3687581475  1.4227974878 -0.2017630137 -0.2368000629  1.0000000000
-8.7228737322 -1.8212316421  0.8407095391 -0.3281484923 -0.2781045009  1.0000000000
-12.3348915748  -0.3940531907   0.8543215674 -0.1245880424  0.2517088008  1.0000000000
-13.0148030780  -0.8791135899   2.6142144696 0.0575954367 0.1748156690 1.0000000000
-13.6092935075  -0.8223936217   3.0346319309 0.0588820604 0.1754487598 1.0000000000
-11.1495610154  -1.1073870962   3.4647472471  0.1611882490 -0.0174115286  1.0000000000
-11.2682859488  -3.2304934933   2.1007935185 -0.0962507956 -0.1355143783  1.0000000000
-9.8949097571 -3.0427333394  1.4078810051 -0.1876487203 -0.2246966945  1.0000000000
-11.5592919122  -1.6570874149   2.9663176546  0.0513301719 -0.0513023327  1.0000000000
-12.0763375400  -0.9209255928   3.1851853931 0.1522054633 0.0545475396 1.0000000000
-12.6612843650  -0.4642843692   4.1159055958 0.2775844192 0.1383921199 1.0000000000
-12.7812476168  -1.7976196626   1.4977890842 -0.1127979555  0.1447681807  1.0000000000
-13.2376343622  -1.0897816956   1.3594607948 -0.0727304972  0.1985186168  1.0000000000
-11.8152116864  -1.1411347673   3.4878191960 0.1379812656 0.0189327535 1.0000000000
-10.7240526477  -2.1349177384   2.9103432456  0.0386173352 -0.1435494201  1.0000000000
-13.9308764940  -1.5515313454   1.8909385128 -0.0253408493  0.2004469020  1.0000000000
-9.6419186959 -0.8213454235  4.0820490104  0.2172544369 -0.1830422455  1.0000000000
-9.8946270261 -1.1575692275  3.3256467148  0.0820982920 -0.1571536256  1.0000000000
-12.6080664403  -1.6149220228   1.0651491889 -0.1595550018  0.1475916540  1.0000000000
-10.9251124162  -0.5608652032   3.5257045333 0.2168514499 0.0047106562 1.0000000000
-9.9776186073 -0.5562115784  1.9624420920 -0.0188594664 -0.0308634842  1.0000000000
-12.7218092554  -2.3611913967   1.1621552316 -0.1548483372  0.0870007865  1.0000000000
-13.5918597590  -0.3470323813   3.7795876358 0.1470787096 0.2460677987 1.0000000000
50
-12.2736020758  -1.4207324949   1.9861668356  -9.8677254765  -1.4232230318   3.1942482522 -0.0434044345  0.0838190183  1.0000000000  0.0611727574 -0.1639121796  1.0000000000
-12.4934807277  -1.9819052640   3.0383624562 -12.1651143818  -2.0653464202   3.8554802319  0.0593742073  0.0322716734  1.0000000000  0.0880821638 -0.0379745360  1.0000000000
 -9.0107248439  -0.5413259068   4.4623955299 -10.1386677985  -1.1727901557   3.7119000727  0.2990019591 -0.2286958513  1.0000000000  0.1807790260 -0.1633200444  1.0000000000
 -8.5958809021  -1.7752517894   1.8358912706 -10.9056501323  -1.0305317582   3.2719348837 -0.1595072222 -0.3427324991  1.0000000000  0.0493994264 -0.0229112973  1.0000000000
-11.4381192053  -1.5388602448   2.0403063622 -10.8093471878  -1.5061698957   1.8731285485 -0.0579648616  0.0397742582  1.0000000000 -0.0587187050 -0.0301407889  1.0000000000
 -9.3498385230  -2.3652220514   0.9951173755 -11.3142092633  -2.2764208075   1.6037443211 -0.2774195658 -0.2316513960  1.0000000000 -0.1518374812 -0.0315235441  1.0000000000
 -9.9656830588  -0.7987851620   3.5140869958 -11.0652269872  -3.5176107801   1.9999954012  0.1840017145 -0.1941416715  1.0000000000 -0.1227840520 -0.1244376875  1.0000000000
-10.5316895915  -2.5502097477   2.0236610958 -11.4285419191  -1.2395559276   2.4361326499 -0.1452117932 -0.1611149589  1.0000000000  0.0152038462  0.0348615882  1.0000000000
-10.8936220830  -0.4174331597   2.2229155603 -10.1524252694  -1.9297745380   4.6927674450  0.0315599176  0.0769917136  1.0000000000  0.2288999298 -0.2189390310  1.0000000000
-10.5898135800  -0.3446488836   1.9837370571 -10.1756067122  -2.1790592317   4.6191481314 -0.0489609436  0.0515366696  1.0000000000  0.1954569995 -0.1924406287  1.0000000000
-11.8047581971  -2.1688265449   4.9776706098 -13.3539498408  -1.3856728483   2.0304715931  0.2099846520 -0.1289011801  1.0000000000 -0.0269430671  0.1543451120  1.0000000000
 -8.9831147177  -0.8629751975   3.3713496879 -13.3767878716  -0.4928073508   3.4770266191  0.1600150628 -0.2639641067  1.0000000000  0.1681880847  0.2416193991  1.0000000000
-12.3837732948  -3.2730574814   1.2222057296 -11.7671788830   0.8639008455   1.9719056643 -0.2178445569 -0.0080693190  1.0000000000  0.0507283215  0.2839448437  1.0000000000
-11.0579476846  -2.8886550703   1.7931063562 -11.0028138382  -0.1594395888   0.8609591038 -0.1879604726 -0.1103299791  1.0000000000 -0.1422317652  0.1596805962  1.0000000000
-11.4601544375   1.4283815303   2.7034121434 -11.5220572642  -0.9003290095   3.6233227514 0.1797809617 0.2851458050 1.0000000000 0.1295189156 0.0119315916 1.0000000000
-10.5814665359  -2.0188080333   0.9188443278 -10.4525436055  -1.0468868174   4.3316696281 -0.2375818501 -0.0776363193  1.0000000000  0.1926777388 -0.1271007599  1.0000000000
-11.5352329579  -3.2586167616   1.2919462351 -10.3439947155  -1.6148188466   4.6848247246 -0.1570888121 -0.0592486632  1.0000000000  0.2648044558 -0.2011307921  1.0000000000
 -9.5761622710  -2.0316678575   2.6016846598 -10.2269024575  -1.5780290912   2.2950788336 -0.0225036344 -0.2636499860  1.0000000000 -0.0358269067 -0.1199028941  1.0000000000
-13.8384358748  -0.8835476803   2.8453614094  -9.1315171188  -1.1972395083   2.3463225020  0.0665024585  0.1977243900  1.0000000000 -0.0424691210 -0.1809494187  1.0000000000
 -9.9844728211  -1.5249244030   2.2597579151 -10.9850677901   1.2216482854   3.3402073734 -0.0498915200 -0.1197009042  1.0000000000  0.2712258303  0.1921312212  1.0000000000
-11.4921150312  -3.2854011330   2.4372307599 -12.7889698053  -1.9462166436   2.9183307773 -0.0848714873 -0.1365860531  1.0000000000  0.0389166393  0.0518233788  1.0000000000
-12.1247395488  -1.7665084214   4.2647399745 -13.6029874299  -0.3656994141   4.1044823676  0.1700749524 -0.0344114264  1.0000000000  0.2142453874  0.1850244997  1.0000000000
-11.3188263739  -3.3629271274   1.5052468944 -10.6424749451  -0.4710858825   1.6728746681 -0.1841132872 -0.1427987792  1.0000000000 -0.0424893433  0.0385170374  1.0000000000
-11.5519408801  -1.7514414019   2.0199296714 -10.8248191797  -0.3580987559   2.2290437548 -0.0508221655 -0.0127962706  1.0000000000 -0.0203830468  0.0135740962  1.0000000000
-12.9221001497  -0.3054500998   3.1712331486 -11.2927983813   1.2243087838   1.8336166834 0.1019024059 0.1769779127 1.0000000000 0.0400080933 0.3048048426 1.0000000000
-13.6165424566  -1.1956037920   3.5342375499 -11.1911498234  -0.1444766033   1.6691900950  0.1087402261  0.1505479151  1.0000000000 -0.0436446112  0.1105766358  1.0000000000
-12.4307094789  -1.4272643469   3.9332096266 -11.6214198645  -1.5729297259   3.7356589545  0.1120924908  0.0317999091  1.0000000000  0.1635341019 -0.0175479507  1.0000000000
-11.0997389365  -1.7026944653   4.8873874401 -11.7479805496  -1.9187083945   3.1692602118  0.2315163778 -0.1597546970  1.0000000000  0.0319854415 -0.0018369167  1.0000000000
 -8.6536541209  -1.9939395960   1.3317280579 -10.4984888776  -1.3361279730   3.5133322183 -0.2066681154 -0.2960164422  1.0000000000  0.0748980127 -0.0914275387  1.0000000000
-13.7590673072  -1.0346804460   2.6773566797 -10.4815470730  -2.9343016107   3.5602757764  0.0699462775  0.1860751956  1.0000000000  0.0391872757 -0.2180326037  1.0000000000
-11.7945201690   0.5164761219   1.3903151421  -9.0361412797  -1.2382212337   1.1836930568 -0.0567223108  0.2682468571  1.0000000000 -0.2037622638 -0.1712401917  1.0000000000
 -9.8216060321  -1.9650432941   3.8423506882 -10.9892311063  -0.5885943213   0.6962473891  0.0913864770 -0.2240146140  1.0000000000 -0.2027723220  0.1477134252  1.0000000000
-12.3038108268  -3.1514295730   2.5391939757 -11.6693630974  -3.2503294223   4.4672227435 -0.0258872831 -0.0532051352  1.0000000000  0.1065554462 -0.1663370606  1.0000000000
-10.7163431757  -1.9201779377   4.1438666191 -11.9524124203  -2.1375949705   1.0374581691  0.1435012301 -0.1686418403  1.0000000000 -0.1913526450  0.0222968658  1.0000000000
-10.8541903933  -1.6358139752   0.7291995342 -11.7147149521  -4.0243769671   1.6570974132 -0.2510910997  0.0219329478  1.0000000000 -0.1850591511 -0.0960698500  1.0000000000
-11.1125822087  -2.2829653681   0.9102238839 -12.4045895157  -2.9531573226   2.0694271419 -0.2573651090 -0.0221164812  1.0000000000 -0.0942039868 -0.0255060762  1.0000000000
-11.0682227614   0.4452634546   0.9921079803 -10.9731441457  -3.8390260976   1.4400839850 -0.1020626661  0.2212195458  1.0000000000 -0.2596516764 -0.1884612275  1.0000000000
-11.4356290933  -3.6444174715   2.9132420537  -9.5387172246  -1.7991473341   2.7300055492 -0.0588623219 -0.1712479027  1.0000000000 -0.0164209701 -0.2645397252  1.0000000000
-10.5238931193   0.6057386157   2.4523495067 -11.8779958321  -2.9104903898   1.9776918266  0.1125140399  0.1283326267  1.0000000000 -0.1488668162 -0.0733204847  1.0000000000
-13.3345893713  -1.3417300292   3.4511270726 -13.4602274638  -1.1873775641   4.2105250345 0.0877494785 0.1328059857 1.0000000000 0.1983353295 0.1285823349 1.0000000000
-9.3119217371 -0.6884337438  1.9026788652 -9.3956688801 -0.1958043870  3.6617780682 -0.0887512610 -0.1611771639  1.0000000000  0.2312719981 -0.1601159795  1.0000000000
-10.3763873677  -0.7839334263   3.2593376200 -10.7394445210  -1.8807369490   4.1525952000  0.1343099702 -0.0310486759  1.0000000000  0.1633664562 -0.1650514838  1.0000000000
-10.6048007655  -1.8882370222   4.6358691611 -12.1853032405  -3.4306408875   1.2541494479  0.1889029908 -0.1912769359  1.0000000000 -0.1953524059 -0.0753380674  1.0000000000
-10.9594672942  -0.8702304517   3.3126328017  -9.3086228937  -1.2148785144   0.8995928938  0.1009770023  0.0108710966  1.0000000000 -0.2660268119 -0.1074998683  1.0000000000
-10.0061454998  -0.8635946427   4.0293707873  -9.0894142408  -0.6179217719   2.9610017670  0.1624300839 -0.1549356635  1.0000000000  0.0958992951 -0.1573702793  1.0000000000
-11.9294304188  -2.5674635378   4.8547135600  -9.9844583754  -1.8701858770   1.5835568076  0.1843402949 -0.1044769087  1.0000000000 -0.1639260690 -0.1566228080  1.0000000000
-10.3755504585  -0.0827168864   2.4518227969 -11.3030935882  -2.7278298263   4.2139817910  0.0421535341  0.0015280732  1.0000000000  0.1289836103 -0.1340689646  1.0000000000
-12.3746191034  -0.4945737360   3.7714803996 -11.8288360055  -1.2636675564   1.5410008283  0.2144381876  0.0731846010  1.0000000000 -0.1199011182  0.0888681010  1.0000000000
-10.4145371445  -2.1852174607   3.9701283893  -9.5000443748  -2.3015921258   1.0851688586  0.1586459947 -0.2057879436  1.0000000000 -0.2355681445 -0.2068967633  1.0000000000
-10.5783293949  -1.4494853086   1.6791063230 -10.2677958442  -0.7300205221   2.2943167821 -0.0989900370 -0.0497557725  1.0000000000 -0.0483262773 -0.1168517999  1.0000000000
