228.3000000000
50
 8.3655599733 -3.0557078680  0.8528136994 -0.1266735872  0.1207055571  1.0000000000
 8.5127553157 -2.5609133377  0.4721539615 -0.1023101487  0.0686184156  1.0000000000
 8.9876059575 -2.9177201172 -1.9500612379 0.2401558833 0.1813913545 1.0000000000
10.1455059309 -4.1859879583  0.5640451132 -0.0651775056 -0.1592180357  1.0000000000
 8.8386279017 -4.4773166184  0.8981704603 -0.1486586028  0.0134769096  1.0000000000
10.5993890526 -2.2384060342 -0.7443601740  0.1105460090 -0.0410074345  1.0000000000
 9.2383771357 -3.9201843945 -2.0166558930 0.2803214418 0.1165776775 1.0000000000
 9.4601577133 -4.6010199317  0.9075302306 -0.1164454053 -0.0679532351  1.0000000000
10.2616225746 -2.1027063084  2.1912650639 -0.2386483794 -0.1534963662  1.0000000000
 9.5523570720 -2.0537315544  0.7739076513 -0.0524535366  0.0133362832  1.0000000000
 9.2518929968 -3.0741230994 -1.0188947258 0.1437977133 0.0644952511 1.0000000000
 7.0807481121 -3.9964948265  0.8291305351 -0.2340611649  0.3234414681  1.0000000000
 8.6677489227 -0.8010533246 -0.5934349088 0.0469875074 0.1773924758 1.0000000000
10.9261194087 -4.0284013164 -1.3481653305  0.2489062099 -0.1582156529  1.0000000000
 9.1940998666 -1.8298540446  1.6547726267 -0.1746099244  0.0390483261  1.0000000000
 9.7183232585 -4.4650116557  1.6725716056 -0.2541218687 -0.1457869626  1.0000000000
11.3197935011 -1.6063274425 -0.3309832038  0.1062380319 -0.1320584642  1.0000000000
10.1514922093 -3.8479498298 -1.4038039870  0.2407322361 -0.0513716168  1.0000000000
10.1009991020 -3.0680768813 -1.5344018167 0.2728265110 0.0160004841 1.0000000000
 8.7693586085 -0.9751160965 -0.7321524142 0.0181614629 0.1183596958 1.0000000000
 9.1469138408 -2.4932945077  0.8713620123 -0.0379673073  0.0262885947  1.0000000000
 9.3917124001 -2.5762284039 -0.5880044273 0.0734640992 0.0377667838 1.0000000000
11.0496279893 -3.4184319963 -0.3153927524  0.1631554868 -0.2129464136  1.0000000000
11.3243344032 -2.3808911381  0.2063300319  0.0373188615 -0.2079875795  1.0000000000
10.9860237113 -4.3169279484 -0.7426509360  0.2282651994 -0.2296422231  1.0000000000
10.2881395930 -3.2234904587  0.2219097154 -0.0146995187 -0.1341775358  1.0000000000
11.4806137917 -2.6256529252  0.3356726124  0.0497200564 -0.2273297555  1.0000000000
 7.6744476398 -4.1600770043 -0.3943242177 -0.0458577834  0.3062443034  1.0000000000
 8.6326847024 -2.1564356147 -0.8335271388 0.0606771387 0.1327549707 1.0000000000
10.5697406119 -3.0262273875 -1.7345730644  0.2593234803 -0.0464774592  1.0000000000
 9.7515695729 -0.7053566336 -1.4489554563 0.1575734479 0.0861308739 1.0000000000
10.2330909842 -2.4855243426  0.7160114175 -0.0685439014 -0.0805553232  1.0000000000
12.1515158153 -1.9470709832 -0.6546824258  0.2022898869 -0.2214310770  1.0000000000
 9.0160065569 -1.1303791489  0.8806173866 -0.0930599936  0.0776957294  1.0000000000
10.2128781267 -4.4058122458 -1.4136117785  0.2768964052 -0.0668802102  1.0000000000
 7.2302362745 -2.8761863437  1.1901657946 -0.2675651957  0.2616249012  1.0000000000
 9.3092872704 -2.9081597516  0.3529892203 -0.0044207498  0.0244166776  1.0000000000
 8.6161314648 -2.8812995500 -2.4197344386 0.2555711127 0.2364054170 1.0000000000
 8.5458117369 -3.8526059778  1.6439357493 -0.2593945885  0.0412998483  1.0000000000
 9.6688183592 -2.1148159205 -0.3288540509 0.0686282702 0.0159340145 1.0000000000
10.6053560505 -3.3998623509 -1.7373006648  0.2853049523 -0.0246487981  1.0000000000
 9.2793156715 -1.9090363467 -2.0529900176 0.2235765406 0.1686730179 1.0000000000
 9.0597965220 -1.9309490237 -0.3118865811 0.0151284343 0.1025705516 1.0000000000
 7.5647907531 -3.2277049190  0.1325812362 -0.0835965399  0.2503163679  1.0000000000
 8.0614696134 -1.6204058668  0.9270061484 -0.1325344987  0.1109039333  1.0000000000
 8.0951844296 -1.8438339457  0.6711343177 -0.1042295661  0.1734125783  1.0000000000
10.6025474346 -4.0457077384  0.0200260574  0.0757320584 -0.2083354437  1.0000000000
 9.8310753435 -4.2917373698  2.1647611230 -0.2643146538 -0.2122771344  1.0000000000
10.6267782387 -2.0587091713  0.9667878650 -0.0347297873 -0.0992329048  1.0000000000
 8.4894488851 -3.4273689038 -0.7288492553 0.0248364356 0.1642229987 1.0000000000
50
 8.6101563882 -3.6562789392 -1.0946750358  8.6898171345 -2.4427016165 -0.2070124473 0.1133805622 0.1828524872 1.0000000000 0.0031448819 0.1126011206 1.0000000000
 9.7565618812 -4.2310231262  1.4943630493  9.0324122548 -1.4870639347  1.4798150651 -0.1697175898 -0.1505355027  1.0000000000 -0.1556892519  0.0408648882  1.0000000000
 9.2790796621 -4.1772835544 -2.0204063043  8.6880094714 -1.2424156637 -1.4938802326 0.2974650315 0.1285300512 1.0000000000 0.1371631395 0.1788512539 1.0000000000
10.3345034022 -2.8769484267 -1.8336902500  9.2106876359 -2.1546264842  1.1824651429  0.2352369196  0.0189332042  1.0000000000 -0.1480573560 -0.0049148228  1.0000000000
 8.2427797154 -1.3354328994 -0.1232212256  9.3640018908 -2.8188790212  1.1468102906 -0.0134922413  0.1502417554  1.0000000000 -0.1263128407 -0.0323603182  1.0000000000
 8.5120323490 -1.7113499162  1.6884537625 11.2127307200 -3.3308103966 -0.4958263081 -0.2037692449  0.0692296449  1.0000000000  0.1706745254 -0.2190827183  1.0000000000
 9.9080271517 -1.4343594557  2.1200453161 11.0026050207 -4.8408605835  0.0959162397 -0.1537186420 -0.1157060628  1.0000000000  0.0763145853 -0.2608169103  1.0000000000
10.3731272232 -4.3757132296  1.1096726712  7.3412423982 -4.1087517277  0.2626440745 -0.1072450734 -0.2039415142  1.0000000000 -0.1620629752  0.2805843830  1.0000000000
10.6163411484 -1.4217587469 -0.5634088314 11.2702378464 -1.7154223866  1.7665385257  0.1205773706 -0.0206458457  1.0000000000 -0.0781685311 -0.2508975843  1.0000000000
 7.8074413815 -4.3921043998  0.8166361385 10.6802067008 -3.1047337178  0.0027748920 -0.2251200744  0.1660523980  1.0000000000  0.0704030168 -0.1721257878  1.0000000000
 7.6527431299 -1.8036265240  0.3219150854 10.1697959949 -2.1573139106  0.6198051070 -0.0694795238  0.1941719402  1.0000000000 -0.0047501161 -0.0716043574  1.0000000000
11.0336898638 -3.1739402760 -0.3571740545 11.1532258714 -2.9952651402 -0.7103221998  0.1666723811 -0.1370664722  1.0000000000  0.1911351451 -0.1453874047  1.0000000000
10.7125457386 -4.4758155779 -1.6198482468 10.6078978414 -3.2180727803 -1.4221748721  0.3456792320 -0.0829354248  1.0000000000  0.2628123139 -0.0759794642  1.0000000000
10.4657006446 -2.4676007969  1.1831487139 10.9696991878 -3.6462083113  1.3181203864 -0.0749447761 -0.1319365151  1.0000000000 -0.1161138129 -0.2281406487  1.0000000000
10.7341275078 -2.6657305118  2.1863874373  9.6216219972 -1.8124540777  0.6884109984 -0.1821738071 -0.1870462966  1.0000000000 -0.0658382450  0.0093856111  1.0000000000
10.6572514774 -3.6336169635  1.2121377320  8.9303451114 -2.1932631211 -0.9544842178 -0.0938684222 -0.2536198260  1.0000000000  0.0600977034  0.1148290666  1.0000000000
11.6118963101 -0.9456134237 -0.7188766844  8.5943733195 -1.8055475462  1.4756677546  0.1586923538 -0.1341304205  1.0000000000 -0.1554421746  0.0543657245  1.0000000000
 8.7499891438 -2.5006280433  0.1044293803 11.6236546266 -2.9985862339 -0.4360366580 -0.0488934171  0.0902177266  1.0000000000  0.1122516537 -0.2408460693  1.0000000000
 8.2321106875 -2.9450972986  1.5874193987 10.9424865663 -2.1770112438  2.5012581370 -0.2241117662  0.1213131344  1.0000000000 -0.2135576500 -0.2092572972  1.0000000000
 8.5023844932 -4.4766879328  1.2552561093 10.3099728923 -4.2494554437 -0.1013877400 -0.2468642656  0.0774091667  1.0000000000  0.0661471947 -0.1407649649  1.0000000000
 9.5342139973 -2.6635818846 -0.9120694964 10.9754913498 -1.7225334657  0.6465695959  0.1140797943 -0.0023066729  1.0000000000 -0.0169373403 -0.1263930454  1.0000000000
11.1277249103 -3.0526392508 -0.1287395180  7.9719479268 -3.1593035004  0.1343243086  0.1069539025 -0.1788899844  1.0000000000 -0.1078633353  0.2105742315  1.0000000000
 9.3981083748 -3.2316262624  1.9616152785  7.9904605044 -1.3314300636  1.1029470249 -0.2541068316 -0.0396273723  1.0000000000 -0.1567321745  0.1458077738  1.0000000000
11.0476518848 -2.5251154680 -0.5966821318  8.4446929009 -2.0282913644 -1.6260673142  0.1344339576 -0.1371944437  1.0000000000  0.1136598876  0.1968079182  1.0000000000
 7.7401725878 -1.8484964329 -0.0837650031 11.4360501969 -2.0066715745  0.1121132803 -0.0714519041  0.2394233973  1.0000000000  0.1050312735 -0.1856496982  1.0000000000
 8.8722098952 -3.3452774778  0.7439231733  9.7340206478 -4.6278422498  0.2937305968 -0.1034471456  0.0625929447  1.0000000000 -0.0089292359 -0.1010284505  1.0000000000
 8.5952305621 -2.4171920670 -0.8138327570 10.7026600298 -4.1771307468  0.6211674606  0.0710047586  0.1620336106  1.0000000000  0.0212673188 -0.2214161212  1.0000000000
10.0196537135 -2.6451559008 -1.1764170211 10.5946507523 -2.6969402437 -0.2570567138  0.1625873737 -0.0048193726  1.0000000000  0.0862353958 -0.1038890787  1.0000000000
 8.9157299956 -1.9021983992 -1.9553362735 10.2607143810 -3.0745178763 -1.2359656216  0.2078882754  0.1819738536  1.0000000000  0.1851451052 -0.0387961016  1.0000000000
11.4794841055 -4.2117488281 -0.6932341574  9.1863476847 -2.3312636043 -2.0531642297  0.2210774376 -0.2904161778  1.0000000000  0.2172648294  0.1153198724  1.0000000000
10.8851116287 -4.2009123669  0.3772128088 11.5193750993 -3.1426741285 -0.9720277492  0.0085550232 -0.2433956440  1.0000000000  0.1988615280 -0.1875589067  1.0000000000
 9.6863226246 -1.0841366056 -0.9334416354  9.0181559533 -2.5413737999 -1.8334827475 0.1136067913 0.0416660073 1.0000000000 0.1840678258 0.1736708108 1.0000000000
10.4503002514 -1.1126337762  0.7982747122  8.8911710327 -1.4840696517 -1.1534519614 -0.0420583247 -0.0737637405  1.0000000000  0.1141543572  0.1330247469  1.0000000000
 9.8993080880 -3.1102479671 -0.2602887262  7.5870031135 -3.2879078631  1.1527740326  0.0838648626 -0.0456001450  1.0000000000 -0.2471677150  0.1975297076  1.0000000000
10.6613227613 -4.4323064526  2.0046630729 10.4347703184 -0.7623641423 -1.5141915641 -0.2288854923 -0.2612396495  1.0000000000  0.2101160099  0.0052546363  1.0000000000
 8.4779914108 -0.9251407598  1.4864035266 10.4959468032 -3.1591842704  1.6423948142 -0.1854064223  0.0868884141  1.0000000000 -0.1279416048 -0.1669060290  1.0000000000
11.8680799568 -3.5925404040 -0.5948215167  9.7199012162 -4.3466404641 -0.6795057462  0.1696097436 -0.2290521071  1.0000000000  0.0822821381  0.0094196061  1.0000000000
10.9859221265 -0.9312801658 -1.4695990133 11.3402818589 -3.4807610605 -0.6363090952  0.2119241487 -0.0314098124  1.0000000000  0.1707075405 -0.1627711813  1.0000000000
 8.9216676735 -4.3998107629  0.7533834550  7.9960204306 -1.8962516669  1.0852852213 -0.1683463314 -0.0072784913  1.0000000000 -0.1659841787  0.0874182023  1.0000000000
 7.5521095746 -1.6227061369  0.8429880397  8.5483966706 -1.1103775281 -1.0747843803 -0.1712433814  0.2234688865  1.0000000000  0.0779352490  0.2040833225  1.0000000000
 8.4187173450 -1.4347294690  0.1185604814 10.7297993632 -1.5698759368  0.4321981384 -0.0480153928  0.1843388812  1.0000000000  0.0163458489 -0.1394948153  1.0000000000
 9.0206237179 -4.4930482745 -0.3303471915  9.9717474606 -1.0819243588 -1.9629043776 0.0526860826 0.0840263303 1.0000000000 0.2272269948 0.1192790244 1.0000000000
 9.0856325193 -2.4701806417  0.2401073534  8.0063882616 -2.3224001588 -0.7848929661 -0.0379880339  0.0668544681  1.0000000000  0.0429610946  0.1963956901  1.0000000000
10.6645588381 -3.7353802904  2.2744156907  9.6632301662 -2.2435583124 -1.6143983555 -0.2208714167 -0.2154698061  1.0000000000  0.1225923689  0.0865635875  1.0000000000
10.7918351110 -2.0407122003 -0.9532373705 11.4100387831 -1.6902326254 -0.3477452988  0.1793054172 -0.0645076575  1.0000000000  0.1352345187 -0.1520768040  1.0000000000
 8.1782031999 -2.5383048212 -0.8938434966  9.4677747092 -1.1902037947 -1.4893482368 0.0427013417 0.1923117801 1.0000000000 0.1860293665 0.1120840989 1.0000000000
 8.5278680948 -3.1357400119 -0.1742902376  8.8620867187 -1.1978801778  1.3954105396 -0.0113944910  0.1151172909  1.0000000000 -0.1711310283  0.0108596859  1.0000000000
11.5088919796 -1.4884586674 -0.2213058714  9.2473155766 -3.5233687738 -0.9991347649  0.1158430408 -0.1540865671  1.0000000000  0.1006481213  0.0812951540  1.0000000000
 8.4548632653 -1.1910427823 -1.3665571803  9.5749196760 -1.2260596597  0.5257973097  0.0960013435  0.2130041792  1.0000000000 -0.0642614422  0.0020238260  1.0000000000
11.2199518118 -1.8796312283 -0.3514941699 12.1242885294 -2.6551087473 -0.7414927140  0.1258103286 -0.1213122079  1.0000000000  0.2059596737 -0.2461845528  1.0000000000
