611.4000000000
50
-8.2863020557  0.7845224229 -2.9434034749 0.1884852781 0.0060887545 1.0000000000
-5.6241130451  2.2409678519 -1.8446745830 -0.1526518141 -0.1482280316  1.0000000000
-5.9600633482  1.4608120449 -5.1022327233 -0.1263821553  0.1522735238  1.0000000000
-7.9251145263  2.3102714543 -3.7864307771 0.0505552914 0.1698491469 1.0000000000
-7.1631742970 -0.0093321449 -3.6072242293  0.0962070439 -0.0511345258  1.0000000000
-9.6453366441  2.2380926687 -3.0156852794 0.2676752263 0.2197974751 1.0000000000
-7.0773230086  4.5050216132 -3.2999095930 -0.2538744999  0.2694969371  1.0000000000
-6.8453732684  0.2427676841 -1.9331240094  0.0845127310 -0.2035972672  1.0000000000
-9.0447682659  1.5710150387 -1.7094625975  0.2984794218 -0.0274568272  1.0000000000
-9.3288542968  1.6922069630 -2.6984753691 0.2479324655 0.0592232414 1.0000000000
-5.0758579366  1.4971764144 -3.9354658740 -0.1895483550  0.0383046035  1.0000000000
-8.2234948280  3.0113304240 -2.2961656754 0.0508033294 0.0658268314 1.0000000000
-8.6982737187  0.1732916998 -4.6153883843 0.1644951772 0.1391387267 1.0000000000
-8.0220213069 -0.0616892578 -2.8930501298  0.1713614512 -0.0522636566  1.0000000000
-6.1786975032  1.9244793239 -0.8973944395 -0.1203414354 -0.2412463169  1.0000000000
-6.0250920602  2.5317664409 -0.5058467754 -0.1469350238 -0.2987088716  1.0000000000
-5.8725684073 -0.4100240695 -2.9970778987 -0.0258464431 -0.1288939490  1.0000000000
-7.8497320932  3.3577198496 -3.0118107548 -0.0434580046  0.1852761155  1.0000000000
-6.0189106818  2.5717794646 -4.1066158651 -0.2033124924  0.1421440667  1.0000000000
-7.0650246017  3.1462564671 -3.2086600587 -0.1123095608  0.1337541113  1.0000000000
-7.5039094310  1.0500518844 -4.3250229038 0.0758988024 0.1118259562 1.0000000000
-6.7310169364  1.6660741045 -2.3416915424 -0.0190185368 -0.0555996773  1.0000000000
-7.0894251029  1.9416854599 -1.7564869638  0.0492396202 -0.0759601590  1.0000000000
-6.1066249424  0.6687781788 -2.3440196730 -0.0197858788 -0.1357932028  1.0000000000
-5.6254028725  1.5146397236 -3.6526259175 -0.1647864036  0.0451044784  1.0000000000
-6.7146305779  1.4125586638 -4.3666044521 -0.0522311798  0.0955906223  1.0000000000
-5.9239877678 -0.3172825351 -2.9581253520 -0.0195552507 -0.1308051671  1.0000000000
-6.8014242494  1.1259945308 -3.9904810346 -0.0260857638  0.0843111787  1.0000000000
-7.6918516764  1.7757305299 -3.7262917354 0.0149580273 0.1254214821 1.0000000000
-5.4823813398  1.9886200451 -1.1226630557 -0.1637856768 -0.2351301277  1.0000000000
-7.5307924402  3.3228260273 -2.3789392165 -0.0309288316  0.1154751817  1.0000000000
-5.4938411081  1.4873418753 -1.4827591788 -0.1349090070 -0.2442137759  1.0000000000
-7.3808933428  0.6280058774 -3.5586959376 0.1040104312 0.0315844688 1.0000000000
-8.6971059238  0.2474724746 -5.1479635169 0.2205149796 0.1745019853 1.0000000000
-6.9126868078  0.6978555195 -1.4759739940  0.0532601723 -0.1656830437  1.0000000000
-6.8451150765  2.6211168539 -2.2665162805 -0.1240641954  0.0109351447  1.0000000000
-6.4865700215  3.2475391681 -4.2685576061 -0.1800614974  0.2154450847  1.0000000000
-5.9921654683  3.3279105518 -1.6786232497 -0.2207877941 -0.1099991388  1.0000000000
-8.6633286849  0.7066402992 -4.8407025523 0.1620065622 0.2042890013 1.0000000000
-5.7790861921 -0.2254049000 -2.4622579083 -0.0370820441 -0.1417886292  1.0000000000
-7.8552944574  1.0791999783 -2.8159637506  0.1077509509 -0.0136583515  1.0000000000
-8.3146540626  1.1098213724 -3.5705679079 0.1958879082 0.1091545653 1.0000000000
-6.3694444568  2.7834270776 -1.6926294400 -0.1538783205 -0.1063923181  1.0000000000
-5.4848617656  3.1970128344 -1.4512772408 -0.2701401346 -0.1634792893  1.0000000000
-9.6481004899  2.2622458040 -3.0990012945 0.2676105251 0.2066188871 1.0000000000
-6.3193060046  0.4879471828 -2.3512092297 -0.0051900598 -0.1510987863  1.0000000000
-7.4415207130  0.5146779196 -2.4512806154  0.0956961983 -0.0958925415  1.0000000000
-5.1451494686  0.5844748692 -3.9033530063 -0.1377916486 -0.0576698771  1.0000000000
-5.3341037590  0.3685433988 -3.3048993101 -0.1445482701 -0.1018446909  1.0000000000
-6.4597700705  4.2080953143 -2.6643408657 -0.2529806507  0.1501622848  1.0000000000
50
-6.5709703591  0.0117104207 -3.6458356686 -5.7643605159  1.5699305486 -2.0767858487  0.0280872375 -0.0953057629  1.0000000000 -0.1403049770 -0.1499606826  1.0000000000
-7.7821220771  2.6029037628 -1.7586448617 -8.5108277680  1.6450793785 -2.0082259259  0.0329575662 -0.0388351779  1.0000000000  0.1973121965 -0.0266617648  1.0000000000
-7.8356156620  1.4913322990 -2.2642731272 -8.9520879595  1.3228007119 -4.1523141238  0.1140543696 -0.0123670902  1.0000000000  0.2150266189  0.1930818067  1.0000000000
-6.5035561574  2.8977265371 -2.8713000330 -7.4411724842  0.4982901023 -4.5281794987 -0.1108852411  0.0460558619  1.0000000000  0.0783850571  0.1108055074  1.0000000000
-8.8063135925  0.4219975820 -5.0811609581 -6.5152749736 -0.5956629284 -2.0632081730  0.1674238954  0.1762322251  1.0000000000  0.0311862616 -0.1652487217  1.0000000000
-5.8540665656  2.1359916023 -5.5218651738 -6.4759353341  2.2377574424 -2.6872441209 -0.1564213266  0.1978859593  1.0000000000 -0.1131621822  0.0192937940  1.0000000000
-7.9755194654  0.9066846648 -3.2893443955 -6.9854874284  3.6804498849 -3.4470982901  0.0864892274  0.0503640038  1.0000000000 -0.1592042538  0.2052385043  1.0000000000
-7.8454732473  2.2675847094 -0.8189382469 -7.5366800233  1.4714998869 -4.3941611202  0.1177122551 -0.1884716410  1.0000000000  0.0545160694  0.1714640370  1.0000000000
-5.2608952325  1.2188940224 -2.0954016441 -7.5226637484 -0.9106394753 -1.9451486191 -0.1404852929 -0.1736133111  1.0000000000  0.1637738211 -0.1559300788  1.0000000000
-9.1763325519  1.9663560197 -4.0887394111 -9.1707058114  1.8489949660 -3.4165443593 0.1802139735 0.2541360620 1.0000000000 0.2175070434 0.2168402207 1.0000000000
-9.3958707989  2.7372718436 -2.1840372604 -6.6412557749  2.3394482160 -0.6853715058  0.2928794046  0.1439844805  1.0000000000 -0.0706148069 -0.2501693533  1.0000000000
-9.2856733151  1.5739322028 -3.0656904174 -9.3591715050  2.9688534958 -3.2099043266 0.2510814378 0.1177753376 1.0000000000 0.2297514361 0.3093153533 1.0000000000
-6.4451679233  3.7356819293 -4.1996142218 -8.2132315427 -0.2906662263 -4.3149290192 -0.2520115713  0.2469094869  1.0000000000  0.2186742809  0.1116765222  1.0000000000
-5.1368852487  1.8822584511 -2.4691612177 -4.9174971155  0.9518755342 -2.2012822780 -0.2566781925 -0.0983924014  1.0000000000 -0.1382371456 -0.1986670946  1.0000000000
-5.6301593250  2.1360553662 -3.4423385253 -9.2761294391  1.7493016796 -3.9145489584 -0.1498267617  0.0749183051  1.0000000000  0.2500166821  0.1783994947  1.0000000000
-8.3818268071  2.6011111538 -3.9039495079 -7.5724011769  1.0166797282 -0.6420379970  0.0874118003  0.2593845139  1.0000000000  0.1206126510 -0.2774248364  1.0000000000
-6.7338204635  1.0133078647 -2.8645305746 -6.7259975625  1.4396657952 -3.2266877828  0.0125568838 -0.0309050247  1.0000000000 -0.0449783365  0.0319695327  1.0000000000
-7.2939852613  2.6606128694 -3.9328416755 -6.0639330588  3.0234663816 -4.2119594175 -0.0628258211  0.1518488850  1.0000000000 -0.2054463524  0.1856819660  1.0000000000
-6.5094109187  1.9605884878 -2.3443829005 -6.3682000224  1.0894856925 -1.3975182861 -0.0945925939 -0.0760296094  1.0000000000  0.0155688740 -0.2641815392  1.0000000000
-9.0466460452  0.8818045150 -3.2589849295 -7.9197674386 -0.2663341122 -1.7598786163  0.2360921323  0.1066500819  1.0000000000  0.2166668525 -0.1796302964  1.0000000000
-8.3553947447  0.7503532410 -2.7856715494 -9.2853853480  2.3136246494 -2.7548445876 0.1825732785 0.0117018197 1.0000000000 0.2615161241 0.1508362263 1.0000000000
-5.7779576299  0.4675701803 -3.6136365411 -7.7030032041  0.3954597343 -0.8798647433 -0.0715828956 -0.0500656952  1.0000000000  0.1706599651 -0.2572136226  1.0000000000
-7.3510355681  0.1942943429 -3.3277005269 -8.2872607574  3.2908725341 -3.6098092575 0.1008547046 0.0239976064 1.0000000000 0.0391137188 0.2814103619 1.0000000000
-8.7296480423  1.3031559213 -1.6055690438 -5.7262534545  2.7431367346 -4.3173767903  0.2338098634 -0.1409542290  1.0000000000 -0.2046583795  0.1571270362  1.0000000000
-8.1411771159  2.4034424962 -1.2079649186 -9.5650222315  3.3765036402 -3.1726229367  0.1448397204 -0.0806213577  1.0000000000  0.2133277743  0.3607738674  1.0000000000
-6.0716460716  0.6397101894 -4.1297650687 -5.6640346021  1.8171377421 -4.5599798671 -0.0468975717  0.0250405205  1.0000000000 -0.1522724798  0.0912970012  1.0000000000
-7.1084240320  1.2584912189 -3.8652679119 -7.1465749099  2.2394161124 -0.3240786237  0.0105148830  0.1233497933  1.0000000000  0.0503732727 -0.2770988235  1.0000000000
-8.9517707650  0.4169601904 -4.6200702273 -8.0233921471 -0.0596374196 -1.3404127695  0.2469982519  0.1508039461  1.0000000000  0.1931569712 -0.2345092418  1.0000000000
-6.6962779953  2.9663269682 -1.4589655693 -5.7649913800  1.5912925786 -5.6191533002 -0.1061532781 -0.1014317395  1.0000000000 -0.1527293608  0.2324682023  1.0000000000
-8.2632637787  4.0256535079 -3.2673840532 -7.4607271815  1.9762879740 -4.9250044362 0.0369977670 0.3554535233 1.0000000000 0.0307299151 0.2419757729 1.0000000000
-6.0187972183  3.1974397698 -4.5883554916 -7.9769785178  0.5044008235 -4.3356501805 -0.2118077703  0.2063548626  1.0000000000  0.1102606803  0.1120118406  1.0000000000
-6.2747532879  0.2754350530 -3.7954632106 -7.1438125734  1.7011308140 -2.6493993955 -0.0138289312 -0.0135009165  1.0000000000  0.0081072704 -0.0104119091  1.0000000000
-5.9024369861  0.0274865271 -3.3831412058 -7.0080357663  0.9381238524 -4.9946695253 -0.0806295468 -0.0931863442  1.0000000000 -0.0075153636  0.1583774228  1.0000000000
-8.4040820065  0.6526232680 -4.8868601029 -9.0324624311  2.9010056049 -3.3059013161 0.1175458299 0.1789009521 1.0000000000 0.1161253769 0.2760252103 1.0000000000
-8.8300486855  2.6468082250 -3.5973526104 -7.8322714370  0.6774730124 -3.6905923006 0.1678873330 0.2511451814 1.0000000000 0.1209968784 0.0795152443 1.0000000000
-7.5896247134  1.5457505693 -0.9530038258 -6.4934774971  1.6721217289 -0.6606655145  0.1085131772 -0.2109296517  1.0000000000 -0.0308750373 -0.2525986374  1.0000000000
-8.5961375443  0.2939151849 -5.2221624591 -6.6407689107  1.9521292147 -2.4124647332  0.1695472481  0.1804463090  1.0000000000 -0.0576182383 -0.0645681675  1.0000000000
-7.1208754017 -0.2018631314 -3.2742374459 -7.2400813885  1.8272505288 -1.7593388273  0.1060781297 -0.0373560708  1.0000000000  0.0204153146 -0.0899735855  1.0000000000
-6.2123772787  0.2909470556 -2.4885078562 -6.3981377047  1.3114670846 -2.6748184033 -0.0246777832 -0.1339899302  1.0000000000 -0.0713622655 -0.0452443884  1.0000000000
-6.8468473438  2.6918564204 -3.0579756776 -9.0229145289  1.8954666326 -1.2682730213 -0.0881866118  0.0655077248  1.0000000000  0.2551924965 -0.0823239114  1.0000000000
-5.4619409588  1.5610808053 -4.0534713797 -6.2189510513  2.9451234699 -3.9980310574 -0.1835271138  0.0290401169  1.0000000000 -0.1928721100  0.1550248086  1.0000000000
-5.5502624573  1.6710649925 -4.9209266104 -6.2840320017  0.1566104081 -2.5211530685 -0.1670370009  0.1242598772  1.0000000000 -0.0027807895 -0.1157190517  1.0000000000
-8.2447508005  1.2247507698 -0.5503072674 -5.4437752840  0.8948548148 -3.4298197401  0.2615645840 -0.2213412597  1.0000000000 -0.1349426139 -0.1014379227  1.0000000000
-6.3551785599  1.5200753876 -1.4971641099 -7.9566532618  0.5510096514 -4.2274254574 -0.0530125802 -0.1812914363  1.0000000000  0.1389151256  0.1164444906  1.0000000000
-6.5110945843  1.8563023585 -0.8587249966 -7.6285757185  0.3537253593 -1.5898350594 -0.0288908274 -0.2346988057  1.0000000000  0.1401942670 -0.1364866369  1.0000000000
-7.4241618627  2.7709322952 -4.2642184364 -5.8851964702  1.8416061416 -2.8873692477 -0.0070669141  0.2505527212  1.0000000000 -0.1155160765 -0.0454921224  1.0000000000
-8.3975224357 -0.0927008905 -2.3857896183 -5.1592828952  0.7412354686 -2.3100673798  0.2405695860 -0.0684699907  1.0000000000 -0.1362200678 -0.1402608142  1.0000000000
-6.3448583844  2.4257506004 -1.5843105509 -7.6472197263  1.8443160274 -0.5563543749 -0.0912655638 -0.1144128638  1.0000000000  0.1333695548 -0.2335773153  1.0000000000
-8.5068784930  1.7044879455 -2.1226738513 -6.8730101201  0.7007320183 -2.6091103852  0.2105026991  0.0118628632  1.0000000000  0.0228197355 -0.1196550628  1.0000000000
-7.7432502338  1.7074102670 -2.6810051502 -7.0962393801 -0.6861314313 -1.9632933575  0.0526290413  0.0386248186  1.0000000000  0.1474360914 -0.1923768472  1.0000000000
