376.2000000000
50
 2.3065026907  4.8701968085 -1.9332883716 -0.1968218435 -0.0728227322  1.0000000000
 1.3130708862  4.8684677688 -3.4953164473 -0.0642244816  0.0395217762  1.0000000000
 3.2178344841  3.7288581373 -4.3241646876 0.1019661329 0.1244575994 1.0000000000
 3.5794592872  3.5549297445 -1.6293629711 -0.2368809609  0.0320484209  1.0000000000
 2.2944910718  5.5421633203 -4.3731903058  0.1078876815 -0.0343399340  1.0000000000
 5.0375544117  4.8087416301 -3.7914144198  0.1320053885 -0.0811085292  1.0000000000
 3.6141426933  4.1107155109 -2.1029700307 -0.2069296891  0.0207915074  1.0000000000
 4.5896795914  4.5749034509 -2.3787706749 -0.1163628048 -0.1046636551  1.0000000000
 1.5810369184  3.3138385364 -2.9680020673 -0.1315475567  0.1652352968  1.0000000000
 2.7142041422  3.8407128594 -2.0689902103 -0.2228867989  0.0966128520  1.0000000000
 1.6724340992  4.4723369196 -3.8371936312 -0.0078212275  0.1172411532  1.0000000000
 2.3698469442  2.4533627299 -2.4161129146 -0.2511350430  0.2226810184  1.0000000000
 3.6918072517  3.4302064570 -1.6905080023 -0.2577813320  0.0784123046  1.0000000000
 2.1693664009  4.4774564716 -4.1629048434 0.0042510132 0.0682667258 1.0000000000
 5.0602631449  5.0948779881 -4.0457360139  0.1862221645 -0.1646349641  1.0000000000
 2.8876853619  2.9315286035 -4.5596972702 0.0995198093 0.2639496976 1.0000000000
 5.9149501170  5.3958239583 -3.7717245722  0.2142168603 -0.2342002168  1.0000000000
 3.4579235803  4.2859197147 -1.7910917456 -0.2333254515 -0.0236779481  1.0000000000
 3.8713769657  3.5739797083 -2.3530163130 -0.1451295235  0.0726886982  1.0000000000
 2.5192938258  4.6389388835 -5.8112856453 0.2254228416 0.0800486079 1.0000000000
 3.7642222620  5.9815054494 -2.9309597670 -0.0070480627 -0.2101562061  1.0000000000
 3.5775714531  5.6269371534 -2.5257017306 -0.0870148276 -0.1889110142  1.0000000000
 5.4846425307  5.1819237950 -3.8643837110  0.1477375246 -0.1582686571  1.0000000000
 2.7925795524  4.2306701961 -5.7678604960 0.2167776674 0.1073632388 1.0000000000
 5.4064575422  3.9388910211 -4.0044285031  0.1680248781 -0.0049440156  1.0000000000
 2.6054859277  6.7921709227 -5.3123629067  0.1912751793 -0.1431505052  1.0000000000
 4.1944463127  2.3794805374 -3.3672082710 -0.0229142936  0.2853546258  1.0000000000
 3.7055245954  6.4140349003 -2.9182092213 -0.0102827520 -0.2475971120  1.0000000000
 5.2711249894  5.2465133761 -3.9733805412  0.1521060255 -0.1561745949  1.0000000000
 3.1533996728  6.4992413221 -5.3986039995  0.2534580399 -0.1546558952  1.0000000000
 2.0610593244  4.9478388719 -5.2738095998 0.1656700832 0.0658228251 1.0000000000
 4.0171827051  2.3197938465 -2.8098924374 -0.1325512271  0.2476352021  1.0000000000
 4.1450122852  3.7864202992 -4.5454096391 0.1674609902 0.1174641759 1.0000000000
 5.2126287852  3.6488209097 -4.5674453040 0.2171101885 0.1032904982 1.0000000000
 3.3251422617  5.1828232570 -3.8054303289  0.0683040387 -0.0890986752  1.0000000000
 2.8963316551  5.6667321123 -3.8818199438  0.0231371874 -0.1017237671  1.0000000000
 2.6075931218  3.9270889248 -4.1165819388 0.0494505552 0.1012942001 1.0000000000
 3.3869336358  6.0530497762 -3.9186348673  0.0681734580 -0.1317336751  1.0000000000
 1.0823728201  3.2586256405 -3.1610803756 -0.1214523724  0.1894320121  1.0000000000
 4.2570088514  2.2437834058 -2.8556918092 -0.1321814802  0.2758005399  1.0000000000
 2.0779623150  3.7306425686 -2.6224739472 -0.1820415419  0.0954131187  1.0000000000
 3.1251686880  6.1852242399 -1.5537659425 -0.1943513348 -0.2519730734  1.0000000000
 3.5040866181  2.9712932729 -2.3202956420 -0.1841256626  0.1668350377  1.0000000000
 1.8176758444  4.6186462533 -3.9468613635 -0.0417740989  0.0671799537  1.0000000000
 4.6655324704  5.3271292384 -3.0912295222  0.0240663273 -0.1598478874  1.0000000000
 2.3680852277  3.3836807113 -2.3330395017 -0.1687273003  0.1399977377  1.0000000000
 4.7950807310  5.1059576245 -4.2757598488  0.1904068278 -0.1435993038  1.0000000000
 2.9553048510  2.7967979643 -3.7103311979 0.0097304286 0.2053182919 1.0000000000
 3.6932797703  5.5600532072 -1.4828471669 -0.2571837000 -0.2208917979  1.0000000000
 4.7077641160  4.7727074881 -4.9270005604  0.2598330969 -0.0496585043  1.0000000000
50
 0.9387846738  4.6816877755 -2.3244650055  2.1632499883  3.9378995569 -2.0832202185 -0.2060882397  0.0147277948  1.0000000000 -0.2113318893  0.0564132588  1.0000000000
 4.5522946213  3.1746363769 -4.6936123580  3.8581979119  5.2710078280 -2.9838044909  0.1992548976  0.1773029446  1.0000000000 -0.0225220675 -0.1006280602  1.0000000000
 3.9743799485  3.2797735282 -4.0754549726  2.7296854831  3.1644723621 -3.5164997840  0.0726920773  0.1653049188  1.0000000000 -0.0522151308  0.1920739878  1.0000000000
 5.0606313835  3.4165413934 -3.9871060609  4.7265332290  5.8463333439 -3.4729627397  0.1548248309  0.0951477155  1.0000000000  0.0661645333 -0.2440364680  1.0000000000
 3.2353353853  6.2643964602 -4.3995348415  4.8449645920  5.2903276200 -1.5611339750  0.1034462249 -0.1637762796  1.0000000000 -0.1945496752 -0.2385442384  1.0000000000
 4.5746867611  6.1677523950 -3.9617538019  3.3274130408  3.7344726500 -3.2174811774  0.1403327820 -0.2075410383  1.0000000000 -0.0721907151  0.1102704797  1.0000000000
 2.7551944139  3.0384688606 -2.6479279446  4.4998973500  5.1100195562 -2.8334522017 -0.1873869305  0.1591637487  1.0000000000  0.0300222194 -0.1234523458  1.0000000000
 2.3624625934  4.5991068922 -2.6904569241  4.1519208563  5.8070278282 -1.2961587607 -0.1335281202 -0.0002600689  1.0000000000 -0.2451231961 -0.2643510234  1.0000000000
 3.5838697917  6.6244509850 -4.1784105831  4.4712350924  5.1595397050 -4.4926524118  0.1202388309 -0.2137654656  1.0000000000  0.1605624794 -0.0851917127  1.0000000000
 2.7449708472  7.1830424937 -5.4678708650  2.3930468306  5.9414911969 -1.9064786667  0.2226519721 -0.1741014254  1.0000000000 -0.1594513114 -0.1727070651  1.0000000000
 1.3888285311  4.8035027807 -2.6789527204  2.6869961448  3.3493214500 -5.3107869021 -0.1314918767  0.0333074159  1.0000000000  0.1808607629  0.1881088683  1.0000000000
 5.3775306854  4.4691873110 -3.5089541117  4.7661820962  3.9928937638 -4.8138190552  0.0919514925 -0.0665711538  1.0000000000  0.2161594749  0.0565110546  1.0000000000
 2.9696248403  5.5807150470 -3.0771543579  1.8855673249  4.8612516803 -3.6022724222 -0.0041717324 -0.0577269984  1.0000000000 -0.0170487813 -0.0045775150  1.0000000000
 2.0755188618  6.2377992642 -3.4964973462  3.0450707222  4.7512884573 -4.8119132609 -0.0382974277 -0.1150681973  1.0000000000  0.1365523391  0.0092623024  1.0000000000
 3.7692033088  4.5966930207 -4.8162147801  4.3337736301  5.6788196986 -5.0836807990  0.1465702171  0.0126783281  1.0000000000  0.2654712738 -0.1007404640  1.0000000000
 3.5662279836  5.8996583257 -3.3121886802  2.2136970688  3.6907899935 -3.8298717110  0.0058520512 -0.1658601476  1.0000000000 -0.0460426560  0.1163289271  1.0000000000
 3.3487578107  3.5367514180 -5.0146680328  5.0757766196  5.7373764930 -2.3626818138  0.1606084090  0.2143728283  1.0000000000 -0.0421357652 -0.2502616982  1.0000000000
 5.0803330676  3.3666774724 -3.8383940332  3.2743806115  4.2083177003 -2.3539738679  0.1189570940  0.1051214419  1.0000000000 -0.1473938311 -0.0025408280  1.0000000000
 2.1959507653  5.1766628498 -3.4295893866  5.3377301674  5.9635968734 -4.5867806152 -0.0416210721 -0.0282097947  1.0000000000  0.2381587634 -0.2651431041  1.0000000000
 4.9973594753  3.5937617443 -3.0780103100  3.0085591653  6.8919429456 -4.3519345921 -0.0294280824  0.0582081460  1.0000000000  0.1289105858 -0.2131180571  1.0000000000
 2.6655591674  4.9239687965 -5.4415572063  4.5723897055  5.2540838095 -3.8714077233  0.2079098464  0.0632998367  1.0000000000  0.0992784570 -0.1524046764  1.0000000000
 2.1966128720  3.9589661683 -4.1248128457  2.7982126682  3.1919184844 -4.1331878408 0.0307476232 0.1031510249 1.0000000000 0.0476739985 0.2000332924 1.0000000000
 0.9254655356  3.5125635418 -3.2697688794  3.5373936117  5.5274442864 -4.2345617639 -0.1383180193  0.1579518097  1.0000000000  0.1203212943 -0.0917667023  1.0000000000
 2.3570251742  6.2218971765 -2.1032252739  4.3720386968  4.5384630990 -2.0466076727 -0.1565747552 -0.1797704034  1.0000000000 -0.1347045160 -0.0821865958  1.0000000000
 5.2947992277  4.7756311382 -4.1142565406  3.8250611970  6.1204917470 -4.5481927543  0.1849649533 -0.1450973569  1.0000000000  0.1710851690 -0.1509853765  1.0000000000
 3.2824084455  2.5613314240 -3.4870487072  4.8468054577  5.1513881196 -3.6760095998 -0.0666909286  0.2604756337  1.0000000000  0.1090973804 -0.1610174348  1.0000000000
 1.1790675936  3.2971423545 -4.1770205489  3.3542659810  4.2719613379 -2.7996341838 -0.0045342444  0.2105622397  1.0000000000 -0.1457334249  0.0002482197  1.0000000000
 1.3987483041  5.2607993233 -2.8915729336  5.1896407788  5.8380555483 -2.7851366786 -0.1310917769 -0.0383191445  1.0000000000  0.0147230796 -0.2650697506  1.0000000000
 1.8726763174  4.0570421868 -4.6165012143  1.6236260149  3.8385888406 -6.1544206055 0.0862266328 0.1150049303 1.0000000000 0.1960681883 0.1966322367 1.0000000000
 4.6350950387  5.6273780725 -2.0020693255  1.3127430543  4.6867141502 -3.9787998435 -0.1231724313 -0.2693848815  1.0000000000 -0.0332231014  0.0645777497  1.0000000000
 1.5215542989  3.2145502054 -3.9542041656  4.9488701750  5.3996389841 -3.5293082945 -0.0645283333  0.1821846473  1.0000000000  0.1233927802 -0.1829398869  1.0000000000
 2.6640159923  6.6930275623 -4.0566567137  3.6387301215  4.0432030921 -2.0628902221  0.0967627051 -0.2150014274  1.0000000000 -0.1993677243  0.0143025871  1.0000000000
 3.1634981160  4.9221917627 -3.9651619187  2.2734366253  4.7007190036 -4.3760158470 0.0899579364 0.0038326011 1.0000000000 0.0716983424 0.0718793442 1.0000000000
 3.9595023378  4.4443935231 -2.9270325989  1.7505459273  5.3614298573 -3.3307582880 -0.0794906007 -0.0182308744  1.0000000000 -0.0558426707 -0.0079163453  1.0000000000
 1.8190646123  4.5696178746 -3.6800656979  3.9990104791  3.3698652911 -1.5986297070 -0.0299408784  0.0380622951  1.0000000000 -0.2380818564  0.0616211115  1.0000000000
 2.6318425987  4.6856667330 -1.7213416322  1.2178871943  4.5951839967 -2.9958508499 -0.2346435370 -0.0227591582  1.0000000000 -0.1093480508  0.0331568130  1.0000000000
 2.7615892280  4.6278434488 -2.8279990501  4.3879241346  3.3423595299 -4.6143252027 -0.1150486031 -0.0502010549  1.0000000000  0.1742009580  0.1190460504  1.0000000000
 3.6399272341  4.7451943894 -2.3076201587  2.5359309032  6.6807533355 -4.9244938346 -0.1631422235 -0.0823585351  1.0000000000  0.1415405290 -0.1127701202  1.0000000000
 2.8790541777  4.6667767475 -2.7192546511  2.1210146316  5.8099565418 -4.5815413200 -0.1000038464 -0.0116239427  1.0000000000  0.1162033789 -0.0655342435  1.0000000000
 4.1840971977  5.2210003590 -2.3208809237  3.3850591759  5.7208428848 -5.0888900873 -0.1178730916 -0.1542970624  1.0000000000  0.1878222961 -0.0684133518  1.0000000000
 1.8146871891  3.4202719600 -3.4535082193  2.6382955917  4.0229564832 -5.6940780626 -0.0497012641  0.1806579770  1.0000000000  0.1954527355  0.1371007854  1.0000000000
 1.7774899573  5.5341874890 -3.5288170725  3.8151465627  3.5691972356 -2.1271834793 -0.0475043831 -0.0273095580  1.0000000000 -0.1639447896  0.0417337122  1.0000000000
 1.0357195076  3.5526483039 -4.6001099932  4.0564003071  2.7252723403 -4.3399117115 -0.0202038163  0.1632874330  1.0000000000  0.1434816603  0.2394786219  1.0000000000
 4.5197461872  3.8065315379 -1.6827398853  4.1067794955  4.6033613943 -3.2487640116 -0.1984731662 -0.0337912460  1.0000000000  0.0033698729 -0.0384856920  1.0000000000
 1.5886606884  4.6477448597 -4.9836659030  3.6280027154  4.4105991510 -1.4127182546  0.0098632261  0.1027814511  1.0000000000 -0.2796237165 -0.0629407623  1.0000000000
 5.4394901699  5.7740870082 -4.2840231511  3.2149401228  3.3748581375 -4.5827620119  0.2375849555 -0.1991107496  1.0000000000  0.1160793048  0.1807683352  1.0000000000
 2.8125496786  3.1591886858 -2.1329610526  1.9164673516  3.3124567890 -4.9890646716 -0.1948605750  0.1452618175  1.0000000000  0.0419338375  0.2245565315  1.0000000000
 1.3129577049  3.5712596459 -5.0052243024  3.8820949280  5.7150800257 -3.4242085854  0.0901135390  0.2175419260  1.0000000000  0.0293480222 -0.1563318885  1.0000000000
 4.3484065368  4.7730906045 -1.1334755382  4.0770291027  4.0607277812 -3.0920678429 -0.2457955472 -0.1504036190  1.0000000000 -0.0119416951  0.0056762672  1.0000000000
 1.9660429979  4.6328155143 -2.4220049968  3.2383215167  3.3770615858 -3.7957903769 -0.1915692060  0.0340892663  1.0000000000 -0.0175391386  0.1946536410  1.0000000000
