341.0000000000
50
-0.3090911198 -2.2791244391  7.5560602227 0.3256862377 0.0317786910 1.0000000000
-3.5585554559 -3.2756255147  8.2752813218 0.0083907197 0.2000011804 1.0000000000
-0.5263429659 -4.4503510827  7.6626368441  0.1716731663 -0.1333904879  1.0000000000
-2.0938041284 -3.0831266325  7.0478687668 0.0508131278 0.0445411413 1.0000000000
-0.8197608887 -3.1567395089  8.2261603632 0.2573848596 0.0491711577 1.0000000000
-4.7000454474 -4.0160384863  7.5491247451 -0.1900234440  0.1999816020  1.0000000000
-1.6069143163 -6.2681690219  7.6991621308  0.0205548710 -0.1996897978  1.0000000000
-4.2059758814 -3.6754997923  7.2492830460 -0.2179727923  0.1377888422  1.0000000000
-2.1756070829 -4.3459193454  6.1887503579 -0.1146802480 -0.1183649764  1.0000000000
-1.2386138785 -4.7371917816  6.7670270353  0.0373301670 -0.1794587469  1.0000000000
-0.8223809963 -6.0310646728  9.2470940201  0.1976167300 -0.1340414793  1.0000000000
-1.5166151051 -4.5725355682  9.8010726820 0.1792421958 0.0469080003 1.0000000000
-1.2234151988 -3.3311510331  6.5176327684  0.0869293463 -0.0195261503  1.0000000000
-5.0030856155 -3.9330923049  7.5943248101 -0.2207659614  0.1567480662  1.0000000000
-3.4948735191 -2.7843463756  6.9261359039 -0.1497598739  0.2003076411  1.0000000000
-2.4014698176 -1.9987410644  7.4557339467 0.0787133351 0.2726716738 1.0000000000
-2.3629018652 -3.6651413024  6.1047507151 -0.1223851786 -0.0501868341  1.0000000000
-2.8823230558 -3.0002856697  5.3943932272 -0.2643002914  0.0501130193  1.0000000000
-2.2860556867 -2.4931454301  8.1337827313 0.1117741597 0.2103971201 1.0000000000
-0.6286031386 -4.0186486064  8.6143498471  0.2531288563 -0.0808244665  1.0000000000
-2.5991436895 -5.0469720962  7.3945823218 -0.0823470368 -0.0600271702  1.0000000000
-2.0066130108 -4.0014864988  6.1334500878 -0.0485709612 -0.0982892069  1.0000000000
-4.2118246165 -3.4549706894  7.9038453967 -0.0810162135  0.2080422021  1.0000000000
-3.7622640964 -3.1358986125  7.9788131765 -0.0537168421  0.1817435525  1.0000000000
-2.7183564408 -5.1607759341  5.6560233940 -0.2092676880 -0.1410580128  1.0000000000
-2.9096958231 -3.0042313287  7.1209758720 -0.0701227753  0.1406150297  1.0000000000
-1.5639804398 -6.1429945663  7.4991097711  0.0284446840 -0.1908138312  1.0000000000
-0.5544773485 -4.5230749959  7.0609924633  0.1099959658 -0.2276116958  1.0000000000
-1.7456824971 -2.1983353702  7.9321545116 0.1818590305 0.1923699665 1.0000000000
-4.3428613102 -3.8669283288  7.3818934402 -0.2144101694  0.1818848911  1.0000000000
-0.5031669596 -3.6243593123  5.9448985711  0.0840657073 -0.1680529013  1.0000000000
-2.7684651286 -3.8062585133  6.6103265909 -0.0993015134  0.0117261212  1.0000000000
-2.4572670540 -2.7811221612  7.3906384726 0.0188954197 0.1356253648 1.0000000000
-2.0450932107 -4.8283494574  5.2012847805 -0.1539207870 -0.2338323612  1.0000000000
-0.7950041785 -4.6417207486  7.1877784856  0.1465763758 -0.1827706962  1.0000000000
-3.0381642128 -3.3812330298  5.7079669463 -0.2379144949  0.0247028554  1.0000000000
-1.1414511343 -4.6064218937  5.8059411435 -0.0101967912 -0.2702027367  1.0000000000
-3.6629500952 -3.0577801992  6.8841619006 -0.1632472185  0.1628949523  1.0000000000
-1.8806632775 -3.0391437196  6.8700368274 0.0012682178 0.0394588389 1.0000000000
-1.2021108214 -2.1051757778  7.0810267584 0.1592724253 0.1069063384 1.0000000000
-1.7837558138 -4.0230711403  6.0214393152 -0.0531332470 -0.0992754780  1.0000000000
-3.1794615539 -4.6087575653  7.9148859938 -0.0492896740  0.0606399348  1.0000000000
-0.7284555349 -5.1257315933  7.3306853933  0.1387334576 -0.1772648059  1.0000000000
-0.3551684575 -4.7387239939  8.5518406208  0.2617153485 -0.0958629117  1.0000000000
-4.5114326975 -3.7859942981  8.2732972065 -0.0876395948  0.2194567841  1.0000000000
-0.7328197764 -4.8811797365  6.5837824895  0.0328820680 -0.2191519194  1.0000000000
-1.3101752425 -3.7450167286  7.9156488308 0.1553665443 0.0070831108 1.0000000000
-0.8667874953 -2.5593981827  8.2630195928 0.2984454519 0.0793312216 1.0000000000
-2.6719312503 -5.9794485192  7.3942284494 -0.1025334204 -0.0912149921  1.0000000000
-3.2427137444 -2.8592953620  8.2673826150 -0.0144131754  0.2421673066  1.0000000000
50
-0.9114255199 -4.4272225382  7.9475133495 -3.2519426384 -4.2060300663  8.0526421955  0.1478131062 -0.0938798857  1.0000000000 -0.0069834116  0.0592847737  1.0000000000
-1.9475088465 -4.2554194284  7.1051945027 -1.9147986612 -5.3753767855  9.0164762888  0.0032496421 -0.0563265871  1.0000000000  0.0985224906 -0.0542192069  1.0000000000
-1.9297466583 -3.7472293785  8.1965948408 -0.5711665629 -4.2500399720  7.1094181983  0.1216890536  0.0719862499  1.0000000000  0.2006192032 -0.1804131225  1.0000000000
-4.2574576738 -3.3073631408  8.0139930434 -1.2538432663 -1.3496063733  8.1108058486 -0.1115913074  0.2211496602  1.0000000000  0.2893880050  0.2619116822  1.0000000000
-2.5194575933 -4.6100565730  5.6223750428 -3.4913830864 -2.7446278729  5.8739085802 -0.2107267698 -0.1440440077  1.0000000000 -0.2240523882  0.1752237298  1.0000000000
-2.2059646569 -5.2861204021  7.1493451311 -4.3933723078 -3.0194883902  7.0385750358 -0.0226741347 -0.1282364866  1.0000000000 -0.1906253992  0.2467263270  1.0000000000
-2.5373329358 -5.4045881789  8.0933940674 -0.4416503575 -3.9825954330  7.5954354067  0.0038263200 -0.0637181997  1.0000000000  0.2276612716 -0.1021416810  1.0000000000
-2.3921100412 -2.0953279625  6.8053826933 -1.2557281739 -5.7722605541  7.9679739077 -0.0086263846  0.1892842572  1.0000000000  0.1011355872 -0.2100092252  1.0000000000
-2.3329893931 -3.2997214698  8.3359098222 -2.9923808088 -3.8329856370  8.9126032995 0.0703558277 0.1259377642 1.0000000000 0.0337736194 0.1290930931 1.0000000000
-0.5961083458 -5.4895846990  8.1430174173 -1.8132770315 -5.7015971852  8.0785372767  0.1594567201 -0.1672073845  1.0000000000  0.0668048557 -0.0914238350  1.0000000000
-2.5380076944 -3.8963852728  9.9815417995 -0.6137189090 -3.9970636221  7.3043461061  0.1731449248  0.1473200372  1.0000000000  0.1880718020 -0.1300352628  1.0000000000
-2.2769516139 -5.1952800388  5.6716128346 -2.7851280476 -5.2632339168  8.2126355104 -0.1237941140 -0.2419928744  1.0000000000 -0.0340256187 -0.0281371960  1.0000000000
-3.2832011735 -4.8723274217  7.5189035897 -1.6161160460 -4.0972103705  5.9991255477 -0.1235170460  0.0018182751  1.0000000000 -0.0561889503 -0.1296251014  1.0000000000
-4.4655195169 -4.6019642974  8.0446519917 -0.9865729226 -3.7820089174  8.7242083112 -0.1406108856  0.1274741818  1.0000000000  0.2127644499 -0.0000653112  1.0000000000
-2.4259541668 -4.3809543250  4.8745239299 -2.6063557567 -6.9760869983  7.3351289898 -0.2542086502 -0.2012750224  1.0000000000 -0.0495667775 -0.1959725330  1.0000000000
-4.4151334718 -3.4293331390  7.4101202466 -1.8052723364 -4.8449679220  6.5139884777 -0.1934463822  0.2169504029  1.0000000000 -0.0446291320 -0.1685542701  1.0000000000
-1.9485575223 -3.1023001174  6.8871414320 -0.5219868554 -3.5983365227  8.1608061234  0.0411611789  0.0639962795  1.0000000000  0.2622443773 -0.0377534995  1.0000000000
-2.0774659870 -6.0020367705  7.6633276386 -0.6187611972 -3.3322419416  6.7199103579  0.0149291664 -0.1172035110  1.0000000000  0.1716593730 -0.0829399724  1.0000000000
-1.6044214639 -4.9177116454  6.9661059258 -4.3972523905 -4.1364658536  7.0600500543  0.0083612699 -0.1489193386  1.0000000000 -0.2286371887  0.0967907128  1.0000000000
-3.9805862235 -3.4796983032  7.6385811025 -3.9487616884 -3.6768390512  7.7570696433 -0.1339585716  0.1784013211  1.0000000000 -0.0722589528  0.1591840055  1.0000000000
-3.6796827802 -5.7034738273  7.5111717090 -2.6416940072 -2.0057503603  6.3900900452 -0.1160228351 -0.0154347650  1.0000000000 -0.0875037776  0.2126640480  1.0000000000
 0.2611703664 -4.9050454333  7.5360369768 -2.9904909798 -5.6534352985  8.1090453981  0.2494513311 -0.2662857237  1.0000000000 -0.0415283304 -0.0469901674  1.0000000000
-2.0673866315 -5.9512218664  8.0783902272 -0.4365077613 -4.0131065803  7.6824496886  0.0382328688 -0.1277030035  1.0000000000  0.2288843167 -0.0995600638  1.0000000000
-3.4597919806 -2.5297686035  5.8377263513 -1.1370610545 -4.3444265162  8.3750962817 -0.2884990010  0.1607366079  1.0000000000  0.1962150475 -0.0503001680  1.0000000000
-2.8170605587 -2.8472286642  9.0936197946 -2.8253878192 -4.6693471127  8.6623468127 0.0743421100 0.2658517908 1.0000000000 0.0292899503 0.0160891472 1.0000000000
-0.2376997210 -2.6724063700  7.4996722319 -1.0102839213 -3.2066755882  7.4766114335 0.2916610580 0.0029466191 1.0000000000 0.1860285353 0.0088038933 1.0000000000
-2.3313097078 -2.9647109803  9.1783130595 -3.9264754546 -3.5469598113  7.3770106645  0.1663374134  0.2111780647  1.0000000000 -0.1253924201  0.1709485480  1.0000000000
-3.5931337339 -4.7379392210  8.6872690273 -0.5941300291 -5.1903080965  7.0919525914 -0.0584360971  0.0744374131  1.0000000000  0.1323567666 -0.2080532401  1.0000000000
-1.2465958906 -4.8348565460  6.3555572465 -1.4021409911 -3.0806258344  8.5922894381  0.0097384111 -0.1819275489  1.0000000000  0.2046521862  0.1222214353  1.0000000000
-0.3703813891 -3.8244667406  7.4467963898 -2.2469584538 -6.4818681981  8.0434392359  0.1952334278 -0.1143962805  1.0000000000 -0.0058318575 -0.1468105101  1.0000000000
-0.2431451194 -4.6756931436  8.2092966396 -2.1923548193 -4.2891585986  7.2439624319  0.2709066887 -0.1717739621  1.0000000000  0.0435447695 -0.0356603558  1.0000000000
-1.2859500415 -4.9743094496  5.7309795443 -2.7044013655 -3.0421897911  5.6861998854 -0.0563092448 -0.2623799575  1.0000000000 -0.1817049720  0.0470435127  1.0000000000
-0.6991846262 -3.2327235127  7.7964620863 -2.1419047201 -2.9309007261  9.7326775294 0.2330820582 0.0063776270 1.0000000000 0.2007743512 0.2335026912 1.0000000000
-2.9430376812 -4.7847601032  5.6196623532 -2.4710674908 -4.2378281356  9.3380083629 -0.2249675699 -0.1129894298  1.0000000000  0.0931801510  0.1185300912  1.0000000000
-5.0085155337 -3.7156219048  7.7470777973 -4.3598323293 -3.3307073149  7.6761329416 -0.1792119555  0.2318511260  1.0000000000 -0.1639921757  0.2545123836  1.0000000000
-1.9225263254 -3.1650906458  5.9828641650 -1.5768650548 -1.3319445698  7.7916205177 -0.0419920150 -0.0496176451  1.0000000000  0.2225729762  0.3243290703  1.0000000000
-0.5683278892 -4.6882814484  7.8383427405 -2.5555869874 -5.8124254228  7.8468333672  0.1492027909 -0.1467420838  1.0000000000 -0.0230321177 -0.0784152365  1.0000000000
-0.4461210327 -2.5400529985  7.3590323901 -1.1946990684 -5.9011056789  8.9794634820  0.2566889728  0.0118233473  1.0000000000  0.1725019455 -0.1289076829  1.0000000000
-4.0624345654 -5.2429267375  7.6093072184 -1.6450543246 -5.2636176470  9.2179160525 -0.1619286115  0.0143303096  1.0000000000  0.1562084192 -0.0451085378  1.0000000000
-0.7480546945 -5.4002328999  8.0077882032 -2.2320490622 -3.8203295130  8.9900058610  0.1558903944 -0.1679983253  1.0000000000  0.1154137916  0.1300649718  1.0000000000
-4.2141400821 -4.5090513339  8.2318216158 -3.5064778541 -2.8342973231  6.5137102388 -0.1108183859  0.1275620297  1.0000000000 -0.1711230958  0.1375801873  1.0000000000
-1.5062979576 -3.6575818198  5.6862236081 -1.6197912352 -6.0629892828  8.3606703146 -0.0486448973 -0.1430777694  1.0000000000  0.0508942964 -0.1302495157  1.0000000000
-2.2839749985 -4.7529752314  5.7413620228 -1.4162780338 -4.5222273764  5.8584419361 -0.1236533622 -0.1642686527  1.0000000000 -0.0937667263 -0.2062639936  1.0000000000
 0.7833909477 -4.0555915352  6.6001983182 -3.1948053050 -2.1957133571  6.9664320236  0.3275017752 -0.3495466942  1.0000000000 -0.0792277943  0.2742714261  1.0000000000
-1.8250340887 -2.6515546596  6.2275570553 -3.2100205999 -5.8802070471  7.1112732765 -0.0362099011  0.0456942974  1.0000000000 -0.1065464418 -0.0706260829  1.0000000000
-0.2016404676 -5.0103146571  8.1529695967 -1.6496790035 -5.0598701359  8.6626643154  0.2691517994 -0.2256183078  1.0000000000  0.1360296920 -0.0803831843  1.0000000000
-4.1639094825 -5.9241541779  7.4694074526 -2.5734040193 -4.4739236963  6.0694479539 -0.1525595679 -0.0269637841  1.0000000000 -0.1375578474 -0.0997452371  1.0000000000
-2.1265475630 -2.4955777234  6.2186410985 -2.4403739486 -2.2518427607  7.4507295604 -0.0350308555  0.0800881470  1.0000000000  0.0415052202  0.2273311227  1.0000000000
-3.1055346560 -3.0787867629  8.5990115896 -1.4824858200 -5.3672919266  6.8682371305  0.0756482859  0.2231611682  1.0000000000  0.0396094634 -0.2003681617  1.0000000000
-3.2742079895 -6.5639303681  6.7251250186 -3.4062043981 -2.5665651973  7.3496476466 -0.1769771348 -0.1719760696  1.0000000000 -0.0777097827  0.2346780583  1.0000000000
