77.3000000000
50
-3.1058239274 -4.3712710245 -6.6338323981 -0.1939699362 -0.0733376411  1.0000000000
-3.2219214527 -4.7450020372 -7.5929083626 -0.2656598939 -0.2115521527  1.0000000000
-3.3389142027 -4.3984040855 -3.9873451149 -0.0899556640  0.1564943335  1.0000000000
-2.9294951387 -3.4715519296 -4.5030492623 -0.1990339112  0.2029928303  1.0000000000
-2.8014171912 -5.7831148036 -7.4326081370 -0.0592854779 -0.2173457169  1.0000000000
-3.9964096897 -5.1578455609 -5.9380961425 -0.1131416334 -0.0680549966  1.0000000000
-3.6768799574 -7.8355998545 -6.4325610784  0.1973771490 -0.2310464123  1.0000000000
-1.8298292074 -6.8929243474 -4.1410281245 0.2626692475 0.1598070478 1.0000000000
-4.2585149578 -5.7642568671 -4.0703660894 0.0533410139 0.0915074133 1.0000000000
-2.6428510459 -5.3461381389 -6.8054310775 -0.0868380632 -0.1372334677  1.0000000000
-3.6395504693 -6.3842651652 -5.5510285887  0.0844248196 -0.0834362485  1.0000000000
-4.1928845747 -4.0651742008 -5.7682768462 -0.1693640108 -0.0043445738  1.0000000000
-3.2020374407 -4.9827671314 -4.4616025213 0.0022385528 0.1692334410 1.0000000000
-2.9309485309 -3.9072034175 -4.7627205112 -0.1436124069  0.1342677303  1.0000000000
-3.8619096437 -6.9755413483 -6.0667035810  0.1486827737 -0.1324465909  1.0000000000
-0.8980411168 -7.5795102582 -5.7085023131  0.3587271660 -0.0325707854  1.0000000000
-1.3931281589 -6.5605943513 -6.3573585648  0.1584085776 -0.0772372942  1.0000000000
-4.6665771297 -5.0750275236 -5.9089491785 -0.1395692034 -0.1116360480  1.0000000000
-2.4403164630 -5.6854160527 -3.9417639961 0.0656209735 0.1638302093 1.0000000000
-4.4892569549 -6.3790175601 -5.9289283530  0.0234829283 -0.1366393487  1.0000000000
-1.0679573762 -6.6255633465 -4.3770272633 0.2199097654 0.1739268175 1.0000000000
-2.9032542066 -5.2502590686 -3.9100213011 0.0156714200 0.1813121670 1.0000000000
-3.0480645028 -5.1382890152 -6.6651848630 -0.1122097549 -0.1644863815  1.0000000000
-1.8050311021 -7.4178172730 -5.6779434173  0.2647455477 -0.0349573699  1.0000000000
-3.1350050678 -6.1562111564 -6.8987625063 -0.0059798333 -0.1484946781  1.0000000000
-5.1156489319 -4.8611980473 -6.5978804235 -0.1171621480 -0.1580434896  1.0000000000
-1.8376571441 -3.9380456837 -5.1882843647 -0.2062444072  0.1662191253  1.0000000000
-4.0269310774 -5.1591186668 -7.2005354338 -0.1554876897 -0.2372198741  1.0000000000
-2.7525387825 -3.7293836175 -5.3820773769 -0.1884991089  0.0691667823  1.0000000000
-3.8557173179 -6.3204121185 -5.8786527316  0.0399632878 -0.1144783022  1.0000000000
-3.5587636390 -5.7786889414 -6.8358234485 -0.0383060109 -0.2040967768  1.0000000000
-2.2808836846 -5.7296668368 -5.0095316745 0.0701784982 0.0861117646 1.0000000000
-3.1329677290 -4.0163612973 -4.0702925494 -0.1324079292  0.1776073096  1.0000000000
-0.8887642196 -5.6253227292 -4.7353756029 0.0690622652 0.2443525622 1.0000000000
-2.0437484467 -7.1412146247 -6.0108385903  0.1846411683 -0.0866951390  1.0000000000
-2.6603453192 -4.7017455261 -6.0642585049 -0.1562374242 -0.0066945075  1.0000000000
-1.8468100990 -4.0680054192 -5.9890576241 -0.1931408234  0.0742949082  1.0000000000
-1.6935166781 -4.8094468122 -4.8367857009 -0.0402292150  0.1983073617  1.0000000000
-3.9192630873 -6.9170075039 -2.8260776357 0.1953652604 0.1882074241 1.0000000000
-2.1905550884 -5.4474989601 -6.0771406060 -0.0311853417 -0.0180318999  1.0000000000
-2.3421735035 -3.6672764570 -4.9097007729 -0.2225895452  0.2069361427  1.0000000000
-1.4740338985 -6.1527477429 -6.3117687033  0.0826454701 -0.0626185777  1.0000000000
-0.7170398909 -7.3387788669 -5.2119918187 0.2859198541 0.1098206850 1.0000000000
-4.6376726355 -6.6703112199 -5.6081975125  0.0649833989 -0.0935679780  1.0000000000
-2.4492286875 -7.2634356271 -7.1090109001  0.1832672496 -0.2369207427  1.0000000000
-3.7811342842 -7.8577423000 -5.2509276661  0.2177791666 -0.0849878932  1.0000000000
-2.6164326717 -5.3403941991 -6.2176929308 -0.0362321528 -0.0401681095  1.0000000000
-1.3386453505 -5.5412655114 -4.9141767248 0.0348854532 0.2021744123 1.0000000000
-0.8263069440 -6.6182991089 -4.9015332871 0.2386851757 0.1706657365 1.0000000000
-3.4087027403 -7.3549245000 -6.1991333849  0.1482675031 -0.1731931354  1.0000000000
50
-1.8447437056 -5.6341264076 -7.1468866477 -2.2582139774 -6.4202761338 -3.9281097405 -0.0518243430 -0.1699108837  1.0000000000  0.1947404858  0.1768549645  1.0000000000
-2.7750685202 -5.0487340669 -4.3355879490 -3.1951836762 -6.4095068205 -5.1999464181 -0.0549884036  0.1722503737  1.0000000000  0.0737703815 -0.0480076666  1.0000000000
-3.0569996230 -6.9839710213 -6.1614738752 -4.2776287395 -4.3356090753 -6.7094794438  0.1315294258 -0.1366476194  1.0000000000 -0.2010035404 -0.1136432718  1.0000000000
-2.4585752977 -5.3559733917 -5.3816440783 -4.5043655143 -5.1650359374 -6.6167993655 -0.0428212949  0.0502875634  1.0000000000 -0.0947328210 -0.1753928982  1.0000000000
-3.5393654787 -6.8395896196 -2.5174809215 -4.5200482702 -3.9531579959 -4.0914445189  0.1658871477  0.2035472104  1.0000000000 -0.1174724729  0.1426223241  1.0000000000
-2.5512862902 -4.7816833682 -4.2349008066 -4.8243080056 -4.8852326880 -5.5724333544 -0.0575570003  0.1901373831  1.0000000000 -0.1039969964 -0.1056929574  1.0000000000
-3.3915745210 -3.4396066805 -4.1177857391 -1.6858793160 -5.8107847064 -5.8412044740 -0.1819707764  0.1823308999  1.0000000000  0.0314385228  0.0416705633  1.0000000000
-3.3764486261 -6.0903660209 -2.8967536126 -3.3257881628 -3.6344949973 -5.3635230514  0.1141219348  0.2367104340  1.0000000000 -0.2080472678  0.0979917784  1.0000000000
-4.0222944317 -6.7168304113 -6.6520870534 -0.7865632380 -6.2986259770 -4.7609357978  0.0849477847 -0.1819522925  1.0000000000  0.2430811967  0.1901786799  1.0000000000
-1.7472027220 -6.3760982791 -4.6625327423 -1.7775424098 -5.6632970710 -4.9592737576 0.1290197479 0.1157396451 1.0000000000 0.0487581879 0.0892250335 1.0000000000
-3.0583752079 -5.8888431471 -6.5072107882 -4.4153405483 -7.4366477804 -5.6930719118  0.0185443334 -0.1295148124  1.0000000000  0.1387205345 -0.1428198760  1.0000000000
-0.5514495954 -6.2409919656 -4.4294128607 -2.2442113634 -5.6154385221 -7.7841705162  0.1813336873  0.2613475458  1.0000000000 -0.1247324025 -0.2766763994  1.0000000000
-2.9792532224 -4.4247843456 -4.0052087878 -2.3897239993 -7.4970306905 -4.9236776889 -0.0791129923  0.1415704766  1.0000000000  0.2916784383  0.0136717647  1.0000000000
-3.4834634563 -4.4862380051 -7.3560444524 -1.4950266487 -7.4196842448 -6.7135145500 -0.2023446590 -0.1701221620  1.0000000000  0.2425755818 -0.1453760097  1.0000000000
-4.0244146454 -6.0180572909 -4.7870622217 -2.8877222483 -4.6092715959 -4.5333663310  0.0430827485  0.0440290670  1.0000000000 -0.0955499273  0.1782931137  1.0000000000
-2.0212644755 -6.3532743659 -6.8890080055 -3.8848154038 -7.2689819622 -6.5866461852  0.0699529015 -0.1545901122  1.0000000000  0.1392220583 -0.2120167330  1.0000000000
-3.2715351800 -6.8444877586 -6.7811939494 -2.2954051868 -6.9867038192 -6.6374065624  0.0664464697 -0.2010425497  1.0000000000  0.1572833591 -0.1941762515  1.0000000000
-2.5651030342 -5.8389896134 -3.9742191149 -4.8250607292 -4.8323923145 -6.0639286430  0.1023227539  0.2228539059  1.0000000000 -0.1180012311 -0.0654111922  1.0000000000
-4.0383279194 -4.8132830119 -4.3954864211 -4.0279236117 -5.5998093534 -3.8867614031 -0.0596704442  0.0882171821  1.0000000000  0.0302133607  0.1089025801  1.0000000000
-4.0346959294 -4.0757618236 -5.3481399136 -2.7098559227 -7.6839744663 -6.4524290072 -0.1770972398  0.0399178743  1.0000000000  0.2536539354 -0.2193603024  1.0000000000
-4.0870577218 -4.5911288510 -6.4069408031 -1.6023658978 -3.9272192037 -4.9280610604 -0.1287150957 -0.0745524507  1.0000000000 -0.1537505758  0.2016056700  1.0000000000
-5.1215434969 -5.0547505828 -5.5498497281 -3.3930941408 -5.4978917297 -5.0258185034 -0.0498393912 -0.0541089111  1.0000000000  0.0115000183  0.0459731136  1.0000000000
-3.1443521853 -5.5446997184 -7.1587984583 -1.9381929031 -6.7644596538 -7.7906906952 -0.0450239027 -0.2242049746  1.0000000000  0.0830211466 -0.3412641489  1.0000000000
-1.5138983928 -4.5255191840 -4.9040069429 -3.0311395055 -3.7519494105 -5.0132179512 -0.0822274862  0.1962199191  1.0000000000 -0.1944016906  0.1338570592  1.0000000000
-1.4629061241 -6.2212953938 -5.8244070132 -1.1969621975 -6.2984416315 -4.2929367262 0.1153413165 0.0013233202 1.0000000000 0.1509999302 0.2006612812 1.0000000000
-1.6982825176 -4.0937613505 -6.4889040038 -1.3130934544 -7.1462831589 -4.3345718225 -0.2378198756  0.0577955128  1.0000000000  0.3182826610  0.1544675354  1.0000000000
-2.3188609382 -4.6950765675 -4.9205355407 -3.5058355004 -7.3596406163 -5.0084964065 -0.0611487846  0.1456899756  1.0000000000  0.1662767682 -0.0796006954  1.0000000000
-1.4793481506 -3.5896784876 -5.6144727204 -2.6099392640 -3.5677405082 -4.9599814701 -0.2735284130  0.1927314997  1.0000000000 -0.1593110585  0.2045819023  1.0000000000
-1.8222790058 -7.8586746123 -7.1955036898 -2.2894422836 -6.2091834121 -5.0526774832  0.2892207902 -0.2676738055  1.0000000000  0.0965877298  0.0582170191  1.0000000000
-2.6438321679 -4.2461918449 -5.1074010972 -1.0962899477 -3.4666762822 -5.0918842461 -0.1078005135  0.1472343769  1.0000000000 -0.2029236505  0.2565529221  1.0000000000
-5.0259369520 -6.7173452297 -6.2526803924 -5.1126151174 -5.5666433383 -5.5781860444  0.0355531279 -0.1584973246  1.0000000000 -0.0520730830 -0.0458715533  1.0000000000
-4.5800527118 -4.1417305635 -4.4842147016 -2.3616864484 -6.1301745528 -6.1557259091 -0.1351048001  0.0659909540  1.0000000000  0.0377585938 -0.0799892208  1.0000000000
-1.9180078529 -5.1433045371 -6.0643379796 -1.4760214916 -3.8631900195 -4.5880356261 -0.0748162396  0.0077490338  1.0000000000 -0.1529854065  0.2779918802  1.0000000000
-2.9981645172 -5.3294640070 -7.6531311879 -1.7582417159 -7.1060069814 -5.6830223772 -0.1113754267 -0.2845811408  1.0000000000  0.2389961843 -0.0235903237  1.0000000000
-3.6986763745 -5.4946380210 -3.3491349405 -2.0874622246 -6.5083279636 -7.7627495892  0.0552935047  0.1985629610  1.0000000000  0.0513224697 -0.3301978590  1.0000000000
-0.9755471160 -5.5026177243 -4.4702331387 -3.0628400831 -6.6400376532 -3.1995281860 0.0574847809 0.2675717829 1.0000000000 0.1445991386 0.1431657817 1.0000000000
-1.0111783006 -5.5514633899 -4.6468810352 -2.4079734947 -7.9250861593 -6.3682709784  0.0693094487  0.2321426774  1.0000000000  0.3284105679 -0.2025290039  1.0000000000
-4.4573834863 -5.8532268874 -5.3729248405 -1.7385947036 -5.4687316134 -5.5495654954  0.0367159474 -0.0818686022  1.0000000000  0.0049077291  0.0824356132  1.0000000000
-1.9573166446 -5.3001088555 -4.1586757455 -3.7648241201 -8.0801184920 -5.9666462312  0.0296360613  0.2078434230  1.0000000000  0.2309123993 -0.1976053342  1.0000000000
-3.4532643575 -7.9153036709 -6.7216637611 -1.8244563411 -7.8851377788 -7.0773026625  0.2205425049 -0.2380028641  1.0000000000  0.2987943680 -0.2601266001  1.0000000000
-3.6413424208 -7.4011740107 -5.8295081513 -1.1116204316 -6.0209946927 -3.9869300121  0.1470849289 -0.1700653942  1.0000000000  0.1401937131  0.2448047597  1.0000000000
-2.0653137592 -6.7323161563 -7.3043847584 -3.7337715347 -6.9959105472 -5.1557209431  0.0880463587 -0.2735961396  1.0000000000  0.1459498935 -0.0537190388  1.0000000000
-4.1833062790 -4.8432319930 -6.4832958777 -1.6565921921 -6.8783052445 -5.7752525688 -0.1393978863 -0.1479134096  1.0000000000  0.1657547505 -0.0123944868  1.0000000000
-2.8796046507 -6.0218178363 -3.7430204400 -1.6595128679 -6.9604261574 -5.5604670614 0.0620243402 0.1976562845 1.0000000000 0.1959115549 0.0058709468 1.0000000000
-0.9007895007 -6.2881035759 -3.8660422088 -1.8601180302 -7.8224434305 -7.0881487752  0.1994628065  0.2766412742  1.0000000000  0.2951907528 -0.2624236852  1.0000000000
-1.0963325622 -4.0356530462 -6.0204234798 -3.8997018364 -3.6275809914 -3.9548926647 -0.1810407658  0.1625398801  1.0000000000 -0.1882277143  0.1759232598  1.0000000000
-4.2407758085 -5.2175897378 -7.2711440000 -1.6120953867 -5.7131054273 -4.9067051980 -0.1388975342 -0.1754674562  1.0000000000  0.0504225213  0.1587269469  1.0000000000
-1.2152656221 -7.0706376794 -6.0121451463 -1.9063134110 -4.8031828765 -5.8121723965  0.2261870546 -0.0617933966  1.0000000000 -0.0972594059  0.0554321123  1.0000000000
-1.7485807063 -4.7413362690 -7.5087668118 -3.8052064378 -6.3595163569 -5.0923924028 -0.1999797180 -0.1314448395  1.0000000000  0.0881173718 -0.0110443713  1.0000000000
-2.9194344509 -6.0713828240 -4.7213143539 -2.1288539803 -6.2297516861 -4.5738349207 0.0988433660 0.1023869357 1.0000000000 0.0962502392 0.1457729771 1.0000000000
