311.7000000000
50
 2.0423445001 -1.2819935161  5.2004302534  0.2514273767 -0.0173751639  1.0000000000
 2.6193525830 -2.2214270835  2.9246976806 -0.0115439863 -0.0924923496  1.0000000000
 2.9807740983 -1.1186714864  2.8695348664 0.0042333599 0.0860076946 1.0000000000
 3.4373976219 -1.7459087736  1.7514075895 -0.2257264925  0.0760461687  1.0000000000
1.5922967060 0.6640681890 5.3951117297 0.1721453874 0.0684868826 1.0000000000
 4.3685894149 -1.0371002613  1.9851159257 -0.1794778344  0.2733343586  1.0000000000
3.1685207090 0.4788274562 4.6039084172 0.1299493722 0.1676496319 1.0000000000
 4.1589764244 -1.2491254961  2.4449227508 -0.0668004162  0.2126803986  1.0000000000
 4.2947270212 -1.2757451219  4.9694207772 0.2473093545 0.3083012689 1.0000000000
 4.1314374738 -1.7760525638  4.3319664891 0.1783216131 0.1681912241 1.0000000000
 2.8314951202 -0.3454255976  4.7902930360 0.1821984959 0.1193461616 1.0000000000
 0.0645769895 -0.0750469045  2.9042910121 -0.0874234166 -0.1138316578  1.0000000000
 2.1474321062 -0.3820654693  3.5744459846 0.0340622396 0.0255381786 1.0000000000
 3.5080195529 -1.4871349600  4.7610506094 0.2299276273 0.1292772922 1.0000000000
1.6090154209 0.4798020064 5.5297576704 0.1931310635 0.0894939399 1.0000000000
2.3415144730 0.6092983763 5.4698850341 0.1897807844 0.1525004982 1.0000000000
1.6223966081 0.4732313961 1.8592645998 -0.1933343371  0.0545212845  1.0000000000
2.8943402707 0.2434194229 4.5748079243 0.1541481659 0.2007201564 1.0000000000
 2.7617006351 -0.2531916334  4.9792987470 0.2099647752 0.1298269645 1.0000000000
 2.4905289326 -0.8471397230  1.5414006699 -0.2217870680  0.0131909304  1.0000000000
 2.4753156184 -2.0068501529  1.6824334720 -0.2193179458 -0.0910956639  1.0000000000
 3.0524411546 -0.8435488943  4.2041705299 0.1501109550 0.0922931541 1.0000000000
 2.5029033146 -3.1921828665  3.7567017597  0.1148450984 -0.1540026581  1.0000000000
 0.2786529757 -0.9391426090  2.6357230009 -0.0909330202 -0.1199581915  1.0000000000
 0.9829897352 -2.1702900841  3.4339092154  0.0367993430 -0.2062342962  1.0000000000
 1.2270176099 -2.7389339227  3.1195851774 -0.0132789173 -0.2539750683  1.0000000000
 0.0253434518 -0.6283136390  2.8940543303 -0.0672795110 -0.1600178299  1.0000000000
2.7163380485 0.8859686654 2.4266250378 -0.2040011432  0.1750516307  1.0000000000
 2.8270564418 -0.5429847906  4.9213929640 0.2132313121 0.1410821299 1.0000000000
 4.0487346178 -1.5703140175  3.1675678537 0.0038576679 0.1606559200 1.0000000000
 3.5282436637 -0.3345647546  5.0838035917 0.2201783133 0.1920237003 1.0000000000
 3.2256042051 -1.3577554227  1.6773705572 -0.1940722406  0.0714107224  1.0000000000
 1.5965551669 -1.5536478883  3.3657482620  0.0653986277 -0.1003332562  1.0000000000
 2.3002085320 -0.4029201689  3.6860040839 0.0651690483 0.0654481999 1.0000000000
 0.6660482539 -0.9599480882  2.6807356553 -0.0764608879 -0.1115644711  1.0000000000
2.1493475332 0.1629095964 4.6999024610 0.1047361471 0.0851558784 1.0000000000
-0.1738564906 -0.4654940089  1.7324952265 -0.2023598696 -0.1799975282  1.0000000000
 0.7299341083 -0.9478270081  5.2301018049  0.2216639306 -0.0516923243  1.0000000000
 0.9087810044 -1.8840790273  4.0895874677  0.1497870548 -0.1713693950  1.0000000000
 2.9147733339 -1.0771658433  2.3605301649 -0.1256540409  0.0730623030  1.0000000000
 2.7714349017 -1.6116070727  2.6660864299 -0.0969710568  0.0176374565  1.0000000000
1.5666225826 0.2925353395 4.9302906301 0.0937330471 0.0347124796 1.0000000000
 1.7065663431 -2.4722492088  1.2908967615 -0.2361365928 -0.1940287584  1.0000000000
1.9347460261 0.5501917099 3.7294091872 0.0370739676 0.1036539530 1.0000000000
 1.7345580259 -3.2885026491  1.5049585356 -0.1997158350 -0.3418456795  1.0000000000
2.4927030288 0.3728701252 5.0024285741 0.1591768992 0.1814845182 1.0000000000
2.5260723491 0.9823826217 4.1897843552 0.0427299693 0.1845218674 1.0000000000
 4.1384015582 -1.3063432138  3.4330705106 0.0364316340 0.2253138600 1.0000000000
 2.8747782974 -1.3752680171  2.5661457109 -0.1250213346  0.0309500957  1.0000000000
2.1772418100 0.8553414350 5.1286728936 0.1366000006 0.1665226657 1.0000000000
50
 1.8663101438 -2.6741287029  2.8604554380  0.6977633165 -1.9875948187  1.4598632797  0.0212673543 -0.2227938329  1.0000000000 -0.2136021608 -0.2362403257  1.0000000000
 1.1116083407 -2.2921529956  2.0235287783  2.2774702375 -0.8185165008  5.1397230658 -0.1510984328 -0.2127801777  1.0000000000  0.2671137913  0.0326679604  1.0000000000
 3.0722846915 -0.9835310912  5.2758695772  2.4586177094 -1.0500470121  4.5533464181 0.2575345350 0.1756468290 1.0000000000 0.1540066920 0.0517082091 1.0000000000
 1.8128863555 -2.5933912039  3.9015478356  3.8395183709 -1.6660428741  3.4957823402  0.1287966598 -0.1686733958  1.0000000000  0.0298663999  0.1284010403  1.0000000000
 1.3278585168 -2.5635377633  1.6419558912  3.3593689379 -0.1277211750  5.4373127684 -0.1664100209 -0.2360138517  1.0000000000  0.2259385330  0.2150948748  1.0000000000
 1.0089350089 -1.7605901042  1.8911594340  1.4151692421  0.7392259975  2.4154464074 -0.1255097822 -0.1867227215  1.0000000000 -0.0909698325 -0.0120174688  1.0000000000
 2.3951095177  1.7841726930  2.9046276172  2.9295823073 -2.0596549911  4.7299839649 -0.0694371829  0.1618941442  1.0000000000  0.2267003680  0.0146832673  1.0000000000
 4.4568831633 -1.0792670205  3.8530896903  2.8831219889 -2.1301921471  2.0336898816  0.0568549467  0.2666179528  1.0000000000 -0.1620948824  0.0125432421  1.0000000000
1.7748645547 0.8496000281 3.4141225958 2.8867136830 0.3576457483 2.3212419688 -0.0518806279  0.0988327628  1.0000000000 -0.1235989175  0.1639572212  1.0000000000
 1.6083815584 -2.8224958628  2.0842402735  3.0438135427 -1.0010041610  2.1125352655 -0.1395222335 -0.2452660953  1.0000000000 -0.1169542166  0.1053038410  1.0000000000
 1.4382901229 -2.4039747301  2.4235869196  0.7882808355 -2.4432125242  4.8542394520 -0.0871788754 -0.2305457990  1.0000000000  0.2110130573 -0.2149713670  1.0000000000
 0.3021952870 -1.8073977345  4.8143464318  0.3394661174 -0.1147372546  3.2340610638  0.1958274271 -0.2045109658  1.0000000000 -0.0368205326 -0.0925233880  1.0000000000
 1.1148893729 -0.0967891885  3.1146309196  2.4255068804 -1.2643295211  4.7656845628 -0.0127416877 -0.0083745561  1.0000000000  0.2061283334  0.0398903197  1.0000000000
 1.6514560301 -0.5673437890  3.7205609400  1.8140045397 -3.1199409724  2.6272920698  0.0447366284 -0.0139002813  1.0000000000 -0.0337630287 -0.2390850456  1.0000000000
 1.9462102636 -2.1454746823  3.1904626669  2.3543062304 -0.3223217758  2.1034496161  0.0291952854 -0.1244692068  1.0000000000 -0.1508821397  0.0414193820  1.0000000000
 2.8554587166  0.9246193297  2.8618591678  2.8126782252 -2.4839691019  2.5456115485 -0.0579492591  0.1895872722  1.0000000000 -0.0743264147 -0.0473698764  1.0000000000
 1.9407515775 -3.5322998593  2.6090037494 -0.3913507738 -1.0396965949  4.1557217191 -0.0131342610 -0.2728108442  1.0000000000  0.0892100158 -0.2032510123  1.0000000000
 3.6181322809 -0.4664913130  1.9534350733  0.9059812512 -0.8680556873  4.1607216722 -0.1843685290  0.1796913167  1.0000000000  0.1472542841 -0.0870190187  1.0000000000
 3.3964036416  0.6374829591  2.3212187448  1.6127346132 -2.8949161328  2.1795964501 -0.1288502085  0.2199655708  1.0000000000 -0.0925246083 -0.2020026266  1.0000000000
 1.5931535736 -1.0847313079  3.6741385644  4.5851958877 -1.0405938453  2.1464727861  0.0457744099 -0.0351122101  1.0000000000 -0.2062152471  0.2815116818  1.0000000000
 3.4173403358 -1.0587874877  1.8448949096  2.9614984180 -0.1763292831  3.6154121207 -0.1976898953  0.1393739373  1.0000000000  0.0196373482  0.1324910927  1.0000000000
 2.1295397353  0.9408177327  4.0929356152  3.2372510106 -1.1208015756  3.8281806580 0.0467632527 0.1707639988 1.0000000000 0.0763357040 0.1059983402 1.0000000000
 1.8649619229 -3.5462222568  2.8101819624  3.9095556343 -1.5512337884  4.3666699522 -0.0098320454 -0.2772550145  1.0000000000  0.1844155904  0.1708871912  1.0000000000
 0.9626022225 -0.3126092564  4.4816251483  3.5078957175 -2.5369845552  4.4844319433  0.1259977440 -0.0160058311  1.0000000000  0.2324075248  0.0410994900  1.0000000000
 1.4772827914 -2.2428377045  2.0806924696  0.3431218555 -0.1816258178  2.2559105936 -0.1637256036 -0.1943893615  1.0000000000 -0.1147701995 -0.0795634917  1.0000000000
 3.0699036623 -2.5519808878  4.7687092298  1.3226888489 -3.0908189065  3.8751031834  0.2633377738 -0.0082091998  1.0000000000  0.1820060503 -0.2839014018  1.0000000000
 2.9353726342  0.8728688526  3.7786632242  1.7645513747 -1.7947052600  2.2044404649  0.0209772649  0.2096834122  1.0000000000 -0.1246021223 -0.1270789581  1.0000000000
 0.3493525842  0.1857517271  2.7754132452  2.1473189779 -0.9675473835  1.7860913131 -0.0520416151 -0.0574992468  1.0000000000 -0.1924119490  0.0031064605  1.0000000000
 2.2357051647 -2.2968464762  3.2076258174  0.5213285659  0.4084086184  1.9479031879  0.0121716563 -0.1133916421  1.0000000000 -0.1708166413 -0.0992972370  1.0000000000
 1.9225091808  0.5687629881  2.6212025460  3.4591811318 -2.2265425942  3.1572443289 -0.1132635009  0.1086196657  1.0000000000 -0.0047835612  0.0888426052  1.0000000000
 3.3200362691 -1.6870960734  5.2594283010  4.2792097991 -0.7808373313  1.5428695976  0.3116972096  0.0771064730  1.0000000000 -0.2748281187  0.2403927286  1.0000000000
 1.8031283944  0.9252815480  1.6514780371  0.9348583730 -2.2554846182  2.2884127381 -0.2182864613  0.0891665351  1.0000000000 -0.1189374948 -0.2310062759  1.0000000000
 0.2990721054 -1.7069160875  3.6574132918  1.0106022297  0.6993067899  1.9313795611  0.0600883592 -0.2129477414  1.0000000000 -0.1560004716  0.0220507623  1.0000000000
 3.8971075659 -1.7550338039  2.8635367041  2.5827626322 -0.4179304826  4.5539471955 -0.0117274801  0.1823564448  1.0000000000  0.1368036749  0.0956165979  1.0000000000
 1.7826167779 -0.3387447027  3.2763628527  1.3471856905  0.8706215744  1.7850794129 -0.0120729297  0.0501553149  1.0000000000 -0.2068551496  0.0677251472  1.0000000000
 3.3603663315 -0.5406831492  4.3388661302  0.7066081597 -2.4949403056  3.7007692592  0.1019925717  0.1742059971  1.0000000000  0.0595442016 -0.2337791151  1.0000000000
 3.3930239737 -0.0542579294  2.8355322362  1.4989405575 -1.5074862198  2.8185206140 -0.0647732359  0.2288943244  1.0000000000 -0.0550623870 -0.1342767444  1.0000000000
 2.8832464525  0.9312332932  3.4006235073  3.7259664081 -0.7326931854  5.1634199432 -0.0307223423  0.2155099917  1.0000000000  0.2395289369  0.2386384470  1.0000000000
 3.7690409549 -0.1326969979  4.1806983437  1.4727730337  0.3608892603  3.0999644853  0.0874995405  0.2818431078  1.0000000000 -0.0327561250  0.0507354151  1.0000000000
 1.0253969644 -1.4559941142  4.9660145027  2.1595569313 -3.0482868634  3.0468663522  0.2005139334 -0.1151947321  1.0000000000  0.0256924436 -0.1455177732  1.0000000000
 3.4767372624 -1.7773197695  2.6250036390 -0.0620724063 -0.8510064637  2.8139097983 -0.1143967678  0.0674854522  1.0000000000 -0.0503887038 -0.1362445175  1.0000000000
 2.3334072858 -0.7333147796  2.3718105087 -0.1149790729 -1.1105866267  3.4938684581 -0.1101893014  0.0332387306  1.0000000000  0.0529231103 -0.2370358643  1.0000000000
 3.8249104051 -1.1506761932  3.2676466045  0.7889002585 -1.2270425118  2.8850576589 -0.0192333501  0.1774147774  1.0000000000 -0.0479960827 -0.1670109990  1.0000000000
 2.3929003381 -0.3329162049  2.9617312701  2.7647021436 -2.0736107938  4.9964832993 -0.0903088025  0.0801909003  1.0000000000  0.2672848269 -0.0150818280  1.0000000000
 0.6809956343 -1.2628197048  2.1245424219  1.1696058062 -1.4438281942  2.9005140808 -0.1205573157 -0.1865299730  1.0000000000  0.0057960618 -0.0933654743  1.0000000000
 2.7624372933 -2.4559290941  1.2744845264  1.4312740959 -1.7641328423  1.7113486513 -0.3047413633 -0.0551327045  1.0000000000 -0.1973318673 -0.1564757193  1.0000000000
 2.1356646169  0.1836480838  4.3143402394  3.4157762085 -2.6230464825  4.0401255758  0.1083513861  0.1033225199  1.0000000000  0.1543938120 -0.0199991159  1.0000000000
 2.8005142610 -0.2964146450  3.6913440878  2.9326045797 -2.8809048079  4.0517037385  0.0721718799  0.1380256930  1.0000000000  0.1555712887 -0.0695972058  1.0000000000
 3.8386725403 -0.0212938433  3.1006019613  0.5492510093 -0.9641695977  5.0249048018  0.0119420165  0.2585295094  1.0000000000  0.1924754203 -0.1352331130  1.0000000000
2.6897159186 0.9443616196 1.8886432516 0.7541332107 0.3613712425 2.7577183242 -0.2064009879  0.1584600419  1.0000000000 -0.0500257454 -0.0429378202  1.0000000000
