611.0000000000
50
 0.3481812202 -2.4770130626 -5.5361981356 -0.0373587142  0.0247556769  1.0000000000
 1.9207787091 -3.6884162752 -5.3538231934 0.0165045723 0.0289989567 1.0000000000
-1.0618979486 -3.3127557712 -3.6591384441  0.2197504798 -0.1627781359  1.0000000000
 0.7481179319 -3.6975728432 -5.8182426761 0.0420438076 0.0904885568 1.0000000000
 1.1074524092 -0.7077911485 -4.9780114811 -0.2857119119 -0.0358703178  1.0000000000
 1.3450630025 -4.3576530684 -4.8485173989  0.1227927062 -0.0265036773  1.0000000000
 1.7679012254 -1.0879015641 -4.7155275034 -0.2561169219 -0.1336998969  1.0000000000
 0.8783596586 -3.3012161311 -3.9428448859  0.0465569744 -0.1179500180  1.0000000000
 2.3226609856 -4.3542343202 -3.6291595796  0.0544825620 -0.1603952343  1.0000000000
 0.8413965135 -3.2833040746 -3.0359575896  0.0809981423 -0.2574142743  1.0000000000
 0.1039320244 -1.4043138959 -4.9187095742 -0.1093521728 -0.0140214318  1.0000000000
 0.5768352055 -3.9190355246 -6.4448152452 0.0981277990 0.1841667189 1.0000000000
 1.9810403421 -3.9341804542 -6.4305173329 -0.0535111569  0.1337588913  1.0000000000
 1.1639319391 -3.2954973008 -4.5680083532  0.0228881472 -0.0904083608  1.0000000000
 3.2382970991 -2.9158140604 -5.1853942315 -0.1961543554 -0.0221338249  1.0000000000
 1.4589514121 -1.8862847995 -3.5885764321 -0.1266845164 -0.2055396473  1.0000000000
 2.8096800223 -1.8892325931 -3.9402757683 -0.1972235979 -0.2134390611  1.0000000000
 2.1156147943 -3.9164402414 -5.9785489840 -0.0521827966  0.0590745498  1.0000000000
 1.6347526939 -5.4923836969 -4.0248937023  0.1534132785 -0.1319324879  1.0000000000
-1.9508511242 -3.2806193976 -6.3074316636 0.2269955990 0.3099068565 1.0000000000
 1.2912311186 -2.2931592819 -4.3246402066 -0.0705047342 -0.1538185969  1.0000000000
 0.1170200461 -2.5968473416 -6.4961103688 -0.0395541044  0.1886835453  1.0000000000
 0.9414506645 -0.4458669575 -4.5602306363 -0.3135959438 -0.1125779723  1.0000000000
-0.4757160364 -4.3534449364 -5.7526353287 0.2135349804 0.1196921184 1.0000000000
 1.5575430956 -4.0298531507 -6.7661873874 -0.0103533081  0.1639180746  1.0000000000
 2.5646537847 -3.4918552782 -4.0925882806 -0.0112305619 -0.1613013546  1.0000000000
 1.7736366050 -4.8605392225 -3.9138601607  0.1189799249 -0.1319204144  1.0000000000
 1.1283403165 -3.2448082363 -5.7304521673 -0.0239585135  0.0741392739  1.0000000000
 2.3675671275 -3.5611534953 -5.6299869104 -0.0993597781  0.0219393572  1.0000000000
 2.3970907137 -3.3564472779 -5.0722736533 -0.0513109834 -0.0115797938  1.0000000000
-0.2531623443 -1.7252784734 -6.0612244546 -0.0789378882  0.1408883761  1.0000000000
 1.9549977064 -4.8228001344 -3.6456590268  0.0943763987 -0.1486836842  1.0000000000
 1.2508326803 -0.8528815634 -4.1726810072 -0.2553317947 -0.1836401771  1.0000000000
 3.5925070751 -2.9946388572 -3.9248457299 -0.1443515833 -0.2196403346  1.0000000000
 1.7775260379 -4.3836689264 -5.1598265994  0.0207387001 -0.0014442736  1.0000000000
-0.7486266261 -1.9957394890 -6.5572656212 -0.0942175567  0.2420218363  1.0000000000
 0.4826224952 -2.0118758675 -5.9457835153 -0.0984323626  0.0833988668  1.0000000000
 3.1851138825 -3.0009917640 -4.1236520792 -0.1468031718 -0.1846130562  1.0000000000
 0.1166483227 -3.8905477160 -4.5839422436  0.1451208865 -0.0422273876  1.0000000000
 1.3745852333 -4.7225436828 -6.1086528522 0.1010399147 0.0935596531 1.0000000000
 1.5906124609 -3.1408788539 -3.6193225077  0.0378438418 -0.1998391545  1.0000000000
 1.1258971332 -4.2717133133 -6.5117316484 0.0215219152 0.1509737588 1.0000000000
 1.6950830313 -4.5488174813 -6.9028402432 0.0224050415 0.1985352213 1.0000000000
 2.1805748517 -4.7545593080 -3.4735874069  0.1075545205 -0.1803918384  1.0000000000
 0.1069875982 -3.8632942155 -5.6257387907 0.1257635492 0.0937082895 1.0000000000
 0.6359059593 -2.8609668502 -3.4953061473  0.0717520148 -0.2178715702  1.0000000000
-0.7386296039 -2.3805234399 -4.4182552343  0.1407402100 -0.0772608251  1.0000000000
-1.1945016859 -3.6469764514 -4.9501243711 0.2779606503 0.0485338250 1.0000000000
 0.6108628800 -4.3571503144 -4.4062522968  0.1727135980 -0.0688664243  1.0000000000
 1.4726770259 -1.9290451753 -3.6158042090 -0.0841857592 -0.2321020229  1.0000000000
50
-0.2712451266 -2.3000524384 -5.1969642871  2.3378602784 -3.1451176006 -3.9773925711  0.0292383492  0.0623723015  1.0000000000 -0.0650421709 -0.1584143673  1.0000000000
 1.2408643214 -2.6932650849 -5.9885868168  1.0457433767 -2.6249225747 -4.8284739768 -0.0502068155  0.1256379708  1.0000000000 -0.0206678703 -0.0231318775  1.0000000000
 1.9362827275 -1.4518955770 -4.0562216137  2.5953088097 -3.3787993607 -6.3699660562 -0.2127584442 -0.2184384160  1.0000000000 -0.0853823457  0.1062178797  1.0000000000
 0.0788949731 -2.8327869822 -4.3132721552  1.2638779183 -1.7089903355 -4.4144446698  0.0298049847 -0.0948365939  1.0000000000 -0.1346693497 -0.1519339431  1.0000000000
 1.0714781127 -3.2517599165 -3.3590128109 -0.4938583714 -2.6835777931 -4.2422650748  0.0779557802 -0.1818841528  1.0000000000  0.0689894317 -0.1059435639  1.0000000000
 1.6339305752 -2.4131610071 -5.4608459017 -0.0270963128 -1.4547518808 -4.2239429841 -0.0921937926 -0.0078017951  1.0000000000 -0.1178418406 -0.1385669951  1.0000000000
 1.3710361944 -1.6881785517 -6.7355452670  1.8977617762 -3.3255381077 -4.3098523195 -0.2390980688  0.1516225649  1.0000000000 -0.0090813338 -0.0835498465  1.0000000000
-0.6621262471 -2.4521310405 -5.5922548220  0.3971822261 -1.7319181587 -5.5826741660  0.0111344186  0.0997246215  1.0000000000 -0.0826760390  0.0515920806  1.0000000000
-0.0220628569 -3.4927524259 -6.3767617338 -1.1941444729 -2.8875900572 -3.4409738681  0.0737327219  0.1761988269  1.0000000000  0.2747097558 -0.1560314710  1.0000000000
-1.1892996993 -3.9810832114 -5.4378766398  2.0702084364 -3.6215125153 -6.9306690453  0.2193610820  0.1347884255  1.0000000000 -0.0916737779  0.1683074561  1.0000000000
 0.2907183831 -4.0807299149 -4.5248003733  2.6359500497 -2.4510022507 -5.5789272382  0.1011433374 -0.0387741647  1.0000000000 -0.1840264824 -0.0420768317  1.0000000000
-1.5902734203 -3.6028231378 -6.0610594411  0.5375609396 -1.2338904124 -5.7931554020  0.2353366436  0.2472433783  1.0000000000 -0.2074474624  0.0595715702  1.0000000000
 0.2231632788 -4.4886730428 -5.6398027668 -0.3819456293 -2.2513176193 -6.7124174145  0.2083970055  0.1093590488  1.0000000000 -0.0580846795  0.2810943207  1.0000000000
 1.3093524746 -2.1508847301 -4.7078899496 -0.4194423457 -1.8587488212 -4.4335790462 -0.1231789316 -0.0880717252  1.0000000000  0.0314307597 -0.1084038254  1.0000000000
 2.6585223176 -3.3535296339 -5.9663923925  2.8786648908 -2.7538199329 -5.5123542450 -0.0860886366  0.0433700521  1.0000000000 -0.1605358178 -0.0454179045  1.0000000000
-0.8203981845 -2.6579315412 -6.7975030315  3.1312845268 -2.9084502699 -6.7041605569  0.0302088933  0.3139571542  1.0000000000 -0.2099408688  0.0684203144  1.0000000000
-1.9223196480 -3.4371599796 -5.8575279511  2.5375172142 -3.8996482003 -3.3827582929  0.2735148602  0.2352691598  1.0000000000 -0.0069713313 -0.1910332200  1.0000000000
-0.0671855495 -1.2725251052 -5.6748246025  2.5009363497 -3.1734186389 -6.6674108397 -0.1492872927  0.0647643389  1.0000000000 -0.1667681907  0.1126585244  1.0000000000
 0.4053370023 -2.3665385151 -3.8863825324  0.3742386251 -4.1934823364 -3.7409689277  0.0436853805 -0.1894334349  1.0000000000  0.1291053675 -0.1024508647  1.0000000000
-0.2125955182 -1.6560322447 -3.6175636787 -1.3966211255 -4.1627730091 -6.4335599744 -0.0008048549 -0.2004232586  1.0000000000  0.2881566177  0.2700555750  1.0000000000
-0.2082939801 -3.8442140090 -3.1897355873  2.1324785720 -4.3477700656 -3.4591665145  0.2403543431 -0.2272983719  1.0000000000  0.0961578233 -0.1379288035  1.0000000000
 2.4999645724 -3.9763805499 -3.7162175189  2.2776376016 -3.7540038894 -3.3116964192  0.0136534193 -0.1611493129  1.0000000000  0.0171405135 -0.2117011656  1.0000000000
 1.6347927032 -1.4193870235 -3.7245678045 -0.2482050755 -4.9486611993 -6.2731443607 -0.1585982698 -0.2328752205  1.0000000000  0.2242685947  0.1866383646  1.0000000000
 2.8148230925 -2.4528728559 -4.3849809193  0.1857153751 -2.3070424645 -6.0114925997 -0.1933245726 -0.1346131951  1.0000000000 -0.0376604826  0.0999755187  1.0000000000
-0.5995491637 -2.4537010754 -5.9141700180  1.6077611757 -3.1419084689 -3.2325203391  0.0524106756  0.1327470436  1.0000000000  0.0472938883 -0.2072634963  1.0000000000
 0.7572959524 -3.6194215656 -4.4474386480  0.4332300499 -3.6021222011 -3.9530333287  0.0975147782 -0.0936221132  1.0000000000  0.1597633049 -0.1019151658  1.0000000000
-0.7825472282 -3.0220247660 -3.4109759148  0.9687951208 -4.2375213449 -2.9487971387  0.2611310170 -0.1796608920  1.0000000000  0.1620355676 -0.2315323900  1.0000000000
-0.9403157381 -3.4759221114 -4.0775559309 -0.8376121014 -3.9814690534 -6.5035263481  0.2616923274 -0.0542832666  1.0000000000  0.1884156870  0.2812367556  1.0000000000
-1.2482501404 -4.2208426381 -5.3572250748 -0.4356961890 -3.8785534542 -6.7128176110 0.3100201129 0.1060686894 1.0000000000 0.1156305010 0.2976242745 1.0000000000
 2.1484698924 -3.5163055509 -3.7868230392  0.0867864452 -2.7466976114 -5.9281823091 -0.0099549900 -0.1644676613  1.0000000000  0.0057226350  0.1203275601  1.0000000000
 1.2922789728 -4.8812725329 -3.9647079569  1.4751784459 -2.0685996456 -6.4168649992  0.1580801255 -0.0957542351  1.0000000000 -0.1881175402  0.0975593451  1.0000000000
 0.0834438480 -2.0556910643 -6.5990180846 -0.1416190594 -1.4798800279 -5.1566936591 -0.0969212134  0.2227971399  1.0000000000 -0.0892336329  0.0035618051  1.0000000000
 1.4390941194 -4.8422439013 -5.7525575970  1.8297082794 -4.0752749481 -3.2010609689  0.0790651786  0.0579526147  1.0000000000  0.0656889151 -0.2073200582  1.0000000000
 1.6327469495 -2.9538209743 -4.4495221949  1.2659845153 -3.1802003686 -5.9995863586 -0.0762730225 -0.0726719081  1.0000000000 -0.0139961287  0.1059609829  1.0000000000
 0.3306179736 -2.7282796570 -4.9290121406  2.1523060230 -3.2753093186 -6.5864795421  0.0376945895 -0.0507852994  1.0000000000 -0.1104620459  0.1478923032  1.0000000000
 0.0801439708 -2.7118328345 -5.4588070352  0.7251111718 -1.2026544953 -3.7208919858  0.0588960910  0.0136852951  1.0000000000 -0.1651192517 -0.2776340157  1.0000000000
 1.2102003479 -1.2093811538 -4.7469677217  0.9367404341 -3.5565808518 -4.5036735408 -0.2246241168 -0.0615349743  1.0000000000  0.0859393030 -0.0817589474  1.0000000000
 2.7794963088 -3.3436630054 -4.5581861043  1.9936059204 -2.5388300817 -3.6314495421 -0.0779188880 -0.0766687904  1.0000000000 -0.0659914644 -0.2109335015  1.0000000000
-0.2865295147 -2.9915444950 -5.5305612515  2.0473695993 -2.7898310219 -4.5098101634  0.0754811673  0.1035886040  1.0000000000 -0.0647128830 -0.1114870569  1.0000000000
-1.2651342542 -2.9347798375 -5.0445469432  1.0176063306 -3.4226253917 -4.7342991302  0.1948645860  0.0780065477  1.0000000000  0.0247411332 -0.0283997360  1.0000000000
 2.3827936532 -3.0215205600 -6.3618131051  0.4890880212 -2.1990743996 -6.6249492967 -0.0705457185  0.1109042838  1.0000000000 -0.1211707138  0.1806802123  1.0000000000
 1.2188239079 -3.3129780577 -3.5432123292  0.1501371509 -5.0641144236 -5.3613354129  0.0932425273 -0.1920189229  1.0000000000  0.2342509252  0.1000373287  1.0000000000
 0.7598003534 -1.7697610785 -5.6189508976  1.9499890724 -2.4298403366 -4.1196725789 -0.1121310648  0.0455597310  1.0000000000 -0.1348111637 -0.1472835661  1.0000000000
 1.1546244723 -5.4390300856 -4.5361390718  1.9590279133 -2.0301258898 -3.9027786355  0.2319411892 -0.0335112260  1.0000000000 -0.1159888481 -0.2124992423  1.0000000000
 1.4444004863 -4.6734847186 -3.5720987728  1.5708603507 -2.6754219581 -6.3079299624  0.1624524608 -0.1527074552  1.0000000000 -0.0909281891  0.1059820649  1.0000000000
-1.2581315924 -3.6211970653 -4.6486586087 -0.6719271465 -3.7901018160 -6.0980041663 0.2576019332 0.0150954613 1.0000000000 0.1537759091 0.2283212249 1.0000000000
 0.3358475759 -4.5339020120 -4.4045629293  0.1201696925 -2.3214975498 -3.3364652488  0.2250368669 -0.0568877063  1.0000000000  0.0369052354 -0.2326564385  1.0000000000
 0.7075054507 -1.0889653578 -4.8628306232  0.4383133280 -2.5267368311 -6.9866384309 -0.1616633237 -0.1022027774  1.0000000000 -0.0797451307  0.2257944979  1.0000000000
 0.3692599723 -4.4904711053 -6.2457393951  0.4046256011 -4.3471979834 -4.2587679771  0.1518918621  0.1723369488  1.0000000000  0.1690970316 -0.0833473179  1.0000000000
 3.1930010224 -2.1779190506 -4.5592635759  0.3597554381 -4.3275327162 -5.9862466843 -0.2264320384 -0.1243790156  1.0000000000  0.1158153886  0.1461854084  1.0000000000
