425.3000000000
50
7.2256897465 2.7331891236 7.1705233020 -0.0436766104  0.1024711671  1.0000000000
6.9652692234 3.9356472442 5.5394408994 -0.2392929380  0.1177998578  1.0000000000
8.2493155787 2.3644258253 5.4875346701  0.0152062915 -0.1088063282  1.0000000000
7.8206670748 0.0201556741 6.7538750309  0.1471874596 -0.1814408702  1.0000000000
9.0621254388 3.6902821966 6.9367048602 0.1304025976 0.1173978233 1.0000000000
7.9311478791 1.2277512140 8.0132270194  0.1265284657 -0.0367030918  1.0000000000
7.5907515970 1.9151750308 4.5781825652 -0.1243010088 -0.2315480755  1.0000000000
7.9497977517 3.3450756501 4.6769396916 -0.1791069334 -0.0374743842  1.0000000000
8.1965706009 0.9397419353 6.8491420014  0.0830434998 -0.1605325237  1.0000000000
9.1597739538 1.6568087519 6.6379587025  0.1872510128 -0.0616401933  1.0000000000
10.4592481144  3.4535356975  7.0961780937 0.3311253249 0.1852472224 1.0000000000
7.6461409891 2.8223964424 8.1476655514 0.0983507479 0.1548227097 1.0000000000
10.1752368202  2.0185839108  5.6212390881  0.2957033088 -0.1752680247  1.0000000000
7.5297814357 5.1586677129 5.8379440651 -0.2070823378  0.3201068605  1.0000000000
8.2657034623 1.5202553988 8.7060743870 0.2075390475 0.0522008379 1.0000000000
6.9814341938 2.9054943454 5.2128922776 -0.2173479544 -0.0328371370  1.0000000000
9.3573295077 2.3584151076 7.6984135729 0.2483864612 0.0613228322 1.0000000000
5.9680262241 3.1391380211 7.6815752424 -0.1277155322  0.1722142348  1.0000000000
7.9794468908 3.6668692722 5.1551679590 -0.1107787936  0.0380406530  1.0000000000
9.2788319381 1.5943033258 6.8955941487  0.2182196213 -0.0564396673  1.0000000000
7.8823908737 2.8619699679 5.0067066839 -0.1211791620 -0.0616519680  1.0000000000
5.9445869173 3.1958315185 8.5829760421 -0.0772708363  0.2124426752  1.0000000000
10.0045522816  3.3554357571  7.7885038659 0.2873486097 0.1912393002 1.0000000000
6.9764948951 5.0741040032 5.9482310923 -0.2878647238  0.2370301827  1.0000000000
5.7083091974 3.4796266930 7.4550332125 -0.1808715984  0.1202897434  1.0000000000
9.8504898000 3.8950439450 7.9342947250 0.3030919158 0.3020520824 1.0000000000
6.1895215219 3.3067200942 8.0267905965 -0.0965584873  0.1781018846  1.0000000000
8.1363575209 0.4906657825 6.5765000045  0.0904669739 -0.2043095891  1.0000000000
8.6654467359 2.3717063312 5.6411222783  0.0102899382 -0.1358233660  1.0000000000
8.0601892583 1.1825832871 6.4278180881  0.0934624694 -0.1047176975  1.0000000000
5.2693334850 2.0773360147 6.7577198629 -0.1782406035 -0.0189580525  1.0000000000
5.8014956262 2.8907256308 7.7226133560 -0.0972983738  0.1267940953  1.0000000000
6.1084700870 3.2373970074 7.2699589904 -0.0964943064  0.1466402388  1.0000000000
6.9406844061 3.1160657815 7.6644183080 -0.0255350167  0.1977385003  1.0000000000
7.7978325636 3.4373587635 7.8849102417 0.0651569188 0.1832480564 1.0000000000
7.2285651776 3.5705557744 7.2761591735 -0.0717602458  0.1563117156  1.0000000000
8.2407944730 1.1228490076 5.7508792758  0.0470880576 -0.1694146412  1.0000000000
7.3370712377 3.3878946366 7.3372687795 -0.0715213283  0.1539629516  1.0000000000
5.5430311782 1.6455746098 6.4473981075 -0.1731150855 -0.1005484622  1.0000000000
7.9413603039 4.8928676929 6.3415848806 -0.0673973756  0.2720603880  1.0000000000
8.6017789708 3.2757944193 8.7790906215 0.1580210922 0.2282734619 1.0000000000
9.0320524682 1.1613817685 6.1817223042  0.1560515002 -0.1720021644  1.0000000000
9.1878584143 2.2394771702 5.8216044014  0.1340695235 -0.0885761209  1.0000000000
6.3468817569 2.2293498251 8.2583031930 -0.0661013942  0.0743402180  1.0000000000
5.6913206656 1.4142595852 6.3516101801 -0.1502973348 -0.0823511340  1.0000000000
7.7964152324 2.1819128389 7.9320586675 0.0913174939 0.0835899145 1.0000000000
6.1155380489 1.1615093692 6.2514531104 -0.1113939069 -0.1762404947  1.0000000000
7.9057944224 2.2793586194 7.6241336270 0.0625707489 0.0592847381 1.0000000000
5.6071489742 2.3983040529 7.7705876375 -0.0632933143  0.0923045997  1.0000000000
5.2903997279 3.5199481072 8.1145775993 -0.1644447946  0.1546074755  1.0000000000
50
9.9001784435 3.4412446686 7.5795373084 5.8545361971 2.5882097139 6.9062751060  0.2574869730  0.2088229096  1.0000000000 -0.1645374591  0.0417779367  1.0000000000
8.4503166671 2.3248001728 5.2786424821 7.0717761656 3.6762544464 6.1424640618 -0.0233008571 -0.1045079391  1.0000000000 -0.1621426334  0.1265504126  1.0000000000
8.0116472850 3.6905548188 6.9433303864 7.2352604763 3.3024601814 5.1607706068 -0.0000449170  0.1677335965  1.0000000000 -0.2390569886 -0.0336462067  1.0000000000
6.1701300956 2.2459250966 7.9037017864 8.6327020608 0.6286609669 7.9096477726 -0.0657256526  0.0796385264  1.0000000000  0.2147664614 -0.0905840286  1.0000000000
8.4661928252 2.3406717036 6.8533329465 8.3846048003 2.6450859935 6.9957670639 0.0993906268 0.0285594168 1.0000000000 0.0908624052 0.0357456222 1.0000000000
7.8898217825 3.5852210924 7.0114017414 6.7910399905 3.5505815285 5.6062848107 -0.0048151458  0.1916559401  1.0000000000 -0.1921035216  0.1023464094  1.0000000000
7.3771790470 3.5656579330 6.9175300274 5.4501191181 0.9951953108 5.9609580149 -0.0543544246  0.1638044859  1.0000000000 -0.2012677047 -0.1490593637  1.0000000000
9.9301894317 2.7139447197 6.3323433057 7.0950245259 3.2019818439 6.9959694271  0.2887275252 -0.0056138968  1.0000000000 -0.1122213678  0.1116760076  1.0000000000
5.7934932676 3.2291929788 6.5322306108 8.4558362863 3.4438543975 5.0021156042 -0.2282400093  0.0507930294  1.0000000000 -0.1079681847 -0.0291228271  1.0000000000
7.7428495686 2.2892481202 9.4863651347 7.3910196432 1.6421115926 6.4647080968  0.1577194031  0.1818609886  1.0000000000 -0.0148432649 -0.0908906183  1.0000000000
7.5447581316 3.8902345627 6.0397413638 8.4920288299 0.0700975924 6.8521001264 -0.1471169642  0.1513196214  1.0000000000  0.1603156879 -0.2226039024  1.0000000000
7.5645889459 1.6836495209 7.6489038129 9.6185718935 2.4871649542 6.0809638138  0.0909306394  0.0276861645  1.0000000000  0.2053658538 -0.0489986936  1.0000000000
7.8836848465 3.3199191992 5.3813608098 7.4472535425 2.5168031637 3.4082798371 -0.1229330655 -0.0050893286  1.0000000000 -0.3276141272 -0.2969434732  1.0000000000
8.7157976961 3.1648410908 7.1908964496 6.9894388231 3.8483221863 6.1459459533  0.0804852728  0.1240695022  1.0000000000 -0.1940286321  0.1212500120  1.0000000000
5.8896181360 3.2040749807 6.6957024992 7.3890247464 1.8509182614 6.0795704694 -0.1617177779  0.0745416174  1.0000000000 -0.0390547946 -0.0929885740  1.0000000000
5.3829944001 2.1345018822 7.2302481514 7.4241222734 2.6206626551 4.7491202865 -0.1152671848  0.0265755082  1.0000000000 -0.1869399723 -0.1133063841  1.0000000000
9.4839794749 1.5535877690 4.8498965229 6.1016704038 1.4481051792 5.5447956146  0.1327613901 -0.2905218225  1.0000000000 -0.1631463625 -0.1809948010  1.0000000000
8.2221368607 1.7824846778 6.3890117028 7.7533121372 1.2258353589 7.2424270720  0.0639616963 -0.0956838363  1.0000000000  0.0621897013 -0.0814921845  1.0000000000
6.8156457298 2.6932195519 7.5126315255 6.8476074130 1.5768421622 4.6554819557 -0.0416220534  0.0866039405  1.0000000000 -0.1991419565 -0.1681470521  1.0000000000
8.5998605494 2.6059763092 8.0524171016 6.3800266294 1.8680192894 5.6962670677  0.1902724220  0.0955220563  1.0000000000 -0.1650112124 -0.0908762144  1.0000000000
 7.2945713156  0.3197701076  7.7508084343 10.2818335621  2.4599411453  6.5530718255  0.0689480047 -0.1065720266  1.0000000000  0.3002184341 -0.0095128572  1.0000000000
6.8512244313 3.5614868789 5.1779769153 5.8690115464 1.0137682502 6.4860914866 -0.2651246329  0.0476625290  1.0000000000 -0.1190964703 -0.0739333119  1.0000000000
9.0409197086 3.8922375548 5.9501341572 8.8230076944 1.4217389503 7.5540587221  0.0303850795  0.1312635163  1.0000000000  0.2147846939 -0.0196566570  1.0000000000
8.7574810398 1.6513500932 5.4582631662 7.9610300389 2.1883724518 7.5241879425  0.0714324970 -0.1970372389  1.0000000000  0.0900992203  0.0449111832  1.0000000000
6.9516685406 0.9008092154 6.2843284615 8.1658597999 2.9236718287 7.8192011023 -0.0484262239 -0.1763611460  1.0000000000  0.1149948031  0.1602850381  1.0000000000
8.6727239678 2.3449083358 8.6542014394 7.6960460820 3.9452244367 7.0541147344 0.2104198182 0.1151523152 1.0000000000 0.0170067832 0.1908665807 1.0000000000
9.6267043796 0.9179773789 6.3226112398 7.1044151486 1.6261869628 4.6374201110  0.2441944389 -0.2112466131  1.0000000000 -0.1874962717 -0.2432366634  1.0000000000
8.8527618082 0.4024088099 6.5528505883 8.0221318777 4.0127712296 5.6317567821  0.1474764056 -0.2011320691  1.0000000000 -0.1173291330  0.0942175568  1.0000000000
6.3966363158 2.8628433766 8.8163792933 6.1246670455 3.0092699682 6.0929357841  0.0000180065  0.1249982695  1.0000000000 -0.2536279717  0.0332350296  1.0000000000
7.5188599113 2.6784816780 4.9365820492 8.9699450170 2.7088432996 8.8201474587 -0.1757379632 -0.1079413039  1.0000000000  0.2499836696  0.1666287441  1.0000000000
9.1070396074 2.6316032100 6.8014993156 8.8288368338 4.1708452905 7.2571199906 0.1701217659 0.0236342762 1.0000000000 0.0877958788 0.2746153023 1.0000000000
8.4437215911 1.1151996616 7.0185925457 8.7315495978 2.3750475733 7.8555214975  0.1046632330 -0.1030577005  1.0000000000  0.1982309228  0.0639917517  1.0000000000
8.6782538827 0.5664616746 7.3951652371 7.9934228775 1.5955589491 6.5989114170  0.2036781796 -0.0987308333  1.0000000000  0.0626529224 -0.0858755352  1.0000000000
7.1230560160 1.0893033982 7.1389819298 6.9459029804 4.6096980476 6.2227445311  0.0056513874 -0.0600247293  1.0000000000 -0.2633994445  0.2478869339  1.0000000000
8.0159188729 1.6453712038 5.1402269217 7.0226783685 3.4369616432 6.8417788986 -0.0362902556 -0.2203009198  1.0000000000 -0.0675567109  0.1465970782  1.0000000000
9.0122852235 0.4877383016 6.2502658888 9.3690248775 1.7521337529 6.0144290199  0.1865972766 -0.2009848586  1.0000000000  0.1800005597 -0.1649369403  1.0000000000
5.4771790208 3.3907744326 7.6256673127 8.2527130468 1.5340013916 7.3273557158 -0.1975717642  0.1644789423  1.0000000000  0.0624934126 -0.0513119652  1.0000000000
9.4618509073 0.6187718364 6.6864940369 7.4404621566 3.4494821197 6.4085680006  0.2690564185 -0.1721308269  1.0000000000 -0.0669246010  0.1125000595  1.0000000000
7.1019792303 1.3379696718 8.1518744083 7.8692496781 3.3153982200 7.3949694007  0.0533835754  0.0465480758  1.0000000000 -0.0180505632  0.1760113536  1.0000000000
8.2034891105 0.7597953452 6.2748113689 6.3522423091 1.9287637450 7.9954367695  0.0796924649 -0.2201210937  1.0000000000 -0.0332556676  0.0642691788  1.0000000000
8.3253611374 1.6374062176 5.0505620891 9.5148670259 2.3976387339 5.7273800596 -0.0297276417 -0.2111518713  1.0000000000  0.1435587089 -0.0685391376  1.0000000000
7.2949065697 0.6005221830 7.1406928926 5.1637127707 3.2659785908 7.6551801015  0.0757350090 -0.1298865292  1.0000000000 -0.1862667003  0.1500952580  1.0000000000
6.3161255198 1.9102934009 6.0124998753 8.5167058135 2.3143565688 8.2155184676 -0.1388580313 -0.0691374333  1.0000000000  0.1335925701  0.1216000528  1.0000000000
6.2595239257 2.2146447605 7.9349048359 6.6082196870 1.5538856846 5.3779930550 -0.0421463639  0.1104379344  1.0000000000 -0.1368062066 -0.2130698227  1.0000000000
7.9969967788 4.2088002936 5.7621778284 8.4449006823 2.0475253967 8.6368116508 -0.1120727641  0.1622521498  1.0000000000  0.2113310424  0.1134999642  1.0000000000
6.9567331941 5.1817380749 5.9429199381 7.1679666724 0.8986463630 5.6686307272 -0.2867493084  0.2926395782  1.0000000000 -0.0276208873 -0.2169137483  1.0000000000
8.3812291265 3.9820703519 7.4386890289 6.5258409384 2.7815726496 8.5153504909  0.0425621770  0.2393891413  1.0000000000 -0.0208697684  0.1616821991  1.0000000000
7.6026177743 1.2631153172 8.4706481356 8.7626783049 2.1615001487 4.9030158048  0.0952501051  0.0151458844  1.0000000000  0.0143535243 -0.2186693958  1.0000000000
5.7324032659 0.7499512331 6.2491071257 7.6722688500 3.6653111332 6.3038002178 -0.1138558610 -0.1406945720  1.0000000000 -0.0627715812  0.1495785651  1.0000000000
6.4381244402 4.0064896718 6.4111424281 8.1372400430 1.7535912221 7.9799551779 -0.1895558268  0.1751577344  1.0000000000  0.1091168580  0.0170415816  1.0000000000
