663.3000000000
50
-8.1018990569  7.3808539532  4.6529870826 -0.0049945688 -0.0519690789  1.0000000000
-8.0526551408  8.1535638874  4.0621490066 -0.1113605896  0.0494103724  1.0000000000
-6.8232237364  9.3471170588  3.9875548499 -0.1153159981  0.1923648513  1.0000000000
-6.7833143550  8.6438897730  3.2947155690 -0.0499323178  0.2822054923  1.0000000000
-7.3202773787  9.8930739051  5.0380479398 -0.1123098279  0.0546317656  1.0000000000
-7.0535612871  8.0399712227  5.3935396926  0.0692841550 -0.0268912373  1.0000000000
-7.5401853433  9.1590081257  4.9204072381 -0.0980833538  0.0266900569  1.0000000000
-7.0169324749  9.3813148040  7.3866894254  0.0063106627 -0.1539587803  1.0000000000
-8.7218073526  8.4429530906  5.0026963593 -0.1364535782 -0.0898790388  1.0000000000
-8.3016208893  9.3785966748  5.3757684380 -0.1283604778 -0.0890898587  1.0000000000
-5.2618620075  9.8642318697  5.2751262531 0.0648582199 0.1517090848 1.0000000000
-7.6006057915  8.1298883778  6.4140457725  0.0537574437 -0.2009127372  1.0000000000
-6.9323366094  7.8162524199  5.2368662954 0.1125953521 0.0379668170 1.0000000000
-7.5630567892  9.7353154987  3.2493127075 -0.2004985326  0.2428135439  1.0000000000
-7.7973904715 10.1129465649  7.2993294290 -0.0433558918 -0.1234095352  1.0000000000
-5.8066552815  7.5901099727  4.9600088746 0.1982333472 0.1529997868 1.0000000000
-8.0388518915 10.2853326924  7.6308653389 -0.0978146520 -0.1728879179  1.0000000000
-7.2516269737  7.3567915884  4.6623048067 0.0908926383 0.0604803425 1.0000000000
-6.3365865057  8.7952946285  4.5167332204 0.0699559284 0.1655760327 1.0000000000
-4.7563301016  9.4343218436  5.0494229123 0.0701862286 0.1911210951 1.0000000000
-7.4863812768 10.3375123993  5.4415306038 -0.1689387796  0.0506703596  1.0000000000
-8.4273192342 10.9174516077  7.0367495313 -0.1925005852 -0.1433350986  1.0000000000
-6.5828370630  8.9042430413  4.4791782332 -0.0019259501  0.1578226256  1.0000000000
-5.7809023479  7.8098943042  4.4491627095 0.1874749584 0.1918030728 1.0000000000
-9.1570455056  9.5450161201  6.1103801320 -0.1706891820 -0.2099590416  1.0000000000
-5.3290636627  7.0322866359  3.9480176306 0.2840149684 0.2628772408 1.0000000000
-8.7374112149  8.2074777688  5.6548027895 -0.0870715866 -0.1794178352  1.0000000000
-6.2508071849 10.4268824915  4.8804176135 -0.0613348757  0.1055747584  1.0000000000
-7.4729625760  9.1321283869  6.0299164563 -0.0421081531 -0.0849797012  1.0000000000
-7.1032878579  7.5151324822  7.4286158032  0.1703974140 -0.2250262979  1.0000000000
-8.1120657822  6.9015165386  5.7400912024  0.1342485420 -0.1965125905  1.0000000000
-8.6303162673  8.0723198135  5.6504774535 -0.1119781831 -0.1542634314  1.0000000000
-6.2319167247 10.7946763799  5.9118470207 -0.0257838804  0.0550449978  1.0000000000
-5.9532378544  8.9526346377  6.7416872474 0.1046132039 0.0034169163 1.0000000000
-7.2502183755 11.1737136172  6.0208296605 -0.1877329758 -0.0078356447  1.0000000000
-6.2398863139  9.7186461842  6.6376675451  0.0426790147 -0.0608399081  1.0000000000
-6.4864910727  7.2860982791  3.9986368126 0.1396009327 0.1877905638 1.0000000000
-6.0672374518  8.2218784484  8.4005166731  0.1724549197 -0.1387579482  1.0000000000
-6.8777637517  7.4765028077  5.4650430698  0.1411113317 -0.0192862300  1.0000000000
-8.1768967796  8.6797248684  5.5712843359 -0.0759674033 -0.1186632772  1.0000000000
-4.7443641134  8.1833004726  4.6369167938 0.2317610857 0.2774649335 1.0000000000
-5.6335072928  7.8825997478  7.1198060782  0.2226252995 -0.0593532938  1.0000000000
-7.5665422992  9.4641141987  4.5288740878 -0.1137061512  0.0855209234  1.0000000000
-7.3966400913 10.4146334894  6.3859579089 -0.1374018166 -0.0651450600  1.0000000000
-8.5813604681  9.6119046687  4.8618652788 -0.2139553366 -0.0639747129  1.0000000000
-6.5202842937 11.4449117578  4.2324589546 -0.1978090215  0.2030265211  1.0000000000
-5.2332138146  8.0406960646  5.6876803060 0.1742710374 0.1225957432 1.0000000000
-7.4589436782 10.7354003295  4.9060776851 -0.2383347733  0.0919453421  1.0000000000
-6.7106345206  6.3996791938  5.5955099292  0.3155120196 -0.0443739573  1.0000000000
-7.0679311798  9.5200483526  4.4684088470 -0.1080339609  0.1394917981  1.0000000000
50
-6.5363928914  9.3137317687  5.3832110410 -6.4856981440  7.0979736576  4.8262914562 -0.0081676899  0.0450290578  1.0000000000  0.1691396226  0.0764647323  1.0000000000
-5.4106663739 10.2942302099  5.4919030735 -7.5084679184  6.9829264254  7.0285240785 -0.0033549482  0.1432445619  1.0000000000  0.2076846021 -0.2120341540  1.0000000000
-9.0758455331  8.2518659927  5.8933084595 -8.4343774882  9.3062133908  6.6984058043 -0.0596437538 -0.2225369769  1.0000000000 -0.0624746927 -0.1649319328  1.0000000000
-7.1664715577  6.7728971575  7.3925389907 -8.6660454468  6.7611148096  6.0448811446  0.2623617403 -0.2815536386  1.0000000000  0.0948103182 -0.3000006932  1.0000000000
-8.8979435979 10.2772166863  7.0109142919 -6.0418542186  8.8376795548  7.4246259533 -0.1846031818 -0.1900367081  1.0000000000  0.1227994246 -0.0779286381  1.0000000000
-6.4231243307  9.0471074602  3.8443275777 -8.4281974529 10.6425745043  6.9212853151 -0.0397482989  0.2155088261  1.0000000000 -0.2443239360 -0.1482504375  1.0000000000
-6.7538843443  7.7449275182  7.6752049024 -6.7497833783  6.5436608566  5.4063757902  0.1816468702 -0.2344754507  1.0000000000  0.2971365649 -0.0538338031  1.0000000000
-8.7794369780  8.9288231665  3.2783997064 -8.9606093070  9.0755651220  5.2878456329 -0.2674925073  0.0769445139  1.0000000000 -0.2300529187 -0.1593572182  1.0000000000
-7.3787175844 10.1044066819  4.6067102813 -7.1979822060  9.9350677326  4.4296391477 -0.1459882676  0.0901069606  1.0000000000 -0.1953842261  0.1060496938  1.0000000000
-8.4708599588  8.6815942120  4.3825200507 -7.8685812102  7.8712673925  5.1025249372 -0.2028364624 -0.0490856968  1.0000000000  0.0424215837 -0.0708435805  1.0000000000
-5.6058196528 10.4841077044  5.6225977552 -6.7666440958  8.4357097235  4.8905524623 0.0128752804 0.1009883250 1.0000000000 0.0408588642 0.0949104506 1.0000000000
-7.2679165694  8.0450685765  6.0660250921 -8.5246505443  9.4442577564  4.6610493962  0.0866993712 -0.0833729651  1.0000000000 -0.2025365232  0.0053216891  1.0000000000
-6.9434693092  7.3244877116  5.2896110012 -8.0361319557  9.7137248954  3.5698722765  0.1666948690  0.0005834732  1.0000000000 -0.2213352626  0.1670576748  1.0000000000
-7.1170582900  7.6408919782  6.0236281596 -6.2204917089  9.1648351658  4.4220920025  0.1427787431 -0.0894025045  1.0000000000  0.0084551102  0.1561707249  1.0000000000
-6.6617995504  7.4793972133  7.9994546633 -7.3079304986  9.8662050017  7.1355963187  0.2238418789 -0.2236111899  1.0000000000 -0.0339523842 -0.1175420519  1.0000000000
-8.8612048491  9.0762699319  5.7901436872 -5.4602058855  8.6993612264  6.3228411374 -0.1513444229 -0.1777754634  1.0000000000  0.1512459679  0.0401767726  1.0000000000
-9.4094296691  8.9317715921  6.2042865623 -6.2243685289  9.5120290421  7.2367193488 -0.2015931728 -0.2324952891  1.0000000000  0.0657206400 -0.0371222147  1.0000000000
-8.7243897113  8.7347639298  3.7497457510 -4.6790314173  8.7452224380  5.5768446704 -0.2792737875  0.0821509640  1.0000000000  0.1996175795  0.1302867918  1.0000000000
-7.8335704612 10.1613218881  6.7175040892 -7.4866227479 10.2674380279  4.3361663648 -0.1006110171 -0.1679940865  1.0000000000 -0.2182799626  0.1532350092  1.0000000000
-9.2145339193  8.5403474484  4.0856561876 -7.0905074960 10.4091564432  6.8968067919 -0.2445268378 -0.0431675729  1.0000000000 -0.0730347329 -0.0498759809  1.0000000000
-6.8889644611  8.5290415749  4.5425194206 -8.1052655834  9.9877066256  5.0482849410 -0.0056919056  0.1388712307  1.0000000000 -0.1989478046  0.0227868538  1.0000000000
-7.5647468899  9.7384179955  3.5906866836 -6.5046624482  9.1176171386  4.3962587083 -0.2125812122  0.1595833557  1.0000000000 -0.0403966644  0.1973351708  1.0000000000
-8.1854837538  9.3276596303  2.8842730234 -6.3453346755  6.9899621368  4.7566944206 -0.2989701474  0.2411320748  1.0000000000  0.2313999400  0.1094107813  1.0000000000
-8.9907296269  8.6925804023  4.1190560654 -7.8428879717  6.7162514342  6.9102321397 -0.2044677065  0.0207955895  1.0000000000  0.2013049815 -0.2786864152  1.0000000000
-9.1456970207  8.5085335890  6.3775493233 -5.8208050313  8.6569994609  3.9838684942 -0.1268747189 -0.2425251600  1.0000000000  0.0285664806  0.2477307735  1.0000000000
-7.6092408637  9.7265219695  6.3010638423 -6.0870322696  7.3877528718  4.1504167480 -0.0884566694 -0.0224542249  1.0000000000  0.1676245456  0.2186429989  1.0000000000
-7.9742391203  7.4324746914  6.1784387968 -7.1251711884  8.6085632252  4.7412398921  0.0846283438 -0.1732871967  1.0000000000 -0.0077349278  0.0763712501  1.0000000000
-6.4395622336 10.2221421109  5.3030216652 -4.3011357071  8.5488019758  5.5567087051 -0.0788737251  0.0951953970  1.0000000000  0.1727041348  0.1263538159  1.0000000000
-5.7646102760  9.7475775516  4.4282937628 -7.3599799883  9.3432829474  6.8831515292 -0.0272632081  0.2219414964  1.0000000000 -0.0230633120 -0.1052853142  1.0000000000
-6.8562772110  9.1815042990  5.4948645210 -5.3986712222 10.3331527558  4.8142165628  0.0262000862  0.0413696495  1.0000000000 -0.0139674239  0.2084024029  1.0000000000
-6.0813090163  8.0772168120  5.1501220792 -5.4758723487  9.4956519090  5.0174350111 0.1298437785 0.1056011753 1.0000000000 0.0206310436 0.1817677977 1.0000000000
-7.2557140703  7.8247506127  6.9689289893 -8.0328421674  8.2153549108  4.5903765731  0.1122464589 -0.1776697537  1.0000000000 -0.0915161940 -0.0177792015  1.0000000000
-8.4067083771 10.0413597264  5.9216493441 -6.0067395735  8.1348359986  8.3110153283 -0.1914166429 -0.1180827140  1.0000000000  0.2259671785 -0.1332078903  1.0000000000
-4.5578722781  8.7534967886  6.1530067256 -8.1877920388  9.2580625959  4.6816699903  0.1961422392  0.1309808541  1.0000000000 -0.1678750773  0.0467036996  1.0000000000
-6.9148780230  8.4844170990  7.6001221830 -5.9564536797  7.8449873466  3.6636914525  0.1209320128 -0.1607540151  1.0000000000  0.1345471963  0.2599714157  1.0000000000
-7.2860083029  9.3974107798  5.9155610807 -8.7248619115  8.8352167721  5.9583398172 -0.0352263414 -0.0454814567  1.0000000000 -0.1464437937 -0.1616549117  1.0000000000
-5.9804704776 10.4221494051  5.8168459342 -4.8307278595  8.4335580144  5.3116986045 -0.0431657434  0.0505866483  1.0000000000  0.2320417631  0.1660238742  1.0000000000
-8.7988832137  8.4323695745  4.1952770153 -8.6021767145  8.3146893675  4.7188048854 -0.2174072574 -0.0425068769  1.0000000000 -0.1214363090 -0.0609704093  1.0000000000
-9.5235616249  8.8533220985  4.7084872415 -7.5397728575  7.5006224510  4.1685122939 -0.2972824078 -0.1503631848  1.0000000000  0.0331733471  0.1119531829  1.0000000000
-7.5122850925  7.4181517002  5.3652326553 -5.6810871522  9.6038657726  6.3095067181  0.1484956394 -0.0592978640  1.0000000000  0.0345807868  0.0723546405  1.0000000000
-8.6153480151 10.1054913698  6.0199267874 -6.5643514850 10.9476441696  5.9126843272 -0.1927113858 -0.1093082162  1.0000000000 -0.0912478834  0.0602114573  1.0000000000
-6.3634937816  6.9088042817  5.1729198956 -6.7406065089  8.0675429325  6.8517981169  0.2532612494  0.0333267316  1.0000000000  0.1285138592 -0.1181537611  1.0000000000
-8.1801468818  9.3210589913  5.8072626005 -6.5346128883  8.7754166952  6.2840815421 -0.1060196999 -0.0844127484  1.0000000000  0.0915935178 -0.0360610211  1.0000000000
-5.0427588208  8.7622605917  6.9084742507 -5.8715965630  9.9582148934  6.3734537801 0.1615721725 0.0072030389 1.0000000000 0.0351337613 0.0619831912 1.0000000000
-5.2861432604  7.8038695609  5.1606939324 -7.1612628368  7.9260387335  4.1211797029  0.1977862426  0.1273258071  1.0000000000 -0.0017326531  0.1108091653  1.0000000000
-6.3085622679  8.5417972951  7.0108741885 -7.2390705675  9.7245895077  6.7061858126  0.1173958043 -0.1083193517  1.0000000000 -0.0899365337 -0.0379523075  1.0000000000
-6.7606277168  6.1915221382  4.8796862470 -7.8446877223 10.3913860831  7.2344360105  0.3002428246  0.0224050646  1.0000000000 -0.1217809255 -0.1616897174  1.0000000000
-6.3050462173  9.3339649741  5.5247085065 -5.5396798955  8.4387475917  7.5667064988  0.0134735433  0.0797273345  1.0000000000  0.2141363505 -0.0634790369  1.0000000000
-7.5581178555  8.7126495348  6.3411172733 -8.8663851150  9.6468856258  5.7474854020 -0.0097884998 -0.1223508186  1.0000000000 -0.1656349305 -0.1133878512  1.0000000000
-4.6382790010  9.2592927446  6.3526130189 -5.1805449822 10.0084591886  5.3443143563 0.1366797705 0.1128331157 1.0000000000 0.0298611184 0.1697625052 1.0000000000
