250.0000000000
50
-0.2583162162  9.7849575547  3.3827959720 0.1600994491 0.2089714613 1.0000000000
0.5763553093 8.3942624547 3.2407304932 0.1841960003 0.0707240440 1.0000000000
-1.9096450161  7.6338266024  4.0491297167 -0.1116846723  0.0991305237  1.0000000000
-1.3400558676  5.9954215870  5.4405067864 -0.1628026323 -0.1273203430  1.0000000000
-2.2181618856  6.2712399872  3.6386234490 -0.2273319344 -0.0214956239  1.0000000000
0.5020017460 9.0717903662 4.1542392565 0.1925519830 0.0237849601 1.0000000000
0.3257033407 5.9216941856 4.0655549310  0.0123992142 -0.2043635833  1.0000000000
0.8218890704 8.2354839719 3.9457535979  0.1765880758 -0.0079740237  1.0000000000
1.2225893192 6.8865841042 3.1769939490  0.2007938042 -0.1289026459  1.0000000000
-0.0284162656  6.2982520591  4.1331517027  0.0052981861 -0.1345120174  1.0000000000
1.7606963215 6.2793850041 3.8872913227  0.2641893149 -0.2726491617  1.0000000000
-0.4219730167 10.0059633608  3.5469941154 0.1179700390 0.1869654473 1.0000000000
-0.1755942142  6.4755838413  4.7988058549 -0.0039760694 -0.1626088490  1.0000000000
-1.3855061772  6.5408851645  5.1014211138 -0.1186596248 -0.1073796169  1.0000000000
1.2175362130 6.4820052449 2.9733850950  0.2304668695 -0.0987993281  1.0000000000
-0.8645156394  6.8249159462  5.5096265433 -0.0628693342 -0.1485269111  1.0000000000
-2.1893934353  8.3643566798  4.5803459142 -0.0869586039  0.1159135217  1.0000000000
-0.3985101440  7.2286850871  2.8757096954 0.0651538741 0.0986914199 1.0000000000
-1.2923637180  7.3209566026  4.3339280070 -0.1017450600  0.0287773153  1.0000000000
-1.0203616766  9.6835380600  3.3809820073 0.1154530603 0.1587190193 1.0000000000
-2.7632324262  8.6909597082  4.2362251883 -0.1558192161  0.1347133473  1.0000000000
-1.0882715175  8.6199429875  4.1686481537 0.0534407645 0.0739080331 1.0000000000
0.2087807811 4.9118074890 3.0583951703 -0.0157318468 -0.2282174592  1.0000000000
-1.5289845194  5.3642381121  3.7209529781 -0.2346698602 -0.1428133533  1.0000000000
1.1718133635 6.8890741622 4.2538609557  0.1530360043 -0.1899428713  1.0000000000
-2.0809200693  6.8414186554  4.7243366741 -0.1359581683 -0.0470897806  1.0000000000
0.6404732389 7.8912494479 2.5983298887 0.1984415498 0.0957666690 1.0000000000
1.3882114990 5.6587629205 2.5036707354  0.2176820957 -0.2090269234  1.0000000000
-1.5098458341  6.7291920091  3.7091740215 -0.1409879130 -0.0089168647  1.0000000000
1.6225313335 6.9147917442 3.8506619448  0.2139776073 -0.2004426316  1.0000000000
1.1451161116 6.7532484125 3.2577692867  0.1967733457 -0.1024954501  1.0000000000
0.2354915173 7.0947010856 1.1397312315 0.2379469359 0.1859424983 1.0000000000
0.7197830795 5.9036245556 2.9657411652  0.1496903171 -0.1737162272  1.0000000000
0.5376922249 6.9539105865 3.5732934702  0.1358798010 -0.1193297513  1.0000000000
1.7850623216 7.3061622794 4.2293341499  0.2782745862 -0.1749575021  1.0000000000
0.3367916786 5.2320369830 2.7928732795  0.0893967387 -0.1535131584  1.0000000000
-0.7289042553  6.1578638270  5.1845927612 -0.0779813183 -0.2050028187  1.0000000000
-0.8071329261  9.5007235303  3.2884104784 0.0957601957 0.1715212597 1.0000000000
0.8473214647 6.2819859854 3.7405631599  0.1497366870 -0.1719724803  1.0000000000
-0.8961298888  5.7528935413  4.8403602655 -0.1164999913 -0.1884373223  1.0000000000
-0.8737177662  9.4165275753  3.1153707537 0.0846348855 0.2206076331 1.0000000000
-2.7442581557  7.2733948499  3.5373164907 -0.1906039796  0.1519737137  1.0000000000
-2.1673813530  7.1789666670  5.0176105640 -0.1665409581 -0.0376439741  1.0000000000
-0.7957786138  4.9645656032  3.6054437360 -0.1753722101 -0.2507216730  1.0000000000
0.7679811938 6.0630574086 3.6496424950  0.1354820053 -0.2034448681  1.0000000000
-1.7150681685  7.3546587091  3.2569632450 -0.1186896121  0.1167913825  1.0000000000
-2.1239804619  8.3316729473  2.8504870613 -0.0927874337  0.2390397850  1.0000000000
0.7877501179 8.4236383178 2.8369990755 0.2249273032 0.0882985548 1.0000000000
0.7352682065 7.9021299128 4.1955820040  0.1875557156 -0.0509105816  1.0000000000
-1.9311670753  7.6907276717  4.5675657958 -0.1250827801  0.0465594175  1.0000000000
50
 0.8116379395  7.5335420137  4.5080235834 -0.0053366787  6.7160319362  4.1176821114  0.1646929875 -0.1432004936  1.0000000000  0.0427724339 -0.1394459960  1.0000000000
 1.6532740777  6.4893307355  2.3438173227 -2.0678189842  7.9107018167  5.0237308127  0.3219160018 -0.0991411721  1.0000000000 -0.1342436511  0.0060223298  1.0000000000
-0.5736864328  5.1335922108  3.2273063280 -2.2656677067  6.1875985304  3.7415401019 -0.0769951058 -0.1833275145  1.0000000000 -0.2761578665 -0.0131851300  1.0000000000
 0.3882639585  9.8932127427  3.6404010432 -0.6013133839  8.2394088931  2.9198091717 0.2431376601 0.1184514143 1.0000000000 0.0701547055 0.1482515028 1.0000000000
 1.2084616367  7.1899570595  1.7132033318 -0.9556582899  8.8858226262  3.7758542728 0.3124908667 0.0105056844 1.0000000000 0.0500101309 0.1400940756 1.0000000000
 0.5113502719  8.1077816895  3.7493991370 -1.1363548991  5.1771150244  4.9510225739  0.1724445406  0.0563604360  1.0000000000 -0.2280241690 -0.2688775188  1.0000000000
0.0171731494 4.7975164816 2.9890074890 1.6324068727 8.1713963907 5.5439422473 -0.0314701546 -0.2091029021  1.0000000000  0.1742912200 -0.1687362974  1.0000000000
-0.9666196321  4.9910374438  3.4338098164 -0.0989659220  7.7113831558  2.7980144038 -0.1800964192 -0.1822382890  1.0000000000  0.0805929855  0.0881262911  1.0000000000
-0.7092011915  7.3170638604  3.1101922555 -0.7568321470  5.8054630331  4.3134383857 -0.0216410327  0.0665091052  1.0000000000 -0.1268916062 -0.1777214891  1.0000000000
1.2631628688 6.1045323659 2.3502558931 0.7392297429 5.3595022368 2.9163321711  0.2471850779 -0.1119579359  1.0000000000  0.0606764360 -0.2286602016  1.0000000000
-2.5205734155  7.7714651535  3.3568368127 -1.3911797628  5.9594056790  4.1484039744 -0.1600528134  0.1784427812  1.0000000000 -0.1634822336 -0.0941293613  1.0000000000
-0.9271009940  6.4346016442  4.2745625936 -0.7554193808  7.6758188656  5.4532626599 -0.0937321478 -0.1166145117  1.0000000000 -0.0367698834 -0.0866496910  1.0000000000
-0.2409406143  8.3056915604  4.8038715954 -1.9544741749  6.7627920870  1.5935763533  0.0532981065 -0.0262167285  1.0000000000 -0.1448139665  0.2564024909  1.0000000000
 0.8594695951  8.2086800038  4.4642668588 -2.6159225667  6.6924917943  2.6371322000  0.1809041693 -0.0535633204  1.0000000000 -0.1901781099  0.1683702422  1.0000000000
-1.7484683653  8.0848569771  2.9935120714 -1.2249648830  8.1450214139  2.2781831878 -0.0094879295  0.1445618010  1.0000000000  0.0173664238  0.2191595951  1.0000000000
-0.9720108632  6.0038556669  2.2818010288  1.0348117126  5.4422037093  3.7897928319 -0.0898396310  0.0505721456  1.0000000000  0.1010090261 -0.3129035713  1.0000000000
 1.0899499613  7.7139566598  2.6211900632 -1.4531144678  7.2764516165  4.2612576164  0.2609915702  0.0319718370  1.0000000000 -0.0921473861  0.0360771452  1.0000000000
 0.5093903413  6.2027470662  2.2451571614 -0.3422527951  7.9586824684  3.8435714838  0.1989208325 -0.0452264283  1.0000000000  0.0381720885  0.0524654687  1.0000000000
 1.1415930646  8.7545652266  4.7414935027 -0.1073105757  8.8818194660  3.7126955685  0.2056527298 -0.0485728905  1.0000000000  0.1583291363  0.0551332175  1.0000000000
 0.1090557662  7.7522723954  4.9924650600 -0.7010624739  7.0937402559  1.9953546599  0.0674939243 -0.1136234052  1.0000000000  0.0490189272  0.1461007826  1.0000000000
-2.6733961354  8.0069366356  3.6956832457 -1.0010101815  4.3754674954  3.7292857391 -0.1953862104  0.1291512075  1.0000000000 -0.2310285905 -0.2711063917  1.0000000000
-0.0537177522  7.9879907081  4.2265172555 -1.2544526018  6.3206718713  5.3778294225  0.0631396093 -0.0003489526  1.0000000000 -0.1662639978 -0.1422467911  1.0000000000
 0.4281012389  5.2871785174  2.6025444736 -2.7187066155  8.2107953384  3.3778486807  0.0855435920 -0.1255864078  1.0000000000 -0.1429045860  0.1413946712  1.0000000000
-1.1554182769  7.6434939177  1.9942448233 -1.9074229243  6.5899067441  2.6352998960 -0.0108396350  0.1870580792  1.0000000000 -0.1836758170  0.1062802134  1.0000000000
-0.5393672136  6.0603261649  2.0088695448 -2.1042762624  7.8468531778  3.5385844041 -0.0051354350  0.0569307547  1.0000000000 -0.1012965012  0.1419091017  1.0000000000
-1.9971783226  5.7294929088  2.9972141433 -1.9557095034  6.3716910988  2.9890009501 -0.2537557653  0.0304918387  1.0000000000 -0.2017132852  0.1261877460  1.0000000000
0.0648496677 6.7980349400 3.4887880120 1.2304583918 5.4435434409 2.9915245483  0.0439214086 -0.0436657342  1.0000000000  0.1588500127 -0.2839055576  1.0000000000
1.9984773610 6.2313374250 3.2278768789 0.2210261571 9.4675258136 3.2221032210  0.3069298846 -0.2294268175  1.0000000000  0.1761623564  0.1215079238  1.0000000000
 0.9660826281  7.9051985650  5.4322936919 -0.4003762278  6.8283366870  3.5050272289  0.1418997450 -0.1784196376  1.0000000000  0.0273228878 -0.0111287631  1.0000000000
-2.1247828788  6.7465289130  4.3629159546  1.4596989575  5.7673410929  2.9429247550 -0.2090045147  0.0085331490  1.0000000000  0.2547074109 -0.2291809365  1.0000000000
-0.7376462335  6.1211572905  3.5095962436  0.8461952135  8.0814266415  2.3452012984 -0.0529290853 -0.0804428757  1.0000000000  0.2413837470  0.0864354674  1.0000000000
-0.3965964579  5.9935950618  4.7749277342  0.0228378038  5.3138903506  3.2953455965 -0.0709114433 -0.2111562046  1.0000000000  0.0205754726 -0.2323759015  1.0000000000
-0.3219654098  8.0710969083  4.8471398354 -0.6054364058  7.2862587168  5.4448897941  0.0235098651 -0.0455229619  1.0000000000 -0.0479689599 -0.1483053834  1.0000000000
0.0429520964 7.1653602036 5.2095706131 0.8578533525 8.4633839597 3.1030624205  0.0218375510 -0.1492960344  1.0000000000  0.2127648926  0.0742638448  1.0000000000
-0.1379928769  5.3854771858  3.0095066439  0.1335355039  6.0708620431  2.7667500420 -0.0509578146 -0.1253412184  1.0000000000  0.0361562917 -0.1184802585  1.0000000000
0.8577126081 7.0762543217 1.1095711742 0.6109125171 5.9788029997 3.9621161767  0.2957408460  0.1618593843  1.0000000000  0.0597570026 -0.2071506000  1.0000000000
-0.0022422514  7.4336885324  2.4100134988  0.2143007688  8.9991139656  2.9082432838 0.1301209605 0.1030629222 1.0000000000 0.1904805920 0.1689251516 1.0000000000
-1.4710080675  6.3514899107  2.0850198620 -0.7274103284  7.9168600682  3.8473101153 -0.1013979947  0.1480628060  1.0000000000  0.0153896450  0.0525175071  1.0000000000
 0.4724094900  6.0796380691  2.3723831907 -0.4301586004  5.8803292384  5.3039129574  0.1608829449 -0.0895460569  1.0000000000 -0.1324777045 -0.2744783517  1.0000000000
0.2794907304 6.4689910110 4.7016148561 1.5184840911 6.0136037149 2.2837840440  0.0355467616 -0.1567099599  1.0000000000  0.2663572278 -0.1453993089  1.0000000000
 0.2091962764  7.1133533123  4.2684322584 -0.0235227827  8.0578834036  3.0771891859  0.0693217726 -0.0886384595  1.0000000000  0.1510623288  0.1042992933  1.0000000000
-1.6788887691  7.3265392502  1.4084813896 -2.1158383091  8.0718945553  4.5175395307 -0.0606825101  0.3243346875  1.0000000000 -0.1056478951  0.1020061283  1.0000000000
 0.1752761989  9.2328792946  3.2142511080 -0.4496993549  5.9440731001  2.2618879849  0.2114193341  0.1752231851  1.0000000000 -0.0138090097 -0.0243060385  1.0000000000
0.5627611445 8.1671883445 3.2169740706 1.3751997968 6.3788359094 3.2242082093  0.1586905948  0.0296090471  1.0000000000  0.2243709609 -0.1932787967  1.0000000000
 0.5769012904  8.8367748872  2.5169857300 -1.8474615097  6.5683892849  1.7466820451  0.2507617311  0.1264334137  1.0000000000 -0.1301052115  0.2077138769  1.0000000000
-0.1056896841  5.8352067560  2.1906425993 -0.8217746876  5.8012745998  5.4618366614  0.0408543193 -0.0450436382  1.0000000000 -0.1211435835 -0.2068963427  1.0000000000
-1.0770557005  5.5059641670  4.2428657552  1.3080845249  7.2974092869  5.0751002628 -0.1474994258 -0.1750069882  1.0000000000  0.1596916426 -0.1989665922  1.0000000000
-0.8932950589  9.4251535107  3.8682198146 -2.7739842288  8.4880334417  3.8148407375  0.0700081379  0.1802607803  1.0000000000 -0.1331971377  0.1305747552  1.0000000000
0.2527660937 6.9771371110 2.7542700848 0.5502863933 7.6381565524 1.4804142171 0.1447315949 0.0240417977 1.0000000000 0.2314294385 0.1312583066 1.0000000000
 0.6560430023  5.8600094392  2.3547967341 -0.1484532733  5.8129167425  2.1452906590  0.1209266535 -0.1122662416  1.0000000000  0.0103322039 -0.0431641641  1.0000000000
