421.2000000000
50
 5.0326586492  8.9482418255 -4.5738817735  0.2578398728 -0.2730244640  1.0000000000
 5.0425803247  6.8865940147 -6.1328201820 -0.0378593149 -0.1755306198  1.0000000000
 3.9935405583  7.4060620293 -4.9417377109  0.0119505557 -0.1959499266  1.0000000000
 4.1438117162  4.2355762860 -4.4931690754 -0.1936487156  0.2597624791  1.0000000000
 5.4362598536  3.8324612876 -5.2128670939 -0.2431718279  0.2080345141  1.0000000000
 8.1247711843  6.2760682914 -4.2215640201 0.1400814607 0.1426558961 1.0000000000
 5.0486409795  7.8332205134 -4.4075107903  0.1199748454 -0.1107320917  1.0000000000
 4.1356667018  6.0863108904 -3.7972623135 0.0176199717 0.1329285710 1.0000000000
 6.1867847585  6.6204172752 -6.3343781984 -0.1002422266 -0.1118736862  1.0000000000
 6.8375121742  7.6294334069 -5.7641112362  0.0332798661 -0.1318357002  1.0000000000
 6.2827692888  6.6068348746 -7.4448768853 -0.1261722861 -0.1664386771  1.0000000000
 3.8921277920  6.5746794060 -4.7322684399 -0.0561294136 -0.0451172024  1.0000000000
 5.7197548020  6.1274437994 -2.5498147342 0.1933667648 0.2285115320 1.0000000000
 4.7712130717  9.1539517617 -4.4032882739  0.2505692380 -0.2990975369  1.0000000000
 3.4360362487  6.9126192437 -6.7158641705 -0.2580976914 -0.3246313219  1.0000000000
 7.5147924750  5.6436192577 -4.5114274027 0.0241072781 0.1402700856 1.0000000000
 4.6547238575  6.5432514371 -4.0466032283 0.0708694441 0.0446177402 1.0000000000
 7.0767842279  8.6046201970 -5.4627879769  0.2202596775 -0.1469556676  1.0000000000
 4.6768163022  7.8998628365 -3.4920080004  0.2278364571 -0.0352738051  1.0000000000
 4.7929069307  8.3016344959 -5.4174474753  0.0962449453 -0.2590744912  1.0000000000
 5.0707242875  7.4190156713 -5.7441278666  0.0092031265 -0.1683566085  1.0000000000
 6.7540564280  5.7358525510 -5.7278903505 -0.0695489911  0.0199020074  1.0000000000
 6.4430533753  6.3388980979 -5.7982893449 -0.0812465222 -0.0312469093  1.0000000000
 6.8311405606  7.2307338277 -5.1467915066  0.1014131166 -0.0608408341  1.0000000000
 7.2198274124  7.4858550072 -4.4344224262  0.1574947572 -0.0027301003  1.0000000000
 5.0596582897  6.5644480181 -7.5780110933 -0.2274190726 -0.2099045899  1.0000000000
 5.0389479719  7.2005359587 -3.0156933328 0.2823695032 0.0862318951 1.0000000000
 4.1434936137  5.4741211409 -5.7597904651 -0.2101691662  0.0102513651  1.0000000000
 6.5780968695  7.8514892721 -4.2689769634  0.2203037355 -0.0543657464  1.0000000000
 5.2399223410  6.6449112716 -7.6743251911 -0.2019787423 -0.2426962686  1.0000000000
 6.5727255379  5.9971055244 -5.9131318971 -0.0645180574 -0.0055442458  1.0000000000
 5.7359271920  6.1760716040 -3.3049243265 0.1456271003 0.1673189662 1.0000000000
 6.5877148993  7.5017959294 -5.9192645825  0.0171417071 -0.1396166719  1.0000000000
 4.4763025788  4.9577902604 -4.0044442982 -0.0876864760  0.1816304177  1.0000000000
 5.7521276857  4.6535206880 -5.6316651006 -0.1792575856  0.1130205206  1.0000000000
 6.8899851047  6.6733520584 -3.4776396943 0.1919847281 0.1451918356 1.0000000000
 4.8668765054  6.0315628962 -4.2864790184 0.0445883850 0.0856602629 1.0000000000
 6.8914482935  6.1114079893 -4.3815363182 0.0501151338 0.0390447302 1.0000000000
 4.7935040450  7.1344599163 -3.0448189804 0.2476792868 0.0557807198 1.0000000000
 4.3707707570  6.1080751991 -4.0803505562 0.0090095371 0.0795219511 1.0000000000
 5.9319208329  4.0980868611 -4.9769882868 -0.1922622725  0.2147126910  1.0000000000
 6.0029236300  7.0096864928 -3.1105512355 0.2250493567 0.1009733642 1.0000000000
 5.5377859837  6.6413977194 -6.2367560925 -0.0971527914 -0.1158020934  1.0000000000
 5.0019545261  5.1386114704 -5.8532621497 -0.2104686569  0.0133142052  1.0000000000
 4.2750928008  5.3226283401 -4.8161006522 -0.1272890877  0.0984557930  1.0000000000
 7.6787108874  7.0745543343 -4.5338796737 0.1385702273 0.0024667589 1.0000000000
 5.4400497464  7.8256793105 -6.2956741924 -0.0350786948 -0.2225032891  1.0000000000
 5.1691736215  6.6228358247 -3.5968333214 0.1676931165 0.0852561895 1.0000000000
 6.9814506566  6.2028985485 -5.5968860284 -0.0338554644 -0.0158211249  1.0000000000
 6.1130355545  5.0896332046 -3.5614908061 0.0633953348 0.2404167165 1.0000000000
50
 5.9326568834  7.4215308198 -6.2850142018  3.9599050424  6.9286455144 -6.7346873843 -0.0499544818 -0.1302898119  1.0000000000 -0.2101399035 -0.2467103582  1.0000000000
 5.9628546964  6.6072644873 -5.9133462860  5.1862473453  7.9644616669 -3.5408436099 -0.0669998142 -0.0542279298  1.0000000000  0.2161473809 -0.0870704482  1.0000000000
 6.5654704263  6.3050673856 -4.6038678131  6.4837968254  5.6063122669 -6.5858494638  0.0825436063  0.0098116176  1.0000000000 -0.1049155108 -0.0944586282  1.0000000000
 6.5373474750  4.2520275899 -5.2891179274  5.4438951101  6.8906751140 -3.5382048042 -0.1255336025  0.1779053694  1.0000000000  0.2034820196  0.0408827414  1.0000000000
 5.2961551368  7.2498974699 -6.6612610441  5.2019133392  5.5812982165 -5.1427845043 -0.0838555714 -0.2394967957  1.0000000000 -0.1047971541  0.0529797455  1.0000000000
 6.8895527292  6.7825426095 -6.3778716946  5.0554894397  6.2369595795 -4.7964363070 -0.0426751564 -0.0754368275  1.0000000000 -0.0610324162  0.0117043144  1.0000000000
 5.6450988298  8.1234107321 -4.9323982928  6.4370025512  5.7799401886 -6.5942315345  0.1226936953 -0.1976041655  1.0000000000 -0.1268186335 -0.0604883213  1.0000000000
 6.7429073048  8.3870104043 -5.6023901943  5.2145801986  4.4567146367 -4.4707044692  0.1434766866 -0.1958539938  1.0000000000 -0.1465405484  0.2218258926  1.0000000000
 5.3976414127  4.9042920110 -5.5412533798  6.9637954543  5.5281891412 -3.3010901052 -0.1838839459  0.0988130201  1.0000000000  0.1505567560  0.2324172468  1.0000000000
 5.8980530673  7.0813278737 -3.9278576611  6.8095299644  4.7222865013 -4.4343349242  0.1954245032  0.0681521971  1.0000000000 -0.0195772711  0.2149502631  1.0000000000
 4.4049687404  5.8760613722 -2.8544875876  4.7339599385  6.5671335024 -6.3826924422  0.1312300379  0.2478484383  1.0000000000 -0.1639526281 -0.1548666774  1.0000000000
 6.9319538524  5.5075833489 -5.4009309240  6.4305042565  7.1108519948 -4.3343512547 -0.0396899539  0.1088804550  1.0000000000  0.0951173560 -0.0052528644  1.0000000000
 6.9336401564  7.9544075455 -4.9139202732  6.2982485318  6.6692309805 -3.8742671470  0.1587456916 -0.0747745345  1.0000000000  0.1417397059  0.0571502831  1.0000000000
 6.3007180400  7.2930248056 -6.2917579489  7.2356687048  5.2348428172 -4.8895906565 -0.0042351736 -0.1567049772  1.0000000000 -0.0141555851  0.1473039627  1.0000000000
 6.4838292602  8.3895924578 -4.3635963545  6.2272538511  6.0863685178 -2.3536103815  0.2616969723 -0.1396574896  1.0000000000  0.2416088600  0.2732613681  1.0000000000
 6.7198466416  8.6365210509 -5.7502899144  6.0442728371  7.9925774530 -3.6781065089  0.1232101059 -0.2509274580  1.0000000000  0.2521115024 -0.0406737311  1.0000000000
 6.1807097888  7.5630287957 -5.2755860370  7.3585073914  4.3450860279 -5.7137242216  0.1226403043 -0.1365429166  1.0000000000 -0.0874550709  0.1338001876  1.0000000000
 6.6444032958  5.8325167434 -5.1923038152  5.2331217734  6.3697364929 -7.0777404850 -0.0359035311  0.0510583012  1.0000000000 -0.2086266830 -0.1610922576  1.0000000000
 5.1494864376  4.5345515125 -4.4366316816  6.4486253142  4.3392445402 -5.9450314419 -0.1063735303  0.2463408974  1.0000000000 -0.1824765315  0.1538063910  1.0000000000
 4.3384369489  6.3448467344 -5.3818916246  4.5213536771  5.1417416538 -4.4110220623 -0.1147955175 -0.0612876756  1.0000000000 -0.1329161900  0.1897970285  1.0000000000
 4.0797791443  5.8405334466 -4.8341463959  7.8769180735  5.3797547544 -3.7707847071 -0.1046609277  0.0219516009  1.0000000000  0.1307191763  0.1926313824  1.0000000000
 7.8670618199  7.1780799980 -3.9692149470  6.3944296138  6.9333624316 -3.8803852441 0.2317036149 0.0946331106 1.0000000000 0.1751876920 0.0206950031 1.0000000000
 6.2790060726  6.6744385863 -5.7743686530  4.8230368978  5.4122217543 -3.0272058599 -0.0145736766 -0.0571207231  1.0000000000  0.0591102645  0.2635658760  1.0000000000
 4.4660396364  7.1297252929 -4.9805363883  4.8721508972  7.1211876698 -6.4332630547 -0.0042766906 -0.1419545066  1.0000000000 -0.1295434124 -0.1823266275  1.0000000000
 5.6809914051  7.3976508024 -4.8783185410  6.6245331065  6.1262438813 -5.4732049261  0.0912578169 -0.0561209847  1.0000000000 -0.0478483744 -0.0096361775  1.0000000000
 4.7555060306  7.3276101214 -2.5831993109  5.7271113989  7.4956993599 -3.2604315991 0.3111619178 0.0728287247 1.0000000000 0.2394299181 0.0646848483 1.0000000000
 4.0373125815  6.8680011431 -4.1283412928  6.7082022975  6.9670387364 -7.7476997836  0.0940270493 -0.0699821516  1.0000000000 -0.1219991431 -0.1907658349  1.0000000000
 7.0224664046  5.7615234491 -4.7425098683  4.9523289762  5.3381173011 -3.7234328084  0.0080558763  0.0665384658  1.0000000000 -0.0098271319  0.2076102116  1.0000000000
 6.8861774121  8.3809911947 -5.7245762216  5.4977147184  7.4130285741 -3.6371544805  0.1210136819 -0.1937386338  1.0000000000  0.2064702383  0.0318998947  1.0000000000
 6.0428819120  4.1489178201 -4.7545967315  5.2487083165  6.2766081063 -3.3714414996 -0.1230776721  0.2463396047  1.0000000000  0.1131276610  0.1199439172  1.0000000000
 6.4043268320  5.1063121683 -4.8647474232  6.4727841670  8.5729077726 -4.9157465885 -0.0938386748  0.1795733257  1.0000000000  0.1708496364 -0.1594932589  1.0000000000
 5.6484103681  7.0803198628 -6.2748982410  4.0622720894  7.2559775193 -5.6327295422 -0.0616530840 -0.1716499175  1.0000000000 -0.0361320020 -0.1849056392  1.0000000000
 4.9766621596  4.0658624493 -4.6886111167  7.3956708160  8.4997979935 -4.9839810386 -0.2073443760  0.2389776173  1.0000000000  0.1678598286 -0.1683009895  1.0000000000
 4.0834984057  6.7603278342 -7.2338380664  4.1033650189  7.1415859458 -4.7039500013 -0.1960436566 -0.2863805367  1.0000000000  0.0113601169 -0.0834522484  1.0000000000
 7.7378148497  5.0686181856 -4.5689927062  3.7914615587  6.8834900731 -5.9017990513 -0.0311885185  0.1773006473  1.0000000000 -0.1538942751 -0.2741389812  1.0000000000
 6.6761161731  4.1356108583 -5.8399397619  4.1423995842  5.7091859259 -5.3755990454 -0.1735091055  0.1462531028  1.0000000000 -0.2215888295  0.0124824803  1.0000000000
 3.6781721052  7.3709092807 -5.7492069602  5.3471241920  7.1537130221 -5.4316259106 -0.1250796250 -0.2546363759  1.0000000000  0.0054487333 -0.0898644542  1.0000000000
 6.9449791341  5.8922648402 -5.2719851634  7.4265682756  6.7438560970 -5.2364959458 0.0146715442 0.0269518736 1.0000000000 0.0741173287 0.0214009532 1.0000000000
 7.5187139510  5.7416042225 -4.3380105223  8.0704378676  6.2641308541 -3.2329068001 0.0190632220 0.1298418335 1.0000000000 0.1849940334 0.1510731474 1.0000000000
 6.1505195578  6.2874757660 -2.8560952934  6.2555577040  6.6426821652 -8.0226364597  0.2044621720  0.1861010634  1.0000000000 -0.1705737718 -0.2210845061  1.0000000000
 5.2066651593  6.4304951175 -2.4744872986  4.0725123567  7.5726776494 -5.9475820435  0.2591188304  0.2621000319  1.0000000000 -0.0731983995 -0.2477875562  1.0000000000
 4.9165724482  7.4899699407 -5.7160037134  6.8846084865  6.7177219634 -4.3608365738 -0.0002779597 -0.1944301347  1.0000000000  0.1248554977  0.0462789343  1.0000000000
 4.3789596491  6.3582341428 -5.1145254821  6.5820977644  7.7230642014 -4.6354227568 -0.0985982796 -0.0439808038  1.0000000000  0.1826578209 -0.0192687600  1.0000000000
 4.8659570950  7.7040436167 -4.9086077344  7.0021888787  7.6506503419 -6.3514005368  0.0810020813 -0.1452871517  1.0000000000  0.0450121849 -0.1888717733  1.0000000000
 6.9779796774  6.0647214804 -5.6186041542  6.4238585088  6.3905243598 -5.6077534059 -0.0316495191  0.0420171791  1.0000000000 -0.0254435517 -0.0550622144  1.0000000000
 6.4923191231  5.5255627592 -5.6759361980  6.2635136272  5.0590016201 -4.8797425240 -0.1052620011  0.0389240485  1.0000000000 -0.0625753514  0.1467022991  1.0000000000
 3.6115198631  7.4650539761 -5.1036629973  5.3863603584  4.1180726226 -5.1580480749 -0.0424883328 -0.1740565966  1.0000000000 -0.2250558021  0.1738162875  1.0000000000
 4.3028373424  7.6652981091 -5.5407626080  6.5392251385  6.4666258174 -3.4758699338 -0.0004778797 -0.2188141976  1.0000000000  0.1616370183  0.1220262435  1.0000000000
 4.3201299164  6.6684742268 -7.1431907491  3.8424351946  4.2573499196 -4.0302154711 -0.2418953277 -0.2379528213  1.0000000000 -0.1352826647  0.3086810947  1.0000000000
 6.4344433369  5.9011375612 -3.7118291583  7.0489094420  5.1757163514 -6.5515744725  0.0945399165  0.1662546390  1.0000000000 -0.1222789670 -0.0039529674  1.0000000000
