787.7000000000
50
-5.8588025771  2.3437089656  4.5967414584 0.2191936157 0.1023505021 1.0000000000
-6.0440051028  1.2853177953  1.8979009059  0.1610947861 -0.2124288014  1.0000000000
-6.7927439760  4.2939309471  3.5155853406 -0.0161226837  0.1658776080  1.0000000000
-4.9980239994  1.7155991228  1.2580341068  0.2378284181 -0.2318306551  1.0000000000
-7.8604168010  4.8211104510  3.4164819016 -0.1169219672  0.1407699064  1.0000000000
-5.1818545737  2.4584163553  1.8973194082  0.1478649977 -0.0507106816  1.0000000000
-6.1466447703  3.6163239128  5.0649846216 0.1546469697 0.1828356323 1.0000000000
-7.0781935575  2.3961001187  3.5710259187  0.0631031248 -0.0471593257  1.0000000000
-6.8677725598  3.9194235452  1.9130620900 -0.1360198322  0.0478200546  1.0000000000
-6.6290267887  2.9351804517  4.4044062005 0.1381396164 0.0911955323 1.0000000000
-6.5620284699  3.8781178701  2.8796107670 0.0002784872 0.0696667371 1.0000000000
-7.6368524195  3.6013170171  2.2504107667 -0.1410144683 -0.0365530120  1.0000000000
-5.6621572946  4.2697486995  3.4962779161 0.0261010209 0.2523634422 1.0000000000
-7.2886155123  4.3867226082  2.8960812893 -0.1015501229  0.1534911937  1.0000000000
-6.5211575788  4.8682104710  3.0350174791 -0.0738353450  0.2080736246  1.0000000000
-8.4429131387  4.3078855112  3.1844391903 -0.1637805693  0.1422185684  1.0000000000
-8.0375722629  3.3743954192  3.0575853549 -0.0820593297  0.0129665239  1.0000000000
-7.4114265034  3.1229626316  0.4875663957 -0.1789714035 -0.2216995663  1.0000000000
-6.3969377482  1.7641105277  4.1812984389  0.2255986468 -0.0222460809  1.0000000000
-7.5672011094  2.6063946833  1.6704203460 -0.1070966600 -0.1545652624  1.0000000000
-6.6858152952  4.7025048197  1.4815605339 -0.1769015833  0.0947180081  1.0000000000
-6.3342503875  3.9017244562  4.3103202152 0.0895398192 0.1946699013 1.0000000000
-7.6565125323  3.6880374772  2.5362843554 -0.1081618238  0.0591644898  1.0000000000
-5.4828232360  3.7921596487  3.2347514909 0.0619325629 0.1379960037 1.0000000000
-7.0928535133  2.6422320364  0.8792737502 -0.0591661759 -0.2044736182  1.0000000000
-4.8545996327  2.2454280351  1.1448605910  0.1884907394 -0.1848191039  1.0000000000
-6.3252651508  3.0445734053  2.9438802958 0.0549725595 0.0159679643 1.0000000000
-7.1529056305  3.7173065264  3.3557841802 -0.0245140637  0.0865165285  1.0000000000
-5.0296504628  3.3973686763  2.1951981506 0.1553137801 0.0385740826 1.0000000000
-5.7205530428  4.5931493394  3.1408684800 0.0287679889 0.2132308124 1.0000000000
-7.0583749520  3.2098912702 -0.4457445637 -0.2571646906 -0.2797350540  1.0000000000
-8.1135221395  3.9937079637  3.9553174249 -0.0475662330  0.0919286073  1.0000000000
-8.4798592327  2.6417068837  0.5519792604 -0.2120654430 -0.2510496725  1.0000000000
-5.4154750019  3.6483911885  2.6830427818 0.0586349427 0.1135632646 1.0000000000
-8.2698550892  2.5957804586  0.4761364415 -0.1965202696 -0.2617074643  1.0000000000
-7.2522734878  4.1351927231  3.4312448643 -0.0034448745  0.1219913469  1.0000000000
-6.4646733251  3.3053663191  1.3954246912 -0.0640612892 -0.0613636616  1.0000000000
-6.3825421522  2.9135867140  5.2501240351 0.1737309221 0.1120586437 1.0000000000
-6.5166936389  2.9791866709  2.9831461828 0.0853465038 0.0167668985 1.0000000000
-6.4347239617  1.1992759940  2.1172628036  0.1808771959 -0.1931798576  1.0000000000
-8.3340302297  2.7236860440  1.3268777074 -0.1678248873 -0.1431159484  1.0000000000
-7.2234749124  3.8282456612  1.3548444600 -0.1676630866 -0.0545299417  1.0000000000
-7.3643760973  3.9999136323  1.3346741887 -0.1959614703  0.0038878662  1.0000000000
-5.6119836548  2.1079819498  0.7258880601  0.0737214146 -0.2336962272  1.0000000000
-4.7621393532  1.6362579656  1.4144211824  0.2603350380 -0.1801550777  1.0000000000
-7.9604664384  3.3385939176  3.3183913950 -0.0243673842  0.0247747400  1.0000000000
-6.7264830223  5.7520539746  1.8457673635 -0.2728514346  0.2349441369  1.0000000000
-5.6610829740  5.0191091669  1.6570910174 -0.0747573458  0.1959128920  1.0000000000
-7.6829190501  3.3598068653  2.2297825700 -0.1306520477 -0.0572101506  1.0000000000
-6.5796676518  1.2649777114  2.9952805059  0.1482272802 -0.1188668115  1.0000000000
50
-5.5294889011  2.0142079885  2.2663213834 -8.4737107697  3.2419825107  3.2446517579  0.1981294157 -0.1092737595  1.0000000000 -0.1271700647 -0.0119092636  1.0000000000
-5.3253915491  3.1981213611  2.5491743887 -6.3877898632  1.3307796989  2.9843129270  0.1339479748  0.0266283581  1.0000000000  0.1585632955 -0.1507296992  1.0000000000
-8.9306754895  2.7513622034  1.4143947068 -7.2343734107  2.5745136139  3.3948313336 -0.1980113033 -0.1903548811  1.0000000000  0.0804377350 -0.0052672310  1.0000000000
-6.9751742204  3.0282553435  2.9342140919 -7.7532249408  4.1741033106  3.9533131281  0.0509303515  0.0392949734  1.0000000000 -0.0521024678  0.1059352152  1.0000000000
-7.5974038091  0.7778214360  3.4214793713 -5.1074395912  3.3786981767  4.4225218697  0.0866481616 -0.2027976163  1.0000000000  0.2243205271  0.1967586549  1.0000000000
-6.8713263513  3.0322370851  0.8110923589 -5.1299166310  1.8979679765  1.0699566078 -0.0983811937 -0.1205073944  1.0000000000  0.1643082602 -0.2590030926  1.0000000000
-6.6003516359  3.4269734621  1.6425101728 -5.6734986646  2.0582114762  0.5145077399 -0.0600627732 -0.0196822612  1.0000000000  0.0552317521 -0.2719224664  1.0000000000
-6.8490964016  3.3086179757  4.6257276735 -8.6635756426  3.7812191328  3.2324541645  0.0578461320  0.1225961788  1.0000000000 -0.0897971507  0.0117324233  1.0000000000
-6.5603474773  1.8728230593  2.2469450052 -5.8841087795  2.3360716591  0.2605897273  0.1146564801 -0.1537734441  1.0000000000 -0.0058411148 -0.2621792137  1.0000000000
-6.6409681850  1.7080645739  1.2634863534 -5.6618722656  3.9385134029  1.6189415832  0.0395645586 -0.2611153193  1.0000000000  0.0042013212  0.0263853621  1.0000000000
-4.6355886916  4.2362888642  2.4603297595 -4.8586618133  3.8195976509  3.6734100729 0.1449917734 0.2519117103 1.0000000000 0.2286464403 0.2480274421 1.0000000000
-6.5058175376  3.0840881388  0.5089260820 -7.2074825546  2.7070603199  1.7950469393 -0.0801851434 -0.1899534666  1.0000000000 -0.0698292150 -0.1247211348  1.0000000000
-6.7603730949  3.2075196978 -0.0026435916 -7.1147856518  1.0622060033  2.9001292243 -0.1712589214 -0.1801870032  1.0000000000  0.0834959077 -0.2031593048  1.0000000000
-6.3681667215  2.0898054274  4.8067885831 -7.9237375867  4.4643965321  2.1590860233  0.1813482257  0.0254687387  1.0000000000 -0.2201608248  0.0768642736  1.0000000000
-5.9892881538  5.9993554596  1.5204504772 -6.7706689654  1.3621310891  2.3944256767 -0.2253027337  0.3343748005  1.0000000000  0.1122511316 -0.1827149789  1.0000000000
-5.6169586522  2.4774994033  0.7565448578 -7.3060822344  3.2120101537  3.2959426420  0.0511012891 -0.2167767511  1.0000000000 -0.0213787460  0.0279096837  1.0000000000
-6.1346140294  3.2386568276  3.5808007117 -6.7375257687  0.7254687137  3.8632504775  0.0997363721  0.0887316709  1.0000000000  0.2347286702 -0.1444397982  1.0000000000
-7.2686237107  3.3450532319  0.6844992732 -7.7293877940  2.2131835553  0.8618974751 -0.1900245061 -0.1470103348  1.0000000000 -0.1327244227 -0.2461713430  1.0000000000
-4.3739492494  4.0443687022  3.2471703730 -5.7826853631  3.5314521524  1.5441259538 0.2119171774 0.2776229648 1.0000000000 0.0252259414 0.0075372046 1.0000000000
-5.9211762537  3.6691341443  1.7828270596 -6.3261768846  2.0366117208  1.4479967641  0.0079717567  0.0325791945  1.0000000000  0.0640425427 -0.2140579124  1.0000000000
-4.9272385925  2.0254016473  1.1321540917 -6.7880284945  4.8490919092  3.4561018855  0.1885368526 -0.1738102905  1.0000000000 -0.0767237190  0.2404917798  1.0000000000
-6.6636807008  4.7094846447  0.5264298815 -8.1685041382  3.3087810301  2.6219684045 -0.3219971646  0.0240038952  1.0000000000 -0.1058433584 -0.0068286162  1.0000000000
-7.1129947044  3.6337449717  3.6073656862 -8.0879538782  1.6671932355  2.8846963081  0.0083489989  0.0851838095  1.0000000000  0.0084867493 -0.1304989210  1.0000000000
-6.0304565432  3.1285080452  1.0433079345 -6.7492862963  1.7428542213  4.7529588078 -0.0666374166 -0.1135381586  1.0000000000  0.1753969873 -0.0095755751  1.0000000000
-6.3266932089  3.8924220135  2.9045229387 -7.9058230065  0.9357854430  3.0842994687  0.0470146682  0.1115478260  1.0000000000  0.0789937020 -0.1977849961  1.0000000000
-6.1683057729  0.9514533141  2.3681239305 -5.0593103793  3.1456224204  2.9192831083  0.1782456478 -0.2158660820  1.0000000000  0.1701016362  0.0925462691  1.0000000000
-7.1792037156  4.0120892021  3.1875339811 -6.3633979110  2.2440957494  3.6517988865 -0.0251262128  0.1279997489  1.0000000000  0.1791453615  0.0135006764  1.0000000000
-8.0728603497  1.8476194443  3.1969790327 -6.3975587171  1.6393339351  1.7904270848  0.0082169888 -0.0971672003  1.0000000000  0.1000134133 -0.2354214729  1.0000000000
-9.3908780099  3.0646284431  2.2419832010 -6.4975899257  2.4424870538  1.5819654368 -0.2002552053 -0.0962570601  1.0000000000  0.0107404788 -0.1456529454  1.0000000000
-6.5800313952  4.6204895206  1.8791707516 -7.8766784979  3.8685254584  3.2303956220 -0.1276668734  0.1187134175  1.0000000000 -0.1176114363  0.0418511394  1.0000000000
-7.2951974313  2.4772783866  1.3802062227 -7.5276482033  4.3170415839  1.0016113498 -0.0345284121 -0.1529040797  1.0000000000 -0.2764828070 -0.0276025482  1.0000000000
-5.4441864596  1.7860932055  1.1470429877 -7.0619302288  4.8352824335  2.6939100260  0.1663532585 -0.2196626979  1.0000000000 -0.1117817866  0.1448330860  1.0000000000
-5.9973641770  4.2920798238  2.4420956223 -7.7114527852  1.6828895099  2.8858095302 -0.0037401882  0.1416434491  1.0000000000  0.0154413844 -0.1141829223  1.0000000000
-6.2070830884  1.1590581337  2.2438427311 -7.9140430915  3.9366946392  1.5663230688  0.2233521402 -0.1932459480  1.0000000000 -0.1699679481 -0.0377896644  1.0000000000
-4.3155935859  3.7431298369  2.1606188486 -6.1350081544  3.6210704336  1.7125150543  0.1633711506  0.1088780994  1.0000000000 -0.0692207162 -0.0049700256  1.0000000000
-5.9108188636  4.4277250726  3.7467581634 -9.0582279590  3.0645265147  2.2718496230  0.1242654303  0.2356624951  1.0000000000 -0.1867604705 -0.0838996629  1.0000000000
-8.5776191166  3.2011635914  2.8206410353 -7.7571387002  5.4327627198  2.8026626423 -0.1107800389 -0.0384719100  1.0000000000 -0.2130523969  0.2024071164  1.0000000000
-7.0144787769  1.3386390815  3.4162288521 -5.2286504428  0.8943653744  1.8255997548  0.1359992182 -0.1597620776  1.0000000000  0.2884926306 -0.2752591186  1.0000000000
-8.6799483471  3.9484857343  2.7251821378 -7.5315293586  1.5296777280  1.9949161659 -0.1536954425  0.0735304348  1.0000000000  0.0181387171 -0.2363915303  1.0000000000
-8.4151837668  2.0929879335  1.6843688259 -6.1044387846  1.9285493385  2.5613058549 -0.0993993603 -0.2008859668  1.0000000000  0.1278590639 -0.1099425444  1.0000000000
-6.7586022493  3.2710644476  4.7998809919 -7.8002165740  4.7890960308  2.0116052052  0.1124057964  0.1184187255  1.0000000000 -0.2432287313  0.1096191130  1.0000000000
-6.9884157552  3.4059527699  2.7254711823 -8.1880132396  2.1369317955  2.2922570574 -0.0175454936 -0.0062045112  1.0000000000 -0.0742114897 -0.1502557674  1.0000000000
-6.7210206914  4.2485581024  4.5405118790 -6.8341284391  1.9669407960  2.5169514654  0.0314137358  0.1932210034  1.0000000000  0.0875622186 -0.1211832732  1.0000000000
-8.1976426314  2.4513845064  1.2153636362 -7.5320358710  4.3756716239  2.8477278482 -0.1611701855 -0.2073994463  1.0000000000 -0.1287663271  0.0801077589  1.0000000000
-6.3914886446  3.7722218377  0.9524997825 -5.6848751337  4.4524862272  3.2253136785 -0.1334103455 -0.0347340536  1.0000000000  0.0264256253  0.2361010643  1.0000000000
-5.6603498849  4.7906567280  2.0331987393 -9.0591925236  3.2435303095  2.4660712173 -0.0394327574  0.1895359118  1.0000000000 -0.1718770916 -0.0323737112  1.0000000000
-6.9362919192  3.8644793218  4.7824355140 -5.2237981854  3.3156280835  3.0056819738 0.0431957174 0.1765930355 1.0000000000 0.1613403182 0.1165988200 1.0000000000
-6.4297237400  2.4117776085  3.5394306539 -7.8056694063  3.1621171745  0.0691642132  0.1600276686  0.0014305340  1.0000000000 -0.2780853290 -0.2486615761  1.0000000000
-8.6456721728  4.2386655292  3.1971552224 -4.8431766661  2.2218811283  1.4840233294 -0.1470848844  0.0722477291  1.0000000000  0.2032693275 -0.0935341968  1.0000000000
-6.8187004264  3.7273509627  1.3324126561 -7.3346710389  4.8959158462  2.7661848498 -0.1358332039 -0.0458674682  1.0000000000 -0.1742120079  0.1650278987  1.0000000000
