636.2000000000
50
 2.4840995536 -5.4536219809 13.6453867583 0.1692373345 0.2163892752 1.0000000000
 2.9716088183 -5.9528349897 13.8299919545 0.1456594091 0.1449323368 1.0000000000
 5.7482507688 -6.5986663086 12.9959266388  0.0555244884 -0.0829544479  1.0000000000
 3.8752367839 -4.7848814792 13.2778921012  0.2001588649 -0.0454599414  1.0000000000
 3.4290881236 -4.2202496451 12.1231566125  0.0889157918 -0.0964881787  1.0000000000
 2.3930993925 -5.6247866951 12.0718038665 -0.0527668617  0.1779221640  1.0000000000
 1.3225823584 -5.4100381450 12.7796546212 0.0220028948 0.3119209434 1.0000000000
 1.9854312583 -6.7697966115 11.6745953213 -0.1831017297  0.1864031288  1.0000000000
 4.2454269620 -7.2302212839 12.2885879814 -0.0748311866  0.0309057808  1.0000000000
 2.7424015505 -4.1691557963 13.3952358907 0.2360444127 0.1184761366 1.0000000000
 5.0703997346 -7.4283028451 11.7441757068 -0.0917546966 -0.0345153664  1.0000000000
 5.6699077589 -6.0420949241 12.0268920899  0.0465811552 -0.1841111673  1.0000000000
 2.3368795243 -4.2946967460 13.9151141299 0.2802165656 0.1940624431 1.0000000000
 3.9645584848 -5.5569388784 13.7907545086 0.2032099597 0.0484322130 1.0000000000
 5.4730565839 -7.2283134833 11.1039564052 -0.0974036838 -0.1151343048  1.0000000000
 3.6900680851 -6.9937892209 11.6988697781 -0.1478431015  0.0687784549  1.0000000000
 5.3390400836 -5.7246524669 11.4063113904 -0.0549613780 -0.1724846661  1.0000000000
 4.6550785250 -5.6450975648 11.5980923530 -0.0480305628 -0.1610372928  1.0000000000
 2.8387498172 -4.4451279989 12.8007588043 0.1514444398 0.0559523375 1.0000000000
 4.6128354122 -6.5365333687 12.3861584482  0.0101842156 -0.0379946278  1.0000000000
 2.3974974524 -5.0592018935 12.2855900918 0.0209764044 0.1187428552 1.0000000000
 4.1838018744 -4.7496391041 11.1777673077 -0.0920039160 -0.1820696398  1.0000000000
 6.0534822352 -7.4904263161 10.9464713262 -0.1692537310 -0.1199251946  1.0000000000
 2.5137482972 -7.7915567855 12.0988631595 -0.1776088905  0.2053630100  1.0000000000
 6.0646906484 -5.9526512954 12.5753247203  0.0342666845 -0.1999432098  1.0000000000
 4.3243096941 -5.3473261572 12.0889634874  0.0495042274 -0.0873469388  1.0000000000
 3.0300843561 -7.0832501370 11.4715867543 -0.1522478264  0.1116862458  1.0000000000
 5.9657049851 -5.6301827869 12.6943310379  0.1029903847 -0.1732322932  1.0000000000
 2.3716125976 -6.6065280612 11.6894791259 -0.1239288885  0.2024551031  1.0000000000
 5.1266954465 -6.8381082710 11.4081085271 -0.1267043789 -0.1346081621  1.0000000000
 3.4347464143 -5.5175840808 14.3404587647 0.2359809788 0.1115049158 1.0000000000
 4.9931124336 -6.6295463174 10.2687724203 -0.2112196259 -0.1666080330  1.0000000000
 5.0721026907 -6.8014592166 11.3295252431 -0.1387961219 -0.1039219967  1.0000000000
 4.5145099699 -6.9433954298 11.5347510830 -0.1133286619 -0.0254207962  1.0000000000
 6.3754844667 -5.5270457373 13.1106380607  0.1371124846 -0.2181522935  1.0000000000
 2.9912983581 -4.7752069814 12.6738169203 0.1238482782 0.0569318351 1.0000000000
 3.8078699139 -8.2326286000 11.5570720265 -0.1823333113  0.0711306270  1.0000000000
 5.3963475011 -7.0854546827 12.8902384882  0.0421792699 -0.0393139821  1.0000000000
 4.1326386497 -7.2998205468 12.1283862719 -0.0792594771  0.0419252304  1.0000000000
 1.9003495775 -4.9214153546 12.9359678190 0.1262418001 0.2310334738 1.0000000000
 3.7052635703 -7.5488870486 12.8013781462 -0.0376561165  0.1021133332  1.0000000000
 4.3830541495 -7.1928529105 14.5319729401 0.1800840057 0.1340420506 1.0000000000
 4.6981710923 -4.2068142093 11.1707515045 -0.0111813583 -0.2937673490  1.0000000000
 4.7592758566 -6.3421417148 11.1098588434 -0.1364734755 -0.1403737945  1.0000000000
 6.0252928353 -4.9182893121 13.2982940800  0.2409851925 -0.2244949870  1.0000000000
 2.8764626690 -5.1661176806 13.3334877539 0.1383232652 0.1305729040 1.0000000000
 4.5139381541 -7.1280373642 14.6028585820 0.1443796324 0.0815100330 1.0000000000
 4.3462750051 -4.7749742421 12.6693931070  0.1313625680 -0.0598951884  1.0000000000
 4.8003336793 -7.2086999070 13.6082145544 0.0468196159 0.0741901344 1.0000000000
 5.3613508301 -6.4688368483 11.9250739308 -0.0465674424 -0.1196656946  1.0000000000
50
 3.4658603988 -5.9363397181 12.6976696605  3.2548322818 -5.3476366052 11.4676179799  0.0408675964  0.0701394915  1.0000000000 -0.1116544924 -0.0422738860  1.0000000000
 1.6249150481 -5.9465348055 12.2787701596  4.7006324535 -4.6163893158 11.9669833099 -0.1330581158  0.2629996836  1.0000000000  0.0793466036 -0.2008368222  1.0000000000
 6.4398112954 -6.1450420110 12.7066715384  3.1127732766 -6.9698149753 12.6546687573  0.0856537627 -0.1482620742  1.0000000000 -0.0554865171  0.1760611183  1.0000000000
 3.8824535811 -7.8729006322 11.8590241352  4.8839984657 -6.5614462042 12.3840714669 -0.1354476186  0.0872768863  1.0000000000 -0.0352201760 -0.0580844072  1.0000000000
 4.0243858721 -4.6343274035  9.7727612241  2.7799571764 -4.7458773797 11.2253160367 -0.2649429489 -0.3004283112  1.0000000000 -0.1217168079 -0.0853043992  1.0000000000
 3.8066320552 -6.7163936833 14.9089687843  4.7024678510 -4.8339488163 11.2025100151  0.1903335082  0.1660388212  1.0000000000 -0.0219402969 -0.2012153955  1.0000000000
 5.0349821312 -6.1917034708 11.5420033748  5.0228197580 -7.5558443180 12.9795008636 -0.0634126821 -0.1703469408  1.0000000000  0.0019282153  0.0306000081  1.0000000000
 4.3912499295 -6.0373977164 12.6711660559  4.7794390334 -4.6077917336 10.9214856171  0.0309741924 -0.0046657825  1.0000000000 -0.0508969253 -0.2794819494  1.0000000000
 2.9500481433 -7.8809424157 11.6036528041  4.4619833519 -7.1700879582 12.6513869746 -0.1943441215  0.1676155241  1.0000000000  0.0009923054  0.0422905295  1.0000000000
 3.0064985598 -5.6286467255 12.4124748075  3.5823847190 -5.0601932395 14.0967947475 -0.0075813660  0.0421866497  1.0000000000  0.2634902952  0.0817260188  1.0000000000
 4.9659820586 -5.8153234172 13.6397035793  3.9598048959 -6.0421408546 14.4476257072  0.1411107687 -0.0445217602  1.0000000000  0.1959865004  0.0748586508  1.0000000000
 3.0070013367 -4.9944976863 10.5317028263  4.3241138340 -5.0242120455 12.7270274384 -0.2094457344 -0.0814641558  1.0000000000  0.1037395578 -0.0860726746  1.0000000000
 3.2382140587 -8.6133917904 12.3664163663  4.5238333584 -5.8968191114 10.7188209111 -0.1015031338  0.2091001959  1.0000000000 -0.1399117301 -0.1628943901  1.0000000000
 3.2647287445 -8.5579264243 11.6473095571  4.4623176226 -7.3239433577 13.3326496982 -0.2119744936  0.1483119784  1.0000000000  0.0579907938  0.0552905848  1.0000000000
 1.9466467596 -6.7942071186 12.0298308330  5.6154959816 -5.9190855431 13.6869193594 -0.1545216566  0.2446576783  1.0000000000  0.1520558458 -0.0973281555  1.0000000000
 5.9564983588 -6.2455960465 11.0991632695  3.3696278003 -7.4104785922 11.1044641156 -0.0034516190 -0.2107382428  1.0000000000 -0.2265179725  0.0412189335  1.0000000000
 3.3833089850 -6.6026086552 12.3800524316  5.9544912938 -5.2873098297 12.6997419815  0.0073340601  0.0558706504  1.0000000000  0.0993845592 -0.1791164593  1.0000000000
 2.4451913306 -6.0971095746 13.7159260789  4.6624917674 -5.1727183427 13.6062053621  0.1230453665  0.2867073003  1.0000000000  0.2023008827 -0.0540938439  1.0000000000
 5.4742290122 -5.6545188222 12.9719751345  5.5531568171 -6.0628590129 11.5948715767  0.1406594974 -0.1387822185  1.0000000000 -0.0414765026 -0.1622198348  1.0000000000
 3.4798948433 -5.4522029141 11.5202616625  4.8483556136 -5.1830491635 12.4948865984 -0.0869477466 -0.0292996801  1.0000000000  0.0926143775 -0.1259127026  1.0000000000
 5.2872384188 -4.3262724262 11.9521055106  3.8415306663 -6.9626256020 12.0346142442  0.0712063105 -0.2372588681  1.0000000000 -0.0622788595  0.0645583539  1.0000000000
 5.9455584401 -4.8959549587 13.5821038152  1.5999298621 -5.9980610838 10.9154827744  0.1923456994 -0.1883767056  1.0000000000 -0.2695969013  0.2267555475  1.0000000000
 6.1279865455 -5.3638802078 13.8706222984  3.2594988484 -6.4641627826 12.3929732630  0.2376085543 -0.1669606195  1.0000000000 -0.0070936365  0.0773439987  1.0000000000
 4.1328695998 -5.1233423736 12.5458226440  4.5468890549 -3.5473586797 12.1408663325  0.0345439048 -0.0788560777  1.0000000000  0.1858352575 -0.2760604627  1.0000000000
 4.2018959190 -6.2706588774 11.0632183642  3.7425680019 -7.7373575699 13.1012180057 -0.1101981068 -0.0793622038  1.0000000000 -0.0032217777  0.1357271352  1.0000000000
 4.9395110217 -5.4734839111 11.6290837609  1.8097044253 -6.3498613911 10.9976131894  0.0266716206 -0.1824740026  1.0000000000 -0.3200063808  0.1475241936  1.0000000000
 3.6802244894 -6.4042993122 11.1253610918  4.1610147572 -4.9698835823 13.9440092607 -0.1760187998 -0.0341401004  1.0000000000  0.1965806053  0.0192960956  1.0000000000
 4.2124652400 -6.2535740106 10.7691239048  3.3130484233 -5.8658417222 13.9881741391 -0.1967724589 -0.0890859957  1.0000000000  0.1278344664  0.1743871904  1.0000000000
 5.7165528259 -7.0406831631 11.1698361857  4.5967943147 -5.9712920708 11.2422194260 -0.1189738246 -0.0943825852  1.0000000000 -0.1035568573 -0.1435194913  1.0000000000
 2.7481248491 -5.5004005930 13.0330171562  3.5429045045 -6.0954342079 12.3284203543  0.0724471564  0.1557268817  1.0000000000 -0.0267601311  0.0427433180  1.0000000000
 6.2932504534 -6.1684962535 12.4766438833  4.3211109439 -5.0963885537 11.4978935883  0.0242552916 -0.1555762201  1.0000000000 -0.0595984757 -0.1255548730  1.0000000000
 3.4135195094 -5.1837814505 13.9238659855  5.1420061323 -5.4991195114 11.4120372660  0.2112846187  0.0963376697  1.0000000000 -0.0151752588 -0.1848038868  1.0000000000
 3.8182044097 -5.6818917306 13.2540642439  5.5588188958 -5.4888351030 11.7302972692  0.1278299760  0.0622149301  1.0000000000  0.0289210617 -0.1730184712  1.0000000000
 2.5356045808 -6.2768266213 13.5856041251  4.7421827768 -5.5280330438 13.8096366281 0.0785475256 0.2352486340 1.0000000000 0.1928837748 0.0240634375 1.0000000000
 4.3930944491 -7.3214515198 13.6826763617  4.8522135951 -5.9111619021 10.9089135747  0.0429612817  0.1209241206  1.0000000000 -0.1167778318 -0.1742490704  1.0000000000
 6.3500645222 -6.8975254484 11.4345817678  4.6330145178 -5.8924499328 12.3941455708 -0.1074348283 -0.1681676657  1.0000000000  0.0238615323 -0.0763261049  1.0000000000
 4.2642418275 -8.4167116788 12.3429468002  5.5899918190 -6.9743510813 11.7600173447 -0.0832198733  0.0959902435  1.0000000000 -0.0295236802 -0.0929513969  1.0000000000
 3.2027498070 -4.9413793809 13.9865029141  6.1979498170 -6.2262365669 14.2218175020  0.2429653224  0.1548924630  1.0000000000  0.2347282087 -0.0758123321  1.0000000000
 3.6588064233 -5.5529497759 14.2075453920  3.5335157847 -4.7574416783 11.2715533438  0.2441573701  0.1494380618  1.0000000000 -0.0516192993 -0.1190046410  1.0000000000
 3.3615224060 -4.7650211128  9.9803706184  3.4309566376 -7.3787266850 12.0841950570 -0.2571192508 -0.2193795618  1.0000000000 -0.0933252188  0.0601880241  1.0000000000
 4.1308733162 -7.9304104576 12.3892368631  4.0974046538 -4.3865741361 12.1858753049 -0.0675279952  0.0642619369  1.0000000000  0.0854448548 -0.0927078129  1.0000000000
 5.1578369124 -6.5401621978 11.7568185701  6.2409605900 -6.5715798997 12.5776082382 -0.0760222664 -0.0983651408  1.0000000000  0.0567700468 -0.1689405944  1.0000000000
 3.5086534753 -5.6076875939 11.3470442485  3.5907865454 -4.7962510408 12.2614829050 -0.1164552592 -0.0259773572  1.0000000000  0.0421505564 -0.0423771346  1.0000000000
 1.8012712562 -6.1600887303 12.0638890217  4.5885186632 -3.7097812792 11.5612797853 -0.1204713918  0.2581153381  1.0000000000  0.0875336418 -0.2772145467  1.0000000000
 5.6003204761 -4.4721208293 12.7069685993  3.5272226346 -6.4269348304 13.0033322499  0.1626376992 -0.2512881938  1.0000000000  0.0072946927  0.0791797300  1.0000000000
 4.1857220403 -7.5108963594 11.9884036468  2.0823981122 -5.1917279603 12.5131216671 -0.1508549388  0.0358842744  1.0000000000  0.0034399376  0.1538825277  1.0000000000
 4.6496226150 -6.1633308458 13.6217914385  3.3704306855 -3.8557598799 13.3949540959  0.1311072766 -0.0088794696  1.0000000000  0.2634803456 -0.0112283520  1.0000000000
 3.4044102920 -7.2112176582 12.5297419046  3.8183318551 -7.6877018600 14.6303996001 -0.0433298710  0.0812222936  1.0000000000  0.1512859050  0.2316756738  1.0000000000
 5.2655562837 -5.0854539267 12.4433316676  5.6638568507 -6.0986125755 13.0054891335  0.0915605369 -0.1901551426  1.0000000000  0.1314037902 -0.1247500082  1.0000000000
 3.3082241869 -5.6952757695 13.5701842856  4.0174660543 -4.8701133884 11.5764536292  0.1354125553  0.1535358006  1.0000000000  0.0025152607 -0.1224627904  1.0000000000
