312.8000000000
50
-7.9151718107 -2.4594944191  4.2264843517 0.0767817563 0.1040382114 1.0000000000
-6.8089123039 -3.5708206627  5.9799419210  0.1282111897 -0.0611489641  1.0000000000
-9.1966275843 -1.9260426242  4.0801736626 -0.0765120923  0.2181625923  1.0000000000
-6.5708809744 -2.8689920652  6.3135653387  0.1693029631 -0.0264566824  1.0000000000
-9.2428359645 -4.3950220149  6.3290197957 -0.1362152790 -0.1460823350  1.0000000000
-8.8821326598 -4.7142557249  5.6366368837 -0.1123154903 -0.1592985762  1.0000000000
-6.3743726442 -3.7159601458  3.9886571321  0.2316823743 -0.0085746092  1.0000000000
-6.2810016940 -3.6174532925  6.7459469379  0.1796965032 -0.1155366674  1.0000000000
-7.2868293739 -4.0082632282  3.0682572468  0.1282678862 -0.0403303045  1.0000000000
-7.1862910970 -4.2625270285  3.9948967011  0.1389592344 -0.0834938173  1.0000000000
-9.4194090580 -2.8503824434  2.3837125797 -0.1519607809  0.2349893618  1.0000000000
-7.2795179917 -2.8812799252  3.7682744169 0.1389069961 0.1279241214 1.0000000000
-8.2394383874 -2.0864735454  3.2415124546 0.0272013842 0.2512705338 1.0000000000
-10.0162556161  -2.2047775802   5.1334966526 -0.1926169973  0.1171370757  1.0000000000
-6.3761211515 -0.8689061306  5.3812293286 0.2272884448 0.1825670511 1.0000000000
-6.6537198351 -5.1209261983  3.5761646766  0.2035025198 -0.1825709594  1.0000000000
-8.1505628917 -4.9703399862  5.4859022313 -0.0006411240 -0.1846665857  1.0000000000
-7.4146549978 -1.2219845515  4.7515829124 0.1096221616 0.1999944546 1.0000000000
-7.3262674262 -3.1751794201  3.4896075932 0.1261330063 0.1065665274 1.0000000000
-6.7972834207 -3.6969860984  5.3048592169  0.1805852961 -0.1197343777  1.0000000000
-9.7835269322 -3.4959968549  4.8694257543 -0.1888955251  0.0683795270  1.0000000000
-9.3924919573 -4.9848259851  4.2195133712 -0.1782645110 -0.1596697562  1.0000000000
-8.2765886572 -2.9747811360  3.2297969249 -0.0054189129  0.1627289790  1.0000000000
-7.0249746788 -2.9152061082  2.4528017899 0.2262546785 0.2183003805 1.0000000000
-8.0123038518 -3.1667255517  2.3942814566 0.0276494504 0.2382058636 1.0000000000
-8.1710859567 -3.6716394317  3.4388420454 0.0103015198 0.0516093774 1.0000000000
-8.0532367401 -2.0244662113  3.1278831885 0.0348531858 0.2993824529 1.0000000000
-9.6681746486 -3.3016310698  3.6034221109 -0.1379701322  0.0998352238  1.0000000000
-6.5339556146 -2.9210030092  6.3685917596  0.1270517338 -0.0499528729  1.0000000000
-9.2699261963 -5.1733035728  4.4703787278 -0.1874485810 -0.1770969314  1.0000000000
-6.8315671618 -3.7287581939  6.2648618362  0.1077379836 -0.1355046357  1.0000000000
-8.6164454267 -4.7661814952  3.4765297395 -0.1017979028 -0.0638517670  1.0000000000
-7.9048244474 -1.6862529936  5.5129056523 0.0631072037 0.1537548131 1.0000000000
-6.8589480176 -2.6072731414  5.1136565963 0.1462825161 0.0643805570 1.0000000000
-6.3510282966 -4.5645305168  5.0999059923  0.2292649330 -0.1236249841  1.0000000000
-6.5455102526 -3.5129064971  2.8507631241 0.2559318942 0.0873781033 1.0000000000
-9.4037910245 -5.5805469149  3.6693690025 -0.2350614964 -0.2395758550  1.0000000000
-8.3068622487 -3.8750524501  6.0544818528 -0.0499944239 -0.1055478821  1.0000000000
-7.0652479490 -5.1577670184  4.0410609320  0.1232260058 -0.1977486085  1.0000000000
-7.3428742015 -4.4176718691  4.5429287490  0.0736359422 -0.1295479676  1.0000000000
-6.0255744027 -4.7247469928  5.7640175365  0.1912784100 -0.2259523252  1.0000000000
-6.8340887946 -3.0956713389  6.5955979529  0.1228050038 -0.0652438520  1.0000000000
-6.7474776733 -1.2191777989  5.0149799484 0.1785914096 0.1552907611 1.0000000000
-7.0844439100 -2.5956300188  3.9301801035 0.1397840943 0.1635528036 1.0000000000
-8.2097015297 -3.0206725003  4.7732611700 0.0180834422 0.0617281437 1.0000000000
-6.1610312299 -3.7634535786  3.4654844163  0.2769489207 -0.0071084317  1.0000000000
-9.8371123315 -3.6692658931  4.1775601570 -0.2131436412  0.0731071393  1.0000000000
-9.7933378342 -1.7412464202  4.6069691691 -0.1881235291  0.2025750367  1.0000000000
-6.4857444618 -2.2080590574  5.5027949005 0.1867284572 0.0926745732 1.0000000000
-9.4097936099 -5.1548281495  3.6111834029 -0.2385054217 -0.1046439215  1.0000000000
50
-9.2351764758 -4.7709449030  5.1390657136 -8.2844791062 -2.3342207359  2.4865646692 -0.1502760640 -0.1329794382  1.0000000000  0.0322722280  0.3191911736  1.0000000000
-8.4723016332 -2.8022752598  2.6304752917 -9.3770167717 -2.4977260936  6.0255497631 -0.0471704907  0.2541453498  1.0000000000 -0.1061024302  0.0083010529  1.0000000000
-6.6301019570 -5.0050117099  4.6392787841 -8.6470863322 -4.5184720543  6.9351764343  0.1650031831 -0.2374977931  1.0000000000 -0.0849533110 -0.1573800823  1.0000000000
-6.3500569907 -5.2885847669  3.8089121773 -6.5442656595 -4.2563986117  5.0262883907  0.1973574999 -0.2501579975  1.0000000000  0.1681839203 -0.1256705034  1.0000000000
-7.8492578077 -5.3048601236  4.0405398158 -6.7856890344 -5.0380619722  3.1672874793 -0.0089482599 -0.2326083742  1.0000000000  0.2121492282 -0.1374143423  1.0000000000
-6.2473076562 -2.9683210060  2.7261023403 -6.3654031869 -2.2971896024  3.0571464639 0.3657217478 0.0951366827 1.0000000000 0.2716224192 0.2599184086 1.0000000000
-6.9358346810 -1.1698815208  4.7429920261 -8.2660098526 -2.5572826115  2.8678635264  0.1610155314  0.2317575613  1.0000000000 -0.0043520274  0.2388972016  1.0000000000
-7.4391709631 -4.5740807951  4.5287604537 -7.1074650246 -5.1395361142  3.8388059486  0.0830257055 -0.1435847259  1.0000000000  0.1361301375 -0.1561301522  1.0000000000
 -6.7334132180  -4.1706498713   4.6165480061 -10.0516212781  -2.9898811066   3.4353729446  0.1546302352 -0.1072998270  1.0000000000 -0.2859131893  0.1797408842  1.0000000000
-9.5729414645 -2.5144476968  2.4829067282 -7.9812287263 -5.2006278757  5.7610656278 -0.2027928995  0.2981548854  1.0000000000 -0.0263956997 -0.2432537959  1.0000000000
-9.0457178285 -5.3208686287  4.7744571939 -9.7161671277 -4.5120413049  4.3183647613 -0.1707376261 -0.2022853969  1.0000000000 -0.2202438074 -0.0511392692  1.0000000000
-9.6433234115 -5.4657585836  4.5942712772 -6.1883958192 -4.5075711919  3.5413092537 -0.2496218621 -0.1861672206  1.0000000000  0.2601398540 -0.0919652328  1.0000000000
-9.3981762157 -2.8257508518  4.9223731102 -8.7769005806 -2.8079721614  3.1844288535 -0.1380969415  0.0698863865  1.0000000000 -0.0811471570  0.2265318148  1.0000000000
-7.2450531239 -3.6422332664  6.4946185044 -8.1358470893 -3.0676102113  5.3179581601  0.0718349029 -0.0906723333  1.0000000000  0.0048064858  0.0298804022  1.0000000000
-8.2053806586 -2.6322506685  5.2486230215 -7.9345816520 -3.8397146413  6.5405187711 -0.0451575086  0.0779700573  1.0000000000 -0.0114945600 -0.0742573305  1.0000000000
-7.6644975620 -3.4022308847  3.8642906623 -6.4056126813 -1.7126187751  3.9060471174 0.1106805977 0.0880661180 1.0000000000 0.2388469162 0.2371756717 1.0000000000
-9.4366606143 -4.6872079838  5.3588453274 -8.2836892117 -3.9444847202  5.1542696934 -0.1540934548 -0.1243896083  1.0000000000 -0.0214897200 -0.0589500335  1.0000000000
-9.9290030901 -1.9404872120  3.9448894789 -6.1762231461 -3.9432581012  5.6185036265 -0.1969003713  0.2085949147  1.0000000000  0.2107960303 -0.1026530683  1.0000000000
-9.0258136243 -5.7264100114  3.5388773968 -7.3463098958 -1.8329569719  4.7335122794 -0.1713394535 -0.1838626841  1.0000000000  0.1108301219  0.1611222480  1.0000000000
-8.5533393743 -3.8624146001  3.3061739897 -7.5785443709 -3.3257050694  5.1455106163 -0.0910601447  0.0823871361  1.0000000000  0.0460621631 -0.0427945113  1.0000000000
-9.3860523590 -3.1881949345  2.7973525253 -9.4253282227 -4.0710872295  5.7833213790 -0.1762481448  0.1663331174  1.0000000000 -0.1539852827 -0.0595073426  1.0000000000
-8.8983741652 -1.9996497556  4.7506415217 -7.2092560008 -3.1814509346  5.6882821305 -0.0870445844  0.1718498698  1.0000000000  0.1065794644 -0.0499288440  1.0000000000
-7.4984653583 -2.3090623298  2.7231882018 -6.3694476688 -3.2022360120  3.5106359200 0.1219050670 0.2523089894 1.0000000000 0.2610581036 0.0853523453 1.0000000000
-9.7570225017 -3.7112266344  3.3575046890 -6.2262825945 -4.0704886135  4.3403976695 -0.2419953938  0.0883808187  1.0000000000  0.2235040417 -0.0874869085  1.0000000000
-7.9980431925 -4.1798479821  3.1512262650 -5.9037746853 -4.6485645337  4.9814289725  0.0025377865 -0.0086701868  1.0000000000  0.2278623055 -0.2001567288  1.0000000000
-6.7141775897 -4.9807739321  3.3911412820 -9.8613109011 -2.4954224798  3.1223900782  0.1555427758 -0.1803826330  1.0000000000 -0.1690850271  0.2752916120  1.0000000000
-6.2441051552 -2.9849420689  3.8640647098 -8.3239938399 -3.6084501686  5.5565054809  0.2489507096  0.0881910925  1.0000000000 -0.0141887244 -0.0638177839  1.0000000000
-8.6470756576 -3.4817445455  4.1615921708 -6.3489518808 -2.6452397709  2.4797370104 -0.0517486596  0.0293781919  1.0000000000  0.3032690392  0.2342045918  1.0000000000
-7.2386603497 -5.8962276973  3.5708649639 -6.1410237654 -4.2375745733  3.1912190170  0.0978175416 -0.2913649996  1.0000000000  0.2891899312 -0.0730039237  1.0000000000
-8.1861437157 -4.3189995429  2.8652498483 -7.9749864990 -1.7881906107  3.9311545982 -0.0045879032 -0.0058157709  1.0000000000  0.0354810356  0.2306403635  1.0000000000
-6.4456327354 -5.0843310085  5.2579489847 -6.7859778675 -4.5283545288  4.0585357085  0.1599863035 -0.2315571191  1.0000000000  0.1923239965 -0.1107729926  1.0000000000
-8.4808990611 -3.2467700559  3.9054660128 -6.7137264614 -4.1588089446  4.1576287755 -0.0518428426  0.0658186179  1.0000000000  0.1911301218 -0.0506220523  1.0000000000
-8.6333865822 -2.3268852162  5.1063707328 -9.2666359406 -3.1400954965  2.6070943436 -0.0422774679  0.1016259149  1.0000000000 -0.1381169431  0.1929121986  1.0000000000
-9.1289116196 -3.1152051529  2.4548649080 -7.5944856582 -1.5694911176  4.4871259217 -0.1487696787  0.2287004493  1.0000000000  0.0440783395  0.1919247299  1.0000000000
-9.5770730394 -1.8870117418  4.3954055699 -9.4145654263 -4.5694157539  3.1549249825 -0.1391566596  0.1847479512  1.0000000000 -0.2182563475 -0.0227808110  1.0000000000
-9.6357544781 -1.8921186941  4.5082834271 -8.0662854018 -4.6911512946  4.9518114149 -0.1531478456  0.1747463062  1.0000000000 -0.0317050171 -0.1226095772  1.0000000000
-9.6548843037 -3.9563036984  3.6174423617 -8.4734442846 -1.9502565928  4.5043379516 -0.2134666845  0.0571094816  1.0000000000 -0.0099255360  0.1721075790  1.0000000000
 -9.2986264369  -3.4055622898   4.2587962223 -10.0152372887  -2.6293607977   5.5715750660 -0.1335832026  0.0386715645  1.0000000000 -0.1999556270  0.0717753726  1.0000000000
-6.6543840533 -3.2241303304  2.4933423435 -6.6920253529 -4.0810419324  4.0156330083  0.2639527258  0.1600227208  1.0000000000  0.1473601903 -0.1025054915  1.0000000000
-7.2760527855 -0.8304435841  5.5289342179 -8.7969751604 -5.8754486507  4.0924422079  0.1185977941  0.1832444229  1.0000000000 -0.1834361144 -0.2951905342  1.0000000000
-9.4158911382 -3.3985197128  3.5857401616 -8.2773266868 -5.0109068434  4.9769429210 -0.1394019367  0.0854960809  1.0000000000 -0.0635065212 -0.1489803269  1.0000000000
-6.2020844642 -3.1751026458  6.1075336418 -7.0395574743 -0.8343613242  5.4685965327  0.1917408650 -0.0524992985  1.0000000000  0.1339938344  0.2158253248  1.0000000000
-8.2022485103 -4.0283828072  4.4051456257 -9.3346077459 -4.6131925210  5.4668697625 -0.0457502457 -0.0651057116  1.0000000000 -0.1935920605 -0.1353413539  1.0000000000
-6.4851293676 -4.0414831962  5.3425414838 -9.0995504519 -3.5266382120  4.5285678012  0.1849083700 -0.1385049318  1.0000000000 -0.1183374469  0.0308535347  1.0000000000
-9.1034470524 -3.9454662731  3.8852148694 -8.9842940661 -3.7832634318  2.7852906211 -0.1513114149  0.0282316000  1.0000000000 -0.1759132124  0.0960826772  1.0000000000
-6.4545030525 -2.0428840192  3.0379887739 -9.5178673706 -4.3424007622  4.7372697948  0.2672084838  0.2865940063  1.0000000000 -0.2176164554 -0.0678717571  1.0000000000
-8.0141110992 -4.0263791429  6.2427785053 -8.0294211520 -4.2999013511  6.0870004126 -0.0051560328 -0.0891090494  1.0000000000 -0.0148026716 -0.0893806336  1.0000000000
-6.6259823976 -2.9126432514  4.7261303946 -9.4314359161 -5.7735989974  3.4730317006  0.2290289239  0.0265964056  1.0000000000 -0.2665880339 -0.2474873609  1.0000000000
-8.8040466237 -3.2462857884  2.9049113774 -6.3409572687 -3.4835956828  6.7226114819 -0.0980517247  0.1630915582  1.0000000000  0.1959910785 -0.0806400834  1.0000000000
-8.3882425455 -3.9513168211  3.5433242092 -9.7722599442 -3.6139133911  4.3489824704 -0.0663991955  0.0122106558  1.0000000000 -0.2298121021  0.0192449022  1.0000000000
