484.6000000000
50
-5.1922138649 -7.1050029462 10.2187006424 -0.2323942469  0.1981763463  1.0000000000
-2.1177016879 -7.5545905169 11.4497646139 0.0569681874 0.1105440368 1.0000000000
-4.5132547754 -9.4061983266  9.9316285196 -0.1936038337 -0.1309903162  1.0000000000
-2.7121720709 -9.3907498820  9.1646559172  0.0797210874 -0.1798217230  1.0000000000
-1.0419166018 -7.2216055372 10.8694211956 0.2106519082 0.1679931330 1.0000000000
 -3.6464513121 -10.0933422452  10.2336388180 -0.0596729266 -0.2130463878  1.0000000000
-0.9838625279 -6.6973139982 11.3784330483 0.2490227940 0.1351055389 1.0000000000
-5.0945016711 -7.0104475763  9.8194714561 -0.2564768958  0.1647860719  1.0000000000
-1.1022050555 -8.4746939346 10.2748311767  0.2265121545 -0.0338867281  1.0000000000
-4.6940889053 -8.1162822956  9.8753837959 -0.1706661173  0.0586016504  1.0000000000
-4.6909364137 -7.9783187606  9.3861316037 -0.2381121287  0.0528416265  1.0000000000
-3.2980287609 -8.9124451723  7.7272813649  0.0582218224 -0.1667971544  1.0000000000
-3.3531420183 -8.7983716691  8.9642367392 -0.0268485504 -0.1082765070  1.0000000000
-1.6228222608 -6.3981212360  9.7079302718 0.2051247305 0.2327129985 1.0000000000
-4.1219481931 -6.8160157663  9.3431938597 -0.1010212454  0.2182723608  1.0000000000
-4.2682503393 -9.9063970162  9.3041071331 -0.1475750333 -0.2141902897  1.0000000000
-1.9523501191 -9.5880799012  8.3173776420  0.1612902503 -0.2450008526  1.0000000000
-2.3393028240 -9.3126328754  7.9639281292  0.1897887563 -0.2711601020  1.0000000000
 -4.4956067881 -10.3559725117  10.2078266082 -0.2324237176 -0.2287977901  1.0000000000
-2.1413556905 -9.1816993817  8.0470179701  0.1888783272 -0.1987551407  1.0000000000
-3.8746473638 -9.4348100308 11.0746641181 -0.1805998207 -0.0513160301  1.0000000000
-3.9189285617 -6.6754376039  8.4295740750 -0.0275274336  0.2748040032  1.0000000000
-3.2461862167 -9.0225005338  9.3033712247 -0.0455327490 -0.0432472217  1.0000000000
-2.1791797321 -9.0773044411  8.6429250035  0.1402654944 -0.1594000962  1.0000000000
-4.4254070396 -8.0531719978  8.9307544257 -0.1122676371  0.0483445244  1.0000000000
-3.4182210826 -7.3140525112  9.2919215638 0.0402621221 0.1273422489 1.0000000000
-1.8694215436 -7.9272621186  9.0892638790  0.2054338451 -0.0029227708  1.0000000000
-4.3831534716 -9.5404676872 10.1406695239 -0.1627859802 -0.0943488689  1.0000000000
-3.7698099115 -9.3338212614 10.2835456456 -0.1313179456 -0.1246735199  1.0000000000
-1.2877523352 -9.9051315839 10.2018778816  0.1966854336 -0.1663632454  1.0000000000
-1.4520971703 -8.6691293483  7.5786338034  0.3223807104 -0.1657022689  1.0000000000
-1.5536699650 -7.6604350649 11.3892690588 0.1384837278 0.0456583159 1.0000000000
-1.8920838687 -9.3228450538  8.2820386627  0.1749198152 -0.1925106153  1.0000000000
-4.3227782982 -6.9978911025 10.3557014778 -0.1210696478  0.1747326307  1.0000000000
-3.2603091937 -9.4924156581  7.7633104328  0.0377463005 -0.2806286816  1.0000000000
-2.0001537231 -7.9798138023 10.7346189341 0.1128164985 0.0477660218 1.0000000000
-5.0959216018 -8.7687338387  9.4782075262 -0.2323496452 -0.0488923715  1.0000000000
-3.3799272735 -8.2714863179 10.1613291827 -0.0548339248  0.0324175913  1.0000000000
-1.1427890051 -7.1349482879 10.9701627876 0.1986097141 0.1238515463 1.0000000000
-2.5011398790 -8.1415213276 11.5310735368 0.0354229711 0.0486508127 1.0000000000
-4.1836497008 -7.8128401116  8.9250157029 -0.0960243260  0.0555268940  1.0000000000
-2.9798665655 -9.0568409644 11.2948758943 -0.0326040540 -0.0331328983  1.0000000000
-4.0451519892 -9.2242336047  7.9599096958 -0.0681188541 -0.1860515825  1.0000000000
-2.2132823541 -8.8093085953 11.2412498232  0.0270508437 -0.0358831076  1.0000000000
-5.4007014247 -6.5534285567  8.8234863907 -0.2918279757  0.2698400055  1.0000000000
-4.4415059818 -8.0742914900 10.8048501474 -0.1813706080  0.0823084556  1.0000000000
-2.1180548555 -7.1567600358  7.9051120928 0.2974013574 0.0886084261 1.0000000000
 -3.9362441516 -10.3323661620  10.1528846659 -0.1396582397 -0.2319661174  1.0000000000
-2.4948849985 -6.2159533578  9.5582476446 0.1058503000 0.2473286179 1.0000000000
-2.1677088839 -8.5578874629 11.6467786165  0.0338195113 -0.0014948677  1.0000000000
50
-2.7281791544 -7.0561614410 10.0185550004 -4.5515722748 -9.9635033561 10.8296152864  0.0573862844  0.1738535726  1.0000000000 -0.2094104824 -0.1355007477  1.0000000000
-4.0168360415 -8.4480234023 10.4366023789 -2.1593999941 -9.7904722016  9.7753707770 -0.0937153007  0.0131174735  1.0000000000  0.1130667364 -0.1684421084  1.0000000000
-2.4862383299 -9.5024596470  9.5433680496 -3.8434910981 -9.3233047539 10.0832035075  0.0667758011 -0.1727445454  1.0000000000 -0.1309812573 -0.1027437440  1.0000000000
-1.6855008292 -9.0928593617  7.9192227873 -1.5000660467 -8.4069816814  8.2339950370  0.2901198093 -0.1957598861  1.0000000000  0.2608686707 -0.0799706774  1.0000000000
-0.7904061472 -9.8593841600 10.3004079370 -3.6161539087 -7.5264130991  8.9299076101  0.1951955142 -0.1793900413  1.0000000000 -0.0350987393  0.0856294268  1.0000000000
-4.1216526156 -9.5446410084  8.7263628011 -3.0391342784 -7.0881231806 11.4173133620 -0.1365503823 -0.1935171771  1.0000000000 -0.0304651238  0.1606700724  1.0000000000
-0.8188386646 -8.3606545650 10.5746337781 -4.8703644070 -9.9713907175  8.1706680658  0.2155979402 -0.0621517249  1.0000000000 -0.2300207256 -0.3333890266  1.0000000000
-3.7162709252 -8.2579968547 10.8645031160 -2.8255445042 -9.5615113432  8.6755203911 -0.1034641234  0.0281425114  1.0000000000  0.0307027556 -0.1969181688  1.0000000000
-1.9692730069 -8.9387022044  9.5736747795 -4.6572307542 -8.4140845580 10.0328328803  0.1435973152 -0.1123003658  1.0000000000 -0.1981731233 -0.0143469952  1.0000000000
-4.3066020593 -8.9990055280  9.6508067410 -1.9393299132 -7.6775103198  8.9374503746 -0.1312893128 -0.0542145446  1.0000000000  0.1855190085  0.0565152942  1.0000000000
-4.6899594933 -7.6866193297 11.6128999390 -2.0652415219 -7.2851336467  7.7763066859 -0.1948513337  0.1140832722  1.0000000000  0.2850121598  0.0870185411  1.0000000000
-3.5489160992 -8.6025677590  9.8731673620 -3.3333039635 -8.3500962967  9.7609564986 -0.0378949848 -0.0035037839  1.0000000000 -0.0464938167 -0.0037928319  1.0000000000
-4.6653561635 -9.8676068718 10.2682488997 -3.9965844202 -8.8218847202 11.4072819931 -0.2164742363 -0.1361564389  1.0000000000 -0.1312958315 -0.0063060347  1.0000000000
 -3.0885781819 -10.1304737785   9.0857048702  -1.5382385298  -7.8849588512   7.9320326315 -0.0522924308 -0.2736349896  1.0000000000  0.3055668608 -0.0410759847  1.0000000000
-4.0571418981 -6.8225790828  9.2336971335 -1.3428522030 -9.1261435467  8.7941772522 -0.0845597839  0.2256814239  1.0000000000  0.2583808331 -0.1622172721  1.0000000000
 -2.6814047406  -6.1123996508   9.0246905557  -3.6604578111 -10.1230444990   8.6917488531  0.1490844944  0.2593296584  1.0000000000 -0.0936091757 -0.2501257007  1.0000000000
-2.2914261104 -7.8613715568  8.2560866506 -4.0374220397 -6.6264547129 10.4889488254  0.1676544221 -0.0057872284  1.0000000000 -0.0930492269  0.2252668528  1.0000000000
-2.6173393209 -8.5026393061 11.5627603842 -0.6637072266 -8.8517729436 11.0046292940  0.0005731851  0.0262107783  1.0000000000  0.1918612689 -0.1044519705  1.0000000000
-1.6912206212 -6.7450690973  8.0729827323 -3.3023034533 -6.8762828636 10.4286250886 0.3110991613 0.1110469911 1.0000000000 0.0053045269 0.1733482986 1.0000000000
-3.4678914220 -9.9627251397  9.8958075004 -2.5067042965 -8.4894693810 11.3588187942 -0.0863598749 -0.2324747432  1.0000000000  0.0458904867  0.0053012573  1.0000000000
 -2.7559254082  -7.5078789141  11.3057577592  -2.6219480412 -10.1825681392   9.6364927491  0.0201042294  0.1293749838  1.0000000000  0.0521397833 -0.2695392932  1.0000000000
 -4.1971329226 -10.1158702850  11.5437017693  -4.7711883686  -7.9787691361  11.1922746992 -0.1768647418 -0.1250209977  1.0000000000 -0.2528608723  0.0883091126  1.0000000000
-2.4061549620 -8.0174508874 11.7180098815 -1.5825718894 -7.5829990263  9.3690093782 -0.0017674208  0.0592522935  1.0000000000  0.2054231618  0.0637134467  1.0000000000
-2.6110584363 -7.2944777859  9.5792667027 -2.8386927690 -9.0557406769  9.3043374643  0.1061696968  0.1007384226  1.0000000000  0.0404220487 -0.1378697886  1.0000000000
-2.1576206607 -7.1238041368 11.3675925867 -4.6885380825 -7.3678018364  9.1864052647  0.0664587813  0.1375796360  1.0000000000 -0.1442768727  0.1994890112  1.0000000000
-1.1261623689 -7.8350627361 10.2786705254 -1.3610100293 -9.2102696333  8.0255728783  0.1819500680  0.0560195241  1.0000000000  0.2930383394 -0.1948359385  1.0000000000
 -3.8503328745 -10.4909311546  10.7535168575  -1.4523809642  -7.3588671826  10.7647889828 -0.1578586869 -0.1503243861  1.0000000000  0.1888662891  0.1043693938  1.0000000000
-2.7650460569 -7.6865026667 11.1398148450 -4.4882652186 -9.7467968607  9.3524138243 -0.0198842969  0.0984625316  1.0000000000 -0.2233232582 -0.1984831557  1.0000000000
 -2.0352264479  -7.5332881935   8.6155793632  -3.7590957283 -10.6987790996  11.3344854271  0.2194409541  0.0167290478  1.0000000000 -0.1798839309 -0.2057109024  1.0000000000
-1.4576198899 -6.4304390438  9.4873162969 -2.4092897912 -9.5050393598  7.8018304360  0.2496206950  0.2323181409  1.0000000000  0.1450726141 -0.2572742341  1.0000000000
 -4.1420469982  -7.1146139623   9.4797756391  -3.2898398897 -10.0022760752   8.5021745448 -0.0822739600  0.1815315611  1.0000000000 -0.0419428599 -0.2564031175  1.0000000000
-3.5165270747 -7.0282387320  8.9531731444 -4.2664124201 -8.1221665646  9.6301577459  0.0071904752  0.1626187562  1.0000000000 -0.1464964150  0.0243076891  1.0000000000
-1.6114988621 -8.3158666660  8.2276476502 -4.3838878712 -7.8572654810 11.2449048319  0.2744444716 -0.0899731911  1.0000000000 -0.1941259321  0.1053652356  1.0000000000
-2.0815334539 -6.5659088362 11.3071614894 -2.1353312023 -6.8206737271 10.6153857004 0.0826432378 0.2101444304 1.0000000000 0.1075264936 0.1164608551 1.0000000000
-2.1323252371 -9.1178164053 10.7717081065 -1.8683864900 -8.6081718073 10.6708495263  0.0838332678 -0.0379259770  1.0000000000  0.1033471536 -0.0193871666  1.0000000000
-3.0463358487 -7.4176387845 10.0383361786 -2.7068393934 -6.6740696435 11.3534313762 0.0177020983 0.1143037331 1.0000000000 0.0075557709 0.2023132757 1.0000000000
-3.7610262475 -9.5416399096  8.8277105678 -1.2046555976 -8.0741749106 10.4107279440 -0.0574300324 -0.1825201873  1.0000000000  0.1606853813  0.0290630759  1.0000000000
-3.4413211580 -7.7918500913 12.0461512506 -4.4366716182 -9.0059894767 11.8490446007 -0.0660652255  0.1441522530  1.0000000000 -0.1640845289  0.0071734053  1.0000000000
 -1.6261712001  -8.3762226403   7.3788144455  -1.1744243280 -10.1404794400   9.9259622824  0.3416225307 -0.1395275025  1.0000000000  0.1617484087 -0.1799723006  1.0000000000
-4.4342322603 -7.2329661703 10.2104894467 -3.0794705448 -7.5032237030  8.1716349847 -0.1835353234  0.1365850264  1.0000000000  0.0485733451  0.0773857722  1.0000000000
 -3.1020634850 -10.0478849343  10.7391038821  -4.1422819374  -6.5804782190   9.6072305323 -0.0851585853 -0.1984785021  1.0000000000 -0.0820771064  0.2436576505  1.0000000000
-2.5278847048 -9.6892104379 10.9261369226 -5.3917989356 -6.6377150205  9.4668628671 -0.0050729684 -0.1576776824  1.0000000000 -0.2664385105  0.2795361317  1.0000000000
-2.6095959844 -6.1654179712  8.3574685394 -4.2541485497 -7.0492870088  9.8826456486  0.2065437843  0.2727531179  1.0000000000 -0.1165455469  0.1772913914  1.0000000000
-3.0299913113 -6.7701932077  9.6155518986 -2.8937142543 -7.8239544906  9.3149253993 0.0667414374 0.1982199099 1.0000000000 0.0761673764 0.0399910794 1.0000000000
 -3.4573054432  -9.9859805050   8.5056486518  -4.7565240398 -10.0894410992   9.6418863524 -0.0678782715 -0.2733564590  1.0000000000 -0.2327114418 -0.1963046413  1.0000000000
-5.0535521738 -6.7160061810  8.7158660098 -4.5502501033 -9.7034048728  9.5402876440 -0.2355278827  0.2277474819  1.0000000000 -0.2157278870 -0.2045863602  1.0000000000
 -3.3395243995 -10.3535022839  10.4247553695  -4.1340187318  -9.3309666206   8.6891497539 -0.0895377771 -0.2162652837  1.0000000000 -0.1529511697 -0.1191142599  1.0000000000
-4.3918216947 -9.0327599273  8.9287588232 -5.3956359212 -7.5226575865  8.5464538968 -0.1526555247 -0.1255117729  1.0000000000 -0.2652187250  0.0961737672  1.0000000000
-1.5206913414 -9.4951410581  8.1673025148 -2.6314352188 -8.7180634784 11.0518592814  0.2512639256 -0.2208988731  1.0000000000  0.0186293940 -0.0403963572  1.0000000000
 -3.0406697969  -7.5396703802   9.6124231498  -1.8907079277 -10.0238518145  10.5706591042  0.0128072896  0.0920004946  1.0000000000  0.0886882073 -0.2163630399  1.0000000000
