826.5000000000
50
-4.8122756254 -3.9875141304  9.7162763370  0.2689661685 -0.0823546652  1.0000000000
-6.5909702335 -6.0618154978  8.2520043487 -0.1529912615 -0.2244711910  1.0000000000
-6.3341290483 -2.9859022327  8.6772082678 0.0924430040 0.0828325408 1.0000000000
-4.9668130631 -3.2937139527  8.4684356231 0.1364338193 0.0903971584 1.0000000000
-4.1306338367 -3.9033077123  8.1576122316 0.2185242700 0.0111212992 1.0000000000
-6.2069157908 -2.5423863918  7.1459086045 -0.0110264202  0.1980550785  1.0000000000
-6.3873808664 -4.6829544914  6.7863786617 -0.1856083082  0.0376890572  1.0000000000
-4.9528142016 -3.3271273495  6.2501258424 -0.0116922605  0.2641967479  1.0000000000
-6.7666847209 -5.5647183655  6.9806021302 -0.2258250003 -0.0969594606  1.0000000000
-6.6051194354 -4.6447884817  9.8552858646  0.0401380798 -0.1274362182  1.0000000000
-5.9519239582 -6.8508247624  7.1853448844 -0.2761102239 -0.2462300951  1.0000000000
-4.8107528608 -5.2579079409  8.2688265175  0.0422663678 -0.1371688115  1.0000000000
-8.2160844896 -3.1649921329  7.0292296903 -0.2089632448  0.1542789547  1.0000000000
-5.0770787834 -3.2008880714  8.5938844970 0.1179974652 0.0219169388 1.0000000000
-5.1734094824 -5.4824867184  6.6664037797 -0.1540833040 -0.0124839290  1.0000000000
-4.5728294692 -3.7540607997  6.0766482618 -0.0023666678  0.2154580904  1.0000000000
-4.7913478519 -1.5242003453  8.4492424375 0.2311999321 0.2446010308 1.0000000000
-6.2927596321 -4.6196238126  7.9719953352 -0.0990057303  0.0084670239  1.0000000000
-7.0252024591 -3.8408867914  9.0993881939 -0.0636964435 -0.0438148457  1.0000000000
-3.5169282581 -2.5834463189  6.8591713394 0.2358095704 0.3189509295 1.0000000000
-4.1953508406 -5.9837555319  8.7234002027  0.1090594017 -0.2999013143  1.0000000000
-4.6075381323 -3.5562610048  8.3180085538 0.1361347383 0.0456366959 1.0000000000
-3.6241083764 -3.3442821426  8.4601051237 0.3180136080 0.0730017800 1.0000000000
-5.8485634221 -3.3610598719 10.0000734785  0.1387846903 -0.0322100621  1.0000000000
-5.4748219295 -4.3128795638  6.9646798748 -0.0576678058  0.0596990285  1.0000000000
-4.9728536766 -6.3838269351  8.0542450756 -0.0588524902 -0.2543304118  1.0000000000
-4.9529157054 -6.4468436036  8.0781434666 -0.0791493935 -0.2917127112  1.0000000000
-4.6920526351 -3.7472969226  9.6741451892  0.2381890474 -0.0997862384  1.0000000000
-7.2864783416 -2.3988451944  8.3246285473 -0.0470494784  0.1551574150  1.0000000000
-7.6267139078 -3.1660467236  8.3519489157 -0.0997887706  0.0133018120  1.0000000000
-7.6676935107 -4.2280725674  9.2402659190 -0.1048589346 -0.0742604606  1.0000000000
-6.2095340354 -5.4146300922  9.0504400468 -0.0086855978 -0.2065163923  1.0000000000
-4.1706364838 -5.4655748007  9.0558977724  0.1616166144 -0.2139358468  1.0000000000
-4.8660824582 -1.7281383908  8.4803232719 0.2282704879 0.2402888872 1.0000000000
-4.2263927556 -4.7570097086  8.6606772993  0.1660402897 -0.1195625279  1.0000000000
-6.3769465488 -4.7106835668  6.0190512605 -0.2636720150  0.1134192357  1.0000000000
-6.1744350883 -6.5450785696  7.7216630699 -0.1898070903 -0.2755246028  1.0000000000
-6.9975325379 -5.9918393722  8.8594230538 -0.1285054571 -0.2189655736  1.0000000000
-5.1230318300 -3.8496364028  8.7439316682  0.1336498942 -0.0340167674  1.0000000000
-4.2882294946 -3.3571567841  7.1442111941 0.1303859668 0.2211534514 1.0000000000
-5.4153349956 -5.1498683015  9.1789138546  0.0841478873 -0.1886509093  1.0000000000
-5.8112732491 -3.6122209048  8.3690264268  0.0212377980 -0.0146181611  1.0000000000
-7.2470681851 -4.9887305909  8.0137398193 -0.1707538209 -0.1147420514  1.0000000000
-6.6196019837 -4.9200038146  8.4367603066 -0.0893086499 -0.1185336856  1.0000000000
-5.9765652356 -4.2808974081 11.0203925345  0.1760288886 -0.2077957594  1.0000000000
-7.1327304688 -6.0793807811  8.3006782251 -0.1815054992 -0.2117485609  1.0000000000
-6.6640849041 -5.2127513510  8.7694161807 -0.0325325496 -0.1362752867  1.0000000000
-5.9929986940 -4.0433314512  8.9874310238  0.0824626034 -0.1090430221  1.0000000000
-5.3897319856 -6.3455774272  7.5132464881 -0.1499149906 -0.2612747416  1.0000000000
-6.5568482639 -2.1616235501  8.9025666116 0.0738389213 0.0848233756 1.0000000000
50
-8.0149334030 -4.6570460119  7.9944683371 -4.8705464246 -2.5688253245  6.9093435274 -0.1784703158 -0.0602554654  1.0000000000  0.1163981419  0.2770579354  1.0000000000
-5.6401336701 -4.0019416649 10.9009937857 -6.4791620283 -4.6409642290  7.6683917001  0.2117861442 -0.1607178704  1.0000000000 -0.1072233743 -0.0299606274  1.0000000000
-5.1128336254 -5.4749910797  7.1810640586 -7.5977272563 -3.7191526067  9.1226721573 -0.1005093772 -0.1255813867  1.0000000000 -0.0099418937 -0.0415259156  1.0000000000
-5.8198478131 -2.9340125759  7.8875265502 -3.6448997453 -4.1336811453  8.9415324295  0.0806627543  0.1038586702  1.0000000000  0.2861748211 -0.0641439733  1.0000000000
-7.8788320454 -3.8859487497  7.6690229754 -6.0868561746 -3.3900899898 10.5782906839 -0.2179800722  0.0203071667  1.0000000000  0.1964404343 -0.0761511477  1.0000000000
-7.3722642728 -5.0991350852  9.3104759655 -7.5397884061 -4.1091141775  8.7732456611 -0.0711583311 -0.1850552513  1.0000000000 -0.0688657062  0.0042218986  1.0000000000
-6.0423233731 -4.9631717764  8.6390690415 -4.7140962844 -2.6115104055  8.5824949913 -0.0432413811 -0.1529582291  1.0000000000  0.2225951660  0.1108852756  1.0000000000
-7.1933535217 -3.0101580549  7.3333338855 -3.9678954096 -3.3050062401  6.9637341585 -0.0784955238  0.1273849345  1.0000000000  0.1631587026  0.2298359599  1.0000000000
-5.7154385260 -4.5553219523  8.2733322108 -3.4354442578 -3.9187264251  7.8766474479 -0.0286989395 -0.0957516209  1.0000000000  0.2574478807  0.0259880438  1.0000000000
-7.3717120877 -3.6978396627  9.4646807130 -3.8620216454 -4.7147533036  8.3969870815  0.0176356548 -0.0745707815  1.0000000000  0.1602666644 -0.0517059768  1.0000000000
-6.2024340729 -3.6676234696 11.0640028235 -5.6966098897 -6.0226435481  8.3410053048  0.1555613781 -0.1231372389  1.0000000000 -0.1084185506 -0.2361774253  1.0000000000
-5.9385578347 -3.4294526654  8.4912440245 -4.9317245817 -6.4054773505  7.8189358134  0.0718880168  0.0666409826  1.0000000000 -0.0943231463 -0.2596648886  1.0000000000
-8.0549307914 -2.9052890792  7.7783260768 -6.2735101555 -4.1198821973  5.6125591566 -0.0897147866  0.1092529271  1.0000000000 -0.2558370691  0.2057658308  1.0000000000
-7.3333516907 -4.2675233115  9.3796654716 -4.2578816819 -3.9930006903  9.6278333365 -0.0565659182 -0.0754520588  1.0000000000  0.2880891578 -0.0632096451  1.0000000000
-5.4466033638 -5.2084854169  7.8700502387 -5.9945431177 -3.5955691923  9.5577571293 -0.0417890023 -0.0861845795  1.0000000000  0.1022486035 -0.0420166642  1.0000000000
-4.8883415743 -3.5915515815  9.5616321002 -7.1238846873 -4.2148080610  6.4226193935  0.2130563002 -0.0302085095  1.0000000000 -0.2238701818  0.1272938471  1.0000000000
-6.5714245973 -3.9709036399  9.5052655695 -5.1832092493 -4.2387766116  8.6614201526  0.0581380463 -0.0818155851  1.0000000000  0.1035597033 -0.0444551024  1.0000000000
-6.7486019929 -4.1692067338  9.0247329528 -7.7147559283 -3.3960888657  8.5957984031  0.0638797574 -0.0852492764  1.0000000000 -0.0343139642  0.0457875421  1.0000000000
-7.0033770424 -3.1101186877  9.5587632715 -4.4221544069 -2.0875020154  8.1457382650 0.0880323750 0.0076581128 1.0000000000 0.2517338486 0.1876079017 1.0000000000
-6.2228919142 -5.6509537303  8.0555657355 -6.3323790008 -1.8534688569  8.2428029812 -0.1275516884 -0.1254068850  1.0000000000  0.0801700019  0.1700537358  1.0000000000
-7.1082231447 -4.7126911958  7.2043733839 -4.9637573075 -2.0139383322  7.7381789829 -0.2411752788 -0.0109736334  1.0000000000  0.1533713327  0.2633212014  1.0000000000
-6.7129732333 -3.7003751884  6.4960456471 -4.4254702032 -5.5274984060  7.8864652212 -0.1958536984  0.1687900146  1.0000000000  0.0359244143 -0.1688909502  1.0000000000
-5.4429301345 -4.6705735365 10.7653541382 -4.9603252186 -2.9436794142  6.4068469426  0.2005946612 -0.2152085379  1.0000000000 -0.0074278052  0.2959230574  1.0000000000
-7.2281819916 -3.3060526303  5.9257161343 -3.6496253775 -4.2694932324  8.6878787629 -0.2318204012  0.1998903019  1.0000000000  0.2960456761 -0.0740930629  1.0000000000
-5.6050695791 -4.3704224069  5.6515670492 -6.4728211031 -4.7242832765  6.5347729899 -0.1854953030  0.2039233558  1.0000000000 -0.2563100282  0.0353931554  1.0000000000
-7.0958541486 -4.4071586098 10.2809595715 -4.3420839822 -4.2612428161  7.1780398241  0.0175089239 -0.1863521225  1.0000000000  0.0575628579  0.0498796892  1.0000000000
-7.1942036627 -5.1699067230  9.6780049026 -6.9492086527 -4.3705950283 10.4459014665 -0.0247501588 -0.1716962097  1.0000000000  0.0502182801 -0.1521272276  1.0000000000
-5.5197760865 -2.6301145422  7.8471412353 -5.2572452955 -5.4697122423  9.4073051282  0.1264321517  0.1656117564  1.0000000000  0.0595849147 -0.2304460233  1.0000000000
-6.7832386921 -3.0620317394  9.2764859444 -8.4051564421 -3.6229319451  7.4609300422  0.0929368489  0.0082686907  1.0000000000 -0.2054292186  0.0806492898  1.0000000000
-6.0547892155 -2.1401641031  9.0848390979 -7.4563957517 -4.8627613000  9.8567910649  0.1514735102  0.1322224782  1.0000000000 -0.0108173126 -0.1411254481  1.0000000000
-4.3025463101 -6.0301315285  8.1851836716 -7.0919386472 -5.6293570359  8.3489064508  0.0389894333 -0.2393615073  1.0000000000 -0.1501568325 -0.1947080794  1.0000000000
-5.6326918064 -6.6252270540  7.9032161238 -6.4702942369 -5.8691109082  9.1017459161 -0.1111530403 -0.2952923577  1.0000000000 -0.0786084823 -0.2630295397  1.0000000000
-5.7826851473 -4.9228422238  6.7486083905 -7.6286678545 -2.4654432604  7.3337946106 -0.1906969932 -0.0026751479  1.0000000000 -0.1050655295  0.1952184220  1.0000000000
-5.0607544262 -2.3262735082  8.1107940963 -4.7167962438 -3.6600705750  6.7098998107  0.1387090693  0.2068324902  1.0000000000 -0.0032578678  0.1949920917  1.0000000000
-5.3360377404 -4.5450157783  6.5402163794 -7.4688015973 -3.3101028542  8.6787316616 -0.1844807283  0.0687351052  1.0000000000 -0.0589054225  0.0754067157  1.0000000000
-5.4387447426 -3.9253607423  7.5509935376 -6.6574029361 -4.1324323901 10.0285252523 -0.0154220553  0.0638394110  1.0000000000  0.0696642979 -0.1001129507  1.0000000000
-4.0901521524 -4.7491769138  7.7903064474 -4.7532782435 -2.5049212605  6.9995326309  0.1133280296 -0.0834562223  1.0000000000  0.0796713355  0.2654328178  1.0000000000
-7.0394111842 -5.3946356655  8.3711416625 -7.7464820722 -5.6225188482  9.0061295733 -0.1429195343 -0.1392545029  1.0000000000 -0.1292248524 -0.1826734878  1.0000000000
-5.8123166382 -5.2870827602  5.8978717042 -6.1045469641 -2.3526816239  9.3561245051 -0.2759460647  0.0645233094  1.0000000000  0.1221051237  0.0830065502  1.0000000000
-5.5814606651 -3.2593083709  7.0596749712 -7.4979181515 -3.7230477036  6.8021862270  0.0199836502  0.1604351754  1.0000000000 -0.1581682374  0.1664673904  1.0000000000
-4.0040861766 -5.7373002968  8.4529603414 -4.8337452669 -4.9603406076 10.3244340842  0.1071371250 -0.2382040694  1.0000000000  0.1904919299 -0.2308657599  1.0000000000
-5.3133686248 -6.2891077555  7.9792839331 -7.3041801923 -4.4073952422  8.7937748744 -0.0877982822 -0.2346053087  1.0000000000 -0.0256162584 -0.0707367950  1.0000000000
-5.7570072905 -2.4897188765  7.1546090357 -6.1450083690 -2.6719374852  8.1411837889 0.0183711843 0.2634150252 1.0000000000 0.0768319816 0.1543773704 1.0000000000
-7.7236107282 -2.9533172498  7.2634441821 -5.9465100029 -2.1841435281  9.3342969835 -0.1389656154  0.1554321235  1.0000000000  0.1751109636  0.1241500416  1.0000000000
-5.8498849372 -4.8254702559  9.9262544236 -4.8331849657 -3.8637260185  6.7017417291  0.1218581919 -0.2145196925  1.0000000000 -0.0398917731  0.1699084764  1.0000000000
-4.6595551213 -3.4649907164  7.0228605658 -6.6124942682 -4.0207253370  9.6212705158  0.0813794890  0.1815216017  1.0000000000  0.0887094248 -0.0515724050  1.0000000000
-6.1354899790 -3.4874151772  9.2215724116 -5.8318458664 -6.1642560482  6.5154025247  0.0759428135 -0.0009585307  1.0000000000 -0.3206041656 -0.1041800113  1.0000000000
-4.1956954115 -2.4383168835  8.5357688307 -6.2839270985 -3.0664906479  9.9098599303 0.2906963033 0.1729745398 1.0000000000 0.1129120421 0.0337922514 1.0000000000
-5.4128951786 -4.4706986977  9.0640552718 -6.6070771819 -5.1703195267  9.0994608490  0.0582652685 -0.0696005260  1.0000000000 -0.0622198799 -0.1433737583  1.0000000000
-5.9175888296 -2.9843274906  7.5455068480 -5.6407389284 -3.4443464223  5.9727740317  0.0032469681  0.1649851531  1.0000000000 -0.1328203257  0.2655970710  1.0000000000
