371.4000000000
50
 -0.3456285640 -18.9460772722  -0.2051869528 -0.1308836311 -0.0492210182  1.0000000000
 -0.4808367077 -18.1826289711  -0.1451195271 -0.1161051449 -0.0647795480  1.0000000000
  0.7778533695 -16.5669813323  -0.5533664884 0.1071875815 0.0441323642 1.0000000000
  0.2870066242 -15.8042975456  -1.9471138803  0.2424920827 -0.1439747917  1.0000000000
 -1.4496865884 -16.5958393908  -1.5694298128  0.0086484705 -0.2688741914  1.0000000000
  1.5939830696 -18.8639006688   0.0711990228 0.0008225350 0.0969073681 1.0000000000
 -1.4339686816 -17.4023447122  -0.0861847915 -0.1796891694 -0.1412463361  1.0000000000
 -0.6560413835 -16.4909417159  -0.8902699532  0.0010246869 -0.1244145981  1.0000000000
  0.4912416412 -16.9887467097  -0.4657715149 0.0164521900 0.0651146678 1.0000000000
 -1.7046084066 -19.0749961666  -0.8779390345 -0.1462484586 -0.1964827048  1.0000000000
 -1.2478202827 -16.5238967320  -0.4242893670 -0.0806756921 -0.1425507016  1.0000000000
 -0.5204880231 -18.1495417803   0.3478213675 -0.1421673121 -0.0470621799  1.0000000000
 -0.4915837460 -15.9819694322  -2.3139315290  0.1883031397 -0.2024938424  1.0000000000
  0.8582750378 -17.5956674008   1.5770755441 -0.1483263523  0.2265519880  1.0000000000
 -0.2320854693 -17.5615134022  -0.4531360594 -0.0463080246 -0.0645719290  1.0000000000
  1.6466151245 -16.3871053475   0.0265735080 0.0865430749 0.2212286851 1.0000000000
  2.1331076891 -17.3446574082   0.3962280548 0.0726231998 0.2189595136 1.0000000000
  1.7743036429 -18.0846772850  -2.3904880947  0.2482144870 -0.0186637150  1.0000000000
  1.1761245113 -17.0661216355   1.4364217906 -0.0729407690  0.3065868001  1.0000000000
 -0.3941873329 -16.9331121144  -2.1870796636  0.1512372633 -0.2020570469  1.0000000000
  0.2935922151 -17.9606829624  -1.0892900061  0.0163928187 -0.0368135997  1.0000000000
  0.7376370246 -15.6395222510  -1.0326989042 0.2056839235 0.0421560056 1.0000000000
 -0.7158891652 -16.4709324930  -0.5137534325 -0.0676917552 -0.0968277498  1.0000000000
  0.2501989837 -15.9402008764  -0.7320250034 0.0760292572 0.0176144574 1.0000000000
  0.6216111726 -17.9378055907   1.3643584063 -0.1523153560  0.1350515135  1.0000000000
  0.7295406952 -16.8975244323  -1.0310571842 0.1191683449 0.0213499289 1.0000000000
 -2.0953216700 -17.7682444887  -0.1684263195 -0.2248252147 -0.1991052028  1.0000000000
 -0.2219358267 -18.8516354440  -2.2584066522  0.0639834337 -0.1410105582  1.0000000000
  0.2695481625 -18.8832704205  -1.1595553713  0.0167568480 -0.0527882237  1.0000000000
 -0.4491121947 -15.0751921599  -2.5242462316  0.2674473526 -0.2809100669  1.0000000000
  0.2534084320 -17.0618018172   0.2231012357 -0.0611060957  0.0677177169  1.0000000000
 -0.6816623190 -19.5276945993   0.1590868391 -0.2009729965 -0.0520589222  1.0000000000
  0.2339660617 -16.6510865304   1.1572847018 -0.1186977525  0.1504822645  1.0000000000
  0.1405162889 -18.3249518621  -0.9192321237 -0.0301714038 -0.0683036395  1.0000000000
  0.8767130020 -17.5127949396  -1.0320468539 0.0496812393 0.0102548047 1.0000000000
 -1.5667000787 -16.2041467805  -0.3446158463 -0.1441314990 -0.1857791391  1.0000000000
 -0.2872644232 -16.0271766540  -1.7234173526  0.1291449471 -0.1932686107  1.0000000000
  0.3597162422 -16.8242982324   1.4079529088 -0.1572275857  0.1715287758  1.0000000000
 -1.0397774893 -18.4550889111   0.0415011196 -0.2013450078 -0.1150076155  1.0000000000
 -1.4652030742 -18.8825610753  -0.0027688784 -0.2099815244 -0.1379458137  1.0000000000
 -0.7076855535 -17.2945403608   1.1261189276 -0.2205809847  0.0226862909  1.0000000000
  0.8203771912 -18.2600542581  -0.2567436956 -0.0351976326  0.0880736137  1.0000000000
  1.1169884091 -17.3900348873   0.5919719892 -0.0198544001  0.1595051071  1.0000000000
  0.5259867556 -18.7115824408  -1.9022844134  0.1020517376 -0.0978030420  1.0000000000
  1.4573652820 -16.9795711161   0.8230933064 -0.0506953840  0.2628151276  1.0000000000
 -1.5519925598 -18.4050121576  -0.1256963688 -0.2077216630 -0.1404164217  1.0000000000
  1.1244652009 -18.8834733019   1.1868817074 -0.1641601750  0.1819785108  1.0000000000
 -1.0169865447 -18.2447953341  -1.5072855289 -0.0701091763 -0.1983631209  1.0000000000
 -0.6395165144 -15.2457376716  -1.7228875236  0.2168178954 -0.2483607986  1.0000000000
 -1.1822137391 -16.4633559924  -0.9073076349  0.0046620958 -0.1505326067  1.0000000000
50
 -0.1678816457 -15.6313320096  -2.0269748872   0.6388657245 -17.3612396545  -0.0281315670  0.1625362866 -0.1415135082  1.0000000000 -0.0823151881  0.0200049942  1.0000000000
 -1.8314706205 -16.8139612558  -0.9391419619   1.4383070497 -18.2975460363  -0.4462241836 -0.1070679117 -0.2814719120  1.0000000000  0.0579030693  0.1016861851  1.0000000000
 -0.4922940676 -18.2276947259  -1.6962717076  -0.4123262153 -15.8683082016  -1.7528889432  0.0146645245 -0.1799389096  1.0000000000  0.1233572355 -0.2081516870  1.0000000000
  0.5220544121 -18.3758400865  -1.4627075500   1.7798242003 -17.6434117339  -0.5549282755  0.0788903260 -0.0442924214  1.0000000000  0.0954650633  0.1362389305  1.0000000000
  1.0241487800 -16.3787517442  -1.5821422547   0.2333940780 -17.2764896991   1.8737640333  0.1711799422  0.0063166240  1.0000000000 -0.1934354925  0.1971257708  1.0000000000
 -1.6317810385 -18.2004051495  -1.0933092039   1.3320062836 -16.5820057027  -1.5221515985 -0.0971927969 -0.2262856615  1.0000000000  0.2141038703  0.0227814986  1.0000000000
  2.7108005632 -18.1272174997  -1.2180812646   0.7377812818 -15.7532631256  -0.3371732070 0.1849627847 0.1281646964 1.0000000000 0.1119330446 0.0609421085 1.0000000000
  0.8346456293 -17.8391200712  -1.8538601404   1.3716918905 -15.7075501165  -1.6304135410  0.1658668927 -0.0716531266  1.0000000000  0.3140069133  0.0170119596  1.0000000000
  0.0010178563 -19.1978480830  -0.7266084020  -1.8920676613 -18.0876700172  -0.5971214305 -0.0685165008 -0.0166647775  1.0000000000 -0.1756428755 -0.2187063893  1.0000000000
  0.1297901468 -16.2216108896  -0.8336600528   0.8920196828 -15.6999368227   0.6520234014  0.0380446373 -0.0838487362  1.0000000000 -0.0020425374  0.2300879466  1.0000000000
 -0.1329485262 -15.9015334033  -0.4038956609   0.3545585445 -17.1797074119   1.9226980488  0.0413953186 -0.0561416721  1.0000000000 -0.2511227349  0.2236418159  1.0000000000
  1.8922975272 -15.7818979175  -0.7560859501   1.4339609062 -15.8327018034   0.7698456510  0.2172495220  0.1502799388  1.0000000000 -0.0276551932  0.2682505518  1.0000000000
  2.1384538589 -17.8733916219  -1.4926617547   1.5812397976 -17.4497098817   0.6150368472  0.2004939048  0.0566585058  1.0000000000 -0.0230680607  0.1964868309  1.0000000000
  2.3151634582 -16.9020865552  -0.6017382309   1.4750777645 -18.2571576795  -2.1379551015  0.1953766831  0.2073550692  1.0000000000  0.1642938913 -0.0172344174  1.0000000000
  1.0023394496 -19.2504274757   0.1093264472   0.5475874309 -17.8628293344   1.1756513428 -0.0535984741  0.0978305156  1.0000000000 -0.1473902736  0.1542449378  1.0000000000
  1.5943950395 -15.2645853498   0.5375855289  -0.0245153814 -17.4593977784  -1.1587907255  0.0945646847  0.3229439699  1.0000000000  0.0141634352 -0.1571481513  1.0000000000
  0.2988491141 -17.8040933275   0.0770846663   0.5908574126 -17.3427051399   0.7452061859 -0.0558426174  0.0438568326  1.0000000000 -0.1050382866  0.1149564065  1.0000000000
  1.1700731931 -14.7877922617  -1.4617585964   0.5780331182 -18.4372361243  -2.9770029365  0.3067219004  0.0283159780  1.0000000000  0.1705970555 -0.1892426449  1.0000000000
  1.3939553033 -16.3398731079  -0.8349668154  -0.4753193798 -16.3824773428   0.6178370689  0.1261692889  0.1066720291  1.0000000000 -0.1345792214  0.0673804125  1.0000000000
  1.0809258347 -15.1576702927  -1.4114415224  -0.3075483691 -16.7651348153  -2.1652973644  0.3164167404  0.0652582152  1.0000000000  0.1273467619 -0.1804426869  1.0000000000
 -0.0764553441 -17.4305703383  -2.0078883886  -0.3615019682 -16.6308312218   1.6632282617  0.1178552113 -0.1824271968  1.0000000000 -0.2509910377  0.1015453167  1.0000000000
  0.3889229043 -18.1316177280  -1.4915781844   0.6249365561 -15.7315347658   0.9285710083  0.1144798841 -0.0617454279  1.0000000000 -0.0978976844  0.1946435557  1.0000000000
  2.2815080213 -16.1825988937  -0.9307318534  -0.1230442044 -17.1125600046   1.4058344850  0.2360359172  0.1778794392  1.0000000000 -0.2471587323  0.1518871179  1.0000000000
 -0.5243703108 -16.1318006146  -2.1866810990  -1.2269699470 -15.7396739677  -0.2154376284  0.1407058943 -0.2257395386  1.0000000000 -0.0796467190 -0.1234693896  1.0000000000
  0.5697471478 -15.9266824788  -1.7720941126   2.0742360760 -15.3545059947  -1.0277215351  0.2588586588 -0.0634812377  1.0000000000  0.2947471703  0.1909660036  1.0000000000
 -0.4366970198 -19.2340153821  -0.2141016425   1.7079449578 -17.1350916165  -1.6501104657 -0.1086052718 -0.0435213675  1.0000000000  0.2062148350  0.0452257712  1.0000000000
 -0.5873113953 -18.0756156375  -0.3631810814  -1.0992759852 -16.7866950917   0.6526785956 -0.0798675468 -0.0526814089  1.0000000000 -0.2186879336  0.0035198210  1.0000000000
  2.4414344972 -17.1461625426  -1.0933046490  -0.2095067015 -17.4204065211  -1.9446577647  0.2308784465  0.1607475657  1.0000000000  0.1066405960 -0.1368732265  1.0000000000
  0.8708424123 -17.5212219660  -1.6339978820  -0.9901432259 -17.3951314737   0.7194792494  0.1449516328 -0.0174335292  1.0000000000 -0.2132882360 -0.0166651652  1.0000000000
  0.9910896064 -18.0635613251   0.0401412540   0.8847356889 -17.7041326175   1.2096356673 -0.0048878634  0.1190112619  1.0000000000 -0.1281017830  0.1535888922  1.0000000000
  1.5136311665 -17.2461268289  -0.1240867349  -0.5048078116 -18.5114406790  -0.0506299586  0.0632831321  0.1624814278  1.0000000000 -0.1306403322 -0.0491925532  1.0000000000
 -0.8642040605 -17.9086816738  -1.9667066909   1.2079485831 -18.3334512281  -2.7992355162 -0.0016747368 -0.2319069344  1.0000000000  0.2146762180 -0.0669330905  1.0000000000
  1.7877720685 -14.8920283597   0.0024738267   1.8027010213 -18.3496373823  -2.2734900411  0.2158232199  0.2465841328  1.0000000000  0.2042284455 -0.0320071372  1.0000000000
 -0.9900884041 -17.8362232093  -1.2522517596   1.0894174419 -16.2709864248  -1.4062107268 -0.0559387756 -0.1659748188  1.0000000000  0.1877428502  0.0165857489  1.0000000000
 -0.4443064571 -16.8958992860  -1.3347427043   1.4139587282 -18.4943368868   0.1698938204  0.0146682146 -0.1750544604  1.0000000000 -0.0553185004  0.1546730285  1.0000000000
 -1.1912975790 -15.8971914663   0.1578622609  -0.4570719529 -17.7908559155  -2.1590533574 -0.1408094749 -0.0401473552  1.0000000000  0.0670062950 -0.1620019924  1.0000000000
  1.7736249105 -18.2675517915  -0.7221174063   1.7367458006 -16.1760933773  -1.4740396056 0.0817746077 0.1019750108 1.0000000000 0.2960073955 0.0682812764 1.0000000000
  1.5084672101 -16.1545823997  -1.1900075137  -0.1668554154 -15.9642505075   0.3049757838  0.2104182242  0.0725764742  1.0000000000 -0.0869289720  0.0673267286  1.0000000000
 -1.1370175666 -15.7841098483  -1.1109558002  -0.8369149670 -17.6989053236   0.9283736948 -0.0009950207 -0.2276115839  1.0000000000 -0.2369818214  0.0203774266  1.0000000000
  0.8041482632 -16.6997041734   1.3795813811   0.3565232660 -19.0855591179   1.1436283010 -0.1187117766  0.2037364286  1.0000000000 -0.1766249948  0.0484838601  1.0000000000
  0.8303465974 -16.5087467505   0.6214632807   0.2069344317 -17.4120329550  -0.6947971777 -0.0231653730  0.2175265576  1.0000000000 -0.0026835077 -0.0386651193  1.0000000000
 -1.2872769988 -16.3918996858  -0.0597561675   2.0464592557 -18.1032900582  -1.4740273566 -0.1349332645 -0.1632795238  1.0000000000  0.1090546084  0.0761952985  1.0000000000
 -0.8565042003 -18.5622763269  -2.1026343555  -1.6304398758 -18.5407258362  -0.4196987769  0.0385148878 -0.1851171910  1.0000000000 -0.1976740307 -0.1794082339  1.0000000000
 -1.6045978485 -15.8740581220  -0.2309866331   1.5431042314 -16.9900621097  -0.8742543687 -0.1631267377 -0.1970945222  1.0000000000  0.1000568238  0.0408170893  1.0000000000
 -0.7254390667 -17.3496266950  -2.4145619511   1.5383815968 -18.3398344647   0.3974381990  0.0895277350 -0.2681242928  1.0000000000 -0.0163852279  0.1613927994  1.0000000000
 -1.0001216865 -18.9863816750  -0.8597963808   1.1526190963 -16.0438575400  -0.4013907876 -0.1235829399 -0.1064219183  1.0000000000  0.1376078886  0.1399984503  1.0000000000
  2.8765825909 -17.5346367847  -1.1617801308   1.8260560129 -18.8287914203  -0.7121637278 0.2282720624 0.1437114337 1.0000000000 0.0922975369 0.0821713977 1.0000000000
  1.1224713092 -18.3726021487  -1.1228620478  -0.0059691420 -16.4517889555  -1.9854278102  0.0578390628 -0.0026451320  1.0000000000  0.1643373608 -0.1324250488  1.0000000000
  0.7170927315 -16.5074973118  -2.5773543059   1.7976426880 -17.6523996389  -0.4551412355  0.3056582086 -0.1183967306  1.0000000000  0.1029770259  0.1211123225  1.0000000000
  0.1721280533 -16.8746789179  -1.4761308655  -1.0968738378 -15.8595589762  -1.3890458572  0.0480335513 -0.0400294677  1.0000000000  0.0563642444 -0.1834239564  1.0000000000
