701.8000000000
50
 7.9094715731 -1.0805487165 -6.0127578134 -0.0932019011 -0.1338713118  1.0000000000
 7.7539105986 -3.9446229669 -4.8431483514 -0.0529354452  0.1798697944  1.0000000000
10.5960411732 -0.9991378864 -5.2067566210  0.2371994923 -0.1762814652  1.0000000000
 9.4047992815 -1.2782086474 -6.2408191988  0.0389533681 -0.1645201970  1.0000000000
 9.1071729683 -4.0011840182 -4.8049675570 0.0673337091 0.1111451768 1.0000000000
 8.7923526026 -1.3071083093 -6.9120788218 -0.1086999512 -0.2171657426  1.0000000000
 8.7997169276 -1.4832977250 -4.7432963911 0.1422682343 0.0205144724 1.0000000000
 8.3794966432 -2.0656982431 -5.5980936477 -0.0362789743  0.0048732015  1.0000000000
10.4839757560 -2.9881356539 -6.1940905680  0.0635954895 -0.1196360186  1.0000000000
 6.8966161158 -1.9678640205 -5.0288621708 -0.1648403151  0.1918415570  1.0000000000
10.7741366818 -1.0410023962 -5.3921575543  0.1852092348 -0.1897728022  1.0000000000
10.1487885510 -1.5613490699 -4.2758581606  0.2539674544 -0.0506814722  1.0000000000
 9.3654284744 -2.1966263916 -5.9004756842  0.0241386578 -0.0855279549  1.0000000000
 9.5579647082 -3.4830914665 -3.6857521601 0.2096906683 0.1801379116 1.0000000000
 8.1498457708 -2.4855208578 -6.5526481932 -0.1568153656 -0.0095275374  1.0000000000
 9.7786342161 -2.8500378291 -3.8189410481 0.1990407972 0.1153818126 1.0000000000
 7.4592403448 -1.1511307104 -6.2194760373 -0.1847729647 -0.0598845672  1.0000000000
 8.1396676748 -3.4802775160 -5.1059093702 -0.0428348674  0.1309983006  1.0000000000
10.2601095715 -3.1777457033 -5.5493954118  0.0505502518 -0.0593033213  1.0000000000
 8.6652429068 -3.1718965372 -5.1559589652 0.0000507735 0.0905961010 1.0000000000
 9.1359430344 -3.1974269427 -5.3447560021 0.0301636684 0.0830603315 1.0000000000
 9.0168447827 -0.8964665118 -3.7186815943 0.2818750775 0.0176742273 1.0000000000
 8.9377956724 -1.5138217673 -7.1700681211 -0.0974246214 -0.1777555385  1.0000000000
 8.1148336539 -2.4977092594 -3.3740852654 0.1617382104 0.2809439542 1.0000000000
 9.6475605088 -2.4222094901 -7.0378061715 -0.0636832508 -0.1887806597  1.0000000000
10.3203361198 -0.9540595393 -5.8059097972  0.1331087901 -0.2384118608  1.0000000000
 9.4451137124 -3.0457994080 -6.9832851882 -0.0842919634 -0.1341584661  1.0000000000
 8.3095779879 -3.1865387976 -5.6807481507 -0.0730992871  0.0380921411  1.0000000000
11.2432939536 -3.3492195164 -5.4864675773  0.1470589775 -0.0835987751  1.0000000000
 8.9537801761 -3.5529191353 -4.5408855952 0.0457299333 0.1075279209 1.0000000000
 7.7952722746 -1.6079311596 -6.7137594872 -0.1931041358 -0.0939106716  1.0000000000
10.8083240167 -2.7082603995 -5.7875611481  0.1081957786 -0.1258969799  1.0000000000
10.5165779747 -3.5261225330 -5.0991698516  0.1026795333 -0.0027750238  1.0000000000
 9.2262116836 -3.3743675383 -7.5578353361 -0.1334715169 -0.1157729699  1.0000000000
 9.3539870486 -4.4059773951 -6.1640085999 -0.0837328921  0.0503748265  1.0000000000
11.6493459480 -3.5253886904 -5.0750963168  0.1894535104 -0.0167733843  1.0000000000
 7.6909882931 -2.3495387279 -5.3869339449 -0.1078459609  0.0916546045  1.0000000000
 7.6313370127 -5.3703105679 -5.9426708195 -0.1358949674  0.1678273876  1.0000000000
 7.9048316412 -2.3598201174 -4.2012444738 0.0082729107 0.2052774793 1.0000000000
 8.0712865095 -0.9216207892 -5.2206949697 -0.0193134485 -0.0287597629  1.0000000000
 7.3883672254 -2.6178193148 -6.2609469374 -0.2177741417  0.0655157895  1.0000000000
 8.9233925081 -2.6732012788 -6.5951663873 -0.0597257183 -0.0796025600  1.0000000000
 7.6627503382 -0.7871679871 -7.3429964037 -0.2510668051 -0.2871347202  1.0000000000
10.1542034996 -1.0980251590 -4.8346550390  0.2364419938 -0.1617148070  1.0000000000
10.1424029998 -3.9463858807 -5.0711100344 0.1530873866 0.0778834574 1.0000000000
 8.6534223236 -1.8716252936 -4.6645333840 0.0772859576 0.0457650544 1.0000000000
 9.3630190734 -4.6866356034 -4.4964955405 0.0563502535 0.1674138552 1.0000000000
 9.9044960608 -4.4876479482 -3.6573987123 0.1762438938 0.1643898483 1.0000000000
10.1276573244 -3.0686519388 -4.9556453883  0.1105195823 -0.0020784085  1.0000000000
10.5345423587  0.0370467738 -5.1616111547  0.3208183800 -0.2719721858  1.0000000000
50
11.4166452129 -3.1415404562 -6.4784420174  7.5771960170 -2.1717172764 -6.8617356903  0.0911127713 -0.1360882238  1.0000000000 -0.2586024960 -0.0509667336  1.0000000000
 8.9580946137 -3.9877458313 -6.9330000667  9.9735490434 -3.7165509621 -6.5190854089 -0.1419592727 -0.0287753970  1.0000000000  0.0168384101 -0.0694113187  1.0000000000
 8.0221188383 -1.1075268617 -7.7005796287  8.0414245098 -1.5702402957 -4.2430069919 -0.2348247132 -0.2673657073  1.0000000000  0.0664552462  0.0956524803  1.0000000000
 9.0440895120 -1.6086245282 -5.7403934021  8.9154398823 -1.0282700700 -6.1014396898  0.0125337074 -0.0904274191  1.0000000000 -0.0828796546 -0.1332659535  1.0000000000
 8.4395579505 -1.8063156290 -2.4943338187  9.9675129004 -3.9812503939 -3.2612404362 0.3287916246 0.2825529231 1.0000000000 0.2379551960 0.2241021770 1.0000000000
 7.8699036974 -5.1412200174 -5.9904243861  9.7892957476 -2.3169458841 -6.4629680744 -0.1966637534  0.1875766828  1.0000000000 -0.0233760262 -0.1068251561  1.0000000000
11.4427408221 -1.7421021933 -5.6388986928  8.2210979900 -4.8210338553 -5.2207465814  0.1917508120 -0.2110408451  1.0000000000 -0.0845564584  0.2012343287  1.0000000000
 8.8320737653 -1.1596039668 -6.6414776824  7.9450722235 -1.6996625665 -7.3668642994 -0.0467331083 -0.1856119404  1.0000000000 -0.2481004297 -0.1765981673  1.0000000000
 9.5117729526 -4.0855573253 -6.2930284050  8.6547784269 -2.7885132876 -4.7532616021 -0.0359329243  0.0349664578  1.0000000000  0.0181019881  0.1279696583  1.0000000000
 9.4467896300 -4.4778983419 -5.1816740643  9.7583068608 -3.9347637333 -6.0163221398 -0.0125239794  0.0723038094  1.0000000000 -0.0081773991 -0.0053410711  1.0000000000
 9.7352572535 -3.7037132802 -6.5861868560  9.2552910399 -5.0884834329 -4.5427904355 -0.0485812159 -0.0763798076  1.0000000000  0.0167868277  0.1893405118  1.0000000000
 9.0345663216 -2.5995041695 -4.8473306364  9.1623305671 -2.0457861671 -5.4397806399  0.0711579274  0.0462431397  1.0000000000  0.0238256627 -0.0987845480  1.0000000000
 9.6768435488 -3.4158664045 -4.7214043393  8.2963775006 -1.7560049815 -2.7641714908 0.1241611478 0.0569415415 1.0000000000 0.2703752546 0.3036768512 1.0000000000
 7.2703564913 -2.1424480155 -4.4740201531  8.4068987553 -2.3695289429 -7.2327365375 -0.0440007255  0.2143301755  1.0000000000 -0.1854979927 -0.1147034506  1.0000000000
 9.7269270515 -0.0869906839 -4.9504579286  9.7391347624 -2.0092570979 -7.2058761799  0.2560853530 -0.2065549226  1.0000000000 -0.0783943056 -0.2146575470  1.0000000000
 7.8435857447 -1.8464498154 -3.2983934848  8.6352680094 -3.0119735345 -3.8904579251 0.1410288694 0.2746134372 1.0000000000 0.1395974788 0.2418185563 1.0000000000
 9.9333075004 -4.0331054806 -7.0647853663  9.4695223102 -3.2949992869 -4.4938430990 -0.0829017347 -0.0629216117  1.0000000000  0.1095564389  0.1060655487  1.0000000000
 8.2766847152 -1.5473873952 -5.8706403119  9.5079957489 -4.0112527548 -6.6654707182 -0.0480183389 -0.0517811956  1.0000000000 -0.0517453511 -0.0435111590  1.0000000000
 8.6767771413 -4.0931822303 -6.8036698576  7.1881678966 -2.9960430636 -4.2566935912 -0.1475604851 -0.0299408353  1.0000000000 -0.0336287917  0.2765559732  1.0000000000
 9.8381159471 -1.1287234211 -6.4985852972  8.5034396849 -1.8878985397 -4.7360047715  0.0102872118 -0.2114252459  1.0000000000  0.0724659308  0.0619808545  1.0000000000
 8.9642926058 -3.2249773918 -5.2527421417  9.2646408742 -1.2262804205 -6.9101479634  0.0335784223  0.0181227780  1.0000000000 -0.1096605964 -0.2383768712  1.0000000000
 9.5035776160  0.0252270195 -5.7422244868  8.0805626512 -2.5892922608 -5.2417376139  0.1641126388 -0.3271537416  1.0000000000 -0.0284140361  0.0731456889  1.0000000000
 8.1441738014 -1.7729496424 -3.3489860062  7.6023234013 -3.3007668497 -5.5693968404  0.1749727635  0.2439311565  1.0000000000 -0.1270564411  0.1352163777  1.0000000000
10.0463440907 -3.4454741156 -4.8680098387  9.8256082510 -4.4306809974 -4.3816383302 0.1072115739 0.0346928799 1.0000000000 0.1057290776 0.1505951777 1.0000000000
 9.9393284644 -1.0569072153 -5.4045806569  9.5610460574 -3.6979994857 -6.5110297197  0.1368475526 -0.1801565757  1.0000000000 -0.0693084969 -0.0238004912  1.0000000000
 9.2061760394 -3.1038930631 -2.7667491694  9.0861532162 -4.1414116108 -7.7533343018  0.2720215983  0.2470582827  1.0000000000 -0.1708499950 -0.0476468261  1.0000000000
 7.8130377900 -2.1665174624 -6.9315581186  8.2506520128 -1.3311096424 -3.8613266614 -0.2322673761 -0.0572106752  1.0000000000  0.1905113332  0.1323717940  1.0000000000
 8.5692975696 -2.8859325531 -4.4963160610  8.6198804763 -1.1919530294 -6.4288568326  0.0567107495  0.1347604343  1.0000000000 -0.0369248536 -0.1647954930  1.0000000000
 9.1276951785 -3.0098782840 -3.0042369215  8.3544539481 -2.1048782882 -3.5203462624 0.2317571958 0.2579382499 1.0000000000 0.1725434541 0.1748160894 1.0000000000
11.8893898461 -2.7881613190 -5.6396637632  8.0754055527 -4.3896410464 -4.8262934138  0.1723161732 -0.1317658714  1.0000000000 -0.0458632964  0.2132588939  1.0000000000
 7.8686069166 -1.1062408596 -5.6858563359  8.8393313825 -0.6803589515 -4.9092648484 -0.0904138615 -0.0961374436  1.0000000000  0.2199821886 -0.1212768916  1.0000000000
 6.5116985056 -2.0902443291 -5.8907900847  8.5165283163 -1.7702933789 -3.9534211202 -0.2485832104  0.1107216601  1.0000000000  0.1356182295  0.1528868771  1.0000000000
10.6291489945 -3.1117097676 -6.9162989223  9.8999687371 -2.0592886922 -5.3895310269  0.0141758179 -0.1545431230  1.0000000000  0.1052847558 -0.1208569915  1.0000000000
 9.6662392234 -4.1766777646 -4.7511635592  8.7788000655 -4.5021596436 -4.6757925516 0.0655057715 0.1147365354 1.0000000000 0.0203886793 0.1943128407 1.0000000000
 8.8381207677 -3.4542433443 -4.3112023347  9.3412015201 -2.6471411419 -5.1984430422  0.0913458129  0.1442162881  1.0000000000  0.0616559076 -0.0128610117  1.0000000000
 8.4503662569 -4.4542404323 -7.1159842763  8.0061352958 -2.1543728884 -5.3760919785 -0.1771942947  0.0192482064  1.0000000000 -0.0238633255  0.0962246806  1.0000000000
 8.4681076519 -4.8279194556 -6.7629458902 10.1648365394 -4.6752841531 -4.4182660123 -0.1501959556  0.0530721635  1.0000000000  0.1467580135  0.1211771843  1.0000000000
10.1848557247 -3.4907174828 -4.0976854507  8.3824753713 -1.3608811772 -6.8526833275  0.1960865118  0.1121905972  1.0000000000 -0.1038795289 -0.1966224782  1.0000000000
12.2445184355 -2.6369752799 -5.8709964816  9.7145240512 -3.3164067548 -3.6556574761  0.2014446361 -0.1744243285  1.0000000000  0.1910633935  0.1525644537  1.0000000000
 9.1329063119 -0.9087690345 -4.7994519540  8.1144932624 -4.5386944678 -5.4394511236  0.1726525388 -0.0699888448  1.0000000000 -0.0715412335  0.1757366461  1.0000000000
 9.0286912219 -2.5475773032 -3.7961544979  9.5066016694 -1.3741977460 -6.9716914011  0.1803626841  0.1623154785  1.0000000000 -0.0516114139 -0.2453693985  1.0000000000
 7.4759687576 -4.9678347314 -5.8089173654  9.8476817926 -4.4439892501 -3.6290531651 -0.1569657525  0.2108590876  1.0000000000  0.1952693946  0.1950004651  1.0000000000
 9.1269465416 -3.4017520822 -4.9586950400  8.9462753113 -3.4300523521 -3.7138191394 0.0467683790 0.0844995501 1.0000000000 0.1123213368 0.2426330804 1.0000000000
 9.6356849420 -4.0345551798 -4.0257754135  9.9138874027 -3.3001681840 -5.5912116149  0.1158383324  0.1527759495  1.0000000000  0.0896470672 -0.0134309802  1.0000000000
10.4963861347 -2.9260123629 -4.1615364666 10.1614225303 -1.6665245111 -4.8802269371  0.2030843129  0.0472977674  1.0000000000  0.2030071390 -0.0909551014  1.0000000000
 9.3454516330 -3.5055883864 -4.8046389009 10.2615145130 -1.5614512780 -6.1616654328  0.0476215557  0.0981311413  1.0000000000  0.0797603398 -0.2402599080  1.0000000000
 9.4244421406 -4.5821972728 -4.5930619337  9.7416192905 -4.4983003721 -5.1906835142 0.0601979021 0.1631887905 1.0000000000 0.0485951211 0.0958933531 1.0000000000
 9.3884585263 -3.5655428078 -6.9504161326  7.1847866482 -3.4229710549 -5.3495105934 -0.0846035329 -0.0809659500  1.0000000000 -0.1626849899  0.1880434680  1.0000000000
 6.7919608708 -2.2718091402 -6.1400193282 10.2372699104 -3.8829775429 -6.3041683582 -0.2721115339  0.0510521253  1.0000000000 -0.0207733263 -0.0994315368  1.0000000000
 8.9501262356 -2.2475458520 -8.0013988660  8.9509849256 -2.7614367457 -5.9726555603 -0.1773049509 -0.2150276048  1.0000000000 -0.0737036610 -0.0368163277  1.0000000000
