699.0000000000
50
-4.9054471199  6.4765378070  6.5366932111 -0.2421409706  0.2258479930  1.0000000000
-6.1879960762  3.0969139024  6.5532383862  0.0016387914 -0.1954188599  1.0000000000
-6.0183195690  2.6415696834  5.8353318939  0.0928884269 -0.2124135924  1.0000000000
-5.3582277529  5.3003168785  5.5074141601 -0.1369603756  0.0828738356  1.0000000000
-3.1938218975  4.8768681919  5.0060444519 0.1552326511 0.3299765994 1.0000000000
-5.3473672012  6.1393930520  6.1665705456 -0.2274345878  0.1308136503  1.0000000000
-5.5882067155  2.7019614523  7.6228706635  0.0815005746 -0.1454925040  1.0000000000
-6.8430431492  4.4330912180  9.0664453998 -0.1747790090 -0.1076418935  1.0000000000
-3.4966529813  4.8604332846  5.3379060377 0.0827465074 0.2533577392 1.0000000000
-3.4233656028  4.2622276593  8.6018593794 0.0476967655 0.1255485176 1.0000000000
-3.6882519884  4.9375594354  8.2771013640 -0.0095624467  0.1852735130  1.0000000000
-4.4478944253  2.7865445038  8.6202785165  0.0878213591 -0.0512797121  1.0000000000
-7.4792354491  4.3589204916  5.4254996755 -0.1950216367 -0.2766160610  1.0000000000
-5.9541323279  4.1155189672  7.7820124532 -0.0587027164 -0.0929313262  1.0000000000
-6.8213807126  3.1581636875  7.7415558054 -0.0636842799 -0.2261936926  1.0000000000
-6.7133854221  3.4192348485  6.7770586368 -0.0728776853 -0.1846714715  1.0000000000
-4.1235043212  4.3181525136  7.3036565782 0.0485616053 0.1095966382 1.0000000000
-4.7091685792  5.5121518186  8.2526490832 -0.1472470612  0.2034784511  1.0000000000
-6.1078317411  4.8723161863  8.0455195402 -0.1589017577 -0.0396962471  1.0000000000
-7.1480065832  3.8026660083  7.3809042615 -0.1406350481 -0.2282715404  1.0000000000
-5.9438534183  5.3266219587  6.9710479953 -0.2143047924  0.0114567538  1.0000000000
-4.5811476999  2.0919686739  8.1272325480  0.1700853923 -0.1197140551  1.0000000000
-4.3835444577  2.6116968169  8.4327028056  0.1940172656 -0.0466274229  1.0000000000
-3.6840011105  3.6437326313  5.7152832343 0.2484255619 0.1113840326 1.0000000000
-6.5688827103  3.2215775625  5.9832078760 -0.0103360231 -0.2703210879  1.0000000000
-6.2884184549  5.2600200796  6.4440734175 -0.2232704366 -0.0476141197  1.0000000000
-6.4252080854  2.6821605629  9.0667893574  0.0603578694 -0.2122450075  1.0000000000
-6.9344054374  4.6634018026  8.4336064602 -0.1876487794 -0.1438282433  1.0000000000
-4.9701400531  2.8987736237  5.6242639552  0.1645856332 -0.0729379284  1.0000000000
-5.0990882816  4.3966753249  5.9521387475 0.0099745327 0.0016086764 1.0000000000
-3.3115145557  2.8342751179  7.6620009230 0.2471448870 0.0811685274 1.0000000000
-4.9624610214  4.3346162143  9.1195108553 -0.0523311416  0.0616982800  1.0000000000
-6.2574174449  4.7328299052  6.8503131129 -0.1483550466 -0.0575702233  1.0000000000
-7.2417730402  4.8047427090  5.7619292413 -0.2686097052 -0.1893542259  1.0000000000
-5.2960372288  5.2869086155  5.8840713222 -0.1520660840  0.0577860899  1.0000000000
-4.3662612941  4.6914571928  7.4829836436 0.0113023194 0.1503345039 1.0000000000
-5.3957054885  2.5572661928  7.3641158992  0.1116565003 -0.1779339339  1.0000000000
-5.2701608157  2.6082875779  8.1962517221  0.0827654310 -0.1350623108  1.0000000000
-3.6990781186  5.5648309407  5.6584389707 -0.0341016387  0.3217432951  1.0000000000
-4.8119111208  3.4858562815  7.7348639322  0.0803064330 -0.0203607127  1.0000000000
-4.5957987537  2.9320536653  6.2087557669  0.1847070075 -0.0311241819  1.0000000000
-3.9176110140  4.5129963156  8.5008344494 0.0742348045 0.1113896675 1.0000000000
-3.6652614042  5.2656947000  5.9605621884 -0.0188777179  0.2800853233  1.0000000000
-5.6476893807  1.6720821133  6.5168609901  0.2063117918 -0.2805324515  1.0000000000
-4.8091892200  2.1828923404  5.0165318609  0.3164154672 -0.1640472170  1.0000000000
-5.1497596430  5.6283028572  8.3447492166 -0.1456987087  0.0419736564  1.0000000000
-4.5470401573  3.0055031368  8.7725151024  0.1237328738 -0.0183676096  1.0000000000
-6.8494327272  3.8649044964  5.9560683034 -0.1290452762 -0.2569923902  1.0000000000
-5.9394736023  5.6058948811  6.0301595449 -0.2301639017  0.0387194839  1.0000000000
-6.6724359367  4.0380321350  7.7506164704 -0.1218650765 -0.1575435095  1.0000000000
50
-4.4921340294  6.5072601731  8.9000112457 -4.4266881321  3.1696957632  5.7558045925 -0.1910607171  0.1657038156  1.0000000000  0.2323722925 -0.0258808328  1.0000000000
-3.0230856945  4.5996707862  5.1760812078 -3.2904385164  4.1821070407  6.0272572467 0.2281930420 0.3223537589 1.0000000000 0.1661721293 0.2190564461 1.0000000000
-5.0380991269  6.2338030915  8.0334325191 -2.9450413431  4.2901109916  7.7340718174 -0.2202942580  0.1177768557  1.0000000000  0.0848133596  0.1997702630  1.0000000000
-5.3921131140  5.4684632474  7.1306493791 -4.2283556265  5.8532201704  6.8307648995 -0.1595129568  0.0502118513  1.0000000000 -0.1465283447  0.2414428041  1.0000000000
-5.6836431329  1.7825539524  7.2220880750 -4.5310249301  1.7267553727  7.7509367975  0.1802908703 -0.2261086659  1.0000000000  0.2790314559 -0.1569457690  1.0000000000
-5.1261482456  1.7049057113  6.2352066172 -5.7412092710  3.7994640535  6.6152072715  0.2957207821 -0.2266952487  1.0000000000 -0.0548717627 -0.0795019800  1.0000000000
-5.6932673057  4.0740116367  5.8321945439 -4.8592687225  4.8471717634  8.8837523734 -0.0080254834 -0.0353845552  1.0000000000 -0.0579204871  0.0781058888  1.0000000000
-6.4403079809  4.6697526786  8.0827693611 -7.5301382122  4.1051989109  8.2386849772 -0.1630420960 -0.0441813620  1.0000000000 -0.1988179963 -0.2459660805  1.0000000000
-4.6601823627  3.3309742092  6.7683236339 -3.5051506811  4.4637885660  7.3903367121  0.0882405096 -0.0010994578  1.0000000000  0.0983344369  0.1398610387  1.0000000000
-4.7224591444  3.2306318805  8.4663487479 -5.0888595913  1.9103894926  7.6595971896  0.0743407581 -0.0587341962  1.0000000000  0.1927054498 -0.1649296795  1.0000000000
-3.7382350369  2.3775337191  7.5336949341 -4.2735042572  5.4118747269  7.7653746866  0.2583675047 -0.0544774988  1.0000000000 -0.0742228376  0.1635446090  1.0000000000
-6.2464416421  2.4163548025  5.4128800971 -4.0438423419  5.6069764207  7.2563823334  0.1096948036 -0.2867023238  1.0000000000 -0.0419490816  0.2463852877  1.0000000000
-4.1780358704  3.7388048966  8.2470098017 -5.0415772256  2.9503837878  8.7220923209  0.1074610669  0.0255941670  1.0000000000  0.0871555391 -0.1016101081  1.0000000000
-4.9493613880  5.7017751510  9.2296728307 -4.2792185831  2.1530459553  7.5459224147 -0.1679014315  0.1178601447  1.0000000000  0.2152684008 -0.1039517647  1.0000000000
-6.2788316985  3.7704729739  6.4233980464 -3.4789370062  4.7147378645  8.8269659521 -0.0740060816 -0.1883172650  1.0000000000  0.0184476995  0.1258817397  1.0000000000
-5.7850062020  5.5702235417  8.6594887061 -4.8577530119  2.0334065853  8.1531874612 -0.2354748184  0.0209235867  1.0000000000  0.1726029473 -0.1503468090  1.0000000000
-4.8487632098  2.5062415607  5.4164490185 -3.1108265028  3.7114120608  8.1287769155  0.2670129299 -0.1427867517  1.0000000000  0.1507249582  0.1595414885  1.0000000000
-4.9527998312  4.7427583976  5.7130850572 -4.1640869809  3.2958291563  8.0397553306 -0.0272645142  0.0250905947  1.0000000000  0.1129477725  0.0069901419  1.0000000000
-4.9834503427  4.1582220009  6.7621312567 -5.1279190631  2.2233932579  6.9643928133  0.0232818395 -0.0001396498  1.0000000000  0.1527914515 -0.1910085344  1.0000000000
-6.1238954291  5.4533115489  7.2348430998 -3.9751506331  2.3575041866  8.1992090572 -0.1897544493  0.0265322706  1.0000000000  0.2412693792 -0.0567453866  1.0000000000
-5.7865212480  3.4439863339  6.6012059677 -5.8575231900  2.3048998261  6.5581420905  0.0634927404 -0.0827535877  1.0000000000  0.1614052128 -0.2471333510  1.0000000000
-7.2274123850  4.8484571694  6.4427628987 -2.7580358303  4.3378864043  5.4194728404 -0.2592974728 -0.1712285030  1.0000000000  0.2172745082  0.3172330252  1.0000000000
-6.0661419852  3.0403983335  8.8937410969 -4.9990134457  6.6016734249  6.7967608874 -0.0224351480 -0.1496705959  1.0000000000 -0.2242350807  0.2089784956  1.0000000000
-5.7148011937  3.6274175777  5.4636057011 -3.4465745007  4.0563489120  7.2321271883 -0.0037889793 -0.1429697924  1.0000000000  0.0939005340  0.1262897301  1.0000000000
-6.4473878306  4.3762555886  6.9145953996 -5.8835826413  2.5927392905  6.8331840393 -0.0601367972 -0.1026858232  1.0000000000  0.0780207128 -0.2028688833  1.0000000000
-4.1420651795  2.7249379607  6.4050284983 -2.5617515069  3.2478897376  8.3525945955  0.2263077789 -0.0173191321  1.0000000000  0.2421525414  0.1752887321  1.0000000000
-7.0125012961  4.0597119927  7.7917613970 -6.6110271202  4.3884817404  7.8746527282 -0.1039570101 -0.1860710445  1.0000000000 -0.1330495362 -0.1886894864  1.0000000000
-6.5754637237  3.9019274112  7.1630030314 -5.5329796362  4.8986013670  9.0211640342 -0.0978707691 -0.1849288496  1.0000000000 -0.1303611607  0.0075942023  1.0000000000
-4.5431081420  4.1538627292  8.8552594772 -6.5779546650  3.8924816974  7.1288853458 -0.0162497532  0.0029105523  1.0000000000 -0.1188209901 -0.1866033520  1.0000000000
-4.7874710907  4.1659843873  5.8388330155 -6.2027185065  2.3801051462  6.6687003710  0.0367966652  0.0407003501  1.0000000000  0.0900328553 -0.3054832278  1.0000000000
-6.4443442350  5.1225536135  5.5816708770 -4.3469678908  1.8027930165  8.6671487870 -0.2475241106 -0.0931395941  1.0000000000  0.1886195898 -0.1205405093  1.0000000000
-4.6126687759  6.1232234029  9.0448233653 -5.5618865306  4.8548166514  5.6062114524 -0.1558601609  0.1391667990  1.0000000000 -0.0677321757  0.0062488229  1.0000000000
-3.6078199192  5.4289950523  6.0758946611 -2.4507101883  3.5257586578  6.8772661574 0.0068242085 0.2914695943 1.0000000000 0.2367883570 0.1611861609 1.0000000000
-3.5526909776  4.5496850763  7.8076194738 -5.0662546862  2.9349706553  5.6729210103  0.0583331628  0.1608637318  1.0000000000  0.1713266417 -0.1167073721  1.0000000000
-5.4216926455  4.6250188815  7.0333682781 -3.9119423421  5.3491156523  9.1676395190 -0.0453365899  0.0124693281  1.0000000000 -0.0542744683  0.1886177694  1.0000000000
-2.9569614602  4.4132508376  7.5540192174 -2.3703408894  3.3956676017  7.8659029918 0.0707493775 0.1923073441 1.0000000000 0.2366698411 0.1868307831 1.0000000000
-2.8807994876  3.5865038715  7.8239271309 -3.7380313090  5.2704539257  8.3931524489  0.1476847989  0.1907338884  1.0000000000 -0.0263616713  0.1478635843  1.0000000000
-6.4475135997  3.7226458238  5.7033598914 -4.7993612515  5.0422208232  7.5776222955 -0.0425075107 -0.1861892290  1.0000000000 -0.0682132820  0.0591249474  1.0000000000
-6.1136405088  4.7313415894  7.6395898814 -4.9758858628  4.3159058569  5.8037373121 -0.1646423074 -0.0631616918  1.0000000000  0.0124488123  0.0340807407  1.0000000000
-5.1628381922  1.0620332824  8.5172393424 -5.6856586558  1.6444418622  5.8760611550  0.2386862495 -0.1806557329  1.0000000000  0.2340925331 -0.2881117671  1.0000000000
-3.6060855385  3.2411267324  7.1453801624 -4.6625394333  3.0632684962  6.0807292459  0.1648389786  0.0687950935  1.0000000000  0.1473219231 -0.1029369141  1.0000000000
-5.8659045042  2.9185043539  6.1520449262 -3.5214783606  5.1905170872  5.6471098331  0.0591135917 -0.1564452518  1.0000000000  0.0065011007  0.3225450054  1.0000000000
-5.7172148915  2.3172964141  7.1771614846 -4.4451283888  4.5727369784  8.8534102360  0.1249438085 -0.1982824130  1.0000000000  0.0067749979  0.1307875465  1.0000000000
-5.1324002963  2.6324190363  5.9288654504 -5.6245110188  4.3702155450  6.8545913062  0.1964650368 -0.1544168085  1.0000000000 -0.0567596720 -0.0524134216  1.0000000000
-5.6684572841  3.9545825510  8.8033082896 -4.9229058502  4.5367425353  8.7763436151 -0.0432036838 -0.0796682747  1.0000000000 -0.0676270730  0.0544629191  1.0000000000
-4.7644052594  1.4707947119  8.0361245293 -5.3617350242  4.0247935595  7.8052788811  0.2203198635 -0.1475782963  1.0000000000 -0.0289242168 -0.0411583268  1.0000000000
-4.2309050962  4.2775064381  6.7947906012 -4.0073282853  4.8751518058  5.2834062061 0.0372823250 0.0743032098 1.0000000000 0.0478268015 0.2097038824 1.0000000000
-5.0046581476  3.2210497468  7.4259117552 -6.1239732800  4.1549240421  6.5058483753  0.0738042095 -0.0710512839  1.0000000000 -0.1100534859 -0.1291223830  1.0000000000
-4.5677508987  3.7510367854  7.9490568294 -4.7603400139  6.6310690906  7.4372760219  0.0841768941 -0.0314436844  1.0000000000 -0.2463926986  0.2310539704  1.0000000000
-4.0929113486  5.1549846978  8.5969575630 -3.2804162303  3.3585312136  5.6691161984 -0.0682406851  0.1428945730  1.0000000000  0.2736753070  0.1138970585  1.0000000000
