168.6000000000
50
 6.7698410800 -1.9238217578 -9.7065690560 -0.0342124919 -0.1234885090  1.0000000000
 8.8365920480 -0.6024079382 -9.9528660590 -0.1064579091  0.0970804464  1.0000000000
 8.9232634793 -1.2819089627 -9.5928581024 -0.1241018330  0.1002354245  1.0000000000
  8.3050912204  -2.5193780823 -10.4922754179 -0.1616800530 -0.0796704198  1.0000000000
 9.4270676488 -1.2303553442 -9.5174374614 -0.1571221044  0.1289031829  1.0000000000
 9.0674084569 -0.4197414717 -8.7629154382 -0.1158144038  0.2123342948  1.0000000000
  6.0006764774  -2.4560371624 -10.1380113474  0.0176463756 -0.2142025540  1.0000000000
 6.4350794032 -0.4046332530 -9.3701166538 0.1106014865 0.0293700911 1.0000000000
 5.9773705270  0.2447304665 -8.1629249166 0.2429936148 0.2342532205 1.0000000000
 7.1350441526 -0.3360454812 -9.7579405704 0.1061165591 0.0691627272 1.0000000000
  7.8401557836  -2.4037073216 -11.8027891727 -0.0607293435 -0.2002412497  1.0000000000
  6.7292021184  -0.7973697780 -10.6618082413  0.0943789831 -0.0701124098  1.0000000000
 6.7107441599 -1.1711281099 -9.1743707318 0.0282968811 0.0061940406 1.0000000000
 8.2972296971 -1.2650399809 -9.4598648934 -0.0916715897  0.0460341362  1.0000000000
 5.9440765350  0.6607954893 -9.3291819189 0.2294857029 0.1215106069 1.0000000000
 6.8325347328  0.6975250739 -8.4815230723 0.1555677948 0.2537009170 1.0000000000
 7.0733759691 -1.4610896578 -9.6596670503 -0.0029545340 -0.0347494487  1.0000000000
 4.7804404960 -1.8105644127 -9.4867154543  0.1511704756 -0.2270430002  1.0000000000
 9.8820632017 -0.3137742651 -9.3288901021 -0.1526983069  0.2029556141  1.0000000000
 7.9819970250 -1.3178639421 -9.2536671298 -0.0622669437  0.0949361232  1.0000000000
 7.0906873573  1.1045428751 -9.2824673987 0.2130025617 0.1814034428 1.0000000000
  7.6887809698   0.4482882376 -11.0478874130 0.1488423526 0.0394178013 1.0000000000
  6.7119211933  -2.3372530159 -10.4293003508 -0.0383612927 -0.1682268860  1.0000000000
 5.4226188353 -1.1340848059 -9.0911411312  0.1466488008 -0.0560946976  1.0000000000
  8.1593967922  -1.3708886298 -10.9051383549 -0.0659393533 -0.0256947484  1.0000000000
  6.6482770261  -0.9290692907 -11.7297889599  0.1210974345 -0.1536965660  1.0000000000
 7.8382969716 -2.1489733229 -8.3179141810 -0.2171271955  0.0484568140  1.0000000000
 6.5921824674 -1.3107249778 -9.8898379109  0.0576000888 -0.1007517620  1.0000000000
 6.6889746679 -0.7528807937 -9.5754258003 0.0616480524 0.0718695154 1.0000000000
 6.5976985906 -0.6824841666 -7.6660863514 0.0418502543 0.2095730936 1.0000000000
 7.4711016100 -2.4219332244 -7.3056278949 -0.2691401042  0.1293322159  1.0000000000
  6.9808488310  -0.7060124764 -10.3505151515  0.0478576510 -0.0175870962  1.0000000000
 8.1831271802  0.4176825810 -9.7435065921 0.0508857752 0.1591800648 1.0000000000
 7.7268837689 -2.3750880422 -8.0604058433 -0.2131384334  0.0898650913  1.0000000000
 8.9479798286 -0.5864572404 -8.4880205675 -0.1156340614  0.2573016216  1.0000000000
 9.3099246661 -1.4278108282 -9.4782678445 -0.1768348243  0.0775072898  1.0000000000
 6.3964539758  0.6882734414 -8.9585643147 0.2024272432 0.1848282568 1.0000000000
  8.5371350621  -1.9969689071 -10.3906835656 -0.1112743955 -0.0373670723  1.0000000000
  5.6016229753  -2.3060550123 -10.3869204307  0.0397832249 -0.2498061624  1.0000000000
 7.6396282753 -2.6506473024 -7.9932041871 -0.3169298805  0.0626018928  1.0000000000
 9.2011207194 -1.4704228480 -9.9988868310 -0.1389576995  0.0680061111  1.0000000000
 7.2640993830 -3.0393241334 -9.2743269268 -0.1952408035 -0.1263448477  1.0000000000
 6.2847912020  0.1056983348 -8.1127935211 0.1322606743 0.2507274498 1.0000000000
 8.4776303651  0.4194071089 -9.5308544425 0.0253135480 0.1540281871 1.0000000000
  6.5272278210  -1.1842820107 -11.6082392086  0.1275844517 -0.1794521947  1.0000000000
  7.1116977549  -2.4796796265 -10.1940531948 -0.0908815549 -0.1653654096  1.0000000000
 7.1747553128 -3.6297181640 -9.7381594561 -0.2540147712 -0.2648398523  1.0000000000
  7.3878552913  -1.6632759519 -10.9870492651 -0.0054345723 -0.1052547137  1.0000000000
 9.1365298510 -0.6542314344 -9.4027249551 -0.0927797249  0.1943543330  1.0000000000
 7.3322710193 -0.2018639888 -8.3600935873 0.0407602646 0.2128123469 1.0000000000
50
  7.1255475263   1.7016264125  -9.5502533527   7.1746045517  -2.8358165935 -10.4428908496  0.2453532767  0.2187417751  1.0000000000 -0.0848911665 -0.1604387961  1.0000000000
  9.5701068570  -0.8882776968  -9.3592520697   9.3243937734  -2.1213282955 -10.9462527352 -0.2021863163  0.1433315178  1.0000000000 -0.2175726884 -0.0421623815  1.0000000000
  7.9378533542  -2.7398797981 -11.1365956844   7.3427739559  -1.6579821860  -9.9053619245 -0.1372760145 -0.1673027935  1.0000000000 -0.0569262151 -0.0074177579  1.0000000000
 5.9878622942 -1.8444183609 -8.3234004580  6.8822191678  0.4178199866 -8.4733891568 -0.0408596755 -0.0145334966  1.0000000000  0.1359784750  0.2099378154  1.0000000000
  5.3125147720  -2.3669662938  -9.4285709587   8.4110284375  -0.3464070299 -10.3230765859  0.0823806485 -0.1887508923  1.0000000000  0.0055059145  0.0693670365  1.0000000000
 6.3078081634 -1.9747641255 -9.1539349053  6.8478726831 -0.3126905299 -7.9425096764 -0.0176764861 -0.0799453185  1.0000000000  0.0361179460  0.2031227511  1.0000000000
 7.4859665800 -0.8814584386 -8.9788445225  6.6619665559  0.2831871464 -9.7463038382 -0.0229793680  0.1035344250  1.0000000000  0.1975186111  0.0790449230  1.0000000000
  6.0648054647   0.0177028775 -10.5470597224   9.0107264110   0.0079506921  -9.1642923755  0.2425341083 -0.0552604096  1.0000000000 -0.0610056456  0.2460044926  1.0000000000
  6.3033738344   0.6364126920  -7.7847999552   6.5143178372  -0.7425124920 -10.7157488482  0.1936864766  0.2972077617  1.0000000000  0.0925916786 -0.0920951211  1.0000000000
  5.6210332089  -0.4408752941  -9.8390111817   7.6169690185  -1.0048822490 -11.5419776362  0.2309805273 -0.0524864119  1.0000000000  0.0444394934 -0.0372499957  1.0000000000
  5.7277697515  -0.0910399225  -9.7908670179   7.4734125332   0.6126923097 -10.5574334622 0.2412769771 0.0376979841 1.0000000000 0.1259343926 0.0777117628 1.0000000000
  6.2863160859  -2.2272019982 -10.3265514185   9.1259697121  -1.1581573851  -9.9575199210  0.0401059352 -0.1640317033  1.0000000000 -0.1717895585  0.0418846018  1.0000000000
  6.7662740776  -1.2282608000 -10.9275620683   6.2454611241  -1.9877770872 -11.2804714870  0.0290550466 -0.0816229759  1.0000000000  0.0792163647 -0.2024736394  1.0000000000
  7.3223770629  -1.1894592203 -11.9374080258   7.0347261638   1.2055949612 -10.2274222169  0.0613507651 -0.1075785045  1.0000000000  0.2155966610  0.1566185257  1.0000000000
  6.8016207944  -2.3836587939 -10.4227690581   5.5820986553  -1.9012399571 -10.5675166971 -0.0114347306 -0.1947017581  1.0000000000  0.0670260052 -0.2399767372  1.0000000000
  8.9077605019  -1.5718933043 -10.7833921911   6.5480859028  -0.1613710598 -11.6812713942 -0.1326567441 -0.0334285912  1.0000000000  0.1717911759 -0.0755123276  1.0000000000
 9.1079718688 -1.6974218235 -9.1608971680  5.7944444637 -0.8401765708 -8.7536814316 -0.2203254582  0.1361746242  1.0000000000  0.1377178840  0.0370243033  1.0000000000
  4.9224859061  -0.7924040988 -10.3665582571   7.3859808038   1.6026880115 -10.7967952109  0.2490606651 -0.1509933231  1.0000000000  0.2026061327  0.0973729604  1.0000000000
 8.5641447739 -1.2939128950 -8.8842338330  5.0359061023 -0.1988884910 -9.1506361491 -0.1995457157  0.1018824515  1.0000000000  0.3531967355 -0.0109095573  1.0000000000
 6.3231328084 -3.9358455456 -9.3446876532  7.6873580839 -2.2795527723 -9.6671685308 -0.2203600488 -0.2614648086  1.0000000000 -0.1666513177 -0.0608935466  1.0000000000
  5.5760520239  -1.5574476698  -9.3756349812   4.9768532088  -0.8870354295 -10.6331691520  0.0907324895 -0.1228997086  1.0000000000  0.2740513196 -0.1762742257  1.0000000000
 6.6464711757 -0.0874946901 -8.4206390388  8.1820529176 -0.9007413954 -7.6852291467  0.0914919572  0.2147407083  1.0000000000 -0.1394302997  0.2903939072  1.0000000000
  5.7146978319  -2.4395850120  -8.7154309499   8.4287458140  -1.9395552255 -11.5636220958 -0.0341641023 -0.1479600274  1.0000000000 -0.0958230436 -0.0994625308  1.0000000000
10.0330625528 -1.1524450037 -9.9654936747  6.9422022969 -0.3022991611 -7.6741856238 -0.1857195533  0.1191624263  1.0000000000  0.0372561481  0.2546924552  1.0000000000
 5.3031188974 -2.6775315857 -9.7922804731  5.4363260259 -0.1760109311 -9.3787034020  0.0317058361 -0.2857776259  1.0000000000  0.2357392033  0.0199559415  1.0000000000
 8.0769859485 -1.3586023092 -8.8322346845  5.7257464486 -2.9555163384 -9.5490004185 -0.1189249540  0.1143504876  1.0000000000 -0.0101286656 -0.2102959073  1.0000000000
 6.5900577082 -2.7891667976 -8.6063575251  8.8108654359 -1.3008787683 -9.8584395262 -0.1729032045 -0.0866410066  1.0000000000 -0.1195563961  0.0616713939  1.0000000000
  8.5977754033  -0.2266797765 -10.8195595191   6.6258985428  -0.3013187365  -9.4556378926 0.0211223523 0.0503566656 1.0000000000 0.1311501177 0.0906847458 1.0000000000
  7.8205263929  -0.6553137923 -10.0562933748   8.3311212837  -0.4096598894  -9.6749692926 -0.0098583842  0.0564544852  1.0000000000 -0.0386577494  0.0997415844  1.0000000000
  7.3577970279  -0.5115845948  -8.0182040588   5.9423008164  -0.3769962644 -12.0217432993  0.0338891238  0.2635948415  1.0000000000  0.2236781680 -0.1766260639  1.0000000000
  7.3732246055  -0.0596535764 -10.3614803628   7.9732544991   0.7649185787 -10.8522188648 0.0648256053 0.0487856570 1.0000000000 0.0927473219 0.1236794054 1.0000000000
  8.5100712845  -1.5098384126  -8.1651226146   6.9392636142  -0.0999441058 -10.1002082273 -0.1956069345  0.2081937103  1.0000000000  0.0830223976  0.0642001140  1.0000000000
  8.3566224222  -0.8657150139 -10.3233725704   7.1537664543  -3.9955518495  -9.7433615415 -0.0648824226  0.0605506865  1.0000000000 -0.2554754121 -0.2323416701  1.0000000000
 6.0582045511 -0.8082208551 -7.8030366946  7.3943223081 -1.6180786802 -9.6695868370  0.1064993132  0.1407798066  1.0000000000 -0.0150968459 -0.0276685735  1.0000000000
  9.1540570798  -0.7273415955 -10.1543200021   7.1296745161  -1.4678517579  -9.1441114813 -0.1275590101  0.1142182837  1.0000000000 -0.0709481274  0.0189172067  1.0000000000
 7.6883631178 -3.2619030035 -9.3152770494  4.9225021456 -1.6597792790 -9.2079528912 -0.2704835514 -0.1114428392  1.0000000000  0.1572815607 -0.1264156515  1.0000000000
  7.8812848399  -0.2049089103 -10.3383125133   8.5513692295  -2.2089911417 -11.1245460161  0.0305462570  0.0216653853  1.0000000000 -0.1517997702 -0.1243953017  1.0000000000
  6.0166322510  -1.3837301235 -11.4017782121   4.9823601793  -1.2501513704  -8.8461213852  0.1436318955 -0.2303609303  1.0000000000  0.2268098008 -0.0916043909  1.0000000000
 5.7319284500 -1.9619331960 -8.5487797377  6.8147268548  1.3356431192 -9.6397481460  0.0447785155 -0.0460761535  1.0000000000  0.2201176396  0.1790930047  1.0000000000
  8.2911509395   0.7842955497 -10.6500148713   6.6769016484  -3.0431696883  -9.4732901449  0.0768468561  0.1162190082  1.0000000000 -0.1494404034 -0.2053088389  1.0000000000
  7.5208266056  -0.8804707232 -10.1051326363   6.9363534184  -0.0672403389 -10.3122566473 0.0473538001 0.0509686152 1.0000000000 0.1328926842 0.0224546715 1.0000000000
  6.9435621668  -1.8836094594  -9.6674153760   7.4198313633  -0.7478341086 -11.9122564730 -0.0570169798 -0.0731197907  1.0000000000  0.0573516629 -0.1118004874  1.0000000000
 6.3138697364  0.1689717793 -7.9727888593  9.8018814698 -0.6134079418 -9.5446295190  0.1554244439  0.2334736932  1.0000000000 -0.1421030525  0.1504272596  1.0000000000
 8.2550987862  0.2471246634 -9.2771286209  6.7411873124 -1.6325191219 -8.6280187597  0.0018098853  0.1937511951  1.0000000000 -0.0941896420  0.0420512649  1.0000000000
  7.1893471631  -2.2297878541  -8.3590934511   8.8120049841  -0.2703892152 -10.0161388553 -0.2035270623  0.0430896699  1.0000000000 -0.0287526288  0.0917644646  1.0000000000
  4.9458556797  -0.6478890536  -9.1292255475   6.7257058591  -2.1396343949 -10.9913041509  0.2748779036 -0.0279394196  1.0000000000 -0.0124289302 -0.2261426000  1.0000000000
  5.8701436999  -0.3372899914  -9.6483058085   8.7784272949  -1.9429300673 -10.0929446968  0.1779265135  0.0211868648  1.0000000000 -0.1224107875  0.0071773072  1.0000000000
 8.5206507173 -2.2312085334 -8.6045357836  5.3080660093 -0.2819634899 -9.0340337437 -0.2498341885  0.0522479961  1.0000000000  0.2571712298  0.0318409448  1.0000000000
  5.2850280680  -1.1721872925 -10.0854814543   8.1078202748  -1.2778894647 -10.6487398342  0.2273476627 -0.1823655422  1.0000000000 -0.0475126479 -0.0119826871  1.0000000000
 5.5581461839 -0.0381929089 -9.0132603400  6.4226988954 -0.7263406155 -9.7201966550  0.2370760934  0.0992151897  1.0000000000  0.0726555418 -0.0129755319  1.0000000000
