745.3000000000
50
-13.2407745174  -9.0424982715  -9.4440888298 -0.1092224806  0.2234280225  1.0000000000
-14.6180400794  -8.4763914879 -10.0034531644 0.0027539019 0.0638964193 1.0000000000
-12.5761992852  -7.9624573333 -10.2826662473 0.0162273578 0.1534947079 1.0000000000
-15.9655260312  -8.5384145716 -10.0257118046 0.0197172144 0.0283570395 1.0000000000
-15.5912235774  -8.0604765169 -11.9810730288 0.1854640646 0.1699518411 1.0000000000
-13.9739975540  -5.8406660486  -8.6157872685 -0.0200788626 -0.2485785873  1.0000000000
-13.6103830886  -7.0186920479 -10.8575082028 0.1410994147 0.0207473675 1.0000000000
-14.3176923399  -7.0019680253  -9.6754632368  0.0238591219 -0.0589771015  1.0000000000
-12.4480087927  -8.9881416983  -8.9059025374 -0.2297974722  0.1937503667  1.0000000000
-14.8643724416  -7.4181991983 -11.2341481929 0.1725618263 0.0160047971 1.0000000000
-14.0172656113  -7.9423940996 -11.5364786204 0.1488444187 0.1226995594 1.0000000000
-13.1941930439  -6.8989954319  -7.9006966588 -0.2287132032 -0.1440418354  1.0000000000
-15.7352978694  -8.3778034711 -11.0245047065 0.0932528190 0.1166671623 1.0000000000
-14.8676885720  -5.9574891715 -10.1807027298  0.1192882274 -0.1821674348  1.0000000000
-13.9843173272  -5.6006359083  -9.7009274688  0.0978592467 -0.2395870773  1.0000000000
-13.5449163585  -7.2891008506  -9.7518663351  0.0222632557 -0.0273902040  1.0000000000
-15.9808102555  -6.6520694882 -10.2187235569  0.1019805624 -0.0534773290  1.0000000000
-13.0583443990  -7.1963578330 -11.9175090754 0.2691778110 0.1537086064 1.0000000000
-15.9059160767  -9.4292011254 -10.0850413372 -0.0194837459  0.1451963660  1.0000000000
-14.5481191617  -8.1875041016 -10.0006222316 0.0046623033 0.0625113486 1.0000000000
-13.7990966792  -8.0454814853  -8.1359627017 -0.2886955615 -0.0347880425  1.0000000000
-14.6509209524  -7.8630886906  -9.8559217909 -0.0306347489  0.0484274923  1.0000000000
-13.9082551755  -6.2658845737  -9.6187686875  0.0637041720 -0.1710752153  1.0000000000
-13.6424382832  -9.2367597923 -10.5044069828 -0.0228029907  0.2060023828  1.0000000000
-14.5088993804  -7.3463319528 -11.5785509687 0.2106022166 0.1036113205 1.0000000000
-16.6436275630  -7.4899753326  -7.9632749696 -0.1386818308 -0.1799227664  1.0000000000
-13.0220082552  -8.5780363566  -9.9645023418 -0.0923876419  0.1639699376  1.0000000000
-15.8273922098  -9.6472677877  -9.2585770120 -0.1439893386  0.0813055177  1.0000000000
-15.8494167376  -7.0111045994  -8.5767968795 -0.0562878475 -0.1361067913  1.0000000000
-13.9287758056  -8.1932986961  -9.1979170669 -0.1601789218  0.0267251412  1.0000000000
-15.7706163885  -7.8302158248 -11.2977265226 0.1529594136 0.0392849326 1.0000000000
-14.3537646085  -6.6559401708  -7.8729195017 -0.2086374989 -0.2221672567  1.0000000000
-14.7880874537  -7.8514670012 -10.8990562325 0.0766558422 0.0400372370 1.0000000000
-15.3962106825  -5.4150677115 -10.7600787659  0.2263778079 -0.1845658463  1.0000000000
-12.8084742819  -9.0955013908 -10.2285604936 -0.1011057181  0.2702075582  1.0000000000
-14.3570165172  -5.3527916666 -10.4286165739  0.1985243366 -0.2385301100  1.0000000000
-13.2347110264  -6.4223128475 -10.9817363962  0.2317135183 -0.0446596957  1.0000000000
-15.7335045983  -9.2215577883  -8.5896305042 -0.1544958063  0.0458839568  1.0000000000
-12.4207425731  -7.5418444123 -12.3485482195 0.3785027685 0.2526349976 1.0000000000
-15.3750213236  -6.1135970726 -10.2584250036  0.1289186012 -0.1355301565  1.0000000000
-12.8184905626  -9.5130923478  -9.4918761988 -0.2026561684  0.2452904985  1.0000000000
-14.3418553308  -5.2127976622 -10.9119017019  0.2417138666 -0.2130576747  1.0000000000
-15.8326967026  -9.4281576265 -10.0498155852 -0.0503802227  0.1221910687  1.0000000000
-12.5397407405  -7.1468785128 -11.8986954810 0.3021486727 0.1431564134 1.0000000000
-16.7854134691  -6.8550302112  -9.3680858154  0.0335439223 -0.1724802341  1.0000000000
-12.4372975424  -8.3895850903 -11.4724659173 0.1216246022 0.2879342806 1.0000000000
-14.1168347655  -9.5975629114  -8.7988945122 -0.2658395968  0.1468433874  1.0000000000
-12.6085505289  -9.1047468008  -9.2457217755 -0.2195604480  0.2208373296  1.0000000000
-12.2064150630  -9.1906591442  -8.8334996528 -0.2999842987  0.2408125158  1.0000000000
-13.1029463951  -8.5241837752  -8.5004817657 -0.2620425678  0.1335490004  1.0000000000
50
-14.6804388044  -9.3009582223  -9.3292104836 -15.5933624475  -9.2844305531  -9.7563653295 -0.1603153222  0.1592748246  1.0000000000 -0.0805741243  0.1284325058  1.0000000000
-13.5465275532  -6.6330457604  -7.7821858293 -13.6670357668  -5.0209180601 -10.3850009943 -0.2307194505 -0.2355767538  1.0000000000  0.2207270895 -0.2735306285  1.0000000000
-13.2176512458  -6.5487540947 -11.7569764915 -13.4644894997  -5.5721322473 -11.1693493461  0.3243160153  0.0482722909  1.0000000000  0.2961479069 -0.1076024396  1.0000000000
-13.6675892287  -6.0322210171 -10.5822262998 -15.5081942676  -7.3314469475 -10.4721480890  0.1509088820 -0.1490490734  1.0000000000  0.0633824967 -0.0323770959  1.0000000000
-15.9699004873  -7.8166572738 -10.0853905794 -15.9592011696  -8.6945293556  -8.8641479489  0.0070737560 -0.0355135429  1.0000000000 -0.1317934933 -0.0203997720  1.0000000000
-13.5876852429  -5.2184977315 -10.8667000355 -14.3335266008  -5.4172424529  -9.8324369680  0.3231634655 -0.2010447854  1.0000000000  0.1422194127 -0.2533017026  1.0000000000
-15.3290139623  -6.1339559545 -10.6193562259 -15.6443477716  -6.5482832740 -11.0777551327  0.1437974721 -0.1776112952  1.0000000000  0.2266610319 -0.1520899283  1.0000000000
-14.8550670231  -7.6250305114  -9.7794084847 -14.8132238416  -7.5150151560 -10.9979030110  0.0031157688 -0.0181428232  1.0000000000  0.1606192633  0.0600195344  1.0000000000
-14.2778137412  -9.4002658777  -8.8509403469 -13.9791072111  -7.4566723507  -9.8690031409 -0.1672873047  0.1645151388  1.0000000000  0.0293342542 -0.0069845391  1.0000000000
-13.0440554873  -5.7946774600 -11.2168106796 -15.0530497322  -6.9754003824  -9.4197571164  0.3186096200 -0.0710423830  1.0000000000  0.0545984189 -0.0845507388  1.0000000000
-15.6490539644  -7.2807954509 -10.2537519203 -15.1656688604  -8.1785123828 -10.9277629593  0.0576077107 -0.0262639855  1.0000000000  0.0919504827  0.1392249681  1.0000000000
-14.6051525680  -6.1171769738 -10.9010324484 -12.9700023403  -9.5337591007  -9.7763225206  0.1982530519 -0.1140934435  1.0000000000 -0.1781245339  0.2395060143  1.0000000000
-13.2080744841  -7.1619171456 -10.6506418689 -15.3306647602  -7.0049232176  -8.4842142616  0.1247580689  0.0729346094  1.0000000000 -0.0746295561 -0.1507857960  1.0000000000
-13.7053067686  -9.0185535566  -8.6522651890 -14.7892164571  -6.0120063565  -9.2750308068 -0.2313659846  0.0975446923  1.0000000000 -0.0019362054 -0.2335165909  1.0000000000
-16.7672805014  -6.0302428181 -10.7198413807 -15.7123560261  -9.2425595961  -9.1752136681  0.1416464817 -0.1377129967  1.0000000000 -0.1359400254  0.0611058404  1.0000000000
-14.0906601345  -7.0970256774 -10.0218313180 -16.7303323977  -7.3709128697  -8.5093520685  0.0431012806 -0.0376782222  1.0000000000 -0.1037987316 -0.1691760154  1.0000000000
-15.1163754634  -7.9292163371 -10.2563634817 -14.3889555184  -8.6969316780 -10.7066581140 -0.0011526790  0.0083033278  1.0000000000  0.0252027028  0.1557719000  1.0000000000
-14.8882971556 -10.2495496189  -9.5407689208 -14.1186535681  -8.3755069600  -9.3688846812 -0.1277986869  0.2311067851  1.0000000000 -0.0943127063  0.0622145334  1.0000000000
-16.0502278268  -5.3320348241 -10.8393658527 -15.3873225759  -8.5509791332  -8.3467682255  0.2547856885 -0.2257916376  1.0000000000 -0.2144971087  0.0130977402  1.0000000000
-13.7286847004  -7.6278910897  -8.5161754969 -13.7174035113  -5.9340006288 -10.7285102113 -0.1776092306 -0.0538239619  1.0000000000  0.1773393520 -0.1472637215  1.0000000000
-13.7953314633  -8.3790982679  -9.4014092783 -16.0272932900  -8.7606759466  -9.9968280223 -0.0972309740  0.0755408060  1.0000000000 -0.0126148863  0.0603752655  1.0000000000
-13.7549549328  -5.7894963612 -11.2757770798 -15.1996307991  -8.5995042920 -11.7789434669  0.2843821983 -0.0697859851  1.0000000000  0.1281854182  0.1864228278  1.0000000000
-13.7151461904  -7.3244642672 -11.2529319204 -14.6622816973  -6.2745056727  -8.9561620363  0.1871710404  0.0655749357  1.0000000000 -0.0016138590 -0.2194719435  1.0000000000
-14.9650129784  -8.9906244365 -10.3745578825 -15.3636058567  -7.3264710818 -11.5774633186 -0.0063138532  0.1436426797  1.0000000000  0.1944350500  0.0637607315  1.0000000000
-15.0644185028  -9.4776543634  -9.9882539797 -16.6765709632  -6.4246969182  -9.6015914460 -0.0931449641  0.2144442275  1.0000000000  0.0348137185 -0.1795630660  1.0000000000
-15.5599141190  -8.1445583569  -9.0255305689 -13.0960417531  -5.9733530957 -11.1081950217 -0.1031479467 -0.0081745076  1.0000000000  0.2288745818 -0.0915754033  1.0000000000
-14.2403106900  -8.3571218107  -9.1392311659 -14.4099635062  -7.7309832635  -8.2479684428 -0.1161678938  0.0167798180  1.0000000000 -0.1823288159 -0.0510277292  1.0000000000
-13.6062041682  -7.3920545067 -11.0648251895 -13.5281333144  -5.0617419937 -10.3426026144  0.1539851580  0.0620828931  1.0000000000  0.2284867162 -0.2196650197  1.0000000000
-14.3617672003  -8.2946249613 -11.0544195716 -16.2748646742  -8.5626416064  -9.0709447584  0.1019358553  0.1114411525  1.0000000000 -0.0697070118  0.0197736603  1.0000000000
-16.1673940107  -7.9037790618  -8.1552300428 -13.6472997942  -6.7723265951  -8.1391696206 -0.2236194400 -0.1100755013  1.0000000000 -0.1455803162 -0.1830320515  1.0000000000
-15.2906644196  -9.3047279653 -11.2355521296 -13.2695250133  -6.3727704901  -7.2005263903  0.0632031673  0.1968472358  1.0000000000 -0.3083078264 -0.2858856464  1.0000000000
-16.4627154901  -7.9687950942 -10.3338394596 -13.1475385017  -8.0594025751 -12.2600975617 0.0612802277 0.0079282462 1.0000000000 0.2740871285 0.2843958642 1.0000000000
-14.2270380054  -6.3708516301  -9.7136402959 -13.2257510336  -6.2569317289 -10.0983423518  0.0317620117 -0.1621502843  1.0000000000  0.1130448595 -0.1158680316  1.0000000000
-15.8559697907  -9.3850996745 -10.4446951336 -14.7894745657  -8.0660205744 -12.0783184831 -0.0360995465  0.0876009703  1.0000000000  0.2436363019  0.1086587635  1.0000000000
-15.5612887030  -9.3269871459  -9.2664278833 -15.8147993883  -9.8462927997 -10.3129432131 -0.0988652321  0.0850030518  1.0000000000 -0.0097160151  0.1370799920  1.0000000000
-12.8379864800  -8.3800502913  -9.6824592590 -15.1224325541  -9.3317682665  -9.9974394120 -0.1039008197  0.1826012561  1.0000000000 -0.0826758763  0.1745023212  1.0000000000
-15.3169833641  -8.4407529556 -11.7409656876 -14.5796949307  -5.4491390587 -10.1083788829  0.1771114596  0.1097712463  1.0000000000  0.1935848920 -0.2482083463  1.0000000000
-13.6954618146  -7.9041525643  -7.9915588193 -15.9444947631  -8.3161029173  -9.4212883146 -0.2667557599 -0.0441650685  1.0000000000 -0.0765001401 -0.0341146187  1.0000000000
-14.6392020146  -8.0442307399  -8.7237392221 -16.6962479806  -7.5798956015  -7.4936400008 -0.1456285959  0.0022492452  1.0000000000 -0.1570733528 -0.1661768920  1.0000000000
-15.7574655959  -9.1450231450 -11.6129958830 -12.6336998386  -8.2530817959 -11.1713366451 0.1110628045 0.1930415960 1.0000000000 0.0961792434 0.2687316068 1.0000000000
-14.8652480439  -6.2226526380  -8.8078287042 -15.2023263394  -9.4868976232  -9.6699489217 -0.0495920393 -0.2498249198  1.0000000000 -0.1006356307  0.1771521601  1.0000000000
-12.8454157561  -8.2637691998  -8.5257319801 -15.6431530314 -10.3279485888  -9.5528675462 -0.2650667870  0.0068703989  1.0000000000 -0.1354303991  0.1467476847  1.0000000000
-15.7149792005  -6.9959003041  -9.6681736652 -15.7268741310  -7.5291414705  -7.6743271716  0.0158369890 -0.1313679111  1.0000000000 -0.2040687766 -0.1697381078  1.0000000000
-12.7636608219  -7.8310311120 -10.1431112037 -13.5106573721  -7.8862097098 -10.4145838207 0.0244301349 0.1329179300 1.0000000000 0.0130200108 0.1146007434 1.0000000000
-13.6088805968  -7.7596243993 -10.0468273003 -12.4244013890  -7.9878859811  -9.8656883597 -0.0232645652  0.0707691135  1.0000000000 -0.0418621111  0.1209854728  1.0000000000
-15.5561709757  -6.8440561841  -9.2305071983 -12.3825433109  -9.1890060344  -9.9393348531 -0.0190218456 -0.1852897105  1.0000000000 -0.1023580046  0.3094695813  1.0000000000
-14.4910825154  -5.4492545889 -10.5201025279 -14.8187804862  -5.4646299566 -10.3114682644  0.2215536254 -0.1791045266  1.0000000000  0.2163060628 -0.2035791091  1.0000000000
-14.2742896184  -9.4559583446  -9.0516572063 -12.8171877287  -7.8494103472  -9.0486814005 -0.2325782137  0.1350872068  1.0000000000 -0.1404558076  0.0663049293  1.0000000000
-13.0910143559  -6.9801656038 -11.6972986979 -14.5223156384  -9.0554359139 -11.1782888065 0.3116169134 0.0914702435 1.0000000000 0.0579633172 0.2136189380 1.0000000000
-13.4425684109  -6.8572493169  -8.4222989611 -15.5468754803  -6.2084114459 -11.1093002553 -0.1163999412 -0.1285224570  1.0000000000  0.2831964133 -0.0938321257  1.0000000000
