713.4000000000
50
 8.1547346375  3.2960775681 -4.9301555852  0.1306876591 -0.0570549923  1.0000000000
 6.8071992524  2.5015601297 -5.4282464836  0.3072691675 -0.0650448916  1.0000000000
 8.5606387743  5.2687774115 -5.5428622276 -0.0922208219  0.1549519852  1.0000000000
 6.8851758778  3.1781393971 -6.0274782574  0.1808528774 -0.0272852100  1.0000000000
 6.9653394851  5.6780814273 -2.8711915864 -0.2433424696 -0.1767014087  1.0000000000
 8.0345608883  5.0859190579 -3.0422442756 -0.0721484337 -0.1197371318  1.0000000000
 6.1603116560  5.9357856798 -5.3272403503 -0.2411918190 -0.0871627026  1.0000000000
 7.5411240495  3.1621439525 -4.8733619510  0.1743740447 -0.0819548079  1.0000000000
 6.5358742216  4.5393861283 -5.9316259837  0.0249573156 -0.0191508255  1.0000000000
 7.3985660012  3.7313726942 -3.7394198586  0.0378948876 -0.1994414909  1.0000000000
 7.6926504149  5.9319596316 -6.9794418018 -0.1391497374  0.2704813389  1.0000000000
 8.6951579843  3.5142547107 -6.6206583675 0.1855142000 0.2216913910 1.0000000000
 6.0007201540  5.7796441275 -4.5917772876 -0.2727326800 -0.2041307712  1.0000000000
 7.1355223271  3.4435699950 -3.3860280897  0.0590198036 -0.2300420533  1.0000000000
 7.4680154489  2.7979653270 -3.5055764586  0.1300017567 -0.2008327326  1.0000000000
 8.5793257131  4.2967051177 -3.1940587345 -0.0200652346 -0.1173076699  1.0000000000
 6.9274051087  5.2652046352 -4.9357706837 -0.0910298578 -0.0674232000  1.0000000000
 7.4656388931  4.5857244751 -3.4400105677 -0.0876966861 -0.1999585915  1.0000000000
 7.3107708000  3.3730358261 -6.6797285881 0.1638358013 0.0955937035 1.0000000000
 6.7253802580  2.5493834075 -5.0900646432  0.2503647213 -0.1770148252  1.0000000000
 6.9962503656  4.2400764269 -5.6010190820  0.0444961037 -0.0023557794  1.0000000000
 6.2261826237  3.6996038938 -5.4989546241  0.0675583932 -0.1001062023  1.0000000000
 6.8978095688  6.0031481414 -4.6363945136 -0.2120560874 -0.0572927680  1.0000000000
 8.6894799724  5.8768796107 -6.4558304076 -0.1499386338  0.2453652275  1.0000000000
 8.6032848927  3.1541945182 -6.2337241729 0.1658404822 0.1715499383 1.0000000000
 7.8894562702  3.6584527480 -3.5288908825  0.0615105877 -0.1352026668  1.0000000000
 6.7235532146  4.4038836905 -5.7750247703  0.0530981273 -0.0510165145  1.0000000000
 8.2704824174  3.4740753367 -6.6107197976 0.1970577898 0.1816592498 1.0000000000
 9.6920608494  4.3488314504 -4.0824796461 0.0067836287 0.0483409768 1.0000000000
 7.2146182417  4.0024482780 -5.9952120759  0.1075789567 -0.0014976471  1.0000000000
 7.5581554228  2.2130783386 -3.7695656652  0.1947571379 -0.2046389079  1.0000000000
 9.8570069380  5.6865107727 -4.1672917216 -0.0815185332  0.1064585385  1.0000000000
 8.2071646099  5.4955030565 -6.0699010392 -0.1118100333  0.1679033618  1.0000000000
 6.3445712159  3.4648752767 -4.2255579643  0.0847899732 -0.2181047467  1.0000000000
 7.7517375436  6.7891071794 -6.7636233106 -0.2679205239  0.2666408284  1.0000000000
 7.4604734879  4.5347845540 -5.4770068120 0.0140847784 0.0312789773 1.0000000000
 7.4968602612  4.8427556517 -2.6313949304 -0.1256552433 -0.1935931234  1.0000000000
 9.1274458460  5.1042369690 -5.6426134338 -0.0109492551  0.1717761919  1.0000000000
 6.8451087048  3.4693751940 -5.4405991904  0.1184673833 -0.0918484131  1.0000000000
 7.5726562230  2.9564214430 -2.9191610443  0.1244010657 -0.2467579938  1.0000000000
10.4313983062  2.9734610616 -5.5594100649 0.1425224877 0.1754176776 1.0000000000
 7.4599252018  3.4790452611 -3.5189225990  0.0936443463 -0.1305132401  1.0000000000
 7.7057942173  3.9159878108 -4.8221815236  0.0607143850 -0.0020714532  1.0000000000
 7.0988665058  2.1468472738 -3.9510271567  0.2317140731 -0.2214627759  1.0000000000
 6.7661847172  4.6701228365 -3.5149297757 -0.1252889478 -0.1989965366  1.0000000000
 6.6761860423  4.7777994905 -6.2296108851 -0.0585305853  0.0510501907  1.0000000000
 7.5715797734  3.6774073999 -7.1025848762 0.1917001472 0.1846946340 1.0000000000
 8.5431545970  3.5449762503 -2.8830780894  0.1026659636 -0.1242883717  1.0000000000
 8.3731874745  5.9591366990 -6.2393862035 -0.1446775609  0.2038144952  1.0000000000
 7.7196164589  4.7048630991 -5.6465533986 -0.0314071405  0.0667623284  1.0000000000
50
 7.2146158916  5.2737804282 -5.5324262102  6.0226112215  4.4624651844 -4.7615044920 -0.0839408704  0.0641654402  1.0000000000 -0.0020984211 -0.1904818628  1.0000000000
 9.7858310142  3.1580864998 -5.1051568249  8.2090289280  3.0561335795 -6.3319092318 0.1267075432 0.1275102731 1.0000000000 0.2417563118 0.1056260976 1.0000000000
 8.1760523637  1.8835489024 -2.9415924298  7.7497881045  4.1826102929 -5.0507930397  0.2231313051 -0.1827001112  1.0000000000  0.0219713870  0.0036847937  1.0000000000
 7.3094498147  4.7396590384 -4.0793549437  9.2587076857  4.5379803517 -5.6599339453 -0.0460247820 -0.0927317983  1.0000000000  0.0471910593  0.1579908622  1.0000000000
 7.1095371102  4.1256675924 -3.3113643127  9.2235326032  5.9025635015 -3.3345186202  0.0006177653 -0.2141939631  1.0000000000 -0.1697367466  0.0092210376  1.0000000000
 8.1857799852  4.2516002254 -6.3101986068  9.6361567800  3.6638164970 -6.2295508193 0.0513701274 0.1663807467 1.0000000000 0.1131272259 0.1856779430 1.0000000000
 7.4627212471  4.6417764372 -7.1350796635  8.2712401952  4.8026823672 -2.8650677115  0.0238121857  0.2230076383  1.0000000000 -0.0663297879 -0.0598613098  1.0000000000
 7.8607582034  4.6319740512 -2.9913477726  9.2263874541  3.2046389028 -4.8474739773 -0.0945005623 -0.1314001616  1.0000000000  0.1242063558  0.0097798930  1.0000000000
 6.3759488322  5.7226149855 -3.9948380204  9.4194743349  2.8819969600 -5.7871772756 -0.2065402444 -0.1671100714  1.0000000000  0.1856107212  0.1547773314  1.0000000000
 6.7119277707  6.3051218643 -5.0652298978  8.2090407447  4.1200015154 -4.3820713255 -0.2788384176 -0.0633708099  1.0000000000  0.0212201300 -0.0790247859  1.0000000000
 9.2207226467  5.2454548340 -5.0125390727  7.1276425526  5.1352670996 -4.9710074073 -0.0690763372  0.1201609488  1.0000000000 -0.0561877634  0.0104182744  1.0000000000
 6.5986944989  5.8812891607 -5.5708147927  8.1145668888  4.7629576398 -4.0788443654 -0.2185282478 -0.0283927750  1.0000000000 -0.0423372529 -0.0168631539  1.0000000000
 8.5368600868  3.8620522487 -2.9813570492  5.8326768517  5.3357446891 -3.8441503646  0.0259724013 -0.1086159061  1.0000000000 -0.1380093787 -0.2439358773  1.0000000000
 6.2191684488  5.0985245460 -5.5186132851  5.5911311662  5.4961969914 -4.2516371870 -0.1055796542 -0.1008662547  1.0000000000 -0.2329591273 -0.2602905107  1.0000000000
 6.1762728174  3.9989994281 -5.4769830856  7.7380376127  6.8093169516 -6.8343511327  0.1034433159 -0.1372020919  1.0000000000 -0.3021347748  0.2879888372  1.0000000000
 8.9298175396  3.3297159085 -5.4175667047  7.9803622373  4.7939942268 -2.1490100840  0.1490488146  0.1042905130  1.0000000000 -0.1054316166 -0.1674705242  1.0000000000
 6.3900912471  3.2535484456 -4.8338189247  8.3769955852  6.1555066611 -5.8723566834  0.1338997567 -0.1957491865  1.0000000000 -0.1362803870  0.1748895267  1.0000000000
 9.4388967524  5.1271998030 -5.0497969014  6.1256324375  4.5004771858 -4.2608873571 -0.0548883008  0.1571368797  1.0000000000 -0.0657230271 -0.2444159181  1.0000000000
 6.9454959083  3.0703146301 -4.4736516987  8.3594001404  2.8419786005 -4.1890540573  0.1403359038 -0.1172658004  1.0000000000  0.1293316800 -0.1226632574  1.0000000000
 8.7775159789  5.6190568717 -3.4886375702  7.8098022708  6.0212366967 -4.8939115966 -0.1361794515 -0.0177648765  1.0000000000 -0.1542913813  0.0490345147  1.0000000000
 7.2147471994  2.9954071675 -4.5078981565  6.5638364919  2.8866865459 -4.9857976748  0.1252648167 -0.1646682102  1.0000000000  0.2096638664 -0.1846717342  1.0000000000
 8.0281825083  2.4032169208 -5.3256643678  8.2219696527  3.4523821525 -7.0841870908  0.2491054815 -0.0168844340  1.0000000000  0.2113456912  0.2145900216  1.0000000000
 7.9513936991  3.8811901984 -5.8949369537  9.8118771751  3.6435453859 -5.8827994043 0.0733565089 0.0709491982 1.0000000000 0.1281063114 0.1601798105 1.0000000000
 6.5635356918  2.6030652577 -6.0465707733  7.9811716660  4.6064474146 -2.7351184063  0.2950501271 -0.1380319718  1.0000000000 -0.0416130777 -0.1739011110  1.0000000000
 7.3550257497  2.7778620680 -3.2836313284  8.8065722962  4.8063843719 -3.8860341819  0.1166230562 -0.1970938069  1.0000000000 -0.0279464404 -0.0527798667  1.0000000000
10.4394592073  4.3446243480 -5.2561029731  8.0200577046  2.9422330995 -3.9495455950  0.0508446457  0.2048862857  1.0000000000  0.1413022923 -0.1621633227  1.0000000000
 8.6568376700  5.5295362419 -5.3861462176  6.6433920126  5.2428267561 -3.1033900390 -0.1251167150  0.1510998333  1.0000000000 -0.1498630026 -0.2251554591  1.0000000000
 7.4347665276  3.1284037114 -5.1920994686  5.7418978783  3.2190150872 -5.2217526316  0.2018410984 -0.0555312473  1.0000000000  0.1732437797 -0.2445381253  1.0000000000
 8.1559680844  5.4627710962 -2.9537304986  7.7788323269  4.8455871644 -2.8465045683 -0.1855926690 -0.0576118670  1.0000000000 -0.1095772952 -0.1406842690  1.0000000000
 7.5766345177  5.6973076459 -6.7220484227  9.6786293130  3.3902816545 -4.7311011058 -0.1297783093  0.1932780072  1.0000000000  0.0758648193  0.0960999843  1.0000000000
 7.5562912226  3.6704094676 -6.2243703828  8.6982342092  2.2021678370 -4.1716192874  0.1311538335  0.0817214357  1.0000000000  0.2163061448 -0.0350528548  1.0000000000
 9.4240719890  3.6775454721 -6.1166549039  9.0649572295  3.0782228796 -4.1752056528  0.1710062634  0.1774064498  1.0000000000  0.1232383649 -0.0354349970  1.0000000000
 7.3490574143  6.1029188303 -7.0062716815 10.0398231355  5.3856833538 -5.2884535966 -0.1903709095  0.2308486825  1.0000000000 -0.0557404014  0.2315807033  1.0000000000
 8.9963237292  4.3635769612 -5.7989953836  8.9451736864  3.6243681178 -5.0952912340 0.0179874465 0.1848401293 1.0000000000 0.0977231425 0.0881447514 1.0000000000
10.0030508923  4.2370540003 -4.6664447635  7.4585860620  5.5745818239 -5.9859040115  0.0284806075  0.1148506333  1.0000000000 -0.1260353447  0.1059072035  1.0000000000
10.6577644690  3.0878608188 -5.3332650186  9.1998116295  5.4804692469 -4.9442467119  0.1759401814  0.1744975372  1.0000000000 -0.1119496789  0.1744468157  1.0000000000
 8.1728266168  5.4235485657 -3.7984847442  7.3622696820  3.5473342747 -4.5216930449 -0.0904201760 -0.0216884589  1.0000000000  0.0854251671 -0.1209012819  1.0000000000
 6.7819220586  4.0815330362 -5.0564666167  6.9181330216  3.9516606404 -4.0662458114  0.0300288595 -0.1398224709  1.0000000000 -0.0236414037 -0.2392500683  1.0000000000
 9.3400574902  5.0282810524 -4.7338795962  7.1568797324  6.2186557990 -4.6491075638 -0.0582326497  0.0627700246  1.0000000000 -0.2385024505 -0.0506798092  1.0000000000
 6.4679281553  3.2298807360 -6.0274800024  8.6542826758  4.4450530539 -4.9344287827  0.1943743879 -0.0553913198  1.0000000000  0.0316751320  0.0690767008  1.0000000000
 9.4052023225  4.5579480055 -4.1958462976  8.3116094634  5.1787973622 -3.4894447108 -0.0258715188  0.0762119092  1.0000000000 -0.0762505626 -0.0251334394  1.0000000000
 5.5224115431  3.6103533439 -5.0198669212  7.4755648166  2.8996060197 -6.2570016373  0.1142279695 -0.2564876581  1.0000000000  0.2742131929  0.0598897361  1.0000000000
 9.9659244531  5.5549895725 -4.7258480888  7.3109437169  4.5922985929 -4.5583639545 -0.1169300804  0.1304160362  1.0000000000 -0.0326768476 -0.0714504766  1.0000000000
 8.2798020759  5.2211302363 -2.3752834495  7.5050485129  4.1078400115 -5.5567891913 -0.1174347007 -0.1545852160  1.0000000000  0.0998779726 -0.0058964432  1.0000000000
 7.9408193536  2.6540577580 -6.1546878683  6.3152122767  3.8226985449 -5.3126370938  0.2678696188  0.0722327678  1.0000000000  0.0796695603 -0.1434672477  1.0000000000
 7.4476267544  5.0097807727 -3.4086817445  5.4054687487  3.6396042494 -4.6520026732 -0.1418173392 -0.0794294198  1.0000000000  0.0700686401 -0.2910225466  1.0000000000
 6.2965190515  3.2982901016 -4.3429139117  8.6963128122  4.9289912272 -3.0196795568  0.1262675384 -0.1985379737  1.0000000000 -0.1201821119 -0.1002330124  1.0000000000
 8.1809219974  5.3638208449 -2.8423157287  7.2401741807  4.7114345306 -6.4640378771 -0.1791772272 -0.1030360383  1.0000000000  0.0203058385  0.1337410364  1.0000000000
 8.4833819184  3.9521471572 -5.5001613519  7.0464116729  5.0699254860 -2.7794442595  0.0668217751  0.0901072037  1.0000000000 -0.1365786983 -0.2321196140  1.0000000000
 6.9806734558  3.1445684499 -5.4857632535  7.1036431576  6.0955428630 -5.3104828939  0.1890449367 -0.0578319633  1.0000000000 -0.2247195896 -0.0116189532  1.0000000000
