466.0000000000
50
 10.9143183841 -10.1330145219   9.4713980867 0.2256186588 0.1568776754 1.0000000000
 10.6251642239 -11.2646930461  10.8685899544 0.0782120393 0.0066535667 1.0000000000
  7.5347422211 -10.1652234873   9.7651029633 -0.2259133357  0.1239993135  1.0000000000
 11.6586556333 -11.0197558472  11.8985039929 0.1330103806 0.0536536841 1.0000000000
  9.3016529788 -10.9971095040  12.7803923917 -0.1300020016  0.0754944792  1.0000000000
  7.8797113088 -10.1543150245  10.4476676850 -0.2433260646  0.1205484218  1.0000000000
 11.2177060108 -10.6605119863  10.4652353966 0.2042378736 0.1115444619 1.0000000000
 10.2325391822 -10.5168989670  12.6126635745 -0.0083253719  0.1007533478  1.0000000000
  7.9164795699 -10.9927267512  10.0046088736 -0.1873043850 -0.0045049627  1.0000000000
  9.2604018449 -10.3361896724  13.1368227195 -0.1110431888  0.1325054372  1.0000000000
  9.4863144028 -10.5829209548  11.8544751703 -0.0789339987  0.0723820390  1.0000000000
  9.6965931800 -11.4236624153   9.4936535292  0.0807540285 -0.0959361441  1.0000000000
  9.3088894392 -11.7136289917  12.5934590182 -0.1084589355  0.0324461185  1.0000000000
  8.8603135553 -12.1033066884  11.1775118820 -0.1624786263 -0.0974460643  1.0000000000
  8.1833137058 -11.0423358734  10.1948210978 -0.1491387413 -0.0031518809  1.0000000000
  8.9682753430 -11.3067124665  13.0141359329 -0.0954524982  0.0275164434  1.0000000000
  9.2329197777 -11.5798548194  11.3797438879 -0.0636477878 -0.0202411239  1.0000000000
11.1007161967 -9.7234617507 10.1154996184 0.2353030189 0.2146861862 1.0000000000
 11.3355054506 -13.5140277651  11.3481256725  0.1802615195 -0.2477731667  1.0000000000
 11.7454951736 -12.7716899023  10.6378637871  0.2169204850 -0.1582625652  1.0000000000
 11.2911865460 -11.2546263169   9.9356688077 0.2324902934 0.0100809613 1.0000000000
 10.6553679358 -13.1634078901  11.5363138860  0.0203859947 -0.2020797895  1.0000000000
 10.8133402865 -11.8738562662   9.4567122966  0.1712747237 -0.1294046539  1.0000000000
 11.0149576444 -11.1621136752  10.8764220342 0.1715806431 0.0441540357 1.0000000000
  8.7539223043 -10.0328220440   9.8513035594 -0.0967844166  0.1224527175  1.0000000000
 10.5072270989 -10.1378707506  11.7159899768 0.0298267432 0.1601513688 1.0000000000
  9.3184583329 -12.3596328886   9.2494028776 -0.0076974292 -0.2033320706  1.0000000000
  7.7038249378 -12.7846113486   9.2654960004 -0.2088147998 -0.3081487715  1.0000000000
 9.5095599652 -9.6517257187  9.3267698480 0.0860686334 0.2007834375 1.0000000000
 9.4191642116 -9.9268057973 10.0533860502 0.0072402695 0.1425846691 1.0000000000
  9.1952188973 -10.6314201790  12.1815877628 -0.1067205917  0.0877126474  1.0000000000
 10.9574155781 -12.1642778367  11.5429592204  0.0820769916 -0.0929755522  1.0000000000
  9.4375577244 -12.1358182919   9.1401319221  0.0707778496 -0.1852394162  1.0000000000
11.7992613348 -9.5792888218 11.2517764084 0.2121804016 0.1999819742 1.0000000000
  9.9233849176 -11.9217044504  10.3356214360  0.0358525122 -0.0819380095  1.0000000000
10.4435537161 -9.5320038344  9.9806702719 0.1336783876 0.2063967283 1.0000000000
  9.5676755481 -11.4856319817  10.5732247765 -0.0089038856 -0.0421608197  1.0000000000
 10.3538435399 -10.8857123935  10.4866505257 0.0722461332 0.0370930016 1.0000000000
 10.2143426260 -12.4221767018   9.4197669205  0.1444700984 -0.1968813851  1.0000000000
 10.3719972176 -10.3669190237   8.9117633838 0.2125480113 0.0916028930 1.0000000000
  8.7329126415 -10.0657175478  12.8120688215 -0.1773845753  0.1736186946  1.0000000000
 10.4731019173 -10.7024824848   9.0825604463 0.2445597058 0.0565763231 1.0000000000
 10.0855502027 -12.5520870264   9.7302261178  0.1307170108 -0.1782609840  1.0000000000
 10.6441898027 -12.8499605487   9.3562909645  0.1801839332 -0.2361835407  1.0000000000
 10.2900516945 -10.8859153209  11.3988170919 0.0539288355 0.1016864537 1.0000000000
  8.0943157890 -11.8795231359  11.6388397297 -0.2068956851 -0.0584642408  1.0000000000
 8.5737649909 -9.5843112287  9.4986833049 -0.0531666704  0.2169667351  1.0000000000
 11.0729802898 -11.4262787827  10.6971482627  0.2016208477 -0.0230401627  1.0000000000
  9.3333593953 -12.6380781765  11.8573253967 -0.0933939170 -0.1142955145  1.0000000000
  9.9214083519 -13.0920934123   9.9615568600  0.0389997625 -0.2456969665  1.0000000000
50
  9.2807949153 -13.0669271506  11.4074476447  11.4186134478  -9.7284739404  10.5371335048 -0.0547658465 -0.1616142019  1.0000000000  0.2023960077  0.1673001115  1.0000000000
  8.4034146018 -11.1731217026  12.1793674409   7.6915520742 -11.3152307378   9.6966154251 -0.1750551427  0.0474355157  1.0000000000 -0.2205551576 -0.1256414654  1.0000000000
10.7705356252 -9.4417381756 10.4790441296  7.9681073191 -9.0780534351 10.3249639994  0.0981419918  0.2398160624  1.0000000000 -0.2231893728  0.2899269589  1.0000000000
 11.7140984347 -12.1722492436  10.7197308507   9.8068124552 -12.9633323539  11.4552595476  0.2000844899 -0.1108184013  1.0000000000 -0.0443791543 -0.1538105419  1.0000000000
 10.1533888613 -11.5099298995  10.0190769907   9.8185470880 -12.8781961081   8.9439358536  0.0948669976 -0.0366147545  1.0000000000  0.1466224264 -0.2955971742  1.0000000000
 11.0197331467 -10.4627111451  10.9794179683  10.9877683265 -12.5438844131  11.9365628005  0.1244541865  0.0969247366  1.0000000000  0.0411328637 -0.0953700447  1.0000000000
  9.4695253658  -9.6867606553  12.7637345013  10.7347497092 -13.2953468813  11.6255473512 -0.1031768833  0.2073804557  1.0000000000  0.0641224146 -0.1933588148  1.0000000000
  9.4228686606 -10.7967201520   8.8250903386  10.5119575595 -10.8852601317  11.6918113441 0.0612853134 0.0200801930 1.0000000000 0.0457916332 0.0748279251 1.0000000000
 11.7908070411 -12.0301345465  11.4359133231   8.4002336603 -12.8990757464  12.3898691022  0.1785384400 -0.0479439928  1.0000000000 -0.1495808797 -0.1249129739  1.0000000000
  9.2545578235 -10.8809187683  10.0403210534  10.3671375926 -10.6705237582  12.5281044775 0.0084999101 0.0408173335 1.0000000000 0.0181163425 0.1206517209 1.0000000000
  8.8071869571 -11.8125365681  11.4761230553   9.4679824062 -11.7667854918  10.1839608049 -0.1092177455 -0.0638552570  1.0000000000  0.0419921594 -0.1054571912  1.0000000000
  8.8737092244 -12.0341021335   8.9007703544   9.4553736185 -12.5961234336   9.5883891812  0.0048164090 -0.1900742352  1.0000000000  0.0547430189 -0.2199890413  1.0000000000
  8.6191294498 -13.0435864262  12.6442783544  10.7167838897  -9.6740589201  10.7966291044 -0.1888704675 -0.1317955523  1.0000000000  0.1297294636  0.2217517009  1.0000000000
  7.8130243446  -9.7315048497  10.1082229205   8.2058200098 -10.2521101851   9.3951929106 -0.2462750669  0.2198739426  1.0000000000 -0.1366705549  0.1485935884  1.0000000000
10.3925813980 -9.1570044999  8.8812210366 10.0928311804 -9.7582241902 10.8241114472 0.1962826424 0.2830484830 1.0000000000 0.0084682670 0.2155366518 1.0000000000
 12.0963433078 -11.6408390108  11.6487517682   8.6421011833  -9.4694252692  10.0441528406  0.1596531237 -0.0175744837  1.0000000000 -0.0629058057  0.2258382204  1.0000000000
 10.1425780908  -9.6635636296  11.5130717104   9.5665259021 -11.9847552888   8.8421029266  0.0394699598  0.1895509916  1.0000000000  0.1218413323 -0.1591208704  1.0000000000
 10.8437569881 -12.7005100523  10.5153431933  10.7761019704 -10.6775014442  11.2455141149  0.1691092903 -0.1421439668  1.0000000000  0.0871147487  0.1181258974  1.0000000000
  9.6854920981 -10.0075746678  10.5702441913   8.5667432280 -10.0494845470  11.4698144925  0.0100108717  0.1575222925  1.0000000000 -0.1557895584  0.2070059622  1.0000000000
  8.7495479604 -10.1207164198  12.5336427353  11.5926683258 -11.9968946362  10.1409920573 -0.1265578334  0.1229727677  1.0000000000  0.2728800301 -0.0910712275  1.0000000000
  9.0966349065 -11.8227729094   9.2702039311   8.6606322006 -11.1675159416   9.3873911520 -0.0258155274 -0.1123493853  1.0000000000 -0.0711619798 -0.0591009344  1.0000000000
  8.7696812562 -12.8364993439  10.2892443591  10.4161875854 -12.8706367537  11.8736562208 -0.0902409524 -0.2423397763  1.0000000000  0.0221891087 -0.1307032809  1.0000000000
 10.6837028608 -10.0786689313  10.7738235747   9.1067569530 -11.1034603983  10.1538933163  0.1159931665  0.1593350395  1.0000000000 -0.0671498275  0.0088092251  1.0000000000
  9.5036522630 -10.1094386484  13.2402573395   7.9130261293 -11.6266591935  11.3020840553 -0.1557924233  0.1527293273  1.0000000000 -0.2312125798 -0.0922133439  1.0000000000
 11.2155352318 -12.6741242520  10.3903317963   9.0642561884 -10.4742958154  12.1793048462  0.1928623907 -0.1600864563  1.0000000000 -0.1310311676  0.0941979469  1.0000000000
10.1304336938 -9.8833400647 11.7834384408 11.0360143993 -9.0637433017  9.3129554888 0.0067301033 0.1985823831 1.0000000000 0.2726727608 0.2842262770 1.0000000000
  7.9700284393 -11.7126906605  11.5647870572   9.0628130575 -12.3153022981  12.3479503024 -0.2153312218 -0.0736214190  1.0000000000 -0.0824572295 -0.0664715508  1.0000000000
 11.5845015649  -9.8176513772   9.8849342649   9.0918064385 -12.2687095866   9.0325651743  0.2610543181  0.1842858745  1.0000000000  0.0366748300 -0.2081800943  1.0000000000
  9.3159768664 -12.6259064664  10.6221109964  11.2754103639 -10.8864413175  11.1219808021 -0.0154953217 -0.1555366944  1.0000000000  0.1768505263  0.0727816754  1.0000000000
 11.8216304211 -12.3120128397  10.6399736893  10.6279358573 -13.2461311134  10.3178609162  0.1993806596 -0.0849407261  1.0000000000  0.1340188984 -0.1766267232  1.0000000000
 10.7759957272 -10.6377291631  11.7403624636  10.0759413609  -9.4641228151  10.0159355554 0.0528088898 0.1115153338 1.0000000000 0.1020134742 0.2577761472 1.0000000000
  7.5990421186 -11.1293402381  10.3017616053   8.7188766879 -11.6553012966   9.7451288017 -0.2351121764  0.0181635046  1.0000000000 -0.0753119161 -0.1056648120  1.0000000000
  8.5745679407 -10.2090636083  10.9486319799   9.2152460381  -9.7568316773  10.7878004845 -0.1759566968  0.0982826197  1.0000000000 -0.0639114666  0.2010041133  1.0000000000
 10.3802234011 -12.0741539926  11.9947266367   8.1037940928 -12.6819991039  10.1473041172 -0.0011726839 -0.1006228053  1.0000000000 -0.1708553633 -0.2520868275  1.0000000000
  9.1156173958  -9.6613194939   9.6024646276   9.0274800468 -11.2174057169   9.2060347111 -0.0077821952  0.1989205758  1.0000000000 -0.0004642933 -0.0599678982  1.0000000000
  9.0302747683 -12.6221165181  12.1335286637   8.2775588774 -11.2158219430  11.1628582146 -0.1163889772 -0.1185694147  1.0000000000 -0.1525278035  0.0086866487  1.0000000000
  9.5672532092 -10.1048440829   9.2945014016  10.9497564392  -9.3121878641   9.0782528057 0.1163759845 0.1237056222 1.0000000000 0.2895401895 0.2663818490 1.0000000000
 10.3385088766 -11.9699812365  10.2478964860  10.2576004965 -10.5995046468  11.4853861993  0.0750523309 -0.0623955213  1.0000000000  0.0056221565  0.0474675680  1.0000000000
 10.7016544553 -10.4814544126   8.5308293944   8.2128777151  -9.7441273566  12.0114256892  0.2497775271  0.0806935560  1.0000000000 -0.2322624974  0.1828665753  1.0000000000
 11.2505662308 -13.3674725050  10.6891978392   8.3556675183 -12.5398711399   9.6363465936  0.1914781990 -0.2258765527  1.0000000000 -0.1124806683 -0.2248693027  1.0000000000
 10.1459672947  -9.6828317375  11.6453803039   8.4400598554 -11.9235093934  12.6854125413  0.0526552302  0.1865536332  1.0000000000 -0.2248464509 -0.0723898188  1.0000000000
 11.2884248950 -11.6090180246  12.1040376541  10.4502231232 -10.7093362398  10.8261122251 0.1019537978 0.0120428232 1.0000000000 0.0577704016 0.0812157299 1.0000000000
 11.3677189499 -12.6462198890   9.6862813863  10.0495601529  -9.6715253618   9.4774929621  0.2527032488 -0.1618302365  1.0000000000  0.1134543247  0.2098278983  1.0000000000
  9.4073348311  -9.9043098616  12.0714269937   8.8139422651 -11.4880769922  11.5979022801 -0.0412105970  0.1753268755  1.0000000000 -0.1299725146 -0.0064070805  1.0000000000
  8.8255102392 -12.4957736472  11.4394498422   9.0784288703 -11.5893623973  10.8701432270 -0.1345801352 -0.1714257995  1.0000000000 -0.1254838629 -0.0065624402  1.0000000000
  9.1638444653 -13.1130214022  11.6944215547  10.2321821400  -9.3105354920   9.9343271047 -0.0706945683 -0.1815127704  1.0000000000  0.1210252770  0.2393272619  1.0000000000
  8.4454170396  -9.3995100603  10.6708216631  11.8076700574 -11.7084006862  11.9663919927 -0.1720818728  0.2630096608  1.0000000000  0.1953732770 -0.0077080799  1.0000000000
  8.2878859159  -9.4859545706  12.3476717738  11.0872685963 -12.7157341710  10.3286107729 -0.1954574101  0.2485004765  1.0000000000  0.1601727657 -0.1831898011  1.0000000000
 10.4545968672  -9.6730314494   9.8789367377   8.8064110898 -11.3573336390  11.4320687920  0.1424271727  0.2530267986  1.0000000000 -0.1317750134  0.0179022314  1.0000000000
  9.7950129256 -12.8974546122  11.5434995442  11.8167371890 -11.1412194422  12.0762438470 -0.0271310684 -0.1411654735  1.0000000000  0.1367299605  0.0334810410  1.0000000000
