221.0000000000
50
  8.2238118247 -11.9074119792   8.6424798313 0.0501861829 0.2735849016 1.0000000000
  8.4773711206 -12.7385604758   8.6339090270 0.0957709513 0.2106298467 1.0000000000
  5.1969179874 -13.8980125946   8.4159969019 -0.0663877475 -0.1970896238  1.0000000000
  5.2395881746 -13.7715306363   8.3416795050 -0.0537305054 -0.1701292703  1.0000000000
  7.2994790519 -13.0155351959   9.2651113411 0.0458491756 0.1176197345 1.0000000000
  5.9077430560 -12.2728092085   9.6692645773 -0.2186447031  0.0472130678  1.0000000000
  6.8277248319 -14.5544288515   8.0999603645  0.1193293727 -0.0685114604  1.0000000000
  5.6286701034 -12.1284240933   8.0170073391 -0.0903225532 -0.0682244194  1.0000000000
  8.5912961997 -12.0381379164   8.1079287733 0.1857075060 0.2468242331 1.0000000000
  7.6898690374 -12.9821977370   9.0431405832 0.0538504718 0.1245291157 1.0000000000
  6.9014361215 -14.1028791099   7.8772534960  0.1353283218 -0.0341079688  1.0000000000
  4.3580968124 -13.3293199607   8.8460891165 -0.2034636707 -0.2414198172  1.0000000000
  6.8315237191 -13.7879832895   8.3866648376  0.0932434939 -0.0650625772  1.0000000000
  6.8536665387 -12.6102729685  10.4661220670 -0.1613477502  0.1171126710  1.0000000000
  6.3381190049 -13.8138423156   7.5619147519  0.0837887478 -0.1080159271  1.0000000000
  5.3633232023 -11.7618499914   7.5842748484 -0.1097288620 -0.1303207517  1.0000000000
  6.0473017826 -14.0497562520   6.7371729316  0.1767091926 -0.2343612066  1.0000000000
  6.4201137406 -14.0088358918   9.0658133644  0.0342076875 -0.0310332521  1.0000000000
  6.0944817428 -14.7815133827   8.1536076452  0.0701444604 -0.1639854062  1.0000000000
  8.3807201304 -13.4406606470   7.6033782735 0.2286242590 0.0760446718 1.0000000000
  6.8121639105 -14.3387170286   9.1861921231  0.0425651611 -0.0379863080  1.0000000000
  6.0468455004 -13.6138989934  10.6407229318 -0.1625420046  0.0204139922  1.0000000000
  5.6917519717 -13.6362248489   7.3193071427  0.0243917437 -0.1752511795  1.0000000000
  4.9751824987 -12.0118219203   8.0597093656 -0.1846320485 -0.1375738676  1.0000000000
  9.0125105695 -12.5811138557   7.9213999404 0.2399025889 0.2380596537 1.0000000000
  5.6925488565 -14.1761475882   9.2063945274 -0.0537563849 -0.1073765528  1.0000000000
  5.1605200300 -14.9734738803   9.0460249951 -0.0524410017 -0.1828447232  1.0000000000
  6.9524702826 -12.7936585780   7.2944748032 0.1238949221 0.0008618205 1.0000000000
  5.2711473886 -13.5101937341   7.8081752589 -0.0216105362 -0.1776034264  1.0000000000
  4.1284891908 -12.2327864225   7.6797277450 -0.2233116924 -0.2676524970  1.0000000000
  7.2487058221 -13.1346217314   8.4718173015 0.0315699284 0.0267486091 1.0000000000
  6.7873423144 -11.2338855588   7.8267708862 -0.0587070815  0.1413549328  1.0000000000
  5.3860595084 -12.3639260348   7.8071432547 -0.1081529077 -0.1323968303  1.0000000000
  6.9808491658 -13.4185083021   8.0035049795 0.1295889688 0.0040968424 1.0000000000
  7.0030069429 -13.7471850048   7.4082639749  0.1946622708 -0.0783725880  1.0000000000
  6.6540791694 -12.6857263068  10.1422986517 -0.1325432575  0.0801403244  1.0000000000
  6.6834838737 -15.4137211222   7.3241285809  0.1975536302 -0.1631013972  1.0000000000
  8.0080521699 -12.1525931537   7.4297612127 0.1749360787 0.1721098524 1.0000000000
  4.4229920558 -12.4328587449   8.8268469905 -0.2551106434 -0.1766160237  1.0000000000
  5.8082879770 -13.0134434917   8.2437309882 -0.0637441133 -0.1186209955  1.0000000000
  8.2073858648 -13.6253972663  10.5944769117 0.0373417031 0.2113475854 1.0000000000
  7.5526839875 -14.9324433595   7.6478706448  0.2435801570 -0.0757288033  1.0000000000
  5.5524837989 -10.5517969743   8.7379283664 -0.3146155132  0.0977928397  1.0000000000
  5.3029517627 -12.9699516170   9.0326445946 -0.1397622157 -0.1265182358  1.0000000000
  6.1368539221 -15.3256847121   8.5218337749  0.0679492428 -0.1638222221  1.0000000000
  5.0332782059 -13.1321731549   9.5112977558 -0.2007429146 -0.1083976013  1.0000000000
  6.6190664763 -14.6961248567   7.9056423753  0.1505288238 -0.1073352597  1.0000000000
  5.0328749697 -14.0415955136   7.7400850273  0.0108523437 -0.2219911633  1.0000000000
  5.6961136462 -14.9477262543   7.8278914081  0.0954997093 -0.2205572426  1.0000000000
  7.8938476384 -15.6204001706   8.5123988877  0.1796865154 -0.0151535206  1.0000000000
50
  8.7123402545 -12.6758811982   7.5817286637   6.9380537179 -11.5935705536   9.1835652777  0.2289066323  0.2085449401  1.0000000000 -0.0781484721  0.1623337098  1.0000000000
  8.4313464019 -11.8912589136   6.7128167959   4.2341380127 -12.5180407714   7.2026240474  0.3395214775  0.1975314789  1.0000000000 -0.1395042816 -0.3218770541  1.0000000000
  6.7933292051 -12.7227849005   9.2025119516   7.6680231692 -12.6721914496   8.1984166886 -0.0339335339  0.0510151242  1.0000000000  0.0921629851  0.1102413735  1.0000000000
  7.9146910849 -15.2805459152   8.7875223706   9.0456198982 -13.3395972231   8.5970255272  0.1762629783 -0.0151625515  1.0000000000  0.1828570869  0.2273795087  1.0000000000
  7.6189641901 -12.5358838598   6.5539812459   6.4295509376 -13.4985767817   9.7794087384  0.2450664803  0.0344055371  1.0000000000 -0.0433079406  0.0271418296  1.0000000000
  7.0878917763 -12.5003809632  10.6419173943   7.1377501653 -15.1296893704   7.2881205615 -0.1288028825  0.1825218626  1.0000000000  0.2154197833 -0.1606828444  1.0000000000
  7.0138432440 -15.5103311179   8.4929071327   7.1253515820 -15.2049142916   8.3664156407  0.1252962424 -0.0873551932  1.0000000000  0.1655317700 -0.0649176336  1.0000000000
  7.2987312767 -11.2760558260   8.0815958920   5.0399839670 -13.1413203730   8.8175919119 -0.0018412190  0.2096483520  1.0000000000 -0.1438344677 -0.1495396818  1.0000000000
  5.9389020575 -13.0078761289   6.6462158606   7.6101833940 -11.1529596588   7.4978170340  0.1243063902 -0.1768392385  1.0000000000  0.0869568944  0.2219607887  1.0000000000
  7.4395610388 -12.7672748678  11.0822546600   7.9847124250 -13.9078737263   9.0617287811 -0.1590777249  0.2081736345  1.0000000000  0.1379518726  0.0943932113  1.0000000000
  6.3985937275 -12.1883581096   7.1120027133   6.0305625458 -13.7061609099   6.4796333169  0.0689302716 -0.0485977285  1.0000000000  0.1979508336 -0.2224947542  1.0000000000
  3.8874159796 -12.4999914496   8.2403723922   7.0840456777 -10.6096637493   8.2927919266 -0.3000860501 -0.2715650790  1.0000000000 -0.1011542731  0.2928287356  1.0000000000
  4.5569110112 -14.5965010584   9.5205197848   6.1573539594 -12.4277169436   8.2281224679 -0.1212063299 -0.2211150677  1.0000000000 -0.0679693359 -0.0377519765  1.0000000000
  7.1779561164 -13.0610877404   8.3898483460   6.5614658148 -11.8202388071   7.8764101601  0.0952378152  0.0754153594  1.0000000000 -0.0321956613  0.0136552192  1.0000000000
  6.4961358048 -13.6928616304   9.4176570936   5.1838761168 -14.1381818628  10.2893551917 -0.0604601998  0.0002707349  1.0000000000 -0.1467383489 -0.1126793028  1.0000000000
  6.3223212340 -13.8855003808   8.4588863166   6.9773883044 -12.3595505163   7.3789022533  0.0264733524 -0.0820722885  1.0000000000  0.0829410584  0.0194682969  1.0000000000
  8.2514207711 -14.2486904768   9.6616140074   8.0559886228 -14.1263359310  10.0045294427 0.1283421282 0.1106261565 1.0000000000 0.0765227187 0.1415152023 1.0000000000
  7.0769116246 -12.5557977508   7.9118823068   6.7210701467 -11.4759610600  10.1079889620  0.0852305937  0.0791307348  1.0000000000 -0.1993995195  0.1844469500  1.0000000000
  6.9485478601 -14.7407618828   8.7946784538   6.0527823329 -12.5555280258   8.9304815898  0.0991724436 -0.0471843914  1.0000000000 -0.0880562513 -0.0149219152  1.0000000000
  6.7944217368 -15.2333317985   8.4479109433   4.1723008308 -12.3884912502   8.5329548782  0.0956199716 -0.1207004284  1.0000000000 -0.2789214956 -0.2350338330  1.0000000000
  6.8783651258 -11.9107887846   8.8243544383   9.1933379606 -14.0322796724   9.0757541159 -0.0562778358  0.1524147908  1.0000000000  0.1615758705  0.1624872823  1.0000000000
  8.1844545366 -12.6861226081   8.6531242239   7.3172398456 -11.4279188086   8.3509815924 0.0632300577 0.1689681388 1.0000000000 0.0319237491 0.1792512822 1.0000000000
  4.6202368362 -13.9364698312   9.8525076211   7.9693811431 -13.3127539256   7.1936771570 -0.2062703701 -0.1799402781  1.0000000000  0.2750542825  0.0380806508  1.0000000000
  5.9212271316 -12.7714260193   8.7441986313   8.2529795757 -11.7661850528   7.2165468431 -0.0837110813 -0.0493449754  1.0000000000  0.1955877495  0.2350146256  1.0000000000
  6.0913922659 -11.5233252409   9.6606553415   7.0039691560 -10.5137313032   9.0199990658 -0.2382399682  0.0989461675  1.0000000000 -0.1892653884  0.2765158824  1.0000000000
  6.8797381183 -13.2728165332   6.1340712372   6.4686216071 -14.4304865749   7.0638003193  0.2574535966 -0.1191357415  1.0000000000  0.1923363031 -0.1580434773  1.0000000000
  7.5413800279 -12.8423071847   7.9243919862   7.4382351938 -11.2071922093   7.7188270143 0.1015408724 0.0676760332 1.0000000000 0.0296393358 0.1888024280 1.0000000000
  7.4075225068 -13.2295930559   8.1685430596   7.4841283966 -11.8808629392   9.8567536032  0.1192719068  0.0666657188  1.0000000000 -0.1012989192  0.2484973562  1.0000000000
  6.8289512135 -13.6663286313   7.6810308150   6.9712757960 -14.0886254117   8.9801487926  0.1052376473 -0.0846228909  1.0000000000  0.0521006186  0.0015173066  1.0000000000
  7.2138899064 -12.2710492289   9.7270887402   7.5057351847 -12.1053841128  10.1021161354 -0.0901840140  0.2091862422  1.0000000000 -0.0671371620  0.2358595067  1.0000000000
  5.7720096966 -15.0328690666   8.4911572146   7.5233698925 -14.0560695870   8.6208306462  0.0335926464 -0.1479827507  1.0000000000  0.1002849137  0.0030408811  1.0000000000
  7.6415195305 -12.1620757530   9.6478031238   7.1192013282 -10.9026351838   9.3302596982 -0.0702683373  0.2100500307  1.0000000000 -0.1735249884  0.2632944776  1.0000000000
  7.4652097433 -14.6030062132   8.4353381954   8.6848173495 -12.4688036105   8.4917719897  0.1689177579 -0.0226151641  1.0000000000  0.1775756588  0.2148556381  1.0000000000
  5.6656321889 -13.3780806915   9.9581931436   5.9334064770 -13.8965217613   7.5836590686 -0.1342728245 -0.0222714349  1.0000000000  0.0436940442 -0.1689727474  1.0000000000
  6.8933753592 -11.1748546793   7.7085757927   5.7938904901 -12.7989859440   8.0044613285  0.0071804640  0.1700536673  1.0000000000 -0.0345606019 -0.0684847337  1.0000000000
  5.5463264779 -14.1531593512   8.1788442295   6.2196318366 -10.5725333973   9.2458086562  0.0017059182 -0.1718917891  1.0000000000 -0.2627321443  0.2366571779  1.0000000000
  7.7232968941 -15.2165151402   8.0775944571   7.9090387752 -12.8001438236   6.8322969467  0.1902260057 -0.0505998778  1.0000000000  0.2442306218  0.1054942135  1.0000000000
  5.9709950224 -12.8956434636   8.4165794752   7.1066068319 -11.2644063170   8.6373286220 -0.0215658445 -0.0679071505  1.0000000000 -0.0550309140  0.1842410729  1.0000000000
  7.9010546814 -14.7425911299   9.1320233270   6.0431813202 -13.7342631175   5.5025172618  0.1353782276  0.0572051267  1.0000000000  0.2931916855 -0.2482274952  1.0000000000
  5.8224852669 -15.0134380728   7.8192363644   4.6487129583 -11.6147678637   8.5073323326  0.1032382223 -0.2627707455  1.0000000000 -0.2873473268 -0.1068789800  1.0000000000
  6.9512216292 -11.7676718387  10.1273299381   6.0910970730 -13.5807755824   5.2589901738 -0.1793113152  0.1719342972  1.0000000000  0.3110324088 -0.3434426451  1.0000000000
  7.0479108690 -10.7896387348   8.2132364456   6.9184500742 -16.3465180389   7.9517504467 -0.0672630046  0.2320100938  1.0000000000  0.2054814095 -0.1766211495  1.0000000000
  6.5185722767 -14.2297352958   9.9033689411   6.2593443732 -11.7464933938   8.9060846886 -0.0633725633 -0.0334628805  1.0000000000 -0.1264493251  0.0939408928  1.0000000000
  7.7891844844 -13.8724429268   8.2452970228   7.8665288586 -13.0773818478   7.6798865098 0.1664152375 0.0390552063 1.0000000000 0.2078501930 0.0975301879 1.0000000000
  6.9154591244 -13.6488579695   6.9526103282   5.3404485804 -11.2822902315   7.9802869407  0.2287624353 -0.0834975532  1.0000000000 -0.2134098272 -0.0484032433  1.0000000000
  6.6496527168 -10.0070202781   9.0734835047   6.8067887067 -10.4339391891   9.3740856427 -0.2532461808  0.3192615768  1.0000000000 -0.2269499512  0.2834332672  1.0000000000
  6.0765483896 -13.9221736915   5.5994950491   6.9010414670 -11.1966596435  10.4395992749  0.2751164254 -0.3105783140  1.0000000000 -0.2335955358  0.2345785302  1.0000000000
  7.7930068777 -12.0991516670   9.0417530196   5.0204927063 -14.1028206758   9.8053762832 -0.0116829125  0.2297040694  1.0000000000 -0.1549470724 -0.1144449821  1.0000000000
  7.8455206602 -11.5013927039   7.1766200109   5.7125157717 -14.5208356848   9.2386725306  0.1480970768  0.2055595951  1.0000000000 -0.0335719396 -0.0987015006  1.0000000000
  7.4194809008 -13.8330762469   8.4025358376   5.9259762757 -12.4113387594   9.3747448779  0.0792321541  0.0387407043  1.0000000000 -0.2142874148  0.0442372312  1.0000000000
