26.6000000000
50
 0.3094750744  1.2178852995 -8.9143083993 0.2236324166 0.2323179621 1.0000000000
 -1.5838833873   0.7117462695 -10.6485373657 0.1490698348 0.2250055629 1.0000000000
-0.2960179217  1.1446974011 -7.7245560409 0.0501097912 0.1960085587 1.0000000000
-2.6539410359  2.8025789805 -7.5691090282  0.0044326521 -0.1579933732  1.0000000000
-1.6041799360  2.6954540003 -8.1685832029  0.1439397131 -0.0667704437  1.0000000000
-3.2772524617 -0.0481971577 -8.1073923428 -0.1458787885  0.1834883082  1.0000000000
-4.0837852506  3.4701126125 -9.3291155445  0.0500445660 -0.2059063956  1.0000000000
 -3.1125782243   1.3965287653 -10.2033028777 0.0837600869 0.0594812278 1.0000000000
-1.9055234447  0.1564374570 -6.4538285450 -0.2033361769  0.1025461445  1.0000000000
-4.0120574961  1.8191106457 -6.3002620228 -0.2681329416 -0.1854136897  1.0000000000
-2.1613240822  3.9092859103 -8.0451723277  0.1887426169 -0.2353049537  1.0000000000
-0.4447999961  1.2549179740 -9.6231730593 0.2287256255 0.2077876584 1.0000000000
-0.8020306820  2.0441793774 -7.8214752564 0.1466293720 0.0163232620 1.0000000000
-1.9642401094  3.6842387983 -7.6116835977  0.1883230362 -0.2202025035  1.0000000000
-2.9952514847 -0.1457696233 -8.1215463629 -0.1783396899  0.1125264481  1.0000000000
-1.2947561535  0.1905672610 -8.4718079429 0.0221380471 0.2254965997 1.0000000000
-2.5626196942  0.4462917889 -7.2819621613 -0.1716007489  0.0720939126  1.0000000000
-2.0719898464  1.4943643282 -5.8081592091 -0.2275355048 -0.1207699778  1.0000000000
-4.0356051826  0.9896578549 -7.6444134030 -0.1626524369 -0.0395928161  1.0000000000
-4.0452475757  1.2696451298 -8.2858504920 -0.1242604964 -0.0536556887  1.0000000000
-3.3824731090  2.9362685527 -9.3010270519  0.0822217866 -0.1098278003  1.0000000000
-4.4612683279  1.8524425038 -7.3413549624 -0.1572718575 -0.1562666433  1.0000000000
-1.1025370971  0.4568015710 -8.1026182399 0.0228152124 0.2250956568 1.0000000000
-1.3792278663  1.6040736891 -8.1742046101 0.1259981695 0.0462398186 1.0000000000
 0.1258237397  1.7481113336 -8.5893161999 0.2777060107 0.1937419666 1.0000000000
-1.2633156882  2.6538838898 -6.6501281442  0.0440286654 -0.1857788831  1.0000000000
-2.1020900450  2.7346844006 -9.5029691014  0.2171042414 -0.0265406573  1.0000000000
-4.1269049172  0.8833380273 -8.9940232994 -0.0737158867  0.0076639558  1.0000000000
-2.0838178490  0.7953617451 -7.6600178092 -0.0752572850  0.0740585821  1.0000000000
-3.4718288522 -0.7280189244 -8.3624242802 -0.2004292195  0.1515216258  1.0000000000
 -2.8096808595   1.9477813093 -10.6563406513 0.1648609556 0.0500424805 1.0000000000
-0.4206422387  1.4474791522 -8.1557683145 0.1533358615 0.1404727668 1.0000000000
-4.3400084845  2.3444815103 -8.9768788957  0.0019531304 -0.1594845447  1.0000000000
-1.5556502240  0.9408178574 -9.4917449387 0.1193106266 0.1856953343 1.0000000000
-2.4365158080 -0.2136629143 -6.8965028565 -0.2401739269  0.1467239395  1.0000000000
-3.7147137661  1.4741191953 -7.0826166569 -0.1581647323 -0.1325631862  1.0000000000
-5.0590203645  1.7392023099 -8.0397526146 -0.1517284968 -0.1731754006  1.0000000000
-1.8465104059  2.2851493961 -8.9125647350  0.1599323530 -0.0043133261  1.0000000000
-0.3033325825  1.1796408461 -8.3633613197 0.1681638830 0.1846073694 1.0000000000
-1.2073611674 -0.3733303908 -6.4875572784 -0.2425931664  0.2604439395  1.0000000000
-1.5779724322  1.5311742728 -9.8995859067 0.1613167935 0.1101968992 1.0000000000
-1.2316094703  2.4712852963 -8.6862865862  0.1837480574 -0.0435247437  1.0000000000
 -0.8392351229   1.1493315792 -10.2604486473 0.2284550543 0.1987657236 1.0000000000
-0.8420287043  2.0689906331 -9.3458133326 0.2496866750 0.0553228786 1.0000000000
-0.9495661451  1.0975919592 -7.5843680772 0.0162085183 0.1108741127 1.0000000000
-0.9088399348  1.3251233666 -9.3305360767 0.1693418206 0.1303841469 1.0000000000
-2.1505522694 -0.1246831146 -8.8571047587 -0.0546957292  0.2552097810  1.0000000000
-1.0114394180  0.6922348788 -7.0208871831 -0.0897574829  0.1631581696  1.0000000000
 -2.7672785026   2.4556394567 -10.0776847665  0.1626564578 -0.0042974033  1.0000000000
-4.0105594694  0.2742481055 -7.6468425013 -0.2049473879  0.0055628065  1.0000000000
50
-1.1623136193  1.9255869459 -6.8088558668 -2.2892264391  3.3127229834 -9.4746255337 -0.0086903986 -0.0934774549  1.0000000000  0.2283530426 -0.1304031877  1.0000000000
-0.5361376064  3.4377109066 -7.5287857778 -3.0113939037  2.7146329146 -8.0470157471  0.2717244702 -0.1769146541  1.0000000000  0.0263798157 -0.1437252396  1.0000000000
-4.0104327129  0.2010365410 -9.0403024007 -2.1198484204  0.5499186077 -5.9880970996 -0.1301046073  0.0683390961  1.0000000000 -0.2860759583  0.0573825666  1.0000000000
 -0.7255740713   1.1706703001 -10.1043263917  -1.1579023063   2.7788338403  -7.3126498030  0.2474228653  0.1868265763  1.0000000000  0.1061557546 -0.0812601788  1.0000000000
-2.7252712505  2.0110739970 -5.8419326598 -1.1434729109  3.2288368359 -6.9251830365 -0.2671500356 -0.2069781795  1.0000000000  0.1172695007 -0.2095711902  1.0000000000
-4.4948812509  1.6558079592 -7.4034259100 -1.2989454354  0.1566633968 -7.6754525623 -0.1659407426 -0.0955071577  1.0000000000 -0.0588623799  0.2019050796  1.0000000000
-0.6289801585  0.6445449765 -8.1553817338 -0.5906452172  2.5091657112 -7.6679937913  0.0479882439  0.2086499561  1.0000000000  0.2009269297 -0.0525694870  1.0000000000
 -2.8992166011   1.8326615202  -8.2556808297  -2.2786808951   2.6136231094 -10.3703365311 -0.0301264817 -0.0617570069  1.0000000000  0.1936393832  0.0498749694  1.0000000000
-3.3079985903  4.0783479265 -9.5241395112 -4.5449834547  2.1900203517 -7.7315593348  0.2106287687 -0.2469067721  1.0000000000 -0.1354322771 -0.1831626823  1.0000000000
-2.9901213467  2.0683991818 -7.4980738677 -2.9750246531  2.2937022343 -8.2770724061 -0.0472178737 -0.1222471008  1.0000000000  0.0073075860 -0.1001237198  1.0000000000
-1.9959342306  3.6127373983 -7.5448320847 -2.2064256028  2.4980780048 -7.7570310721  0.1225804498 -0.2553756064  1.0000000000  0.0194347655 -0.1076517696  1.0000000000
-3.2617344283  1.5151869114 -8.6166194705 -1.0189392701  2.3753596059 -8.7370789523 -0.0182450280 -0.0396463184  1.0000000000  0.2265761363  0.0096393668  1.0000000000
-2.2673025323  2.4568777461 -5.9603206917 -1.2779162183  0.6736162218 -9.7002565277 -0.1617155120 -0.2771388746  1.0000000000  0.1410137152  0.2032867139  1.0000000000
-1.5102562894  1.1913997943 -9.4784419542 -1.3690936172  2.0728402427 -9.2705564997 0.1431773393 0.1481968716 1.0000000000 0.1756597630 0.0749504809 1.0000000000
-4.3918401194  2.1327593998 -7.1678502399 -0.8870450532  0.9139684989 -7.1447414074 -0.1457296095 -0.1936782264  1.0000000000 -0.0296608552  0.1251317100  1.0000000000
-1.8791945288 -0.0560392473 -9.0849718826 -1.4477041333  2.7199048917 -8.1229320211  0.0227368016  0.2249055468  1.0000000000  0.1399516795 -0.1126379465  1.0000000000
-4.7253703801  2.2873995274 -7.8302866618 -1.4210106038  2.5058078568 -8.1426505168 -0.1076481204 -0.1774996879  1.0000000000  0.1921301199 -0.0625750161  1.0000000000
-0.6372136112  2.4989012780 -8.2240706943 -2.2791385125  3.7772849702 -8.0984100184  0.1982706376  0.0009744838  1.0000000000  0.1872484187 -0.2666758549  1.0000000000
-1.1137352968  1.5241833279 -7.7173339645 -5.0847879426  2.1838699210 -7.9134828073  0.0538023123  0.0653940858  1.0000000000 -0.1698527355 -0.1618575465  1.0000000000
 -3.3958634834   0.0923660942  -8.7950527618  -2.2460208416   1.3844196202 -11.0135848114 -0.1114037011  0.1122565856  1.0000000000  0.1768375811  0.1507931925  1.0000000000
-1.2908665511  2.8839006819 -8.7852454539 -3.6276322955  0.3558967339 -8.7930808473  0.2060534370 -0.0588274992  1.0000000000 -0.0955092934  0.0763770072  1.0000000000
 -2.9755680693   1.0549863198  -8.1393645395  -2.3104266974   0.8849234058 -10.1778040646 -0.0468405593  0.0259872138  1.0000000000  0.1245575754  0.1717389646  1.0000000000
-2.3587994363 -0.7119615281 -8.3773727049 -2.7716438939  1.3327504687 -7.2266281207 -0.1207030315  0.2469578298  1.0000000000 -0.1157573310 -0.0652860192  1.0000000000
 -0.5953523536   2.0777863592  -8.4681847474  -2.2514938786   2.2726456920 -10.0851875198 0.2245743658 0.0688366912 1.0000000000 0.2191493745 0.0305976887 1.0000000000
-3.5783414731  2.3407991792 -9.6247342344 -1.8369304706  2.3220832124 -7.0584631597  0.0912563026 -0.0335055883  1.0000000000  0.0242961717 -0.1233935353  1.0000000000
-0.2284483694  1.9576109514 -8.4530629729 -0.8847754352  1.7932845638 -7.1543452460 0.2507496772 0.1044608668 1.0000000000 0.0667678300 0.0249726402 1.0000000000
 -3.2608756881   2.0366061231  -6.0509313885  -1.1449753031   1.0242702616 -10.3142997129 -0.2644749449 -0.2047903623  1.0000000000  0.2116651330  0.1918462365  1.0000000000
-1.0601942399  2.5528622731 -8.9112102420 -2.2523730452 -0.1495920230 -8.5716078876  0.2065414412 -0.0009134798  1.0000000000 -0.0865536870  0.1880383868  1.0000000000
-3.0211693447  3.7645570196 -9.5905921245 -2.2619580434  0.2172777514 -9.1263058471  0.2177510573 -0.1911581279  1.0000000000  0.0120398745  0.1481059501  1.0000000000
-1.3431985946  1.1934306981 -9.7021744409 -3.1688647413  2.4208086045 -5.7770316034  0.1555443849  0.1959313609  1.0000000000 -0.1729047894 -0.2746532733  1.0000000000
-2.9871323263  3.2990633359 -8.9578199292 -3.5799397214  2.1172630488 -7.3911704074  0.1317658274 -0.1728623435  1.0000000000 -0.1228810088 -0.1871954600  1.0000000000
-1.5229196556  1.4929386422 -6.9228958681 -2.5344031552  2.5728432019 -6.4335788623 -0.0024007275 -0.0331972693  1.0000000000 -0.1034905748 -0.2261539234  1.0000000000
-0.6825023959  2.4960903717 -8.0294382824 -1.3418138717  3.7708644821 -6.9035462724  0.2419492254 -0.0153351375  1.0000000000  0.1584141059 -0.3245995292  1.0000000000
-0.7923896802  1.2076117195 -9.2659111305 -1.4109261608  2.1281449681 -8.2461288353  0.1936356585  0.1782839053  1.0000000000  0.1028597830 -0.0305224760  1.0000000000
-3.9069372611  3.0876267918 -8.3792765024 -2.9695760144  2.4118736400 -8.2759453544 -0.0173573936 -0.1999635274  1.0000000000  0.0147340238 -0.1100263422  1.0000000000
 -1.8378239118   0.3446586953 -10.0000161001  -1.4416961358   2.2293807698  -9.2390001742 0.0942490607 0.2041752575 1.0000000000 0.1553026124 0.0433558994 1.0000000000
-3.1541608013  0.6050273046 -8.8162822643 -0.7472781257  0.2863683371 -7.7880518701 -0.0770363429  0.0827710947  1.0000000000 -0.0081628252  0.2431322829  1.0000000000
-2.1258723005  4.0937991182 -8.5504309116 -1.4388297200  4.0224751118 -8.1950440606  0.2426811767 -0.2459287904  1.0000000000  0.2612102356 -0.2691036244  1.0000000000
 -3.3077695371   2.1906891387 -10.2481317363  -3.3657558927   0.0596074054  -8.9121227092  0.1272958859 -0.0193822206  1.0000000000 -0.1074608417  0.1462984447  1.0000000000
-2.7366334931  0.9494311011 -7.9137908591 -1.3902676170  2.9841946831 -6.7601443509 -0.0717648341  0.0121840466  1.0000000000  0.0600856472 -0.2529209227  1.0000000000
-1.8865489858  0.4070589261 -9.1979761194 -2.7392625844  1.2352774836 -6.4345852140  0.0286550856  0.1798192883  1.0000000000 -0.2337387869 -0.0789674534  1.0000000000
-1.3149244593  3.5596163505 -7.4952275940 -2.3641683524  2.7497018531 -8.3798440454  0.1814943942 -0.2304845726  1.0000000000  0.1325533589 -0.1483813883  1.0000000000
 -2.9266959631   1.1393728889 -10.3862947083  -3.7018501658   3.7409898642  -9.3280558054  0.0886108648  0.1249081553  1.0000000000  0.1406123592 -0.2068899828  1.0000000000
-4.6873398230  2.5880514626 -7.8070390665 -3.1752482665 -0.5834480831 -7.8874010142 -0.1144257796 -0.2484177166  1.0000000000 -0.1785537858  0.1697730723  1.0000000000
-3.5475091928  2.1675873265 -9.3570259124 -1.0580179793  2.5535034497 -8.0410497007  0.0359851668 -0.0815101906  1.0000000000  0.1601117855 -0.0342322779  1.0000000000
-3.7032390519  3.5186381014 -8.6741422171 -3.2827672694  1.3311847510 -6.2703494218  0.0680104816 -0.2219740169  1.0000000000 -0.2548972712 -0.0927610965  1.0000000000
-3.1059077902  1.0821507392 -7.1117444897 -1.0871040724  0.0477099831 -8.0034972194 -0.1603634276 -0.0432837473  1.0000000000  0.0048785774  0.2388261873  1.0000000000
-3.7313443558 -0.6019538965 -9.0875083020 -3.0144205869 -0.1373001745 -8.2087544824 -0.1585057507  0.1516913031  1.0000000000 -0.1254241738  0.1852427747  1.0000000000
-2.6249193032  0.4717446261 -7.4691078344 -4.3481908333  1.2921457822 -7.1847753837 -0.1670534244  0.0748931328  1.0000000000 -0.2102484864 -0.1240050367  1.0000000000
-3.8660753221  2.4234854746 -8.0754503643 -1.4770338356  2.7366257748 -8.4026832070 -0.0171913286 -0.1620486151  1.0000000000  0.2260391404 -0.0605328167  1.0000000000
