229.7000000000
50
  4.0599358587 -15.4127202968  -4.6187597475 -0.0136599181 -0.0177892587  1.0000000000
  3.3970337273 -12.7234534302  -3.4456639895 -0.0745117937 -0.0583809013  1.0000000000
  2.8177696345 -15.1856489049  -6.6774524440 0.1429109946 0.1319065623 1.0000000000
  3.7721104844 -15.0866548972  -3.3434090519 -0.0882222592 -0.1100578350  1.0000000000
  3.1007253302 -13.9886909326  -5.2321195252 0.0966966536 0.0529603764 1.0000000000
  0.9856021978 -15.8251268353  -4.2345797931  0.2181142368 -0.2297078414  1.0000000000
  1.5742440877 -14.4878420268  -3.3081601869  0.1648073006 -0.2491677300  1.0000000000
  2.8908174991 -12.4812893871  -5.7761106028 0.1726710906 0.2031582911 1.0000000000
  2.0410609519 -13.3427324273  -3.0457440014  0.0800456520 -0.2392750272  1.0000000000
  2.0028789845 -13.5557748828  -3.8565232571  0.1264324869 -0.1782602032  1.0000000000
  4.3351168897 -14.8897827303  -4.9435949840 -0.0532083670  0.0608676751  1.0000000000
  3.4985865478 -13.4918255998  -1.8435237378 -0.1643128647 -0.2811667956  1.0000000000
  5.5181360991 -15.1574718019  -5.8528395834 -0.0816541913  0.2288176317  1.0000000000
  4.1762056004 -13.2270956230  -2.3037766289 -0.2484279280 -0.1950595255  1.0000000000
  3.7043642160 -14.5851955779  -6.4762940767 0.1146278578 0.1990580915 1.0000000000
  5.5213526288 -14.6632865328  -5.4395364066 -0.1738657263  0.1314591773  1.0000000000
  2.4771445865 -14.9574793909  -6.1689548937 0.1865608661 0.0884144850 1.0000000000
  4.1078652500 -14.6670175336  -4.0751086421 -0.1041802214 -0.0404753036  1.0000000000
  2.9372316125 -15.5596611213  -3.3289283387 -0.0391536457 -0.1916691107  1.0000000000
  4.0953548970 -15.4651935750  -6.2710000974 0.0621630283 0.1406338169 1.0000000000
  1.8755649938 -14.9315297760  -4.2134906263  0.1866653957 -0.1877758721  1.0000000000
  3.1972435940 -14.8104404845  -4.2135750842  0.0070176157 -0.0889598961  1.0000000000
  3.1729001542 -14.2428316737  -5.0798555605  0.0819308988 -0.0092899432  1.0000000000
  3.8306839861 -14.9666782254  -5.3908327348 0.0525200109 0.0601444255 1.0000000000
  2.7848534971 -14.9738907047  -4.4997877538  0.0961916699 -0.0498182203  1.0000000000
  3.9588437184 -14.3496823921  -4.3954123042 -0.0609255105 -0.0265020919  1.0000000000
  4.4750766488 -13.1746339770  -3.2044541780 -0.2214791419 -0.0033780737  1.0000000000
  2.7313340494 -14.3732454060  -6.2492517413 0.2002128230 0.1017999687 1.0000000000
  3.1980861482 -15.4416706191  -3.7845746274  0.0151238567 -0.1082457189  1.0000000000
  5.2505458670 -13.9991472040  -4.8368035862 -0.1415116077  0.1317512762  1.0000000000
  5.2040868215 -14.9726379494  -4.3254090746 -0.1703662321  0.0376470383  1.0000000000
  1.9107396590 -13.1618938473  -3.1239817192  0.0829013629 -0.2805177017  1.0000000000
  4.8811365260 -14.4809461384  -5.0906169880 -0.0434892055  0.1374188534  1.0000000000
  1.9467827243 -13.7895309202  -4.1964994067  0.1720328648 -0.1080774239  1.0000000000
  4.2665631992 -14.2356358895  -6.2148609898 0.0439736207 0.2081384209 1.0000000000
  4.0444355352 -13.3141527601  -2.9028381120 -0.1870589073 -0.1012563204  1.0000000000
  2.7200061546 -14.7596906197  -4.9140237128  0.1233928439 -0.0511679847  1.0000000000
  1.6960966586 -13.9720294308  -4.5789473288  0.2088297177 -0.0725118328  1.0000000000
  3.9913388662 -14.1639794992  -5.6115949301 0.0807789861 0.1284310898 1.0000000000
  5.1657124763 -13.1945489612  -5.2951499166 -0.1060373187  0.2469272770  1.0000000000
  1.9872381636 -16.6481650366  -4.1753346617  0.0753710237 -0.1986870707  1.0000000000
  3.6853613988 -12.4511899893  -4.7220476657 0.0126388858 0.1462047209 1.0000000000
  4.4073607276 -14.9336098144  -6.6710952589 0.0442645717 0.2337975508 1.0000000000
  4.7873417068 -12.5765323414  -4.4405217433 -0.1818680840  0.1623022414  1.0000000000
  2.8196654921 -12.9429118814  -3.4870491632  0.0229641196 -0.1262346981  1.0000000000
  4.5566727920 -13.9130135714  -3.7784921486 -0.1394763043  0.0329232439  1.0000000000
  3.6759623604 -15.9635310699  -3.7431502529 -0.0354438915 -0.1908811306  1.0000000000
  0.9131586887 -13.5148997349  -3.8102141539  0.2687868375 -0.2411306326  1.0000000000
  4.5934379329 -15.7977716108  -5.2239526310 -0.0633802868  0.0561350009  1.0000000000
  2.9939572789 -15.2238563394  -7.0881638826 0.1604676159 0.1320162952 1.0000000000
50
  2.0809483856 -13.2563412913  -5.6553281327   2.0776382314 -13.8901632942  -3.4114320770  0.2850832622  0.1209048855  1.0000000000  0.1071484562 -0.2338702923  1.0000000000
  3.2612093868 -13.4889438527  -5.3375589455   4.3432264405 -12.6821206303  -5.4286155317 0.1122691139 0.1405058152 1.0000000000 0.0003695483 0.2501038377 1.0000000000
  2.4106229666 -13.8788041328  -4.7052567347   4.5177533341 -13.9985464441  -4.3973183497  0.1835577775  0.0063342441  1.0000000000 -0.0803516648  0.0551239427  1.0000000000
  4.6881129384 -15.0150297255  -6.4729773412   4.1484161223 -14.4761291388  -6.4234551411 0.0123332790 0.1825684290 1.0000000000 0.0354060878 0.1789299694 1.0000000000
  4.2516327182 -16.0529302021  -3.7762694948   4.5019510962 -16.0151511996  -3.2289636495 -0.0608993069 -0.1157236088  1.0000000000 -0.1205944669 -0.1072252592  1.0000000000
  2.7608640466 -15.1996827307  -5.3694628770   2.7707600899 -14.6266196405  -6.4740987862  0.1134950953 -0.0331467752  1.0000000000  0.1973039408  0.0910696468  1.0000000000
  2.4046692388 -14.2637232054  -3.4450044269   2.9113391301 -12.6499188694  -3.6172114302  0.0708144562 -0.2052742265  1.0000000000  0.0351300098 -0.0817763037  1.0000000000
  2.3812595733 -13.7228977592  -6.2742771123   2.5498340910 -13.5690091149  -3.4972765294  0.2548286920  0.1140747588  1.0000000000  0.0768418876 -0.1575001742  1.0000000000
  2.5733761213 -14.7282725465  -3.3555225390   4.4376913548 -15.5395499837  -6.1769337113  0.0346821105 -0.2139392221  1.0000000000  0.0501122052  0.1141018718  1.0000000000
  2.9984946462 -14.1321620157  -5.9027052312   2.1508233456 -15.1915985375  -6.1244351404 0.1320574310 0.1182179016 1.0000000000 0.2637810445 0.0422863318 1.0000000000
  3.4814123573 -15.9758425501  -4.4861873733   3.5480108712 -15.4847459367  -2.8027872872 -0.0002256753 -0.0793221856  1.0000000000 -0.1380517766 -0.1956583450  1.0000000000
  3.6728425046 -14.5668419900  -4.2023898339   2.1476665319 -12.9921961132  -4.5820989391 -0.0257658325 -0.0471342078  1.0000000000  0.2085520836 -0.0382895016  1.0000000000
  4.1562576789 -14.3205740563  -6.2698186362   1.8305538053 -15.2192696181  -4.1810513943  0.0407020125  0.2008862597  1.0000000000  0.1734691271 -0.1372694274  1.0000000000
  2.0951214846 -12.9596246705  -5.4675267319   2.9369889949 -15.0860277780  -5.7042176756 0.2878658349 0.0736691525 1.0000000000 0.1225539567 0.0576049359 1.0000000000
  2.7134640036 -13.8132557296  -3.1146464454   5.5122239431 -11.9269054252  -4.5794583771  0.0021634362 -0.1922172354  1.0000000000 -0.2842110832  0.3174579256  1.0000000000
  4.1239696099 -11.9791913027  -4.9244808005   3.6007373600 -14.2777125288  -4.5224422623  0.0127142816  0.2168157631  1.0000000000  0.0226606302 -0.0378219891  1.0000000000
  1.4353716823 -15.8558514110  -4.2654855784   3.2370584606 -13.4976213580  -2.9826902479  0.1863258005 -0.2064860376  1.0000000000 -0.0653395469 -0.1781801197  1.0000000000
  5.2708921785 -15.5940583852  -6.0123458747   3.7902892166 -14.4768476661  -4.6075224349 -0.0131515062  0.2002336547  1.0000000000 -0.0177928683 -0.0060721889  1.0000000000
  5.3371047387 -13.5029998674  -4.3466849884   2.7556978046 -13.5009518440  -4.6915740204 -0.2473134553  0.1207207106  1.0000000000  0.1274367241  0.0119128559  1.0000000000
  2.5424610347 -12.2419022920  -5.5571652277   3.0910573625 -14.0512454371  -6.1830473624 0.2268038494 0.1671191958 1.0000000000 0.1333243637 0.1669878158 1.0000000000
  3.6955326798 -14.3311631716  -6.0530149504   4.1020548969 -12.8735392046  -2.7793751730  0.0697590972  0.0938227722  1.0000000000 -0.1932600564 -0.1474165776  1.0000000000
  3.7428133050 -14.9605888202  -2.7686972784   3.2809570525 -14.3189911935  -3.7262214784 -0.1231534791 -0.1566677656  1.0000000000 -0.0229628585 -0.0847812225  1.0000000000
  3.8593520746 -15.7032428072  -3.9637632296   2.6513527373 -12.2232721124  -6.0104305192 -0.0458828417 -0.0960386328  1.0000000000  0.2079752867  0.2405601376  1.0000000000
  2.6315290129 -14.7578361303  -4.0461173348   4.9579268356 -14.6761247053  -4.1677197730  0.0517342045 -0.1187178511  1.0000000000 -0.1974874608  0.0142364281  1.0000000000
  2.2244836839 -13.3310949487  -5.5409346938   1.9708797736 -13.3551487246  -3.5480013062  0.2657707280  0.0556329053  1.0000000000  0.1789716389 -0.1695310935  1.0000000000
  4.2825436943 -15.4662352011  -6.2632166952   3.0172961019 -14.0171526953  -6.7151765647 0.0701633809 0.1325100400 1.0000000000 0.1780016560 0.2202319192 1.0000000000
  1.8509621832 -15.2241680601  -5.6445435728   5.2342633361 -15.5002108772  -5.9830945383  0.2115462144 -0.0156126303  1.0000000000 -0.0273976874  0.1473297025  1.0000000000
  3.4711122096 -13.6508843827  -5.3016915484   4.3119659228 -14.8042088300  -5.8134335145 0.0337719476 0.1051408593 1.0000000000 0.0135552411 0.1209994374 1.0000000000
  2.4831855581 -14.9395412244  -4.7109313680   4.9472680776 -12.6947074143  -5.4223835967  0.1467516863 -0.0313064420  1.0000000000 -0.1232027354  0.2644585678  1.0000000000
  1.5242725571 -14.0983873222  -4.6233795418   4.5345996382 -13.5887181175  -3.4120337945  0.2358722515 -0.1138996878  1.0000000000 -0.1714347683 -0.0313534814  1.0000000000
  1.3370606143 -12.5103501213  -4.5716379245   3.1162096543 -13.7258461032  -6.9753579168  0.3475580021 -0.0638955944  1.0000000000  0.2102603238  0.2331119467  1.0000000000
  4.4723038835 -13.6460626780  -4.9139242282   4.7753202251 -13.6532018858  -4.6026843760 -0.0544736844  0.1409132698  1.0000000000 -0.1481484265  0.1498364104  1.0000000000
  1.4043473590 -15.5173491076  -4.4876478650   3.2514300024 -12.9983872737  -6.0900726077  0.1841046889 -0.1902138913  1.0000000000  0.1338423652  0.1898910563  1.0000000000
  5.0794240388 -15.3479297840  -4.2201374711   5.4474313881 -14.0070252247  -4.7172247554 -0.1365809159  0.0303937225  1.0000000000 -0.2416163897  0.1193797731  1.0000000000
  3.4463891559 -15.9542597535  -3.7242411674   2.3966372622 -15.2776232512  -5.5277389206 -0.0495599916 -0.1322007487  1.0000000000  0.1926422188 -0.0199081952  1.0000000000
  4.5677460149 -15.8257324238  -4.5416231113   3.7077817253 -16.3701008734  -3.0509431734 -0.1030122264  0.0136455957  1.0000000000 -0.0575664934 -0.1788568815  1.0000000000
  5.3197896485 -15.3865437082  -3.7903411331   3.1991167219 -12.2760001826  -5.7605487581 -0.1910562703 -0.0034245040  1.0000000000  0.1185847129  0.2211202413  1.0000000000
  2.3246319216 -13.5379643758  -5.3877964618   3.2440696258 -12.8896530944  -6.1339496903 0.2041162520 0.0855935315 1.0000000000 0.1804770414 0.2562661510 1.0000000000
  4.3209103976 -12.2757844418  -4.2348917890   4.2250009805 -13.3536018747  -2.4433306917 -0.1472507207  0.1162860845  1.0000000000 -0.2333929857 -0.1894278770  1.0000000000
  3.3294744688 -13.9424491101  -2.4076969088   3.3635173969 -14.3487536965  -6.3809206436 -0.1274421898 -0.2656402573  1.0000000000  0.1508089235  0.1767624665  1.0000000000
  4.8534110123 -13.9688473086  -4.9159810683   4.6536316237 -15.0924472023  -4.9772805720 -0.0935427051  0.1594201371  1.0000000000 -0.0985777478  0.0461686462  1.0000000000
  2.1436677273 -12.5727187355  -4.2969601630   2.7686809464 -12.4412761595  -4.4628436889  0.1629150613 -0.0639248238  1.0000000000  0.0949864710  0.0272082450  1.0000000000
  5.2818533638 -14.7146060601  -5.6954650867   4.1538169563 -15.1767369035  -3.0648040947 -0.0930446933  0.1977374260  1.0000000000 -0.1743317298 -0.1157434782  1.0000000000
  1.6311428915 -14.1582281509  -4.3341561695   4.7382022971 -15.0988608737  -3.6939866609  0.1907864442 -0.1528274838  1.0000000000 -0.1606541346 -0.0149173856  1.0000000000
  5.0084117663 -15.0577676411  -4.7933087489   4.4177328427 -12.8014620341  -2.5037511847 -0.1009394782  0.0837718283  1.0000000000 -0.2406450880 -0.1110966068  1.0000000000
  3.2152082266 -14.8814641591  -6.6335645195   3.5134621861 -12.4128557287  -4.3130097349  0.1347921054  0.1725793733  1.0000000000 -0.0148298246  0.0910368558  1.0000000000
  2.2468599272 -13.4573415338  -5.6703901605   3.7162828458 -12.5729221913  -4.6419993762 0.2183537121 0.0529026183 1.0000000000 0.0286243128 0.1314029040 1.0000000000
  3.9958077406 -15.3655266522  -4.5143159694   2.1251504080 -13.0592716711  -2.8093437276 -0.0835338237  0.0063038453  1.0000000000  0.0514157802 -0.2598506564  1.0000000000
  2.1066666392 -13.1402537615  -4.7809104892   3.4856853589 -13.1654720664  -2.4228468250  0.2040559136  0.0314542609  1.0000000000 -0.1862636537 -0.2016976730  1.0000000000
  2.7114729608 -12.5164518891  -6.3914296180   5.2522051920 -13.2645612129  -5.4212828116  0.2624811734  0.2458270515  1.0000000000 -0.1163543948  0.2668503702  1.0000000000
