165.7000000000
50
-3.3437100490  3.2232537060  4.3934977054  0.2663464806 -0.2547366911  1.0000000000
-4.1884675497  6.6781386909  0.5564874999 -0.2194217951  0.1484695388  1.0000000000
-2.6100779511  3.2129149379  3.1736424657 0.2450883558 0.0038955625 1.0000000000
-4.6378943169  5.5045932937  1.4192038969 -0.1699602027 -0.0197697481  1.0000000000
-5.8370350460  4.7476689429  2.5856385670 -0.1569023869 -0.2708704648  1.0000000000
-5.9043521500  3.7868434226  1.7067784533 -0.2476301885 -0.1696161058  1.0000000000
-3.3793621172  4.6036566350  1.2906589909 -0.0623078810  0.0837774726  1.0000000000
-2.7455186093  2.8117147111  2.2507519091 0.2103536606 0.0233449539 1.0000000000
-3.0931186897  6.0249598715  0.9126512047 -0.0355963987  0.1420816574  1.0000000000
-2.5338027995  4.4375223852  0.5941442589 -0.0040662791  0.2546723749  1.0000000000
-3.6039133551  5.2014445105 -0.2362875911 -0.1878875352  0.2486138113  1.0000000000
-3.0375627505  3.8138065659  0.1472373808 -0.0963101586  0.2193060167  1.0000000000
-3.2818407971  5.6636106473  0.3334775528 -0.1263964344  0.2116467047  1.0000000000
-5.2377240124  3.2527061375  3.1001494561 -0.0240094765 -0.2859116730  1.0000000000
-6.0127403735  3.8832854004  1.6914911134 -0.2539142921 -0.2016812668  1.0000000000
-4.4651631721  4.1791395643  2.6715306369 -0.0136678474 -0.1452113274  1.0000000000
-3.2265337878  2.8768556717  1.5060040851 0.0790034813 0.1129114739 1.0000000000
-4.9692717956  5.7528028624  1.1951699145 -0.2119356595 -0.0266870608  1.0000000000
-4.0681779606  4.9981418669  0.3042263685 -0.1859755360  0.1163433640  1.0000000000
-3.1927553988  3.9185360570  3.7727799004  0.2194201557 -0.1140990278  1.0000000000
-4.7647887769  4.3834069345  1.9600480789 -0.1384472711 -0.0752870722  1.0000000000
-2.4370861999  3.7150418070  2.0542072588 0.1738613538 0.0899873754 1.0000000000
-1.3748247794  3.1107154666  1.8275564192 0.3132414959 0.2198300143 1.0000000000
-3.8486971341  3.5515845085  2.6844275177  0.0872321590 -0.1202519128  1.0000000000
-3.2882239388  4.1246943787  2.9898289513  0.1260792320 -0.0334620511  1.0000000000
-1.4691097218  4.9544410667  2.1880311689 0.2331602179 0.1051057907 1.0000000000
-4.7080784992  4.3000585133  1.5544784327 -0.0993110260 -0.0734023837  1.0000000000
-4.1884029687  6.0219961395  1.9335475666 -0.0647390416 -0.0210551777  1.0000000000
-2.2303218196  4.4496985874  2.9747640455 0.1786229283 0.0040359586 1.0000000000
-4.0063818264  5.9612450454  2.1807890107 -0.0445267604 -0.0104023635  1.0000000000
-2.6134123908  2.9949305393  1.8011727734 0.2027447345 0.1552403343 1.0000000000
-4.6268980322  6.3224365510  1.4633753670 -0.1952231528 -0.0509365150  1.0000000000
-3.8947375088  5.5934006113  2.2271979046  0.0018697340 -0.0366917855  1.0000000000
-4.8195802308  2.7837306119  3.3632803775  0.0376639065 -0.2781803213  1.0000000000
-1.9895858882  4.0648782690  2.0202880526 0.1627307720 0.1698868938 1.0000000000
-4.1827298336  4.0375807207  0.7916740701 -0.1263933506  0.0912673635  1.0000000000
-1.3442184757  4.9652743615  2.0413143596 0.1591137685 0.1538105855 1.0000000000
-5.7037653498  3.4949494758  2.1400463765 -0.2131682108 -0.2561769224  1.0000000000
-3.2899920477  4.7600647887  4.7961109337  0.2093481909 -0.2395256632  1.0000000000
-4.2165481001  3.1082527100  2.1541644276  0.0093593209 -0.0606426311  1.0000000000
-5.0177604074  6.0204425637  2.9453675055 -0.0942368810 -0.1866236865  1.0000000000
-4.8663846415  3.8598431559  2.5091100811 -0.0435266025 -0.1469317784  1.0000000000
-4.1223469114  5.7984233779  1.1542279726 -0.1330408879  0.0773830862  1.0000000000
-3.0990172104  5.1625966242  4.1496494119  0.1390731017 -0.1690919666  1.0000000000
-3.6515473059  4.2170418555  4.5969576930  0.2265526980 -0.2262343513  1.0000000000
-5.0882660693  3.5422619096  2.1644957160 -0.1008763685 -0.1527585381  1.0000000000
-4.8027914673  2.7949911294  3.0122458057  0.0751125800 -0.2504117176  1.0000000000
-5.2266568964  3.7395680749  1.6954277325 -0.1507723445 -0.1264799927  1.0000000000
-5.0153402195  3.7612393376  2.0972716669 -0.1178059058 -0.1692481556  1.0000000000
-1.5326078969  4.5553642228  2.4988557697 0.2067316957 0.1047806587 1.0000000000
50
-4.5967350026  2.6299445271  3.6643316029 -2.4155025582  5.4437239753  3.6565516375  0.1546749282 -0.3157174502  1.0000000000  0.1807431517 -0.0732605197  1.0000000000
-3.7162809207  2.9982632951  1.5482596608 -2.9802006698  5.3800133301  2.9741219147  0.0019031413  0.0581882540  1.0000000000  0.0860239029 -0.0136118204  1.0000000000
-3.4232349277  4.2947442013  3.0915955964 -1.5652337860  5.9696396281  3.1424497350  0.1236097871 -0.0672796004  1.0000000000  0.1619673719  0.0441778754  1.0000000000
-6.0252607641  3.5787958634  1.6823521042 -4.6131701255  3.3362655179  1.8605621685 -0.2452834642 -0.2193238549  1.0000000000 -0.0673600739 -0.0994173162  1.0000000000
-2.9616343630  3.6947084708  1.7446831384 -3.6856043004  4.7007807500  1.4725019414  0.0716711846  0.0631661704  1.0000000000 -0.0545464793  0.0209889263  1.0000000000
-3.8913388533  3.0237454297  1.1231833893 -2.7098933770  5.2071233154  3.2687937201 -0.0771265222  0.0910734275  1.0000000000  0.1459546522 -0.0703654095  1.0000000000
-3.9391443246  5.2861228851  1.9943649216 -3.7426270358  2.8483711104  3.5150066670 -0.0347090831 -0.0063883724  1.0000000000  0.2189798438 -0.1780114855  1.0000000000
-4.0263724936  6.2933656880  1.0669709529 -2.5192101441  4.4428292323  2.5844521625 -0.1320104164  0.0561206760  1.0000000000  0.1281299213  0.0263199014  1.0000000000
-1.8320926799  4.0241938694  2.7231366416 -3.3982279513  4.9348875544  0.9112055415  0.2793366508  0.1141198240  1.0000000000 -0.0884387388  0.1077477224  1.0000000000
-3.0933323868  5.4980176379  5.0909062098 -3.3822779332  4.5323985342  2.4364629876  0.2479142832 -0.2394384901  1.0000000000  0.0565950702 -0.0253739784  1.0000000000
-4.1522681671  6.3962049520  1.7478555471 -4.1080729810  3.5890763349  3.1976200592 -0.1041317463  0.0169062204  1.0000000000  0.0824258667 -0.1976288056  1.0000000000
-4.2633328202  3.4746583703 -0.1210491678 -3.1439548564  4.7028798293  0.3246146600 -0.2275307814  0.2094357492  1.0000000000 -0.1028523751  0.2044216925  1.0000000000
-1.9264672007  3.2393363059  2.3604969705 -4.3560361591  4.1867880073  2.9599518788  0.3012425183  0.1161785093  1.0000000000  0.0339915418 -0.1630535665  1.0000000000
-4.3893553804  3.7725264200  0.6093921540 -3.4892653642  2.7172068414  3.9910991903 -0.1968808112  0.1253138528  1.0000000000  0.3182264582 -0.2150249307  1.0000000000
-0.9869171315  4.0646988176  1.6976402860 -3.9291731773  4.5393580761  1.9829519438  0.2708688769  0.2747483828  1.0000000000  0.0081745144 -0.0079460006  1.0000000000
-3.1788123281  2.4198991485  3.3181974505 -4.7345234784  4.1640332213  0.7534974605  0.2866937298 -0.1738799165  1.0000000000 -0.1823088553  0.0738217073  1.0000000000
-1.7433096978  5.7527952749  3.0972819257 -3.4264802016  6.1974232395  4.7305985538  0.1948577935  0.0480436522  1.0000000000  0.1246021435 -0.1928186266  1.0000000000
-4.2300035747  3.8544867646  2.7562477729 -2.7025238239  3.4366086034  2.0908502448  0.0530805938 -0.1196954592  1.0000000000  0.1480638584  0.0818123072  1.0000000000
-2.9595974709  5.8312702945  1.1734618000 -2.1251194959  6.3742013607  1.3267129588 -0.0361801744  0.1222956317  1.0000000000  0.0624197911  0.1708780284  1.0000000000
-3.6501259276  6.0695275520  2.9719814714 -1.2042677743  5.4336647089  2.7830204192  0.0102322913 -0.0578090482  1.0000000000  0.1958316302  0.1216241040  1.0000000000
-3.6110439260  3.9607455570  0.5767196862 -3.9777911983  2.9021286252  4.2289238330 -0.0919947417  0.1995562624  1.0000000000  0.2563345015 -0.2949292130  1.0000000000
-2.7567157012  3.8513816625  0.6978690875 -2.7483115360  3.4780914155  0.7615443226 -0.0099870972  0.1824043776  1.0000000000  0.0347080588  0.2031698726  1.0000000000
-3.1877485160  6.2681302081  4.2483813684 -4.0373751561  4.8962506742  2.2894287844  0.1424169399 -0.1714456568  1.0000000000  0.0047197353 -0.0827222238  1.0000000000
-5.5293825311  4.0986706702  2.3419456380 -5.7461573738  5.6919342269  2.6421023070 -0.1395913104 -0.2059000175  1.0000000000 -0.1702639055 -0.1936268325  1.0000000000
-2.8970186805  3.6178442404  0.4771732688 -3.6976908803  5.8580724175  0.8832355285 -0.0207296737  0.2683505728  1.0000000000 -0.1134810895  0.1003121737  1.0000000000
-0.7992655388  4.9812898402  2.0888572209 -5.6888597000  7.1173372089  2.5228552078  0.1953765292  0.1893332509  1.0000000000 -0.1839133123 -0.1207711076  1.0000000000
-2.4886257348  5.6709389371  3.8552003834 -2.7967453377  3.8503891424  2.6458048969  0.1831773820 -0.0574928574  1.0000000000  0.1506529340  0.0228691580  1.0000000000
-1.9278768874  5.6813134832  3.5081265256 -5.1165615941  5.4757391207  3.2988769119  0.1668280272  0.0103326696  1.0000000000 -0.0550803058 -0.1867085946  1.0000000000
-4.4721467029  3.1470287106  2.3708959295 -2.4641022282  3.9807199498  0.6947827451  0.0077110199 -0.1546161647  1.0000000000  0.0612637359  0.2746275010  1.0000000000
-4.7648825663  4.3922389279  3.0698425438 -3.4365551971  6.4876144905  0.6111856554 -0.0183013076 -0.1745954067  1.0000000000 -0.0982993073  0.1714694068  1.0000000000
-4.9820999009  3.4396502569  0.8211784944 -4.7275486591  3.2753875655  1.0840532545 -0.2354686386  0.0212565245  1.0000000000 -0.1664681064  0.0272001507  1.0000000000
-4.0483365728  2.8864360921  2.3775496066 -3.8927729490  6.9130740033  0.8481651541  0.0642277595 -0.0884623771  1.0000000000 -0.1406428772  0.0695610961  1.0000000000
-2.8890466041  5.4948661677  2.3137758581 -3.7144094496  5.2189332894  3.3802366011  0.1084329793  0.0578471571  1.0000000000  0.0628474833 -0.1305863456  1.0000000000
-3.1247250768  2.3739503580  3.3148579871 -2.1597055934  4.3041989457  2.6523088267  0.2917396987 -0.0907940852  1.0000000000  0.1955564120  0.0589657897  1.0000000000
-3.6884565180  2.2966648436  4.3905432717 -1.6785028521  4.3073566765  1.7194042711  0.3497712980 -0.2613556264  1.0000000000  0.1856731711  0.1953763173  1.0000000000
-2.8626245312  5.4985174234  0.4775086543 -1.1927484197  5.4329773518  1.6822459528 -0.0771770245  0.2013853454  1.0000000000  0.1808864364  0.2283153833  1.0000000000
-5.3939427355  6.8709907669  3.1957194702 -1.1917081328  4.5747201366  1.7243310744 -0.1198046258 -0.2133941072  1.0000000000  0.2020622571  0.1643280401  1.0000000000
-3.0865974541  5.3520638063  1.6065415237 -3.5351728484  3.5074245314  2.8828373279 -0.0250169911  0.0909012351  1.0000000000  0.1108218086 -0.0851683298  1.0000000000
-5.0220578075  6.6696869231  1.6922543818 -1.9783147927  5.7541715392  1.6804433635 -0.1609372232 -0.0663518130  1.0000000000  0.1090368363  0.1459397512  1.0000000000
-1.9426726439  5.2158055652  1.5865041072 -3.6953103914  5.2451607458  2.9122435142  0.1289856261  0.1384032837  1.0000000000  0.0580993214 -0.0544658929  1.0000000000
-2.3996868308  4.6768658165  0.6695756317 -2.8680771180  5.9110909826  1.6037369482 0.0436573233 0.2062242883 1.0000000000 0.0283911774 0.0984832618 1.0000000000
-3.0128601404  5.1965787281  1.5658697637 -4.1605275383  5.8721282179  2.9719900384 -0.0105642407  0.1039156647  1.0000000000 -0.0063672699 -0.1637845406  1.0000000000
-3.5282981241  5.8598176418  0.1327631362 -4.8601041155  3.3195570741  2.8761214752 -0.1086241689  0.1879363820  1.0000000000  0.0372800430 -0.2440853545  1.0000000000
-3.5899061790  5.6135667100  4.7188034435 -1.9556476188  5.9909233296  1.9439558505  0.1702100199 -0.1898285331  1.0000000000  0.0771694571  0.1328985302  1.0000000000
-3.4797347179  4.7560945192  2.3665587631 -3.6350666876  3.1230265778  3.9855246711  0.0610937622 -0.0080168753  1.0000000000  0.1875045790 -0.2430799315  1.0000000000
-2.1084927778  5.3716841580  2.9250729634 -3.8683476404  3.6996529931  2.4780147589  0.1950854859  0.0931956859  1.0000000000  0.0100051379 -0.0467508475  1.0000000000
-2.8346940308  5.8943301148  0.2582561099 -3.0421032719  3.6000870877  1.1149792476 -0.0969435603  0.2232762482  1.0000000000  0.0273429947  0.1761241710  1.0000000000
-3.8758910929  5.3674991290  2.2097744895 -3.0361951439  5.6983477449  2.2324866262 -0.0043984549 -0.0421212405  1.0000000000  0.0322425572  0.0412860205  1.0000000000
-3.8330420529  3.6342754054  2.3237764110 -4.8836996782  3.1867336809  2.1119269955  0.0363261981 -0.0953155417  1.0000000000 -0.0791703365 -0.0934586199  1.0000000000
-1.6434621084  5.3571389532  2.2260989952 -1.1088598721  3.5148469239  1.5530503528 0.1761438399 0.1085610483 1.0000000000 0.2651400974 0.2885503792 1.0000000000
