401.4000000000
50
11.7995869747  8.3756835944  6.2588063400  0.0288936904 -0.1318784274  1.0000000000
11.0628024293 10.7013564740  6.7787444589 0.1023558315 0.1477660427 1.0000000000
12.4826865358  8.5867107119  8.3118944112 -0.0836483369 -0.1975693274  1.0000000000
10.1284230726  9.2676183099  8.5157096130 -0.2086467483  0.1078396782  1.0000000000
11.3977445676  8.8387522480  8.7504832661 -0.1397753035 -0.0719282928  1.0000000000
13.4492034451  9.0651530259  7.6533565296  0.0917289804 -0.2375944440  1.0000000000
10.0953478170  9.7097886344  8.8033431363 -0.1945097301  0.1159852586  1.0000000000
11.4751278124 11.6986276295  7.9604973011 0.0592944525 0.1136514954 1.0000000000
10.9440769267 10.9602870902  9.4637788854 -0.1190115037  0.1559374789  1.0000000000
9.8112700344 9.3744168152 8.3932992223 -0.2658498581  0.0896957862  1.0000000000
11.8792872855  9.1777313044  8.7541876920 -0.1037400565 -0.0851519243  1.0000000000
12.6029688218  7.9461952967  8.0271494597 -0.1155725093 -0.2137586066  1.0000000000
12.7333004201  9.8844498014  7.1459081847  0.1323342351 -0.0706582058  1.0000000000
11.0614016189  8.4492575478  7.6736392352 -0.1690854597 -0.0822421224  1.0000000000
12.1330505061 10.4285940746  7.5321748429 0.0756349004 0.0217844153 1.0000000000
12.4826825847  8.5631447774  9.1770792266 -0.1282816162 -0.1884180534  1.0000000000
13.0146551436  9.3550941512  6.7963847265  0.1287955037 -0.1660746534  1.0000000000
9.9053866783 9.7032621277 7.6914680315 -0.0995042443  0.1756141326  1.0000000000
11.5739215572  6.7625097830  7.9299457702 -0.2992318893 -0.2652872542  1.0000000000
14.4985238513 10.4416653233  7.4155332886  0.1906508115 -0.1823078968  1.0000000000
11.3903361386  8.2839069614  7.4739668410 -0.0956146371 -0.1178346224  1.0000000000
11.7336968802 10.3131111606  5.6463229025 0.2737620965 0.0813925751 1.0000000000
12.0462931049  9.1394560529  8.3562991184 -0.0603693062 -0.0985642943  1.0000000000
13.1088526207 11.7306180768  7.7900899454 0.1746660852 0.0106838251 1.0000000000
11.8842983401  8.1893527853  8.8034318599 -0.1981210920 -0.1664903054  1.0000000000
12.8723205628 10.0719614213  7.3012274265  0.1217611980 -0.0943589634  1.0000000000
13.3629453953  9.2010442984  8.8449564275 -0.0681582803 -0.1859695563  1.0000000000
13.1536907000 10.2860975132  7.0084048403  0.1796905401 -0.0929341691  1.0000000000
11.6775759207  9.0843479690  9.1169859329 -0.1565754567 -0.0494099907  1.0000000000
12.2024188634  9.3091031349  9.0766236588 -0.1281317657 -0.1019148276  1.0000000000
9.8279975689 8.2435243694 7.5076655422 -0.2744511701  0.0217250765  1.0000000000
11.6121360066  9.8360539030  8.5461330549 -0.0510827315  0.0166507445  1.0000000000
11.7025714038 11.8526682335  8.6368779912 0.0480316618 0.1437282628 1.0000000000
10.4760865194  9.6101802587  8.7176426658 -0.1944640344  0.1002756625  1.0000000000
10.4417509996 10.2182948793  9.3017579598 -0.1725782607  0.1503926541  1.0000000000
11.0121200460  8.8780612042  6.1219615674  0.0128095187 -0.0331660556  1.0000000000
9.2240258338 9.3294217748 7.3527907878 -0.1457775418  0.2594734503  1.0000000000
11.8599302476 11.1795644877  5.8998771605 0.2509942704 0.1158493567 1.0000000000
11.4276104810 11.6247322023  7.9532720934 0.0300238032 0.1039150008 1.0000000000
11.8158299366  7.2851857105  7.2751559933 -0.1289553007 -0.2656018606  1.0000000000
14.0290569740 10.3171771398  6.7441891361  0.2321863649 -0.1391716446  1.0000000000
10.3558199201  8.1536888619  8.1326333617 -0.2581478544 -0.0491387002  1.0000000000
12.6411810072  7.8154897142  5.8615531924  0.1434200636 -0.3042691495  1.0000000000
13.4636417951  9.6243934575  7.7941507046  0.0719975855 -0.1538102242  1.0000000000
11.8994145354  8.3919544963  8.5863195629 -0.1567743278 -0.1616993508  1.0000000000
12.4621963104 12.3888534989  7.7678558770 0.1267178214 0.1049150998 1.0000000000
11.7863383356 12.6709118673  7.3377998992 0.2044440004 0.1711477412 1.0000000000
11.5247147356 12.1978847818  6.2862707439 0.2412741510 0.2501189214 1.0000000000
11.2876650003  9.7057520009  7.6543245247 -0.0451068829  0.0241275553  1.0000000000
10.2205958357 10.1336277337  8.4097877079 -0.1645934342  0.1346321694  1.0000000000
50
10.7620736356 10.5132854355  6.4459770455 10.8916017353 11.1564357238  9.8428628750  0.0609655648  0.1654887031  1.0000000000 -0.1611023074  0.1076489823  1.0000000000
10.4340772184  8.5057348914  7.6576872009 11.7945655956  7.8830606031  7.3860422308 -0.1644718092  0.0055522990  1.0000000000 -0.0836106364 -0.1826679257  1.0000000000
12.9902361921 10.3481029583  8.6222867010 12.0355877007  8.3746166303  7.8764706351  0.0223854716 -0.0679018806  1.0000000000 -0.1105098367 -0.1483100139  1.0000000000
12.2393390382  7.9804658033  7.9599766094 11.9104165084  7.5810075295  7.7611672294 -0.0990847292 -0.2182080861  1.0000000000 -0.1492273971 -0.2331512596  1.0000000000
12.8159224591 11.1425859451  7.6419646799 10.8480848157 10.0503212954  6.5967415769 0.1329491736 0.0183011508 1.0000000000 0.1138868990 0.1454384801 1.0000000000
13.5289699172  8.9989634650  8.7082977679  9.7002829213 10.5245894182  8.0478762306  0.0042683164 -0.2311475960  1.0000000000 -0.1115802982  0.2470164570  1.0000000000
13.4572773688  9.6976137732  7.1145629070 13.5203354810 10.9244417270  7.0359998283  0.1696565151 -0.1611218902  1.0000000000  0.2276475479 -0.0862187862  1.0000000000
11.3064780173  7.7603464641  7.1226735151 11.5240820962 10.3394323967  7.8855839476 -0.1339284433 -0.1618601449  1.0000000000  0.0142122491  0.0617563314  1.0000000000
11.2039994290 12.1637971127  8.3646520216 12.3850083608  8.6187325056  6.2856924086  0.0088856055  0.1868128030  1.0000000000  0.1137669394 -0.1772211954  1.0000000000
12.3778892233  7.7016575571  8.3453658335 12.5773449378  9.2713076225  5.5910823232 -0.1801740307 -0.2430422536  1.0000000000  0.2497170988 -0.1509172378  1.0000000000
14.3628855177 10.0760306029  7.2523139564 11.9341439628  9.8789812961  5.5787431978  0.2217327573 -0.1685380380  1.0000000000  0.2173337223 -0.0425402884  1.0000000000
11.9916029447  7.7746643768  8.8154429298  9.9794534606  9.9657246311  6.9999577448 -0.2448069361 -0.1870399713  1.0000000000  0.0091668733  0.2283296023  1.0000000000
10.1395543541 10.5174322437  6.1265733715 11.1162328945  9.3750035460  8.1062579632  0.1327883583  0.2540165384  1.0000000000 -0.1206068311  0.0228045102  1.0000000000
12.2130419141 10.1866988367  9.5226133455 11.2966404240 10.0598105132  7.7520131467 -0.1129073216 -0.0211054048  1.0000000000  0.0312540969  0.0433438194  1.0000000000
12.5462344931  7.7363940339  6.9462205181 12.8921875489  9.1555122604  6.5871242572 -0.0164218268 -0.2493901218  1.0000000000  0.1453445353 -0.1480461861  1.0000000000
10.4863019279 11.0678236326  5.9753946923 11.7922137474  7.7450646554  7.3785977324  0.1689889997  0.2666145271  1.0000000000 -0.1294271848 -0.1881398349  1.0000000000
10.4638484667  8.8547933181  6.7177363872  9.6385409537  9.2983288610  7.2360863252 -0.0863723955  0.0815483496  1.0000000000 -0.1523473502  0.2427473116  1.0000000000
 9.7490757821 10.5633929158  8.5134241676 11.8004997809  9.3603853025  6.1542910460 -0.1711733796  0.2323418246  1.0000000000  0.1218326046 -0.0291966102  1.0000000000
11.4160293814  8.7387121702  8.5563383623 11.5255080145 11.8505051427  7.3098303452 -0.1233939672 -0.0642790284  1.0000000000  0.1033037798  0.1818522624  1.0000000000
13.0001822487  8.4349305378  5.9576358167 13.1084404382 10.8161173362  6.5871932360  0.2026388222 -0.2601758624  1.0000000000  0.2018773348 -0.0286518646  1.0000000000
11.7799118685 10.8347402955  5.9333522984  9.2502144337  9.1596137937  7.8179984629  0.2504064851  0.0714534065  1.0000000000 -0.2237110749  0.1794348073  1.0000000000
10.7192968778 11.1524752308  6.8790361424 13.6753907859  9.3714203312  8.6965827437  0.1242012969  0.2104436284  1.0000000000  0.0033842531 -0.1894481732  1.0000000000
10.6587277710  9.0145875288  6.5808913467 11.2323276767 10.7779486410  5.7678509943 -0.0297080284  0.0493534827  1.0000000000  0.2639571549  0.1707816439  1.0000000000
12.8827978251  9.7962281330  9.6887468345  8.9530530188  9.5019812155  7.5748910597 -0.0947881783 -0.1357590447  1.0000000000 -0.2286125625  0.2898496685  1.0000000000
12.9622338733  9.1802377897  9.7047854704 11.4989643183 11.1408699597  7.7383085846 -0.1101597196 -0.1955880661  1.0000000000  0.0683480250  0.1069770996  1.0000000000
12.7214373590  8.7814417365  8.7317250637 11.8232912345  8.7542958752  8.9353422927 -0.1058333289 -0.1661743996  1.0000000000 -0.1540685962 -0.0920665859  1.0000000000
10.4436227206  9.9711313014  9.2774915489 10.3997019865  8.8715246970  8.2796103674 -0.1603321314  0.0748781368  1.0000000000 -0.2179344318  0.0585838312  1.0000000000
12.1200580660 11.3284771657  7.8591310580  9.8959139392 10.3520975762  6.9645880179  0.0938643695  0.0643898059  1.0000000000 -0.0038393042  0.2393358940  1.0000000000
10.2224539105 10.5223427819  5.9358608695 13.2068161175  8.7560138088  6.9214108615  0.1390635333  0.2447720696  1.0000000000  0.0913708116 -0.2809647953  1.0000000000
10.9763937033 11.6892333172  6.6712445695 11.7789836448 10.8168464104  7.9531713766 0.1502339295 0.2214010889 1.0000000000 0.0345668671 0.0565752084 1.0000000000
12.3358310457  9.2335442149  6.5883093583 11.6507424015 11.9796167147  6.3893810719  0.1125553816 -0.1318246403  1.0000000000  0.2384025698  0.1462478109  1.0000000000
12.4083325191 10.8930974766  7.5968325449 10.7123640100 11.0705741226  8.8861341606  0.1184030215  0.0210856537  1.0000000000 -0.1068504398  0.1680263911  1.0000000000
12.7677774810 12.0755801025  7.2392541216 11.2878690990 11.9039336809  6.4793174027 0.1896862292 0.1213444061 1.0000000000 0.1950478689 0.2429226359 1.0000000000
12.7079672959  8.2464146288  5.4263502243 12.8965673531 11.0232781492  7.0821647299  0.2145177797 -0.2960552647  1.0000000000  0.2176591692 -0.0194482513  1.0000000000
13.6481699999  8.9356341272  6.4069596013 10.4838523798  9.6651460125  6.7236977333  0.1588080185 -0.2668937078  1.0000000000  0.0267868478  0.1046905500  1.0000000000
14.1451884200  9.7211923314  7.5213079271 11.5688441119 10.3425898462  6.8471023293  0.1273222588 -0.2443098954  1.0000000000  0.1150760691  0.0619596523  1.0000000000
11.4490239639  8.6848289795  8.1445551455 11.3323872449  7.2024305481  7.7626967324 -0.1114648117 -0.0894381037  1.0000000000 -0.2054992404 -0.2341141189  1.0000000000
13.5325437242  8.8714759121  6.5918442203 11.6724415552 10.1389779500  6.5225897694  0.1859208888 -0.2401606864  1.0000000000  0.1242427674  0.0389253433  1.0000000000
11.6192370670 10.1132797697  5.9885195435 11.1515194740  7.9578449733  7.0682278909  0.1791550222  0.0702720518  1.0000000000 -0.1046381678 -0.1249090851  1.0000000000
11.6029883637 11.0167413642  9.3342271369 10.2082606557 10.5950780345  9.6696703047 -0.0774353520  0.1019356013  1.0000000000 -0.2053174513  0.1539587770  1.0000000000
10.1028244855  8.8012526900  8.2426007603 12.6463361901  8.0213680957  5.9784779550 -0.2648936254  0.0615602602  1.0000000000  0.1185917810 -0.2838204798  1.0000000000
11.4388591464  9.3818942042  9.6100847749 11.8002735488 10.4487461340  9.7934609950 -0.1831099412 -0.0074243668  1.0000000000 -0.0990622520  0.0296908054  1.0000000000
 9.0260727761  9.4606840488  7.1980644941 13.4928567216 10.6818104684  7.7962418542 -0.1510704559  0.3005161203  1.0000000000  0.1285794581 -0.0484078548  1.0000000000
11.4407416941  9.9285507124  8.1788011586 11.4694378513 10.2910675912  6.7512253307 -0.0411444541  0.0129040309  1.0000000000  0.1749612251  0.0752509320  1.0000000000
11.5608382861 10.2604157067  8.4683662135 10.7061473351  7.8881252393  6.9837228083 -0.0306131153  0.0147773945  1.0000000000 -0.1627546839 -0.0456855835  1.0000000000
11.1334242155  9.8983190708  5.1679410554 11.1410251934 10.3198334841  5.1550315151 0.2719185509 0.1075814489 1.0000000000 0.2731641002 0.1642262875 1.0000000000
12.0846454803 10.1650028256  8.6839633385 13.3206944034 11.2611648312  7.1779698095 -0.0520659844  0.0033793267  1.0000000000  0.2383296758 -0.0450074080  1.0000000000
13.3349177801 11.7768011372  7.7926264663 10.9783327240  8.2149785879  7.6692951593  0.1812056055  0.0140812625  1.0000000000 -0.1852303035 -0.0692191948  1.0000000000
11.7303114969 12.6243329003  8.0086547314 11.7063672700  8.8693964841  7.4911299471  0.1275601005  0.1668034169  1.0000000000 -0.0304588458 -0.0441724435  1.0000000000
13.1854091336  8.4526673626  4.9605064108 12.6591130578  8.1100103354  7.7770380080  0.3152601629 -0.2978429408  1.0000000000 -0.0692191247 -0.2464773216  1.0000000000
