646.3000000000
50
 2.9758789513 -8.9803135867  7.3553265244 -0.1427405463  0.2800251635  1.0000000000
 6.3270140645 -6.7687619386  7.0878504914 -0.0614039975  0.0016068969  1.0000000000
 4.9668722256 -8.5001734859  9.2274810335 0.1391371730 0.1541254627 1.0000000000
 3.5922991396 -8.0583153834  7.3642260207 -0.1074267912  0.1194974994  1.0000000000
 3.6250316353 -8.5419943736  9.0720851274 0.1293907923 0.2334792164 1.0000000000
 4.0007046485 -5.8901625433  6.6701339269 -0.1626603789 -0.1391616947  1.0000000000
 3.5943752425 -8.6746938650  7.7734388627 -0.0831876490  0.2092548623  1.0000000000
 5.4102958995 -6.2240371188  8.3809801314  0.0451758702 -0.0613698449  1.0000000000
 2.7547371411 -6.0247346476  6.7565983884 -0.1721202821 -0.1643859121  1.0000000000
 3.5194877852 -4.9539707556  8.8540557150  0.1363772871 -0.2619234206  1.0000000000
 3.6402223139 -6.2564515705  6.2772315494 -0.2751247304 -0.1055799512  1.0000000000
 5.5260089172 -7.0691299940  6.9105876182 -0.1248349003  0.0785235982  1.0000000000
 5.1053627014 -6.1308979269  6.8294940708 -0.1521021338 -0.1020900103  1.0000000000
 4.1235940710 -7.3516556890  9.4394343510 0.1634636416 0.0972741840 1.0000000000
 3.7978891436 -6.3742305417  6.5907651701 -0.1848736651 -0.0805378745  1.0000000000
 4.6743312814 -6.9002267713  7.9087995885 -0.0028230063 -0.0207452071  1.0000000000
 4.3696304168 -8.5144772046  9.5861493032 0.1985691742 0.2147715190 1.0000000000
 5.7475014567 -6.7674329627  6.7817931833 -0.1284229649 -0.0137711198  1.0000000000
 2.6539622086 -7.5262234340  9.7923658329 0.2867257457 0.1047285814 1.0000000000
 2.7600536476 -6.4213225200  6.1717440182 -0.2564017162 -0.1294911016  1.0000000000
 3.9649329310 -6.5478766918  7.5112371028 -0.0714236580 -0.0095361737  1.0000000000
 6.0836839404 -7.1816608780  8.8722430461 0.0707937029 0.0258913834 1.0000000000
 3.3368020924 -8.0032570143  7.9218984138 -0.0221298634  0.1921847777  1.0000000000
 5.7968272465 -7.2603033251  6.7507623709 -0.1099130904  0.0339907942  1.0000000000
 3.1279100414 -7.8202916770  8.4864843018 0.0685732709 0.1290046180 1.0000000000
 4.9597231290 -5.4939497545  9.9331448481  0.2172215518 -0.1156813435  1.0000000000
 4.6181509642 -4.9741812879  8.2394773648  0.0255398660 -0.2439761336  1.0000000000
 2.5682931690 -5.7097143402  6.2083314659 -0.2600535194 -0.2680871050  1.0000000000
 4.9920394738 -5.2612381271  9.6634353983  0.1897844019 -0.1518097932  1.0000000000
 2.3665887054 -5.4763594340  9.9309647540  0.2794733338 -0.2200838574  1.0000000000
 4.1402067488 -6.9162897095  6.4029467951 -0.2272269918 -0.0145920709  1.0000000000
 2.3567872330 -5.6188414998  7.9273431618  0.0186568038 -0.2406373859  1.0000000000
 5.4511250837 -7.3284664505  7.8556792965 -0.0173325496  0.0759647067  1.0000000000
 3.7776765107 -7.9341521244  8.7628481924 0.0745779869 0.1456967644 1.0000000000
 2.5936783708 -6.3850740433  8.0766746114 -0.0062130474 -0.0870695126  1.0000000000
 3.1807105577 -6.1646259045  8.8731401757  0.1411435361 -0.0966333441  1.0000000000
 3.3586294758 -8.3433444819  7.6769043743 -0.0775964421  0.1935281783  1.0000000000
 3.9355154822 -8.4524933957 10.0652263572 0.2193126206 0.2143861168 1.0000000000
 4.4547478571 -8.0811644031  6.2819073580 -0.2149267739  0.1264434944  1.0000000000
 4.8567145647 -7.9184708626  9.0749989432 0.0861021671 0.0795143126 1.0000000000
 2.7939867710 -8.2834381721  9.1613779359 0.1897815664 0.1843353725 1.0000000000
 3.4147586928 -6.2310378358  6.8777268553 -0.1547163140 -0.1240621479  1.0000000000
 5.8931980488 -7.8223383546  7.0788275610 -0.0922111171  0.0937322154  1.0000000000
 4.7166138433 -6.4304170212 10.0951047782  0.2448346122 -0.0680939214  1.0000000000
 6.2733468133 -8.4749594387  7.6338155813 -0.0271201148  0.1513544996  1.0000000000
 3.4293007840 -7.3876951099  7.7783602547 -0.0339042611  0.0521419994  1.0000000000
 2.8096220853 -8.9522003064  8.6970655664 0.1150849074 0.2944117969 1.0000000000
 6.3115778679 -8.7242023979  9.7881966468 0.1578068500 0.1696336282 1.0000000000
 5.3701580518 -4.9485333082  7.2830706241 -0.1065156524 -0.1945977732  1.0000000000
 4.4191469437 -7.8463302497  9.3232491880 0.1534328435 0.0756016019 1.0000000000
50
 4.0583642247 -6.9723625979  7.5228621303  4.4915773664 -7.7381694174  8.7900658740 -0.0456649039  0.0103831563  1.0000000000  0.0928499432  0.0898489500  1.0000000000
 5.6247251655 -8.6020242164  7.7679235184  5.0483115079 -8.5549744173  9.3015297854 -0.0485372683  0.1666700116  1.0000000000  0.1371535569  0.1811258173  1.0000000000
 3.4504436323 -6.0255612454  8.7735822097  3.4352073584 -7.7497912595  7.2205374422  0.0969672339 -0.1182626254  1.0000000000 -0.1211920887  0.1125940805  1.0000000000
 4.4517253677 -6.3026009529  7.1997491183  4.8654556182 -5.8375996439  7.1019809007 -0.0627342925 -0.0486396683  1.0000000000 -0.0898231521 -0.1462630458  1.0000000000
 4.8798114052 -7.0061812511  7.1592939284  3.8122045217 -6.1508300750 10.0414142027 -0.0925020942 -0.0073021669  1.0000000000  0.2970954995 -0.1003681601  1.0000000000
 6.0463649342 -7.8191738552  8.1763046672  3.4439649139 -6.0970056756  6.8552992776  0.0223437498  0.1018751767  1.0000000000 -0.1677659652 -0.1075482904  1.0000000000
 6.0688313924 -5.2224456085  6.6386347374  3.7410881916 -8.0167175186  6.2821288209 -0.1446203723 -0.2146459256  1.0000000000 -0.2439296667  0.1088037251  1.0000000000
 2.7144526405 -5.2036039508  7.2515406305  5.3483686767 -6.0782204922 10.1357458593 -0.1614230576 -0.2728281227  1.0000000000  0.2103497144 -0.0552722857  1.0000000000
 2.6499617921 -8.3490104933  7.4271184395  3.6517859222 -6.8220590431  8.3275901488 -0.1017374623  0.2084108053  1.0000000000  0.0870055700 -0.0056459354  1.0000000000
 4.6607246919 -5.3379553513  6.3957944509  5.6845452933 -6.8523816975  7.7150625708 -0.2145053549 -0.2418558364  1.0000000000 -0.0548931274  0.0251513005  1.0000000000
 5.6728916658 -6.5587673167  6.6504224519  3.6406689694 -7.7007260569  7.6959205749 -0.1307476792 -0.0763147485  1.0000000000 -0.0437616394  0.0917090042  1.0000000000
 4.4091018460 -7.4035364036  8.0321155491  4.9854519345 -8.7052903189  7.0961016310  0.0101195524  0.0303990544  1.0000000000 -0.1483721919  0.1440278616  1.0000000000
 5.0122384295 -5.1116825829  7.2031768977  6.3101294764 -8.1572796067  8.5532422076 -0.0867994596 -0.1422205345  1.0000000000  0.0437075635  0.1412017234  1.0000000000
 6.3387838589 -8.4130459444  7.8929070737  3.5154993726 -5.8012639237  9.5892393993 -0.0031309541  0.1578791419  1.0000000000  0.2028596320 -0.1652114883  1.0000000000
 5.8176519305 -8.0276062664 10.1031956160  6.1757186097 -7.4010035309  8.0542458185  0.1681637768  0.1140080130  1.0000000000 -0.0089548414  0.0782276839  1.0000000000
 3.6345280918 -6.7488254666  9.5748066065  4.2172867944 -8.0228796972  8.3534508435 0.2534621033 0.0044374192 1.0000000000 0.0182209543 0.1854149605 1.0000000000
 5.7918806937 -6.0568803024  6.8346937614  3.7937972548 -8.6837649180  6.5812821873 -0.1038887613 -0.0972099655  1.0000000000 -0.1956038697  0.1669559792  1.0000000000
 4.6504083709 -7.3568787324  6.7624162146  5.6172822847 -7.1860617032 10.1000200634 -0.1678888581  0.0503337207  1.0000000000  0.2104145393  0.0039345840  1.0000000000
 3.9628052546 -7.1975748443  9.5753402917  5.7896132233 -8.4887837287  6.5455412108  0.1954670677  0.0312110137  1.0000000000 -0.1409252351  0.1590123075  1.0000000000
 5.1741151516 -7.9510316388  9.7032030531  5.1235681367 -7.8089197624  8.2239595510 0.1569920557 0.1257366088 1.0000000000 0.0224518732 0.0825493979 1.0000000000
 2.8124581687 -5.2127273181  9.8974907101  2.4005687280 -7.1039525738  9.0102574480  0.3329235257 -0.2749231422  1.0000000000  0.1713571827  0.0579600209  1.0000000000
 4.7025356534 -6.5285111632  6.2255271006  5.2840210190 -7.7550817009  9.9684621700 -0.2220108065 -0.1026112447  1.0000000000  0.2621205907  0.0831271367  1.0000000000
 5.7276813714 -6.0263122785  8.3416028482  2.3961281545 -5.5377453523  6.5406840033  0.0270089870 -0.0757999290  1.0000000000 -0.2707386174 -0.2705648984  1.0000000000
 6.2830029293 -7.0157313268  9.0123853858  5.7397830951 -6.3827751767  8.5395329353  0.0786011301 -0.0094524018  1.0000000000  0.0264173357 -0.0390726061  1.0000000000
 6.0691651492 -5.2557005629  7.6071319919  5.7369983920 -8.0567415472  6.5593190169 -0.0708400824 -0.1503917892  1.0000000000 -0.1580438205  0.1219629801  1.0000000000
 3.8041367324 -8.7338244889  6.7656059355  3.6000200909 -8.7871160268  8.8803116925 -0.1187578934  0.2517338744  1.0000000000  0.1512577266  0.2475909040  1.0000000000
 2.5984963406 -7.1938119724  6.3600659786  2.5512839628 -6.1141676430  9.2325852921 -0.2444886331  0.0259455370  1.0000000000  0.2037779706 -0.1253460705  1.0000000000
 2.4339796043 -5.6222833171  6.3588281543  4.6014383319 -5.5865604897  6.9375724084 -0.2984022104 -0.2277271833  1.0000000000 -0.1391397379 -0.1847556737  1.0000000000
 5.0456403984 -5.4950430229  9.1251029103  3.9385485626 -5.0372466176  6.5750358496  0.0966242846 -0.1584876679  1.0000000000 -0.1902808794 -0.2472615318  1.0000000000
 6.4325456282 -8.7131042894  7.1278422632  3.9038604627 -8.1274721053  6.1444610479 -0.1006858335  0.1858906362  1.0000000000 -0.2394669376  0.1386341066  1.0000000000
 4.0221564403 -5.3837780094  9.8324054424  4.6979836968 -6.5921467932  9.7272673749  0.2055732028 -0.1757586072  1.0000000000  0.1565560921 -0.0073161905  1.0000000000
 3.5249376385 -6.8710028142  7.8369470469  3.7944814070 -7.1262854935  8.9958869381 -0.0106115702 -0.0005704037  1.0000000000  0.1200069449  0.0029151166  1.0000000000
 2.9766253480 -7.2258892988  9.5419305843  3.3923532332 -5.5641878066  6.1475742411  0.2472836444  0.0636906033  1.0000000000 -0.2639810686 -0.2109354261  1.0000000000
 4.3071061487 -8.3191812255  6.8570322131  3.2309909194 -5.9724247888  6.8104254711 -0.1468283647  0.1711151532  1.0000000000 -0.1636888093 -0.1252166280  1.0000000000
 3.7531076900 -5.9503462317  6.6551559363  4.5668188945 -7.2957665379  9.8468402354 -0.2176321292 -0.1046806357  1.0000000000  0.2450333135  0.0178353240  1.0000000000
 4.6428987095 -5.1901707446  6.2763305925  4.4222992784 -7.5954944513  8.0326470998 -0.1605916354 -0.2495173079  1.0000000000  0.0355149186  0.0624220792  1.0000000000
 3.9901918714 -8.7492805943  9.9423108053  5.7196875479 -6.2175351845  8.1409288546  0.2433960481  0.2477201569  1.0000000000  0.0537406403 -0.0754548609  1.0000000000
 4.7055696263 -6.9862533367  6.3917867262  4.1891290679 -8.0269019707  6.9424195418 -0.2031873850 -0.0006272587  1.0000000000 -0.1411390437  0.1180082978  1.0000000000
 4.2370694294 -5.9147212827  6.2435913495  4.9375182542 -6.7497213117  7.2560295437 -0.1894593771 -0.1034674706  1.0000000000 -0.1172900797 -0.0316883242  1.0000000000
 5.7064717267 -8.0988067839  8.2758284082  6.2893080853 -6.4018078102  6.6666812777 -0.0001949531  0.1440435831  1.0000000000 -0.1714045918 -0.0383491865  1.0000000000
 6.0711845256 -8.7074044430  6.9321014066  6.0839700363 -6.7020864467  9.5476985711 -0.1121021778  0.1717106408  1.0000000000  0.1604012069  0.0218804144  1.0000000000
 4.0467409435 -8.4419289682  9.3504220143  3.9230268257 -7.9230192289  6.6618244692  0.1591751260  0.2226486328  1.0000000000 -0.1563328707  0.1071764076  1.0000000000
 5.7636940935 -6.1085839923  8.7142399499  6.1217785846 -7.8898656958  7.8231341612  0.0293221905 -0.0935493355  1.0000000000 -0.0279446870  0.0879059385  1.0000000000
 2.8180614324 -5.8566292880  8.5763810969  3.1489025610 -8.4758521816  6.4607228388  0.1134671469 -0.1880198270  1.0000000000 -0.2183985847  0.2305859208  1.0000000000
 4.1152275240 -7.6956452500  9.6973490491  6.2826653284 -7.5941674211  7.2769230970  0.1955103360  0.0537320498  1.0000000000 -0.0938262324  0.0715519234  1.0000000000
 2.7660297818 -7.3526344444  6.9345053621  3.3897160211 -7.0952944448  8.8175829528 -0.1276428005  0.0542188411  1.0000000000  0.1015258552  0.0207310199  1.0000000000
 2.8334629949 -8.8336433585  8.3585778751  5.9872415835 -6.2409592504  7.3559239324  0.0262813273  0.2793622093  1.0000000000 -0.0605542959 -0.0804336115  1.0000000000
 2.4619331800 -5.8210757355  8.4468126751  5.0447912841 -5.4898130446  7.5479585995  0.0832110025 -0.2027366713  1.0000000000 -0.0394509723 -0.1626820906  1.0000000000
 2.6446646380 -6.1003222183  8.3461285705  5.2279594204 -6.7160099147  7.9154722461  0.0779067334 -0.1568172634  1.0000000000 -0.0458217597 -0.0374159521  1.0000000000
 5.6934901814 -8.5439696578  6.7632741864  5.1510083939 -8.3873621114  9.4464748305 -0.1059801294  0.1640708776  1.0000000000  0.1835173597  0.1648521576  1.0000000000
