389.3000000000
50
5.7792142501 2.8367098181 5.3342825920 -0.0538742206  0.1497757764  1.0000000000
5.6388152447 3.3771590710 5.4858418424 -0.0106956739  0.2043835111  1.0000000000
5.9357506581 2.3132672545 3.6174885698 -0.0977340144 -0.0296130756  1.0000000000
6.0714631129 2.1824107661 2.6140980397 -0.0362159690 -0.1358158748  1.0000000000
6.4361905331 2.6282994565 6.1867820389 -0.1396734105  0.1297489253  1.0000000000
6.2686077586 1.8766751760 5.6413855554 -0.1556304438  0.1501993131  1.0000000000
4.6792375736 0.3843658744 2.0657398039 -0.3096479812 -0.2903994869  1.0000000000
6.3345565905 1.8791986908 3.7121312579 -0.1011724745 -0.0556564499  1.0000000000
4.4394206499 3.5451393701 4.7291187964 0.0312635941 0.2385639053 1.0000000000
4.4363633842 2.6895622605 1.5533248986  0.0944299963 -0.1824285995  1.0000000000
6.8452885840 3.1291323332 4.3032753485  0.0154528789 -0.0062690946  1.0000000000
5.7792942095 2.8086797606 5.9801475756 -0.1318530312  0.1927972249  1.0000000000
4.8825720651 0.8214055956 3.1766372000 -0.2450647643 -0.1073440440  1.0000000000
5.1038349968 3.6379917760 4.1237839841 0.0854243883 0.1366947553 1.0000000000
4.2827229566 2.0410881287 5.4287236785 -0.1581705806  0.2201829904  1.0000000000
5.1670918311 0.6935736515 2.0450983933 -0.2613694688 -0.2359122168  1.0000000000
5.8619718535 4.0272069485 1.0448066648  0.2931690435 -0.2324627762  1.0000000000
6.3745270139 1.0947148148 3.8190099139 -0.1742700083 -0.0897801589  1.0000000000
5.5253883594 4.3102457348 4.4791187709 0.1641009564 0.1467685127 1.0000000000
6.8385749260 1.5618555733 4.3318703930 -0.1193378655 -0.0756700268  1.0000000000
4.3254888259 2.2153591193 5.1469438805 -0.1570654169  0.2434186915  1.0000000000
5.5702320637 0.7363257412 2.8821277569 -0.2410789128 -0.1831919178  1.0000000000
7.0793566016 3.9643441846 2.4404041860  0.1715834907 -0.1252586770  1.0000000000
4.8307162706 2.0043383848 4.9534291576 -0.1475087412  0.1570414487  1.0000000000
4.7697955138 3.9331076571 4.5714649264 0.0617463629 0.2300193873 1.0000000000
6.4325098427 0.5256766099 2.5053604316 -0.2378773319 -0.2353444302  1.0000000000
4.9956577113 2.6548293439 5.5532414567 -0.1069889900  0.2695740932  1.0000000000
7.9815888886 2.5817493255 2.6764619267  0.0566696203 -0.2038127642  1.0000000000
5.9396044158 2.3662273874 5.2354348080 -0.0923932875  0.1365323421  1.0000000000
3.8823966089 4.7409249600 3.7744646004 0.2286826543 0.2566961972 1.0000000000
5.1050602225 2.9996496934 1.1018351277  0.1375907807 -0.2439257045  1.0000000000
5.4886409191 0.8742158226 2.4113217903 -0.1913400804 -0.2258277173  1.0000000000
4.8161900414 3.5983407617 5.1277434205 0.0009005758 0.2534656725 1.0000000000
5.6192475545 1.3454381731 2.3397042012 -0.1099838667 -0.1783156631  1.0000000000
4.3626145729 4.0055482318 3.5567403468 0.1550797439 0.1697538003 1.0000000000
4.0782709377 2.0671167956 4.4367495078 -0.1588588835  0.1428776433  1.0000000000
5.5767733725 3.0028438574 1.1969306199  0.1058417999 -0.2395341495  1.0000000000
4.5599047571 2.2973190275 3.6092763861 -0.1229501356  0.0453141383  1.0000000000
3.3288036841 2.2972930743 4.0462189495 -0.1504819340  0.2377861288  1.0000000000
6.7486722356 1.5156227491 5.5856948586 -0.1928559968  0.0834315218  1.0000000000
4.1030800445 1.5578764874 2.6783321716 -0.1899679437 -0.0754889504  1.0000000000
4.3792367536 2.2049562617 3.0966568633 -0.0549797419 -0.0086999289  1.0000000000
5.3868201739 2.6985814544 1.0025242358  0.1125570188 -0.3298548426  1.0000000000
5.2510064492 1.3108415947 2.6369846719 -0.1270800175 -0.1749501536  1.0000000000
3.2198666755 3.5362868091 4.0627991502 0.0299711794 0.3147261343 1.0000000000
7.6465970515 3.6057100657 2.5001568903  0.1509776229 -0.1321142364  1.0000000000
6.2192306066 1.8512895199 5.9324081365 -0.1530622213  0.1287629551  1.0000000000
6.1271526373 1.6738239141 2.6277411091 -0.0797436014 -0.1550949571  1.0000000000
5.1651483331 3.0077182648 2.7482550115  0.0419126507 -0.0101250359  1.0000000000
4.0297623185 3.1518374475 2.1596967202  0.0856279238 -0.0604149476  1.0000000000
50
5.6516293327 2.7789345336 4.2587619757 5.4377450005 5.1441289719 4.7750880462 -0.0613576484  0.0618930449  1.0000000000  0.2002800880  0.2050715960  1.0000000000
6.6946427633 4.7253311266 3.9642093939 3.1031425688 1.8695110240 4.0921616633  0.2001164794  0.0716474366  1.0000000000 -0.2334312737  0.2293586717  1.0000000000
4.9919585098 1.1225422185 3.1917637758 5.6167912913 1.3430526006 2.4448002124 -0.1820792825 -0.0529294145  1.0000000000 -0.1661010187 -0.1583868447  1.0000000000
4.9438655512 0.7976704390 2.5798590658 4.1305807194 1.7852267016 3.1478703100 -0.2278260199 -0.1661489028  1.0000000000 -0.1545534572 -0.0232156575  1.0000000000
6.8420722356 2.8802691407 2.1040219105 6.6239183694 1.7300250627 5.5344069517  0.0993590120 -0.2115960518  1.0000000000 -0.1427763755  0.0815668641  1.0000000000
7.6377911228 3.5984825689 3.3673261678 4.3157089129 4.2694004791 4.4496489379  0.1391047226 -0.0722941309  1.0000000000  0.1573648073  0.2171777455  1.0000000000
4.1376603733 2.6529405897 4.2318151223 3.7370222263 1.9708762355 4.3132090049 -0.1076111269  0.1664922404  1.0000000000 -0.1812465646  0.1645579364  1.0000000000
5.6467010792 2.3880350072 1.7984979364 5.3697583537 3.4904115158 2.9327428131  0.0109821800 -0.2034808783  1.0000000000  0.0939706116 -0.0186900230  1.0000000000
5.8391830341 4.6453155186 3.7601178895 5.6526200328 2.9833371781 4.9464632257  0.1771704797  0.1226782608  1.0000000000 -0.0779268167  0.1780044632  1.0000000000
7.1793459714 2.8145051681 4.0110259297 5.8853808489 1.5329452888 3.5672312354  0.0398248326 -0.0722473103  1.0000000000 -0.1403835831 -0.0571124758  1.0000000000
6.3481678344 2.6457153741 3.1305399992 4.6912608744 2.9355536352 3.8273638954 -0.0224753785 -0.0519129512  1.0000000000 -0.0393597626  0.0801213531  1.0000000000
3.0769924621 2.4733125055 4.4065171489 5.7052930507 0.6938739434 2.5737331105 -0.1580016139  0.2964567673  1.0000000000 -0.2202436846 -0.2667495611  1.0000000000
5.7519188291 1.5812216211 3.7421844028 3.5108148926 3.7489960345 3.5340866280 -0.1272713592 -0.0247343575  1.0000000000  0.0890518867  0.2175822375  1.0000000000
6.4626810766 2.2438764252 3.9636506631 6.5529634341 1.0447972234 2.9885506078 -0.1039070465 -0.0095569022  1.0000000000 -0.1739514255 -0.1342902155  1.0000000000
4.7278127090 2.3326203036 1.0022899724 5.5313242699 4.6213001327 3.1719683208  0.0236614812 -0.3056781123  1.0000000000  0.2472370049  0.0794927129  1.0000000000
6.5691581864 1.6251503945 3.1850695474 4.3902009422 4.4971429780 2.4335212158 -0.1356524969 -0.1349361067  1.0000000000  0.2568467939  0.0331741446  1.0000000000
5.8848991391 4.4811850326 3.4888802369 6.1335873259 5.5136598440 5.0544159385 0.1641089731 0.0812375765 1.0000000000 0.2066666278 0.1936321663 1.0000000000
6.9490498769 2.7477435638 4.4506748576 3.8227895804 1.9405492956 3.3657499701 -0.0017087363 -0.0234569990  1.0000000000 -0.1457360640  0.0332732788  1.0000000000
6.7335775614 3.4373594761 3.0718523979 3.2524268497 4.6013905199 3.6879840825  0.0990131140 -0.1127142247  1.0000000000  0.2421585895  0.2918598661  1.0000000000
3.6942439033 4.8310926999 3.9107501409 6.4275654097 2.7733668339 3.7881527962  0.2388610664  0.2928623439  1.0000000000  0.0123796339 -0.0082392825  1.0000000000
6.8597143948 3.1087566151 2.2304953247 7.2957190991 1.7579558101 3.7540045863  0.0883159132 -0.1721530705  1.0000000000 -0.0238911022 -0.1083312157  1.0000000000
6.1955245325 4.8469232461 4.7473065064 6.0087200036 4.5727981712 4.0337646963 0.1569935150 0.1649156258 1.0000000000 0.1733100013 0.0665017937 1.0000000000
5.9349905956 2.7076009532 4.3491616324 3.9429275768 4.8849312183 2.7096483460 -0.0687817208  0.0977734666  1.0000000000  0.2725802651  0.1223836758  1.0000000000
5.0326449933 2.0839849264 3.1231126165 3.8267305330 1.9005962254 2.7255686594 -0.0597714733 -0.0451994557  1.0000000000 -0.1548827918 -0.0145652389  1.0000000000
6.4035856606 2.2858196791 4.8122974483 6.6121085035 3.5811603576 3.0129519748 -0.0890888310  0.0600848286  1.0000000000  0.1551739210 -0.0558524189  1.0000000000
3.5802839927 4.7702474872 3.9591766576 5.9044072986 2.0775075541 5.8516531444  0.2266383698  0.2705353294  1.0000000000 -0.1416269376  0.1343439841  1.0000000000
3.9183712840 4.8334333038 2.6887212767 7.4064951760 3.5902136615 3.6355567075  0.3405321268  0.1493283009  1.0000000000  0.1092875444 -0.0460664648  1.0000000000
7.3189911435 1.6971952142 2.8000321052 4.8704408748 0.5367437149 2.3469053432 -0.0788890568 -0.2129479088  1.0000000000 -0.2874685188 -0.2412818767  1.0000000000
4.3951535580 2.5650390507 2.7959171909 5.7046206328 4.4035830536 2.7760225181 -0.0143739614 -0.0206946415  1.0000000000  0.2169236245 -0.0111378079  1.0000000000
6.8782699841 2.8638046306 3.2197522464 3.1434586045 4.9128949678 3.6257255475  0.0463383929 -0.0582062634  1.0000000000  0.2653715779  0.3430007310  1.0000000000
7.2427566755 3.9174385595 2.1622966624 5.1254909099 4.5856107859 4.7478666099  0.1798567059 -0.1531684653  1.0000000000  0.1580774399  0.2300482072  1.0000000000
7.0746814037 2.2152531979 2.3287460470 5.4323668945 4.9606677824 4.8106602223 -0.0255157117 -0.2337634876  1.0000000000  0.1195951198  0.2451826171  1.0000000000
4.7502699246 4.8066545204 3.4404645855 5.2200444477 1.9516409091 5.7332471761  0.2453877094  0.1329868887  1.0000000000 -0.1589167867  0.1599441660  1.0000000000
7.0287749204 2.5431947873 2.3518952469 3.9963858017 1.0843869127 3.5959209311  0.0668209214 -0.2041538753  1.0000000000 -0.2903640212  0.0111456718  1.0000000000
4.2412029247 1.8452455878 2.2184466339 6.1247073106 1.9790747075 3.2791231920 -0.0902953799 -0.1365791408  1.0000000000 -0.0793739117 -0.0778509802  1.0000000000
6.2825020642 2.0812870001 2.0264872287 4.8169056599 2.7113230123 3.7554472574 -0.0266441544 -0.2429385358  1.0000000000 -0.0493405227  0.0788658404  1.0000000000
4.5925063322 2.3552241656 2.2434723586 5.0474326946 3.3105976407 5.3022822249 -0.0081320842 -0.0907733922  1.0000000000 -0.0143179841  0.2024075593  1.0000000000
5.6454213902 1.4548084924 3.2318367865 4.1394340584 2.0746143476 5.3612233566 -0.1535457009 -0.0641745088  1.0000000000 -0.2408138854  0.2703158526  1.0000000000
5.0043859858 1.9496052810 4.3497990506 6.9132391146 4.3539166219 5.0219260637 -0.1342379889  0.0868780124  1.0000000000  0.1020200943  0.0775946527  1.0000000000
3.1053359341 1.5312575513 4.2898841027 5.1416676761 2.2486105232 3.0670543112 -0.2711964021  0.1958189007  1.0000000000 -0.0755061998 -0.0533521868  1.0000000000
5.4022629866 3.2082613880 5.1104519150 4.4609080303 0.7800705051 2.4872055756 -0.0606154994  0.1936720957  1.0000000000 -0.2695851945 -0.1363206738  1.0000000000
5.7985254579 2.2662082849 3.2288111751 6.2845840480 3.1382669750 6.0524578083 -0.0578050716 -0.0247893713  1.0000000000 -0.0625040037  0.1933117197  1.0000000000
5.3559625753 3.4194998576 2.7754099106 5.2903958931 3.9418383398 4.3825456438  0.1245784684 -0.0190605314  1.0000000000  0.0948769902  0.1700484059  1.0000000000
6.5271940115 1.9701117453 3.2442348489 7.1018274368 1.2595095271 3.8576442932 -0.0636638116 -0.0610045206  1.0000000000 -0.1777785535 -0.0475151256  1.0000000000
6.4654400307 4.3307066180 2.3009370939 5.7658260250 2.6302523773 4.3059298005  0.2065692111 -0.0928241985  1.0000000000 -0.0488257914  0.0399459634  1.0000000000
7.6515115686 1.8336398349 4.0004056180 5.5308863428 2.7188995160 2.9275608527 -0.0979247129 -0.1147190074  1.0000000000  0.0341892755 -0.1222919987  1.0000000000
4.9552226903 4.8393595853 4.1840798661 6.3480123709 4.7878986540 4.7640129119 0.2353049758 0.2096632969 1.0000000000 0.1943470280 0.1108538151 1.0000000000
4.9519471072 1.6077639265 2.3015676535 6.2345848422 1.8858522998 5.6219717921 -0.1019364547 -0.1437477533  1.0000000000 -0.1607662978  0.1222584961  1.0000000000
5.7302139962 2.3227920492 3.5197473559 7.2486991073 3.2075078830 3.2529595488 -0.0433178905 -0.0314442106  1.0000000000  0.1140517610 -0.1136954366  1.0000000000
6.7106032947 5.1304848604 4.9983460032 7.0667712886 3.2206336982 4.2027382307 0.1486586349 0.1481115799 1.0000000000 0.0101802570 0.0074537615 1.0000000000
