426.5000000000
50
-4.0991911612 12.0666528390  9.6656608162 -0.1692428010  0.2193587911  1.0000000000
-6.9455342509 12.6260099958  7.4475126823 -0.0494574495 -0.1336973951  1.0000000000
-8.5517772925 10.6328964966  8.3671490209  0.2869023515 -0.2294501193  1.0000000000
-7.8469612382 12.9415090356  8.7787733998  0.1176249530 -0.0748609277  1.0000000000
-8.0815513258 12.5731938964  8.8241452968  0.1555030399 -0.1256356674  1.0000000000
-4.0904703035 14.0035822166  9.3973486251 -0.1665171532  0.1335990364  1.0000000000
-5.8870649168 10.6544581837  7.7644098272 -0.1860627447 -0.1206906436  1.0000000000
-6.0583680616 10.5648986149  7.3471599519 -0.1551065858 -0.1735470911  1.0000000000
-7.0193777656 10.2632649265  9.0529256232  0.1228416958 -0.0245168680  1.0000000000
-7.1611941279 11.8275253904 11.4728316646 0.2428019626 0.2301599445 1.0000000000
-7.9963492011 11.6250512211  7.7067884257  0.0949402874 -0.2598384862  1.0000000000
-5.3496502004 12.2147448211  7.9807955988 -0.1620393475 -0.0843182517  1.0000000000
-7.7710585918 12.4797548772  8.8958695256  0.1595117095 -0.0825730703  1.0000000000
-8.8478387488 13.5795566551  8.4098689791  0.1842194443 -0.1864874430  1.0000000000
-6.0698528484 10.7560688997 10.6494360187 0.1105133042 0.2552218145 1.0000000000
-4.7482561037 10.4542403410  9.9887161587 -0.1305982400  0.2552777224  1.0000000000
-6.1892545026 11.6407073510  7.2694575044 -0.0933072827 -0.1472850106  1.0000000000
-6.2111825411 12.4275387267  8.2990238506 -0.0596538058 -0.0831659833  1.0000000000
-7.1920300615 10.1372569449  7.3101464695 -0.0459501453 -0.2949924148  1.0000000000
-7.5829075474 13.9102242858  7.3392606002  0.0352561719 -0.2256162408  1.0000000000
-7.7199272452 14.0121744163 10.5513656885 0.1651714829 0.0549967945 1.0000000000
-5.2683182661 11.8647469152  9.7543279105 -0.0935456374  0.1478359462  1.0000000000
-7.5630867271 13.0324842857 10.0156513819 0.1884855380 0.0542608663 1.0000000000
-6.3968626390 13.4237238125  8.9459511577  0.0162344319 -0.0165629968  1.0000000000
-6.7462003123 13.0352921550  7.5185296489 -0.0680781177 -0.1172138156  1.0000000000
-6.6994333316 12.7591065933  8.8153490354 0.0077835882 0.0105417123 1.0000000000
-6.4951017206 13.4449961117  9.7406837253 0.0717989642 0.0758836418 1.0000000000
-8.9963816456 10.8970865921  8.2998971453  0.2761427694 -0.2342539810  1.0000000000
-6.5965246580 11.1774178903  9.0200193828  0.0299834947 -0.0033456599  1.0000000000
-7.6565763512 11.2041404269  7.3717216375  0.0193187867 -0.2606774969  1.0000000000
-5.6969428564 14.0388679108 10.5715432911 0.0052602738 0.1817173472 1.0000000000
-6.9786264592 13.2769873827  8.3177952725 -0.0290834772 -0.1018088979  1.0000000000
-8.6461592362 11.5488848593  8.7074925659  0.2439145725 -0.1898396163  1.0000000000
-6.9077356678 13.6755568639  9.8013868405 0.0673764475 0.0284151928 1.0000000000
-5.4074376874 10.3743630449 10.6776723054 0.0038282533 0.2757581355 1.0000000000
-5.5573526577 12.1461179246  8.5048893481 -0.1016865587  0.0708799025  1.0000000000
-8.6121828409 10.6760684512  8.4681710810  0.2620129731 -0.2328310091  1.0000000000
-8.1154103410 10.8067728370  8.0255299769  0.1547795735 -0.2359617111  1.0000000000
-7.8645608511 12.7708511824 10.3743935721 0.2049506145 0.0280293066 1.0000000000
-6.2675112356 12.8673181672  7.3612358088 -0.0975288235 -0.1652984124  1.0000000000
-6.1669304066 12.6722435495  9.7383553954 0.0165618697 0.0798477902 1.0000000000
-7.1393085569 13.8417805602  8.0269167801 -0.0122175969 -0.0893273084  1.0000000000
-6.4076927782 10.5235226482  7.3863629970 -0.1068050478 -0.1960293445  1.0000000000
-6.4407889622 13.0306594432 10.5453223415 0.1020060095 0.1383260246 1.0000000000
-7.0916511784 12.9877928501  8.6655567172  0.0084314332 -0.0847827532  1.0000000000
-6.6868129471 11.0745449056  9.6168049759 0.0709246732 0.0646747305 1.0000000000
-5.1711073633 11.5966014402  8.2821512037 -0.1903561265  0.0186334632  1.0000000000
-6.2813046700 11.8670390358  7.7604927870 -0.0929933517 -0.1156440876  1.0000000000
-6.9265149257 10.3357831847  8.0619650397  0.0144997385 -0.1385344396  1.0000000000
-5.3799794908 11.1531820933  8.2494812896 -0.1452782980 -0.0111959587  1.0000000000
50
-9.0996062980 13.4729958971  8.2326387392 -5.3246646394 12.2052444905  8.3528237957  0.2266854770 -0.1759860246  1.0000000000 -0.2063689342  0.0319895477  1.0000000000
-5.2441269711 11.9610439846  9.7197344537 -5.3803167470 12.3687423054  8.3375080676 -0.0644773691  0.1673549339  1.0000000000 -0.1527154700 -0.0280804820  1.0000000000
-7.4134697845 11.2023462850  7.6541026880 -4.6899029855 10.2318671735  9.0421628618  0.0164234394 -0.2202432364  1.0000000000 -0.2040647492  0.1553144369  1.0000000000
-6.2202582386 11.1334205769 10.5968228691 -8.6175060109 12.4533762113  8.7777104168  0.1436779264  0.1701609064  1.0000000000  0.2150752814 -0.1535892890  1.0000000000
-4.8681297874 10.3742552958  8.9198127756 -6.1463202154 10.5521313268 10.5518342940 -0.2184948725  0.0930618866  1.0000000000  0.1145209464  0.2460717317  1.0000000000
-6.4973686424 11.5293291265 10.1398634480 -5.8405818279 11.3943523098  7.4620683435  0.1027256228  0.1571808738  1.0000000000 -0.1391548447 -0.1013765798  1.0000000000
-7.7517039207 11.9916680728 10.6929771497 -7.0499859582 13.3905863183  8.1455768444  0.2784591920  0.1151548942  1.0000000000  0.0006644174 -0.0804593385  1.0000000000
-6.6281146889 10.1386693797  9.2920328922 -5.8058021483 12.3608614431  8.7947059605  0.0930798497  0.0435289138  1.0000000000 -0.0806597230  0.0363036986  1.0000000000
-4.8856228598 13.0051649115  9.4212081907 -6.2547890941 11.6168355830  8.4643213752 -0.0851098166  0.1344310905  1.0000000000 -0.1069776158 -0.0538654052  1.0000000000
-5.0722449768 11.4079590687  7.9832494924 -7.8709641824 11.9492690829 10.1620311908 -0.2341518510 -0.0036684324  1.0000000000  0.2508605209  0.0611520346  1.0000000000
-6.1957970895 10.6372574358 10.8555963761 -8.6110460358 13.1925830104  9.0364145939  0.1443621477  0.2995447203  1.0000000000  0.2164303440 -0.0580280550  1.0000000000
-6.6285787954 14.0065926624 10.1076051708 -7.8625293803 13.9448293952 10.0388172649 0.0867041903 0.0929434517 1.0000000000 0.1903830577 0.0289430299 1.0000000000
-6.1687665700 12.0522551115  9.1168103927 -5.4658406296 10.4918670322  6.6558064673  0.0004432151  0.0278745200  1.0000000000 -0.3192354063 -0.2502102786  1.0000000000
-6.8372550453 11.7439650356 10.7420869964 -6.1706515776 12.6384342773  7.4012420512  0.1488249608  0.1813789132  1.0000000000 -0.0974946683 -0.1537748637  1.0000000000
-7.0168685118 10.1691313671  9.4008839141 -4.5929920839 10.6152902088 10.1699190231  0.1626466525  0.0330158472  1.0000000000 -0.1587959882  0.3467295431  1.0000000000
-6.1403485201 10.3848209978  7.0539918024 -5.4750649876 13.2109273016 10.3052785500 -0.1672710182 -0.2364189647  1.0000000000 -0.0302837784  0.2087536689  1.0000000000
-4.6011402946 13.0834194657  9.6792884277 -6.5018590426 11.6310629563 10.7460234712 -0.1371798456  0.1678173990  1.0000000000  0.1507658282  0.2130060714  1.0000000000
-6.0799961231 11.3345249689  8.0865672300 -6.4304961055 13.1446961601  8.6344894387 -0.0821602142 -0.0679648144  1.0000000000 -0.0489016381 -0.0471255143  1.0000000000
-4.9988723376 13.2350075791  9.7138649555 -6.4351122735 12.4199642761  8.8542210888 -0.0736126882  0.1319906950  1.0000000000 -0.0123796853  0.0170049917  1.0000000000
-8.1886084861 13.2515043609  9.9944068793 -7.8831011254 12.0454470090 10.3361470992 0.2299406750 0.0066389170 1.0000000000 0.2443393548 0.0019308330 1.0000000000
-4.8038045538 13.2861919224  8.7548434353 -5.0532859979 14.0946145747  7.7905997495 -0.1777875467  0.0886025118  1.0000000000 -0.1782054146 -0.0127417745  1.0000000000
-8.5948489160 11.7124452719  8.6757600622 -7.4118203035 12.4944608811  9.7377399578  0.2598624383 -0.1492788525  1.0000000000  0.1638723592  0.0227614851  1.0000000000
-4.5429487065 11.6024505837  9.4423647899 -6.6048311783 12.7573346025  9.5235632649 -0.1936647290  0.2007427700  1.0000000000  0.0505682398  0.0151332541  1.0000000000
-6.4847613888 10.5220176604  8.4071608980 -6.9991617151 11.5647384015 11.3854611574 -0.0183254278 -0.0879471821  1.0000000000  0.2711006078  0.2203750971  1.0000000000
-5.7913203531 13.5380821622  9.7163337393 -5.4809980191 13.5223772458  7.2124680195 -0.0407801239  0.1111220863  1.0000000000 -0.1892892018 -0.0878163677  1.0000000000
-8.2535224144 13.3096229825  7.8269985582 -6.4023546607 13.8240104636  6.5999330051  0.0955746635 -0.1727083907  1.0000000000 -0.1141929695 -0.1777729122  1.0000000000
-6.0860565357 13.9304919303  8.3971258368 -8.7465000455 13.4964010368  8.1788947555 -0.0730811280 -0.0026768453  1.0000000000  0.1737628815 -0.2442536110  1.0000000000
-7.4616651333 12.7447855912  9.0652037434 -6.8300475798 13.4089851804  7.1055676296  0.1121794995 -0.0226334671  1.0000000000 -0.0392924629 -0.1896457917  1.0000000000
-7.8073209080 11.7340589553  8.2144322333 -6.9448401972 13.5712490924  9.3982877305  0.1269989106 -0.1739201973  1.0000000000  0.0566170188  0.0004932341  1.0000000000
-6.4020196113 13.3301927304  8.3786246805 -7.5100911822 11.0227514836  8.3474303721 -0.0272482115 -0.0258456093  1.0000000000  0.1180233868 -0.1452023191  1.0000000000
-8.0009411358 11.1964839382  7.7981912158 -6.0799567770 10.1644119742 10.9843741557  0.0798022568 -0.2389639499  1.0000000000  0.1325879238  0.2742658993  1.0000000000
-4.2848210380 10.9127332481  9.6555985010 -4.7641899553 12.1972364602  9.3205925664 -0.2241679533  0.2390847325  1.0000000000 -0.1619320324  0.1552072759  1.0000000000
-6.7755329380 11.5905484387  9.0072918157 -7.2884155169 10.4449331689  8.5342026426  0.0567999631 -0.0216098515  1.0000000000  0.0916952253 -0.1257327649  1.0000000000
-7.0476973158 11.7478170581 10.3269178528 -5.6739019948 10.5995964242  8.9311872364  0.2169432519  0.1378934400  1.0000000000 -0.1107477423  0.0476061943  1.0000000000
-7.5329413472 13.0833092761  9.0723271592 -7.7032734884 10.6571510019 10.3550363582  0.1189912936 -0.0418423521  1.0000000000  0.2858007961  0.1250031715  1.0000000000
-3.9737414666 13.4691980024  9.4006928115 -7.2196528654 12.0564665125 11.4410533946 -0.2145783024  0.1837679464  1.0000000000  0.2334779173  0.1754066453  1.0000000000
-8.5919577168 10.8005047662  8.4511291315 -6.8845027597 11.4181340546  9.7561823868  0.2604673288 -0.1965827727  1.0000000000  0.0642731344  0.0730642457  1.0000000000
-4.3224015092 12.2645562468  9.9466656479 -7.1114841080 10.4529453892  7.4359846538 -0.1150947038  0.2367475519  1.0000000000 -0.0324402845 -0.2751556807  1.0000000000
-5.3976332256 13.0903818831  8.2997042520 -7.1368497967 12.2142545989  9.8951985892 -0.1078528530 -0.0080594650  1.0000000000  0.1378954660  0.0816476133  1.0000000000
-5.6176014566 13.6715878465  7.8131677974 -7.4118765211 12.5024720028  9.6377220083 -0.1524350298 -0.0712293463  1.0000000000  0.1545299577  0.0017737797  1.0000000000
-7.5231311519 12.3412092093  8.8249047266 -6.2699265457 12.4256233271 10.4011896483  0.1301148443 -0.0725297575  1.0000000000  0.0952033702  0.1580088614  1.0000000000
-8.2927046858 12.2654570482  7.8783865224 -6.2600839318 11.9752348345  8.2231315773  0.1220589874 -0.2389204189  1.0000000000 -0.0655071043 -0.0584288407  1.0000000000
-5.0989688085 10.8179128350  9.9553957761 -5.2182767028 11.4751927676 10.4431225572 -0.1134415411  0.2240085729  1.0000000000  0.0159539608  0.2517750046  1.0000000000
-7.5707768222 13.2034378127 10.5621552212 -7.2369234817 13.9341024490  8.1788732533  0.1802263010  0.0494582300  1.0000000000  0.0381127933 -0.0920644589  1.0000000000
-8.7090726207 12.9108050035  8.5210042667 -5.8540191459 13.6564859809  9.6399478934  0.1807139665 -0.1455250262  1.0000000000 -0.0450712529  0.0769499443  1.0000000000
-7.8447356746 12.7046203275  8.8541754531 -6.0315729473 11.6060855275 10.4930520447  0.1695142282 -0.1285675674  1.0000000000  0.0618874470  0.2041890112  1.0000000000
-6.9818997975 10.1255551483  9.0444567956 -4.0040657157 13.2696765853  9.3459545311  0.1209684744 -0.0437217469  1.0000000000 -0.2294072834  0.1607286243  1.0000000000
-8.6243352693 10.4998736048  8.2774881156 -7.9261406703 11.9268014659  9.3600144359  0.2364112175 -0.2503514947  1.0000000000  0.2406090168 -0.0876377372  1.0000000000
-7.4359847558 13.6811255603  8.0396128704 -8.3242864742 13.3580409441  8.4134769459  0.0493109365 -0.1255761139  1.0000000000  0.1217461285 -0.1362546225  1.0000000000
-7.1545172239 11.5748830543 11.1447330578 -6.4645534566 11.2710544111 10.1792485948 0.2340369414 0.2087695179 1.0000000000 0.0859349426 0.1525484052 1.0000000000
