988.5000000000
50
 -4.7700857355 -13.8307235751   2.5350858638 0.1601670738 0.0026487058 1.0000000000
 -3.2674212224 -15.4445297232   2.4534051125 -0.0122409253  0.0969166031  1.0000000000
 -2.5922611699 -12.8150536096   3.5427711204 -0.0412179746 -0.1356809309  1.0000000000
 -2.7808089720 -15.0329343311   1.6062435852 0.0223646352 0.1841857354 1.0000000000
 -1.8727476211 -13.0621461161   3.9358580447 -0.1327626591 -0.0991722892  1.0000000000
 -4.5570651780 -13.6930415804   2.1256935694 0.1766091024 0.0041607342 1.0000000000
 -2.8184313104 -14.1777569750   1.9090772593 0.0428257917 0.1630585748 1.0000000000
 -4.0850115640 -13.0429583184   3.7161843584  0.1028688181 -0.1594219631  1.0000000000
 -3.3591544335 -14.0266113577   4.0801568227 -0.0180544916 -0.1477829318  1.0000000000
 -2.5549050640 -13.9603622173   4.9192544120 -0.1569672537 -0.1815106370  1.0000000000
 -1.0797299251 -13.6183938234   1.0247053458 -0.1288327015  0.3157759628  1.0000000000
 -2.1857522167 -15.4766096029   4.3220698715 -0.2397471972 -0.0367366056  1.0000000000
 -3.1850740005 -12.6602872934   0.5895479156 0.2403194070 0.1915671979 1.0000000000
 -1.2895493674 -12.3717369109   3.5076899318 -0.1605123535 -0.1217370907  1.0000000000
 -3.7611838101 -12.6946673038   2.0319740884 0.2369019494 0.0262189534 1.0000000000
 -2.6206864414 -15.2453596935   4.2429837359 -0.1393479266 -0.0766571488  1.0000000000
 -3.7189924983 -14.5410071954   1.1121824774 0.1161048207 0.1956716087 1.0000000000
 -2.6975705279 -15.1736815640   3.2657063493 -0.1423668849  0.0286166937  1.0000000000
 -2.6553925152 -12.6827343896   0.0310553707 0.2301981035 0.3144099809 1.0000000000
 -2.7210011886 -11.9048158673   3.5785993170  0.0172600316 -0.1919635325  1.0000000000
 -1.2217591804 -12.9154146968   3.1789698743 -0.2107471407 -0.0473190348  1.0000000000
 -2.4186781269 -14.2164037546   3.4737679101 -0.0995733621  0.0104315553  1.0000000000
 -1.8014545596 -13.6326642038   3.9812408497 -0.1572745233 -0.1200390829  1.0000000000
 -2.6791870574 -14.7869315096   3.5074632837 -0.1139174399  0.0089175850  1.0000000000
 -2.0813487632 -12.7519021174   3.4119860304 -0.0797418087 -0.1097806183  1.0000000000
 -3.7956164594 -13.8563290205   2.8863228456  0.0789537317 -0.0033478213  1.0000000000
 -3.4255482945 -13.3090740506   3.8386697170 -0.0020114077 -0.1229116355  1.0000000000
 -1.1143164515 -12.9575368756   3.1318992206 -0.2293580006 -0.0177478108  1.0000000000
 -3.9296368014 -11.5266290596   2.3953169167  0.2783442444 -0.0965549517  1.0000000000
 -3.8176618915 -12.9017216234   0.7842887857 0.2796295539 0.1818044003 1.0000000000
 -1.6852814753 -15.8133945944   2.2786145679 -0.1695970533  0.2174007359  1.0000000000
 -1.8375581166 -12.4784044190   3.9187887395 -0.1258893593 -0.1752368416  1.0000000000
 -4.2513486433 -12.9745045158   2.8760095237  0.1999455898 -0.0761735607  1.0000000000
 -3.0146436884 -15.8841649836   3.5926475874 -0.1037440832  0.0359264158  1.0000000000
 -3.7766711735 -13.2592125195   0.4428021132 0.2895918269 0.1951126921 1.0000000000
 -2.4557030682 -15.1362365994   3.5440793958 -0.1225472500  0.0327573421  1.0000000000
 -5.4562765112 -14.0636829042   4.3863699934  0.1055553647 -0.1707838315  1.0000000000
 -2.7381631580 -13.1903771222   4.1122451180 -0.0417610200 -0.1444935986  1.0000000000
 -3.8045884093 -13.7851968135   4.4878934247 -0.0037887002 -0.1719943355  1.0000000000
 -3.8618522906 -12.8315789320   4.1703277703  0.0506616836 -0.2284066534  1.0000000000
 -4.5676055829 -12.4394950385   3.2811693716  0.2312512373 -0.2121617385  1.0000000000
 -3.7918287997 -13.9075770715   3.1887020065  0.0366982329 -0.0540340079  1.0000000000
 -5.2163299889 -14.3784296226   3.9019360493  0.1429499193 -0.1466878911  1.0000000000
 -2.5009656205 -14.1162682052   3.5063603592 -0.1099694127 -0.0532956948  1.0000000000
 -2.3534988991 -13.7187489709   3.5596691663 -0.1078739985 -0.0489557620  1.0000000000
 -2.3433382263 -12.1173269430   1.8522244861 0.0580227458 0.0638417797 1.0000000000
 -1.8814206336 -12.2375999258   2.9705884835 -0.0942050194 -0.0944706984  1.0000000000
 -1.8284053338 -13.4902223388   2.0477785487 -0.0521347630  0.1520257418  1.0000000000
 -4.0654235547 -12.2454995025   3.1776531577  0.1414470318 -0.1512445645  1.0000000000
 -2.6627822908 -13.9065678794   1.6650819109 0.0139938787 0.1668756778 1.0000000000
50
 -2.1888955301 -12.4750955809   1.6035146748  -4.8070251552 -12.7102761813   2.8160050711  0.0599941007  0.0539967511  1.0000000000  0.2075205018 -0.1181424606  1.0000000000
 -1.7095145648 -12.2721956041   4.5377783075  -2.8280906746 -12.1358050640   2.8089766288 -0.2137377620 -0.2534739199  1.0000000000  0.0786218340 -0.1139176961  1.0000000000
 -4.9364546153 -13.9760128731   1.8617630792  -2.8570687115 -12.0950119670   3.3587290339  0.2416854440  0.0758462376  1.0000000000  0.0566262437 -0.1529580911  1.0000000000
 -3.7417057418 -12.3163519479   1.4717732827  -2.5553547788 -13.5685078577   0.8461889211 0.2555793297 0.0285521945 1.0000000000 0.0742764476 0.2084145253 1.0000000000
 -3.8681560865 -13.7594130984   1.4851361939  -4.3304892060 -14.3349207353   3.8554481613  0.1452381763  0.1083585793  1.0000000000  0.0810710018 -0.1017519325  1.0000000000
 -2.0110413134 -12.9341262790   3.5579423445  -3.4971102546 -15.3442939145   2.0192154094 -0.0860407597 -0.1248762345  1.0000000000  0.0824507241  0.1319572527  1.0000000000
 -3.4139420738 -15.4364085450   1.3095954423  -5.7086971315 -13.9469650052   3.8212416413  0.0807717380  0.2036945755  1.0000000000  0.2049548414 -0.1796781483  1.0000000000
 -2.8858056749 -14.4582065772   1.5873503070  -4.3741705684 -12.6041270465   3.9759068760  0.0484349489  0.1824648634  1.0000000000  0.1528843062 -0.2377380037  1.0000000000
 -1.8747945128 -12.0469241313   3.4915753724  -3.1713123645 -15.6218924644   3.7922892274 -0.0984352276 -0.1717414406  1.0000000000 -0.1114473596  0.0194194410  1.0000000000
 -5.3881525471 -12.4988793539   3.7415790518  -1.7029329759 -14.4771005390   1.8690799829  0.2551762295 -0.2263843487  1.0000000000 -0.1228311540  0.1763481485  1.0000000000
 -2.7339641699 -11.4031550637   3.3462942354  -1.8449553809 -14.0635220548   1.1480191101  0.0399704950 -0.2404248920  1.0000000000 -0.0266080293  0.2659913759  1.0000000000
 -3.1086616234 -15.4671218354   2.5322213281  -2.8426073459 -13.8545290405   1.9891044290 -0.0463146303  0.1107813503  1.0000000000  0.0158494766  0.0721254417  1.0000000000
 -2.6901731821 -12.9779167706   3.7182808720  -3.3499990282 -15.6504242037   2.5179858584 -0.0255086719 -0.1161012555  1.0000000000 -0.0234075605  0.0977894702  1.0000000000
 -3.5866188614 -14.6193582645   1.5914393439  -2.5928765232 -16.3377131493   2.9218290818  0.0752441589  0.1520323414  1.0000000000 -0.1177807148  0.1536776386  1.0000000000
 -1.5876726087 -13.1709882554   3.3696617428  -0.7248182233 -14.1009027016   2.1513838314 -0.1603670740 -0.0340249510  1.0000000000 -0.2665077361  0.2174089082  1.0000000000
 -1.6780935196 -14.8149812414   2.1272791607  -1.4655656146 -12.1885954418   4.0629089398 -0.1607989437  0.1784175871  1.0000000000 -0.2066164859 -0.2354664639  1.0000000000
 -4.9371373925 -12.1981046865   3.7545183355  -4.2771058874 -14.7196327957   3.2358265970  0.2179407698 -0.2609646877  1.0000000000  0.1053928309 -0.0496218871  1.0000000000
 -3.8096176060 -13.5549798274   1.0027508585  -3.8890146322 -15.0074993863   2.1797175381 0.1861685008 0.1760333769 1.0000000000 0.0631427926 0.1247956990 1.0000000000
 -2.5529533884 -12.7618885396   2.9647586860  -3.2346012192 -15.2111733261   4.1326312009 -0.0072279559 -0.0607393907  1.0000000000 -0.0445711712 -0.0653730305  1.0000000000
 -2.7297686067 -12.3970728438   1.5909537315  -2.2855781064 -13.6863030534   1.2690577119 0.0853200392 0.0710001872 1.0000000000 0.0463184264 0.2184498112 1.0000000000
 -2.4340536292 -13.1669580552   3.2653529222  -3.2680352172 -13.7592852027   2.9364899117 -0.0570451306 -0.0437247676  1.0000000000  0.0315404886 -0.0384357574  1.0000000000
 -3.1138047066 -15.2078544023   1.4637306225  -4.5688648730 -14.1456979556   0.9848226272 0.0505670095 0.1661833336 1.0000000000 0.2256913510 0.1431323266 1.0000000000
 -3.8166953138 -12.1237090872   2.8169485049  -2.8458474247 -11.7497037207   3.7498253724  0.2100782567 -0.1421585790  1.0000000000  0.0708037150 -0.2807902532  1.0000000000
 -5.1332374956 -13.7774182447   2.9617269128  -2.0883104939 -12.7412311556   3.6622961518  0.2076057951 -0.0375275422  1.0000000000 -0.0910587419 -0.1281506263  1.0000000000
 -4.6130877570 -12.9583253898   2.5526149922  -3.2759831725 -12.6186868944   1.4262245465  0.2045130596 -0.0768611315  1.0000000000  0.1674368308  0.0845218868  1.0000000000
 -1.8647014322 -15.7924759460   1.9397621083  -2.6481835331 -12.2688804746   1.9449305225 -0.1490390606  0.2091413820  1.0000000000  0.0971457697  0.0066640742  1.0000000000
 -3.8294043338 -13.5552371296   3.6302855279  -1.7365341669 -13.4283907182   1.1858195761  0.0582725083 -0.0938745155  1.0000000000 -0.0120526831  0.2362382516  1.0000000000
 -3.3388460789 -11.6629065564   3.1955116194  -5.0539228611 -14.4264747209   3.5102451412  0.1634616245 -0.2065112035  1.0000000000  0.1461759630 -0.1087405396  1.0000000000
 -2.1597241124 -13.3733594259   4.8506473465  -2.6401355381 -13.1853499060   3.4545032720 -0.1695375530 -0.2230023324  1.0000000000 -0.0402732185 -0.0894639540  1.0000000000
 -3.9172052484 -14.6004352991   1.4056885328  -3.4287244259 -13.3533681194   4.6395700104  0.1478337576  0.1724408519  1.0000000000 -0.0299869959 -0.2263721417  1.0000000000
 -2.2938051550 -14.0005433765   1.9650281181  -4.3561276530 -13.9970164656   0.9226846487 -0.0911748426  0.0895014827  1.0000000000  0.2460444759  0.1690451718  1.0000000000
 -1.5560399984 -13.1353110472   3.0713894799  -2.2069994414 -15.5124745090   3.4083480351 -0.1229719899 -0.0389437885  1.0000000000 -0.1413802084  0.0725836624  1.0000000000
 -1.4931254457 -13.6884913883   1.9683696490  -3.9364442134 -15.4585038722   2.4608474074 -0.1373391271  0.1650982166  1.0000000000  0.0724535797  0.1273176879  1.0000000000
 -4.3329839515 -13.6703630892   3.8644815869  -5.2785757792 -14.3520407773   2.1242709712  0.1028823959 -0.1798201639  1.0000000000  0.1933098364  0.0327602971  1.0000000000
 -3.8968604882 -11.9985123953   2.7570200059  -2.9604844172 -12.2729339904   0.3339225226  0.2183717074 -0.1565959615  1.0000000000  0.2566600925  0.2674006628  1.0000000000
 -3.5871702420 -12.8688232631   3.2749318753  -3.3107443267 -15.4958089541   2.0589186870  0.0701006937 -0.0776595065  1.0000000000  0.0304044161  0.1941276990  1.0000000000
 -5.6037495793 -13.2732882925   3.8541836018  -2.0128791913 -12.6860673621   0.8130809687  0.2219124130 -0.1767967251  1.0000000000  0.0825596374  0.2615739461  1.0000000000
 -2.2546107239 -11.9633686632   3.9189665513  -1.9119701002 -13.1387124697   4.9398595644 -0.0668805549 -0.2452471065  1.0000000000 -0.1879935241 -0.2335748895  1.0000000000
 -2.9335504659 -16.1114118418   2.8279521885  -4.3416288862 -13.9426871628   1.9291445832 -0.0723058461  0.1364630586  1.0000000000  0.1735235322  0.0565360616  1.0000000000
 -1.6005093392 -15.3741337805   2.3610790237  -4.1527775363 -13.6629315830   0.6257579957 -0.1579148822  0.1926482493  1.0000000000  0.2394704557  0.2436289414  1.0000000000
 -2.0643408669 -13.2094270708   3.7056435168  -2.9695307320 -15.2214245371   5.2677584782 -0.1093057683 -0.1010305926  1.0000000000 -0.1648067639 -0.1390126547  1.0000000000
 -1.3636762526 -14.9246300544   1.8338894320  -0.8484583440 -14.9979692556   1.9630908401 -0.1738813641  0.2272112419  1.0000000000 -0.2366858239  0.2314225314  1.0000000000
 -1.3230248838 -11.9029683513   4.2656757994  -1.8147105648 -13.7722693287   3.2512904330 -0.1820333093 -0.3151982080  1.0000000000 -0.1887073958 -0.0181089167  1.0000000000
 -4.5999199456 -12.9490085445   2.0768001135  -4.2742386094 -13.6904357638   4.2703250257  0.2670371525 -0.0190884956  1.0000000000  0.0869689180 -0.1757113403  1.0000000000
 -2.9319639425 -14.5209193465   2.1659917330  -3.3224457667 -14.0481092433   4.3203844097 -0.0050763858  0.1328349759  1.0000000000 -0.0075302305 -0.1293300291  1.0000000000
 -3.9741812397 -14.1680442560   2.5865907682  -4.9921730947 -14.7249941415   2.6768759603  0.0998986089 -0.0114847638  1.0000000000  0.1478839583 -0.0118998205  1.0000000000
 -2.5796945749 -12.6728009633   0.0907806680  -3.3595833870 -12.1832858957   2.2724421870  0.2217471326  0.2963630363  1.0000000000  0.1460934708 -0.0366645724  1.0000000000
 -3.6984796939 -12.1951202809   2.0658529594  -1.8797595313 -14.0770336147   1.7829610660  0.2418420392  0.0017663532  1.0000000000 -0.0656632820  0.1546170394  1.0000000000
 -4.3568699345 -13.1170130337   2.9752130263  -4.9166303319 -12.4258615752   3.5993727599  0.1731466297 -0.0857798612  1.0000000000  0.2051691344 -0.2528557860  1.0000000000
 -2.6458410940 -12.5924077371   1.5380991633  -4.5470814175 -13.3717119194   2.7396281637  0.1140234260  0.0968092449  1.0000000000  0.1737334161 -0.0305316446  1.0000000000
