879.8000000000
50
-6.2540633649  6.5839104583  2.2509581368 -0.1098026386 -0.1664625422  1.0000000000
-4.7797321155  6.1081359070  1.7504973318  0.1108605771 -0.1461007100  1.0000000000
-8.7738592623  5.6375213536 -0.0418709709 -0.2285538009  0.1356912697  1.0000000000
-6.9817711982  3.5987075786  1.4074419074  0.1434076730 -0.1420337292  1.0000000000
-5.2456107771  5.3094380601  2.1701332884  0.0914975416 -0.1532125414  1.0000000000
-7.8624501686  4.6406218531  1.8066683810 -0.0852910383 -0.1621960826  1.0000000000
-6.2877234609  3.1826265404  1.2079799086  0.2691335188 -0.1718696916  1.0000000000
-6.5591791543  4.5153668099  2.0803942874  0.0450524503 -0.2223589367  1.0000000000
-8.5065501378  5.3268867779 -0.1996141286 -0.1761372892  0.1226614540  1.0000000000
-7.8081265045  5.9150209456  1.3171717099 -0.1645303635 -0.1103887474  1.0000000000
-5.7379891707  4.5641108764 -0.3109732578 0.1905888276 0.1111682817 1.0000000000
-5.9137830941  5.6777091298  1.0193030437  0.0415176733 -0.0540388416  1.0000000000
-7.0435658735  5.0819781056  0.6907726206 -0.0028601125 -0.0145371341  1.0000000000
-5.8321205914  5.3775748038  1.7395733695  0.0784988245 -0.1623384004  1.0000000000
-5.7101177887  5.6434660476 -1.1957171758 0.1251618935 0.1735818117 1.0000000000
-5.9101109999  6.8948811340  1.4567333316 -0.0539066133 -0.0532737978  1.0000000000
-7.4737289215  4.4498282838  1.7013434245  0.0247323860 -0.1890291242  1.0000000000
-7.1071104262  4.6777011816 -0.8278874667 0.0549379168 0.1834486438 1.0000000000
-3.9723865212  5.7475390880  2.2131827633  0.1491048863 -0.1948677985  1.0000000000
-8.3525169690  6.1921773643  1.8901332385 -0.2271324246 -0.1461280567  1.0000000000
-5.4246357712  7.1999641247  2.3657365900 -0.0489935745 -0.1760966892  1.0000000000
-5.9714697437  4.3345859368 -0.1692166181 0.1761750676 0.1190275381 1.0000000000
-5.6214853819  6.5377322685  2.0684909957  0.0145069835 -0.1854423653  1.0000000000
-7.0447862750  3.4586088601 -0.5824713699 0.1973900102 0.1367171363 1.0000000000
-5.6785671440  7.1781920178  0.8526936220 -0.0715999658 -0.0268921671  1.0000000000
-8.7188087814  6.1145634958 -0.4469674541 -0.2534714250  0.1446477345  1.0000000000
-5.4385367609  4.2939306070  1.2154228059  0.2301199935 -0.0967888508  1.0000000000
-8.6018229984  6.2959133152 -0.6932302710 -0.2571245945  0.1672548014  1.0000000000
-7.7449126137  5.7245778356 -0.3787430660 -0.1005028750  0.1365759899  1.0000000000
-7.2426665794  6.4713548208 -0.4446637700 -0.1271183268  0.1460928770  1.0000000000
-5.9257574635  5.6031557635  1.8745782796  0.0624625432 -0.1515038874  1.0000000000
-7.1836073132  4.8328469883 -1.4250854188 0.0263873732 0.2758820134 1.0000000000
-5.5651755094  4.0402590571  0.5399036726  0.1977992394 -0.0217896762  1.0000000000
-6.6323457722  3.6601177078  1.4437057263  0.1506336377 -0.1536827381  1.0000000000
-5.4936720997  5.0234760716 -0.0734123062 0.1249881406 0.0752403197 1.0000000000
-6.1725684151  4.6080771760 -0.1961076115 0.1476095574 0.1090522276 1.0000000000
-4.6582676872  4.7868884269  0.1151132336 0.2432507065 0.0260490509 1.0000000000
-6.6241967671  5.8718895677  0.2354573092 -0.0075353188  0.0226366504  1.0000000000
-6.4957515905  4.4814962006 -1.0149314819 0.1911151482 0.1721981778 1.0000000000
-8.7860700964  5.3738418204  2.2866126483 -0.2615126018 -0.2633318970  1.0000000000
-6.9191508563  4.5665988249 -0.2252427889 0.1160649028 0.0647783348 1.0000000000
-7.9216969188  5.4218771571  1.6990677143 -0.1364976896 -0.1587176360  1.0000000000
-5.9210423821  6.0521862147  1.8475390349  0.0142930881 -0.1684801281  1.0000000000
-4.4014433498  6.0049570149 -1.4019672827 0.1614400739 0.2228369733 1.0000000000
-7.8860553589  7.1236146120 -0.2005351329 -0.1906616548  0.0874696121  1.0000000000
-7.0061998146  4.4907735502  0.5157296794 0.0679739038 0.0207399923 1.0000000000
-4.3732439735  5.0960646353  0.3837248388 0.2748691918 0.0299646302 1.0000000000
-6.5860541285  4.8893725937 -1.2210544872 0.0713663064 0.2475467641 1.0000000000
-8.1838550562  5.6172412049  0.0484448408 -0.1380553909  0.0900674871  1.0000000000
-6.9820445764  5.1605136532 -0.3587015140 0.0026782133 0.1167296043 1.0000000000
50
-7.5746619963  7.0460702804  1.3861651438 -6.2512138313  7.2275910901  0.3418482762 -0.1963069695 -0.0692079834  1.0000000000 -0.0747492336  0.0730235467  1.0000000000
-7.5745592735  4.3527601229  2.2599124047 -6.1494457559  6.8509365069 -1.1942434693 -0.0151921569 -0.2518501438  1.0000000000 -0.0399486747  0.1738854319  1.0000000000
-7.0419996823  7.3505143718 -1.1327009994 -6.5940691638  4.6003292055  0.2371538620 -0.1385014948  0.1940994636  1.0000000000  0.1184044446  0.0170150312  1.0000000000
-7.4883666728  6.6321160002  0.5613409648 -8.1657779801  6.0555397228  1.9570238866 -0.1557624389  0.0149721572  1.0000000000 -0.2262079987 -0.1548087059  1.0000000000
-5.2878520639  5.4501563370  0.8369041393 -5.6243021073  7.0450079320 -1.0651525777  0.1411137550 -0.0591977690  1.0000000000  0.0070670289  0.1790462853  1.0000000000
-6.1944211947  4.0709029571  0.3249261408 -7.2752983693  5.2461081379  1.0795183209  0.1790868899  0.0099593280  1.0000000000 -0.0104940406 -0.0946680687  1.0000000000
-6.3328355503  5.9153379693  0.6208359949 -7.8527259599  4.3703774425  1.4040545995 -0.0060510528 -0.0422845862  1.0000000000 -0.0439574344 -0.1670468867  1.0000000000
-6.7598763635  5.5851800937  2.4194110230 -4.7858892981  4.6682301502  0.8968945883 -0.0196516812 -0.2635896385  1.0000000000  0.2204631769 -0.1148165834  1.0000000000
-7.2356947531  5.0558286531 -1.0434532485 -6.0206353139  4.7357188357  1.5496206415  0.0028359873  0.1826018426  1.0000000000  0.1410476614 -0.1516612330  1.0000000000
-7.8180298430  6.7839398700 -0.9148801883 -8.7430916025  6.2181304375 -0.6022310854 -0.2150096551  0.1860506597  1.0000000000 -0.3090673458  0.1978023305  1.0000000000
-5.7014380315  5.9881624039  1.9933138154 -5.1795524168  4.5418263186  0.5291131533  0.0059634508 -0.1540595915  1.0000000000  0.2189830310 -0.0268854072  1.0000000000
-5.4730059182  6.9634582388  2.3531572538 -6.0315466006  4.6482556995  1.9541098837 -0.0092954988 -0.1770568568  1.0000000000  0.1096265218 -0.1768357050  1.0000000000
-4.9092244246  5.9651461571  0.0622428105 -8.2787081527  5.7664273702  1.8210669117  0.1317411616  0.0016305990  1.0000000000 -0.2221055934 -0.1849242928  1.0000000000
-8.7707942613  6.0061064552  0.7086442239 -6.9043180517  7.0424470658 -1.1343075339 -0.2965374781  0.0123988997  1.0000000000 -0.1226947264  0.2289668907  1.0000000000
-7.7704828127  6.2147752026  0.8287436835 -8.0182392320  7.0095300268 -0.1090614179 -0.1785505597 -0.0008595295  1.0000000000 -0.2373826490  0.1087477745  1.0000000000
-7.4718588548  6.6157604099  0.9206403644 -7.5490149763  4.2128407287 -1.4600929297 -0.1595964391  0.0039591795  1.0000000000  0.0786742760  0.3002029124  1.0000000000
-7.5624960751  3.7957084969 -1.2672713529 -5.8980913598  4.4840729229  0.9789053623  0.1016132911  0.2685563622  1.0000000000  0.1654408250 -0.0982075687  1.0000000000
-7.8303839607  4.6289269563  1.7583454880 -5.2358089726  6.3174787506  0.6620926047 -0.0772834070 -0.2192721217  1.0000000000  0.0571914194 -0.0010245091  1.0000000000
-6.4312518700  7.9822627738  0.0526483460 -6.4239618772  8.0266923393  1.2021610738 -0.1212542377  0.0752391853  1.0000000000 -0.1550181164 -0.0742948088  1.0000000000
-7.2227282734  4.6396112662 -0.6964524273 -7.4375437897  5.6678190742  1.3289290797  0.0433719027  0.1609280552  1.0000000000 -0.0688149395 -0.0700015301  1.0000000000
-6.2751558133  4.6603310311 -1.0440295113 -5.9365733432  5.1192968084 -1.3681221469 0.1379280141 0.2128156157 1.0000000000 0.1847498936 0.2216939147 1.0000000000
-7.1927718253  4.0923771629 -1.3568798219 -7.1010485427  7.5594044309  1.2945545245  0.1510589338  0.2445882770  1.0000000000 -0.2034595151 -0.0360745319  1.0000000000
-7.0965747327  6.3947633908  0.7330529630 -4.6636884924  6.2481285014  1.0620475864 -0.1112677430 -0.0008251175  1.0000000000  0.0821766758 -0.0564287553  1.0000000000
-6.6584296510  5.9516866538  1.3327229742 -5.1509283755  5.2979602817  1.2253704541 -0.0061460156 -0.0890978379  1.0000000000  0.1392254795 -0.1026522363  1.0000000000
-5.5475233741  6.1520214249  0.4568378412 -5.8695741822  4.1037108019 -1.1898848399 0.0022128524 0.0248003114 1.0000000000 0.2624868412 0.1972719249 1.0000000000
-5.2372999088  5.1039017383  1.3380501807 -6.2269312495  4.6404157467 -0.7141453499  0.1440512610 -0.0912544560  1.0000000000  0.1226271088  0.1791548725  1.0000000000
-7.0795952690  4.0224255675 -1.1752166037 -7.0245409779  7.6442388160  0.0080197759  0.1240082449  0.2570636483  1.0000000000 -0.1716847758  0.0491830356  1.0000000000
-5.3284260351  6.3263670529  1.5035489285 -6.2861782542  3.1633096398  1.5408408359  0.0238577433 -0.1200774461  1.0000000000  0.2923575932 -0.2049943658  1.0000000000
-6.5638546110  7.2831362564 -0.3331371250 -7.2121259483  4.5714095039  0.7531746642 -0.0850833824  0.0792299590  1.0000000000  0.0414916416 -0.0103763174  1.0000000000
-6.4676722973  8.0961190481  1.8715073799 -5.0755215049  4.6149991953  0.0714045367 -0.2000429059 -0.0798778750  1.0000000000  0.2086769849  0.0269488863  1.0000000000
-7.3210666326  6.1981234455  1.8591600564 -8.6291515126  6.2667557190  0.4310307115 -0.1055027336 -0.1009340147  1.0000000000 -0.2906677451  0.1027667781  1.0000000000
-6.6653526094  3.1371828751 -0.5110730043 -5.6066540491  5.9974083659  0.4098751177  0.2831530949  0.1320848089  1.0000000000  0.0686962152 -0.0309880420  1.0000000000
-4.5862582470  5.5037609707  0.8866556932 -8.1358054193  6.3799173163  0.8577785609  0.1611960283 -0.0276531298  1.0000000000 -0.2016149661 -0.0270060920  1.0000000000
-6.0649739294  4.0507531748  1.2160054768 -7.1357322010  6.2917848170  0.6613502063  0.1664202723 -0.1165385627  1.0000000000 -0.1029649732  0.0302272009  1.0000000000
-7.7148057859  4.3063086711  0.6007686135 -8.6943978467  5.4623306658  2.5019675846 -0.0150159063  0.0295814871  1.0000000000 -0.2193649772 -0.2610479531  1.0000000000
-8.4100503126  4.8970736761  0.4496308513 -6.1984936427  4.0382151578 -0.9581294247 -0.1631294818  0.0390700683  1.0000000000  0.2240470813  0.2126372896  1.0000000000
-7.0346703518  4.8026536456 -0.9511504400 -8.5752479749  5.7179639123  0.3046336285  0.0515059110  0.2414214585  1.0000000000 -0.2215622127  0.0625893522  1.0000000000
-5.7874918306  6.4465991789  0.8435269183 -4.8931140274  4.8833792824 -0.9272658620 -0.0356997773 -0.0526706843  1.0000000000  0.2251846696  0.1200691452  1.0000000000
-6.5623908605  6.7076794401  2.1765827867 -5.7540711879  5.0084412899 -0.2076455351 -0.0559907348 -0.1836900470  1.0000000000  0.1516790639  0.0740224164  1.0000000000
-6.5706843468  7.1787721248 -0.2521622109 -7.7948647688  5.5429492302 -0.7862541493 -0.0967554290  0.0986105819  1.0000000000 -0.0978015486  0.2137739480  1.0000000000
-6.0206483640  4.2691777729 -1.3157851173 -5.5237042130  5.2589612177  1.6355800162  0.2306279566  0.2083346287  1.0000000000  0.1156238176 -0.1290089529  1.0000000000
-6.3739748641  5.2860194102  0.5895887996 -8.7126302346  5.1401243374  0.0131663018  0.0465262401 -0.0224113769  1.0000000000 -0.1577653291  0.1025463173  1.0000000000
-7.0830938532  4.2368121327  0.6251396923 -6.1994951502  6.0318030514  2.0962850751  0.0774966715 -0.0016109878  1.0000000000 -0.0392616380 -0.1765670262  1.0000000000
-6.1910236789  5.8217108275 -0.7966638195 -6.3357744708  7.3252666668  1.2263553365  0.0319071978  0.2059937547  1.0000000000 -0.1343276469 -0.0668894214  1.0000000000
-4.7438716158  4.5832838708  1.6742718613 -4.5842436657  5.7866311623  0.5987574840  0.2578869729 -0.1635365166  1.0000000000  0.1293103482 -0.0434672107  1.0000000000
-6.7652021159  4.0547124117 -0.7637119754 -6.3872621705  2.9862451340  0.6499063631  0.1771740208  0.1701912769  1.0000000000  0.3313987844 -0.0696840524  1.0000000000
-6.1831526615  6.6105859065 -1.0003884661 -8.3036819644  6.2375708027 -1.0895404034  0.0291023983  0.1805239512  1.0000000000 -0.2004927694  0.2450766032  1.0000000000
-6.1349527001  5.2652022604  1.9962084944 -7.0280420977  4.0247009424 -0.6443116545  0.0590197965 -0.2202671073  1.0000000000  0.1703710482  0.1890875897  1.0000000000
-6.2035357012  5.6330752873  0.9926760993 -6.2538658779  3.3089860951  1.3461329474  0.0076425253 -0.0848238443  1.0000000000  0.2797246672 -0.1430003361  1.0000000000
-8.3315739424  6.4043643220 -0.7294893703 -7.0624479914  5.0357677171 -0.4446324855 -0.2034354851  0.2051758631  1.0000000000 -0.0028440185  0.1345644688  1.0000000000
