273.8000000000
50
 4.3178526326 -8.5036968509 -3.8017788280 -0.1853085347  0.2338559554  1.0000000000
 3.3609410690 -6.9391554720 -5.9288807648 0.0711957413 0.1399716995 1.0000000000
 0.3404271692 -8.1526613483 -4.0624580491 -0.1066879425 -0.1705483305  1.0000000000
 2.1371212628 -7.0356011044 -5.2910487440  0.0662642998 -0.0177065274  1.0000000000
 4.1671690342 -9.0540642460 -3.8814060743 -0.1876206310  0.2215648527  1.0000000000
 2.4198016907 -6.1324095711 -3.7265046413  0.1316847852 -0.0832861805  1.0000000000
 3.5518507985 -5.8964489145 -4.5782868584 0.1534673930 0.0806980485 1.0000000000
 1.9181952549 -7.4407251202 -2.6241896535 -0.1243358185 -0.1543422671  1.0000000000
 4.1471376933 -7.7864384685 -3.4326945538 -0.1137693316  0.2025289855  1.0000000000
 2.6896455601 -6.7380124716 -5.6070271394 0.1166295762 0.0627491964 1.0000000000
 3.2314113097 -8.7924677515 -4.6740215188 -0.1190195426  0.1470796199  1.0000000000
 2.5643527353 -6.8135465832 -4.4475570058  0.0345266132 -0.0098211769  1.0000000000
 3.2815858269 -7.7754694022 -4.4733325907 -0.0679227091  0.1052753691  1.0000000000
 2.5908804726 -7.4023102431 -1.9310714150 -0.1652956480 -0.1418043423  1.0000000000
 2.9516313900 -4.5490123000 -3.1907594651  0.2894500272 -0.0887760190  1.0000000000
 1.0141274351 -6.6943687799 -3.1968965712 -0.0207297943 -0.2122877471  1.0000000000
 4.5446979027 -5.6740847287 -3.8179697937 0.2273809406 0.2282639729 1.0000000000
 1.2279346498 -7.6478502704 -2.6535047915 -0.1618704062 -0.2581862844  1.0000000000
 2.5206054215 -6.6275407223 -2.9799904527 -0.0206915744 -0.0493561821  1.0000000000
 0.6475123904 -6.3926224301 -5.2545580129  0.1100929453 -0.1829947436  1.0000000000
 1.5660771203 -7.0231752847 -4.3411399292  0.0168396838 -0.1049840267  1.0000000000
 4.4053264857 -7.7215103124 -2.9454525895 -0.1348114807  0.2386726675  1.0000000000
 1.1330502630 -6.4152904416 -5.5864426574  0.1355358438 -0.0666231147  1.0000000000
 2.6690473152 -7.0627339209 -2.8854020473 -0.0689928207 -0.0356944805  1.0000000000
 1.9612739053 -7.4003015906 -4.2781588489 -0.0219917257 -0.0730594699  1.0000000000
 3.5916309848 -7.7672989243 -5.0537677880 -0.0207172692  0.1872882371  1.0000000000
 3.1048317532 -5.9198109594 -5.0679432948 0.1743384953 0.0993702900 1.0000000000
 3.6654959219 -5.8110478928 -5.8590658392 0.2241850986 0.1257733032 1.0000000000
 2.4773060576 -6.6760513872 -1.9967839079 -0.0765431835 -0.1463358441  1.0000000000
 1.4123387801 -5.8542143291 -2.4351191513  0.0741129621 -0.3047612348  1.0000000000
 2.8809933647 -7.2536147561 -3.7698002527 -0.0135341984  0.0093237953  1.0000000000
 3.8927804440 -8.5564041925 -2.9846592294 -0.2218027498  0.1949960801  1.0000000000
 2.7455847260 -8.2465525607 -3.8122135185 -0.1052272850  0.0179686864  1.0000000000
 3.4305654711 -9.6491252887 -5.4897778298 -0.1450106384  0.1873113085  1.0000000000
 2.2465771962 -7.4122494905 -3.1160287872 -0.1046698207 -0.0891172873  1.0000000000
 4.2583791012 -5.3015947674 -4.2447507774 0.2694333285 0.2181272819 1.0000000000
 2.7333384597 -7.3792661111 -5.6615849033 0.0923523115 0.1310654194 1.0000000000
 2.8157611097 -8.7551006913 -4.2467622294 -0.1463981506  0.0712083092  1.0000000000
 0.0777192667 -6.3879106927 -5.5512054137  0.1714785908 -0.1779458210  1.0000000000
 3.6001493904 -5.2632660469 -3.0593693384 0.2204707254 0.0439434489 1.0000000000
 4.3541292798 -5.9954198788 -5.6836102742 0.1852497653 0.2226356511 1.0000000000
 1.0158701730 -7.0160933393 -2.7824812864 -0.0583517679 -0.2691640761  1.0000000000
 0.9496844387 -7.0582134354 -5.4717468720  0.0459840356 -0.0763200220  1.0000000000
 1.2248739996 -8.6950876747 -4.5350254615 -0.1704911751 -0.0933969328  1.0000000000
 3.2716324349 -8.0816158264 -2.7028543223 -0.1916863122  0.0514718021  1.0000000000
 3.3214509358 -6.4702093507 -2.5953838810 0.0112996482 0.0328396780 1.0000000000
 0.8537528864 -6.4931386450 -4.7116345212  0.0932053228 -0.1899129014  1.0000000000
 1.8186826470 -6.6305327350 -3.4228492207  0.0177357843 -0.1311626638  1.0000000000
 0.9110432455 -7.6409850036 -2.5605947551 -0.1776215586 -0.2457980181  1.0000000000
 3.0191055252 -9.2977128679 -5.4028145730 -0.1138664386  0.1392507306  1.0000000000
50
 4.0729692256 -5.1270790061 -3.9798878857  0.8037181293 -5.3536366394 -5.1051149622  0.2696872998  0.1616999379  1.0000000000  0.2144200253 -0.1785701970  1.0000000000
 3.9253221926 -7.6075783417 -2.3590013632  3.1947083961 -8.1038994372 -6.2294927320 -0.1994297836  0.1209312840  1.0000000000  0.0303572443  0.1692619284  1.0000000000
 3.7523800919 -9.4138151029 -5.2451212881  3.0028309790 -5.8958894226 -2.9231222034 -0.1262488226  0.2327429576  1.0000000000  0.0893944114 -0.0638875039  1.0000000000
 1.7120359368 -5.2741211458 -2.8859318357  2.3852168121 -9.5057170724 -4.6540585018  0.1438912224 -0.1746230870  1.0000000000 -0.2054699171  0.0825309182  1.0000000000
 3.9505818230 -8.5868483926 -2.8140324671  4.0572288148 -6.3528439911 -5.6924290038 -0.2501441686  0.1478967009  1.0000000000  0.1601286500  0.2190427891  1.0000000000
 0.8977093631 -6.5064997243 -3.9910086724  3.6205120794 -6.6627881482 -4.7758455327  0.0884504598 -0.1862663281  1.0000000000  0.1132087491  0.1219259815  1.0000000000
 3.8252811824 -7.7079463637 -4.2119267240  3.4682364177 -8.4956617926 -4.6144861392 -0.0560643300  0.1731022777  1.0000000000 -0.1016157072  0.1884607977  1.0000000000
 3.6725310948 -7.6623942130 -2.7091056042  3.9479842466 -6.2793711829 -3.9575531444 -0.1600409702  0.1260738455  1.0000000000  0.1312091175  0.1692609266  1.0000000000
 3.5711362690 -6.9611452985 -6.4642462117  3.3738735698 -7.8210320705 -4.7961449197  0.1211570189  0.1970750513  1.0000000000 -0.0469037108  0.1335976318  1.0000000000
 0.5299783031 -7.9506725644 -3.5037693307  2.7992538986 -8.7271163545 -4.2503227724 -0.1330873164 -0.2203608161  1.0000000000 -0.1488224532  0.0610504002  1.0000000000
 1.4491964630 -7.8664809702 -3.3142724271  4.0663482706 -4.8283495992 -3.8966393426 -0.1215818845 -0.1202316067  1.0000000000  0.3144937646  0.1854167382  1.0000000000
 1.0684840071 -6.0484371005 -5.1895139828  4.4096233674 -6.2422512820 -3.5850580200  0.1164972856 -0.1402018277  1.0000000000  0.1061653925  0.1975641409  1.0000000000
 0.8743582980 -7.0979068695 -2.7694636557  1.4805640455 -8.4759404892 -3.4267814212 -0.1089696318 -0.2750239550  1.0000000000 -0.1818507018 -0.1041955785  1.0000000000
 1.7339393036 -4.5941205810 -3.7644092518  4.3925406558 -5.5651976564 -3.4501040633  0.3292067402 -0.1887952697  1.0000000000  0.1796235915  0.2051925944  1.0000000000
 2.4721088874 -5.8299451123 -4.4193984521  0.8733201306 -7.1467369402 -4.0752504467  0.1705534714  0.0338668194  1.0000000000  0.0083428071 -0.1992773096  1.0000000000
 2.6083877526 -6.9845439163 -5.5558159459  4.0679218204 -6.8342118098 -2.5256939823  0.1074953708  0.0557192533  1.0000000000 -0.0348520396  0.1410183875  1.0000000000
 1.7677944799 -7.5264801537 -5.8896449792  2.5088496350 -7.9090429284 -5.1855181720  0.0374801778  0.0000104332  1.0000000000 -0.0175270042  0.0046490955  1.0000000000
 4.4227393170 -7.6306140209 -4.4464429640  2.4834263632 -6.8493918662 -5.4740191459 -0.0525431018  0.2453326790  1.0000000000  0.1264659168  0.0182687100  1.0000000000
 3.3444738464 -6.6336699669 -6.3662255871  3.4678527585 -7.3950399647 -6.0639597692 0.1423406576 0.1423626855 1.0000000000 0.0795122356 0.1096684843 1.0000000000
 1.6457988032 -8.6181047271 -3.6504915507  4.3835678016 -8.4427332891 -3.9864774167 -0.2006504902 -0.0728859942  1.0000000000 -0.1416155669  0.2431743449  1.0000000000
 3.0576018438 -6.7583779049 -6.3249956896  3.4994090602 -7.2706697607 -4.7088153755 0.1123340546 0.1027128020 1.0000000000 0.0136468143 0.1353662997 1.0000000000
 2.9833784905 -6.1604840729 -6.8405150030  2.8378683052 -6.7340364283 -4.4894653033 0.2511703649 0.1068631066 1.0000000000 0.0354453639 0.0575218389 1.0000000000
 0.1849918810 -7.0050756892 -5.1968854149  3.8180876614 -8.2424714821 -3.4723122914  0.0765525835 -0.2334679752  1.0000000000 -0.1391344533  0.1540822747  1.0000000000
 3.7212864921 -8.2354758669 -1.9570447334  2.1180291708 -6.2904797113 -6.1661237819 -0.3074243719  0.1144588230  1.0000000000  0.1910187051  0.0047763714  1.0000000000
 1.1683329267 -7.8535116971 -3.3300420278  2.6737833857 -8.4015376491 -4.1222891513 -0.1441264946 -0.1617935209  1.0000000000 -0.1548809712  0.0642319621  1.0000000000
 2.1252924485 -5.8401285901 -5.9752411171  0.7204191987 -6.0003944961 -4.3821978285  0.2026954962  0.0068921612  1.0000000000  0.0957584230 -0.1878494011  1.0000000000
 4.8931773244 -6.8563616594 -3.5377516254  3.0312641102 -7.9930754388 -2.1920658121 -0.0080145610  0.2733392405  1.0000000000 -0.2454361912  0.0141552661  1.0000000000
 1.9119683407 -8.7984638073 -4.2281514021  4.0021033504 -5.5838218841 -4.7174162584 -0.1533330965 -0.0513999494  1.0000000000  0.2464913740  0.1987236940  1.0000000000
 3.8750844078 -7.1211453670 -4.7673617427  3.3872305982 -8.7838717454 -3.8187666275  0.0329032992  0.1968917711  1.0000000000 -0.1907956649  0.1105905074  1.0000000000
 1.8680262116 -7.6820131314 -3.1253716421  3.9702369776 -6.3838473732 -5.6558572161 -0.1446501871 -0.1353875420  1.0000000000  0.1514059208  0.1655702707  1.0000000000
 2.8848238660 -8.3998781784 -5.1701849469  1.5295629933 -7.9013103266 -4.6492113202 -0.0926763913  0.1102384488  1.0000000000 -0.0830215416 -0.0914607363  1.0000000000
 2.4376721249 -7.6602572469 -3.9207541303  3.7839646347 -5.1820848840 -3.3036697137 -0.0809969856  0.0052296929  1.0000000000  0.2249885330  0.0917510410  1.0000000000
 2.6402166330 -7.1059627129 -2.2897708721  3.7385558013 -8.2491656174 -2.7505411077 -0.1464444032 -0.0916186433  1.0000000000 -0.2208344709  0.1046341239  1.0000000000
 2.2540664990 -4.6395401386 -3.3420527598  3.3378622553 -6.8344010720 -5.4824713515  0.2975834332 -0.1691097625  1.0000000000  0.0959095643  0.1386616619  1.0000000000
 1.0911767685 -5.4482272262 -5.5448973854  4.5259018296 -5.0719585286 -3.6018372384  0.2214230010 -0.1346261936  1.0000000000  0.2833185805  0.2032960277  1.0000000000
 2.5916765823 -7.2241377995 -5.6979392956  2.8787084174 -4.7446738759 -3.7112928276  0.0898977363  0.0276034112  1.0000000000  0.2995517897 -0.0469536265  1.0000000000
 4.2245432539 -7.5666515048 -4.6530166255  3.7742928356 -9.4630807680 -5.1712535743 -0.0181448705  0.2337092103  1.0000000000 -0.1328845515  0.2098639676  1.0000000000
 0.7728443606 -7.1468838889 -4.1846803303  1.1141988586 -8.7545564595 -4.9379514307  0.0151013419 -0.2359470473  1.0000000000 -0.1323479453 -0.0637129866  1.0000000000
 2.9651858237 -6.5484399262 -2.4596780647  1.8568762984 -7.0333379782 -1.5107212386 -0.0142952772 -0.0185015001  1.0000000000 -0.1725719093 -0.2176141512  1.0000000000
 3.7450401250 -8.0794783603 -5.1807324202  3.7727349071 -8.7455548251 -4.8587104954 -0.0285776886  0.1759444789  1.0000000000 -0.1333100837  0.1773823114  1.0000000000
 3.4530571354 -6.1856945477 -5.4664104674  4.4726533040 -7.7973111703 -3.4094299130  0.1727703873  0.0788206999  1.0000000000 -0.0756890721  0.2445056437  1.0000000000
 2.6758948236 -7.5329575947 -2.6222743482  1.4212549690 -8.1868970989 -3.9448192130 -0.1660347447 -0.0412568571  1.0000000000 -0.1023713361 -0.0565798852  1.0000000000
 3.8623776325 -8.5315220344 -5.2454998363  4.6028891528 -6.5437508770 -3.9345208127 -0.0861428888  0.2117053033  1.0000000000  0.0970847806  0.2321105974  1.0000000000
 4.4531049938 -8.9038918383 -3.6571765073  0.1667761428 -8.3188889121 -4.1115528728 -0.2155654798  0.2572898405  1.0000000000 -0.1238570339 -0.2311521585  1.0000000000
 3.9673014384 -7.9795203789 -2.1640060537  2.2887784363 -8.6436089056 -2.9980786571 -0.2569826189  0.1353560316  1.0000000000 -0.2544853262 -0.0826530286  1.0000000000
 0.6938991509 -5.9083901188 -4.5715721095  1.8158500701 -6.1383711977 -4.2336988323  0.1296571096 -0.2092347329  1.0000000000  0.1054451029 -0.1026361566  1.0000000000
 2.1211378253 -8.7796769237 -4.4373068181  2.1115372657 -6.3128656288 -1.9066072563 -0.1704327940  0.0249114981  1.0000000000 -0.0228616980 -0.2132636966  1.0000000000
 4.6245107764 -7.3828683015 -3.4947314450  1.2765720984 -7.4736712071 -3.4263452843 -0.0472565404  0.2500325480  1.0000000000 -0.0831020712 -0.2078637194  1.0000000000
 3.3593785996 -7.2146191141 -2.6226757276  2.6914956882 -7.1482202007 -2.6080083348 -0.0817236998  0.0466885304  1.0000000000 -0.0996316329 -0.0104880980  1.0000000000
 2.5461568213 -8.4808484986 -2.7925129549  4.1369185519 -7.4400481422 -4.3974564932 -0.2610026359  0.0060356334  1.0000000000  0.0107616954  0.1867910675  1.0000000000
