287.8000000000
50
 1.9269312536  3.3717635476 12.1983817669  0.2733862975 -0.2789219518  1.0000000000
-1.6613251429  3.6626959908 13.1744954164 -0.2009700919 -0.1803917597  1.0000000000
 1.1530672801  3.3314615811 13.8919123415  0.1417036153 -0.1941825915  1.0000000000
 0.4085243548  3.3958278897 13.6255750036  0.0894110811 -0.2520106473  1.0000000000
-0.0114062791  6.7035246181 12.7353657227 0.0131864429 0.1820924971 1.0000000000
-1.6502550296  4.7141355402 11.4743754716 -0.2744573423 -0.0353589616  1.0000000000
-0.9219020030  4.7470685387 10.7516842919 -0.1792810698 -0.0453890677  1.0000000000
 0.6172697772  5.5382731545 11.1172896571 0.0630021646 0.0751907933 1.0000000000
-0.4872760266  6.3993620503 13.7139323543 -0.0398751998  0.0921418089  1.0000000000
 1.5345607629  4.7684470625 11.1529036010 0.2144786914 0.0196949913 1.0000000000
 0.4468550458  4.4719829376 11.4038371119  0.0153769679 -0.0421188047  1.0000000000
 1.3182042503  4.8053000106 11.9955357312  0.1596848364 -0.0081390952  1.0000000000
-0.2607800869  3.9206529977 11.9883421344 -0.0204253744 -0.1352211776  1.0000000000
-1.5694951320  6.2539027776 11.6821608635 -0.2399892385  0.1739883173  1.0000000000
 1.0181162030  4.1512093286 11.8885214980  0.1426466370 -0.1718392308  1.0000000000
-1.0258268699  4.4129996271 13.3935487327 -0.1574530146 -0.0972880371  1.0000000000
 0.1265094385  4.8319310275 11.3647432556 -0.0018652578 -0.0067799741  1.0000000000
-0.1352894674  3.4783916505 14.2057382769  0.0150555086 -0.1816438452  1.0000000000
 0.3188525661  4.8925563973 13.2073091804  0.0501433251 -0.0789717610  1.0000000000
-0.2352246167  3.7754494867 11.1221266047 -0.0627574992 -0.1736433305  1.0000000000
-0.2846862824  6.0899675270 12.3779175158 -0.0375414515  0.1276168875  1.0000000000
-0.0161706588  5.4195154410 14.3361315045 0.0314930981 0.0158157172 1.0000000000
 1.3972864605  6.5025839971 11.2476140162 0.1468699196 0.2814241834 1.0000000000
-1.9073020377  7.0791760826 14.0655269756 -0.1964430344  0.1777203615  1.0000000000
-0.2586308889  5.4836138232 11.6174941365 -0.0653541287  0.0777349526  1.0000000000
 0.4381015576  6.5772549467 12.8083559718 0.1004778262 0.1848199195 1.0000000000
-0.6237827442  4.1007904626 10.8767584453 -0.1506062066 -0.1158894102  1.0000000000
-0.0953819534  6.0120468470 10.8783767433 -0.0769003027  0.1574267906  1.0000000000
-1.1084468472  4.4831139601 12.7044880769 -0.1621142067 -0.0668316417  1.0000000000
 1.1041443326  6.0328692828 13.7042849737 0.1424152529 0.1136801469 1.0000000000
 1.4623803531  3.4852401750 13.1030115281  0.1795326944 -0.2286431695  1.0000000000
-0.4922424068  5.2342121447 10.6618478224 -0.1244833829  0.0806716658  1.0000000000
-1.3824213256  4.7973059705 14.2478391386 -0.1320401173 -0.0627900907  1.0000000000
-0.8563718986  4.9616422973 14.0683035567 -0.0626820198 -0.0259049731  1.0000000000
-0.8809930902  6.2184384794 12.3910709310 -0.0998009330  0.1224607301  1.0000000000
 0.1321078741  4.5157189054 12.1941174747 -0.0245541099 -0.0684269965  1.0000000000
-1.8477531299  5.6264248294 13.0543452389 -0.2296784847  0.0386581042  1.0000000000
-1.6510861268  3.0836851431 12.5579078245 -0.2071836018 -0.2859465101  1.0000000000
-1.5674325405  4.0189609337 13.8536617501 -0.1412603903 -0.1310536438  1.0000000000
 0.5634890900  6.9707658359 12.5003410262 0.0496548812 0.2445177892 1.0000000000
-0.5807651602  6.3345432954 12.7807018278 -0.0242410759  0.1635556645  1.0000000000
 1.5280401789  3.2951691033 11.8535940323  0.1934564758 -0.2371014754  1.0000000000
 1.3360873377  4.1751883982 13.2252211358  0.1679103352 -0.1573882857  1.0000000000
 0.7037716118  5.5687879794 14.6577672135 0.0637060671 0.0241543401 1.0000000000
 0.1827732512  6.4034044250 13.6072350617 0.0405459768 0.1132169551 1.0000000000
-1.5792090801  3.9622202829 11.1441293030 -0.2880406693 -0.1614552421  1.0000000000
-0.5843918198  4.4033087093 13.7353637289 -0.0410013346 -0.1159530491  1.0000000000
 1.9760811419  4.6218095183 14.0695841507  0.2256892991 -0.0824503467  1.0000000000
-0.3737137989  5.1155610226 14.4738846015 -0.0528617006  0.0069023315  1.0000000000
-1.2285378741  3.5265962233 14.4503152953 -0.0660147807 -0.1814547467  1.0000000000
50
 0.8278853326  4.7583033397 13.6938030848  1.3781501129  3.7689326429 12.1153477809  0.0835951659 -0.0608866046  1.0000000000  0.1659654083 -0.1351699121  1.0000000000
-1.6772400536  7.0064811179 11.9281707912  0.2200242181  6.1681711614 14.4758958441 -0.2509902326  0.2444370350  1.0000000000  0.0256329393  0.0760151410  1.0000000000
-0.5804107041  4.3303197073 14.4327088901  0.6279297025  4.2840237217 13.5477574091 -0.0287252646 -0.0961250267  1.0000000000  0.0442219649 -0.1171445568  1.0000000000
 1.7244284449  5.7577305197 13.9542599665 -0.7748662431  5.5535343676 12.5529420177  0.1956241653  0.0866121394  1.0000000000 -0.0941709363  0.0630990931  1.0000000000
 1.1250020593  3.1897359973 12.0556196380  1.3628077459  3.9901483640 11.6915300016  0.1775733966 -0.2661316040  1.0000000000  0.2295015280 -0.1547768413  1.0000000000
-1.0423356335  6.6098292046 10.6007639250 -0.6588685216  4.0173414969 13.8607305784 -0.1810402470  0.2830580056  1.0000000000 -0.0302881478 -0.1309248421  1.0000000000
-0.5534464129  5.5270947271 12.7802077029 -1.7449343343  5.3070731282 12.7876840387 -0.0993294010  0.0634945059  1.0000000000 -0.2334707248  0.0152026503  1.0000000000
-0.5321015367  4.7066814738 11.3330606458  0.3367902756  3.5056334511 13.1372419358 -0.1104063818 -0.0327503340  1.0000000000  0.0672923484 -0.2011692501  1.0000000000
-0.9892711626  6.2765890111 11.1361392498  1.4925114181  4.2508904435 11.4865371506 -0.2016528424  0.1666880736  1.0000000000  0.2064804273 -0.1275969661  1.0000000000
 1.5371411853  5.2791989427 12.4552632745 -1.2555170081  5.6707114179 10.8639761795  0.1991923984  0.0406085487  1.0000000000 -0.2034944389  0.1576195171  1.0000000000
-1.8788042917  6.2746999008 13.8138631722 -0.6660624659  4.8485187375 10.6923452956 -0.1628943844  0.1354584975  1.0000000000 -0.1796343351 -0.0063225941  1.0000000000
 1.5493106806  3.2232683985 12.5735521740 -0.4203440260  5.6138659532 13.3402148448  0.1846349537 -0.2702330190  1.0000000000 -0.0466266272  0.0100940619  1.0000000000
 1.3364898648  6.2612179432 13.6375010363  1.5425527946  4.5353905787 15.0693434375  0.1523637101  0.0942507748  1.0000000000  0.1382088734 -0.0897021153  1.0000000000
 1.1563368749  4.9554354315 13.1506077504 -1.5952508014  5.4166776693 13.4316061584  0.1426709092  0.0226545176  1.0000000000 -0.1961395426  0.0481195250  1.0000000000
 0.6991155627  6.8391117816 12.6975811028 -0.3894141716  3.1262709264 12.4021291213  0.0869505781  0.2389042597  1.0000000000 -0.0607389694 -0.2455255599  1.0000000000
-1.4231046555  6.5507946461 12.1937568724  0.5571163818  6.6176875860 12.6195659154 -0.2027671055  0.2106094930  1.0000000000  0.0988525282  0.2320696519  1.0000000000
 0.5887649170  4.1153290544 13.9162597850 -0.8942352750  6.6505664639 12.7063946704  0.0659446463 -0.1390874869  1.0000000000 -0.1176563890  0.1809324896  1.0000000000
-2.0670551452  5.6726544987 14.2482051760 -0.8725594607  5.5778969494 13.7397453072 -0.2108582003  0.0477912155  1.0000000000 -0.0956757027  0.0728659525  1.0000000000
 0.9467639376  3.7822907522 13.9107555916 -0.7039143107  6.4920471236 12.3680832000  0.1064758694 -0.2050364407  1.0000000000 -0.0911215375  0.1760943883  1.0000000000
-1.0294448028  4.6177267548 12.9679080066 -0.7638782430  5.8369053861 11.3996076794 -0.0995113249 -0.0690934724  1.0000000000 -0.1716629695  0.1094637806  1.0000000000
-1.4362007605  3.8426705695 13.0054638915  1.9876266619  5.9211606069 13.6015250647 -0.2059718308 -0.1656385488  1.0000000000  0.2126384335  0.0988626949  1.0000000000
-0.9207157944  4.5720061457 11.7993946894 -1.7258532881  7.1433182470 13.9735446262 -0.1611142026 -0.0560777037  1.0000000000 -0.1621607406  0.2324673457  1.0000000000
 1.0062252198  6.5835231571 11.3671485599 -0.6499801561  5.6875134503 11.2927034489  0.1226122932  0.2469842913  1.0000000000 -0.1418301537  0.1387778458  1.0000000000
-0.2762987164  4.6738154281 12.6424639986 -0.7110428364  6.3800253473 11.2657840277 -0.0419940486 -0.0634153406  1.0000000000 -0.1487676051  0.2021627002  1.0000000000
 0.6117158495  4.8359156420 12.8208514555 -0.5901392800  5.7691659454 13.4155167574  0.0745925009 -0.0344232223  1.0000000000 -0.0527950539  0.0485877436  1.0000000000
-0.0071153629  4.1709302509 14.6772657016 -0.8456815704  6.3059497338 10.6644074780  0.0544017128 -0.0775037049  1.0000000000 -0.1743405537  0.2485090414  1.0000000000
 0.7453510644  3.4485338926 11.2306058009  0.4910296397  3.2338480680 12.0622717773  0.0728436888 -0.2542073689  1.0000000000  0.0475179281 -0.2734541484  1.0000000000
 0.0921855127  3.9492920122 12.2734621891 -0.9587268891  4.4536746686 10.7546209106 -0.0000150959 -0.1321883877  1.0000000000 -0.2176012877 -0.0419092844  1.0000000000
 0.4706327313  6.4537188855 11.7382453326 -0.2676392270  3.4630920436 13.6467152112  0.0564921895  0.2094379089  1.0000000000 -0.0312274513 -0.1709182256  1.0000000000
 1.3025753018  5.5381971592 14.5871929349  0.0811571817  4.1129617174 13.0687598816  0.1498175090  0.0383924366  1.0000000000  0.0070159556 -0.1577366772  1.0000000000
 0.7023026762  4.0587301798 14.5669102368  0.4252538011  3.9895059739 12.5993034292  0.0947055107 -0.1063554317  1.0000000000  0.0605526006 -0.1412989224  1.0000000000
 0.8755381064  4.2652749220 13.4174278732  1.3192614067  5.0279911095 11.7217176408  0.1219257562 -0.1075021963  1.0000000000  0.1642769256 -0.0048811417  1.0000000000
 1.9305995964  6.6705192355 13.8504899073 -0.1487736895  6.3943403647 11.4468121211  0.2513617070  0.1569651746  1.0000000000 -0.0894063893  0.2096813829  1.0000000000
-0.7577959254  3.5955924841 12.4032511888 -0.8087559396  6.5444060896 14.2643207354 -0.1270074148 -0.1963361950  1.0000000000 -0.0354226915  0.1284977823  1.0000000000
 1.6520010021  5.9451473914 12.3223621533 -1.2719861480  3.9693720249 11.5956794852  0.2208147866  0.1317189469  1.0000000000 -0.2121856690 -0.1068451244  1.0000000000
-0.8243864950  3.7772032479 13.6888325572  0.2359400942  5.2379366590 12.3914595511 -0.0815894817 -0.1792374742  1.0000000000  0.0448388370  0.0516489192  1.0000000000
 1.0048264104  3.9756720530 14.9558372019 -0.7661082241  4.5524568538 13.4258062157  0.1142756393 -0.1806979568  1.0000000000 -0.1003178509 -0.0880023143  1.0000000000
-1.2377072255  3.4320518823 12.5384208095 -1.7791686910  4.2933697594 12.3030843908 -0.1481723504 -0.2174351873  1.0000000000 -0.2767303086 -0.0826549414  1.0000000000
-1.4456795025  6.0318399559 13.7153826308  2.1340191171  5.4604294820 11.2625811834 -0.1834277652  0.0814930942  1.0000000000  0.3144474962  0.0827048039  1.0000000000
 0.8554859803  7.0473747843 12.1899003927  1.9482110242  3.8802696423 12.2236207374  0.1038775031  0.2581872511  1.0000000000  0.2467192047 -0.2007410840  1.0000000000
-1.5285907259  6.6745591603 11.8211581895  0.4795739441  4.4997604989 13.5548751222 -0.2261321364  0.2141400600  1.0000000000  0.0608426034 -0.0839476064  1.0000000000
 1.3077656549  4.1103040865 11.7417662175 -1.7268520613  7.1188777154 14.1127726877  0.1408786933 -0.1464024242  1.0000000000 -0.1355750704  0.1819985346  1.0000000000
-0.9890933693  4.4766253730 11.7065550553  0.1750281530  6.2238254646 12.2174543812 -0.1782545397 -0.0459609264  1.0000000000  0.0190862614  0.1498364288  1.0000000000
-1.0322440381  5.4483274153 12.1927626876  1.4147211061  5.8511251736 13.0547783559 -0.1446026506  0.0610374129  1.0000000000  0.1335977373  0.1287323754  1.0000000000
 1.4390381053  3.4169589855 13.1822603344 -1.5107647292  4.2084495022 11.3358878614  0.1819594734 -0.2075945282  1.0000000000 -0.2357414929 -0.1237863036  1.0000000000
 2.1716846997  5.6983600646 11.3291012329 -0.5509788245  4.3151834496 11.4190562295  0.3021342236  0.1218780209  1.0000000000 -0.1586306036 -0.0686570314  1.0000000000
 0.2617018618  5.3350597446 13.8702801584  0.2024007160  5.0105298536 12.9032043501  0.0372162538  0.0362143241  1.0000000000  0.0199172023 -0.0098283349  1.0000000000
 1.6537845390  6.0752993704 13.3317406769  0.7422124508  3.7581194820 14.2781510572  0.1928322528  0.1252754659  1.0000000000  0.1075335655 -0.2001310540  1.0000000000
-0.5699254080  5.0536968476 11.8836330103  1.9982028032  3.4124487432 13.2439875921 -0.1458717014 -0.0058959582  1.0000000000  0.2381328606 -0.1847936845  1.0000000000
-1.6202453778  5.2169369348 11.8261833612 -0.2430482576  5.8086941842 11.2369911535 -0.2598325868  0.0629138568  1.0000000000 -0.0778314594  0.1277691447  1.0000000000
