758.5000000000
50
 7.4125601935 -7.6909981279 14.7677205881 -0.1112467922 -0.1904761029  1.0000000000
 9.0868148169 -6.9679491806 17.1820111029  0.1211440640 -0.0186671442  1.0000000000
 9.6013351344 -6.8067909868 17.5430265348 0.1343928415 0.0121350089 1.0000000000
 7.4994568833 -6.5008043679 16.6570956245 -0.0719914412  0.0028651695  1.0000000000
 8.2847571941 -6.5009228837 14.7832286678 -0.0012988021  0.0118583887  1.0000000000
 9.9625543405 -6.4056467427 17.2367176813 0.1722111884 0.0674391785 1.0000000000
 7.6545969927 -7.5217933937 14.6052157659 -0.1116158040 -0.1116559648  1.0000000000
 6.5374065144 -7.8964024870 17.2667584252 -0.2150632677 -0.0842029865  1.0000000000
 7.9234390208 -5.3927584776 17.8775649523 -0.0886078576  0.1312858940  1.0000000000
 9.9114653587 -5.0130414928 16.5131567194 0.1404506543 0.2542591402 1.0000000000
 6.5715746411 -7.5657821179 17.6566169647 -0.1677453311 -0.1379392891  1.0000000000
 7.0313569030 -4.9589245082 15.6597668886 -0.2129142437  0.2384650490  1.0000000000
 9.7559660050 -6.1879712782 17.7190228115 0.1151814919 0.1185530798 1.0000000000
 8.9168166212 -5.0610159921 16.0415975794 0.0715974126 0.2793015504 1.0000000000
 6.9488653353 -7.0280348409 18.4138520280 -0.1368462905 -0.0464801642  1.0000000000
 7.1337268972 -7.6091632421 17.0211189913 -0.1061372540 -0.0667859333  1.0000000000
10.1350669306 -6.5725446830 18.1544625521 0.1622832720 0.0893445457 1.0000000000
10.1359950769 -6.3548287023 14.9434407135 0.2693145536 0.0882305054 1.0000000000
 9.1587416151 -5.0326474119 18.4443510320 0.0459924332 0.2207016820 1.0000000000
 8.4456222932 -5.7036472501 18.4587552715 -0.0345318728  0.1152521862  1.0000000000
10.4012366003 -5.7118527763 15.4989940137 0.2457761038 0.1789510574 1.0000000000
 9.5632277760 -5.1898519918 15.2822718174 0.1487174589 0.2640171374 1.0000000000
 6.7140371258 -5.7650379163 18.2243319791 -0.1947380496  0.1228027968  1.0000000000
 9.8028897173 -7.7975542482 17.8942164707  0.1767019815 -0.0572330130  1.0000000000
 7.3294330178 -7.0652856324 15.7211565870 -0.1297220071 -0.0262584496  1.0000000000
 7.3408602333 -6.3337762550 16.8682330958 -0.1172215933  0.0357687108  1.0000000000
 9.7289309566 -6.9933711183 15.2455997493  0.1938678399 -0.0234787910  1.0000000000
 9.5631102805 -7.3259723401 17.9128696564  0.1042010814 -0.0494948540  1.0000000000
 9.9334153565 -8.9441090807 17.7930239099  0.1555832819 -0.1958017263  1.0000000000
10.0573722029 -7.1479806649 17.0050780266  0.2257343033 -0.0314254543  1.0000000000
 9.9839020813 -7.2694357361 16.3437208973 0.1843690301 0.0208463164 1.0000000000
 6.9816281363 -7.9737582973 16.2246504129 -0.1762184363 -0.1815605201  1.0000000000
 7.7735302720 -7.9567042386 15.1301869734 -0.0527599405 -0.1741757943  1.0000000000
 7.4255400391 -8.5631619201 16.3707888234 -0.1123352817 -0.2429902302  1.0000000000
 7.0986559141 -7.6077344300 18.0798310000 -0.1362042238 -0.0704668984  1.0000000000
 8.3223336493 -6.8829628563 16.4603058692  0.0222894860 -0.0155325928  1.0000000000
 6.6928688473 -7.4070864617 18.5120906041 -0.1833356445 -0.0708391096  1.0000000000
 7.3318787440 -8.3552102026 16.1449824873 -0.1258931348 -0.1809348785  1.0000000000
 6.8019776454 -8.6725175860 16.2694450293 -0.1727715916 -0.2608606335  1.0000000000
10.6627696630 -5.4795738027 18.0633524774 0.1966853183 0.1496402852 1.0000000000
 9.1437173036 -5.7201584096 15.8787763963 0.0610762176 0.1472818783 1.0000000000
 7.2076930328 -4.8590310358 16.7206143152 -0.1840371584  0.2389820161  1.0000000000
 8.6885327657 -7.5385618787 17.4359110037  0.0558123944 -0.0712580383  1.0000000000
 9.4713401506 -6.4546854646 17.6284246189 0.1079869397 0.0720383351 1.0000000000
 7.3261638351 -5.5238474935 14.8789708468 -0.1699130116  0.1300702856  1.0000000000
 6.7594808989 -7.6286992912 16.8366508643 -0.1936127502 -0.1420048095  1.0000000000
 8.8142580233 -7.6398881880 18.0596509982  0.0677202583 -0.0510809755  1.0000000000
 8.7518688591 -6.5190659498 14.4784099501 0.0435981296 0.0511877927 1.0000000000
 6.4858180914 -5.7221569316 14.6192855916 -0.3054781976  0.1022831033  1.0000000000
 8.3941693853 -5.9874347418 18.1704225429 -0.0148741135  0.1177519543  1.0000000000
50
 9.2555426734 -7.4559063094 15.8625854754  9.2445116993 -6.9251388984 17.2957330895  0.1495012923 -0.0430292763  1.0000000000  0.1200672427 -0.0377660346  1.0000000000
 6.3734907495 -8.3449619560 15.5531337967  9.1521857018 -5.6831181930 14.4754104611 -0.2350376149 -0.2147277988  1.0000000000  0.1085777116  0.2198610495  1.0000000000
 8.1567408607 -8.8273257025 17.6589258562  9.2760059417 -8.5636240364 17.9588421970  0.0056085101 -0.1671529713  1.0000000000  0.0877404421 -0.1544862519  1.0000000000
 6.7610119406 -5.8928564211 16.4261354685  8.9078082672 -7.7680843908 15.9215247239 -0.2390374383  0.1141512250  1.0000000000  0.0915741478 -0.1003305795  1.0000000000
 7.8246007896 -7.6440819970 15.9904161345  6.9121860161 -5.7614346527 16.1149584468 -0.0790249432 -0.1344739611  1.0000000000 -0.2139530347  0.1113850967  1.0000000000
 8.1126705341 -8.4534184157 15.6973598279 10.3879270443 -5.7959918579 14.5377106108 -0.0328542925 -0.2302378351  1.0000000000  0.2849683889  0.2458380707  1.0000000000
 6.5193592018 -8.4203366734 17.4148611323  9.7288600969 -8.7373302886 17.4034024026 -0.2065871291 -0.1604491604  1.0000000000  0.1442105104 -0.1713898585  1.0000000000
10.0441243530 -5.5184404438 16.1117864209 10.4940303366 -6.0364318409 17.9444702527 0.1445016073 0.2249506367 1.0000000000 0.2155046157 0.1213489595 1.0000000000
 9.0268282995 -8.0092111267 16.8997310079 10.3285115560 -6.6479139310 17.0932810847  0.1224331351 -0.1278602209  1.0000000000  0.1920077356  0.0649287192  1.0000000000
 7.5992679356 -4.8224612278 15.8138205863 10.3236533868 -7.5766250759 17.1290275493 -0.1527814715  0.2742250463  1.0000000000  0.2815023973 -0.0363516700  1.0000000000
 6.8688662301 -5.9681027495 17.6789977428 10.0119549659 -6.1287346556 15.4038684520 -0.1876948651  0.0915371984  1.0000000000  0.2905921608  0.0961007248  1.0000000000
10.1584530944 -7.2534163572 15.2765823217  6.3755684376 -7.8422168446 15.6269718777  0.2874232550 -0.0039659751  1.0000000000 -0.2450746264 -0.1461869219  1.0000000000
10.0072013229 -6.5149907235 14.9208377989  9.1723092994 -6.9318882143 18.4125015378  0.2629776755  0.0856662660  1.0000000000  0.0625609545 -0.0083577459  1.0000000000
 9.9332748948 -8.5387117443 18.2306385161  8.5912979618 -5.6638563456 17.0123131988  0.1684977199 -0.1419852975  1.0000000000 -0.0334523692  0.1627499735  1.0000000000
 8.2353318627 -8.3642923930 16.7935412340 10.0530116264 -5.7981723798 17.7375989507  0.0265889243 -0.1729158795  1.0000000000  0.1574111503  0.1186301192  1.0000000000
 8.7125002764 -6.5338535477 17.6869539520  7.7168699664 -5.4377165851 18.0327146133 -0.0007912753  0.0759586001  1.0000000000 -0.1264742758  0.1785060855  1.0000000000
 9.1384879127 -8.7043380829 17.4338620152 10.0405938905 -7.6973269002 17.2045386788  0.1159172654 -0.1605454400  1.0000000000  0.1802835481 -0.0844923889  1.0000000000
 8.5977504707 -7.0297260770 17.3551009505  6.6282401112 -6.8426600366 17.0207540972  0.0305603801 -0.0347452334  1.0000000000 -0.1966177413 -0.0250991101  1.0000000000
 7.0696103471 -7.0135515322 15.6366197249 10.0967165211 -8.8013703396 15.0443247881 -0.1419911599 -0.0165681020  1.0000000000  0.2557165685 -0.2597620422  1.0000000000
 6.9410258975 -6.1426512558 17.2218272483 10.0097204220 -7.1184427962 14.9991531113 -0.1556296310  0.0662177413  1.0000000000  0.2419144031  0.0026191872  1.0000000000
 8.2909469145 -7.7109446554 14.4869061348  7.7026858483 -8.1758771024 16.6784832278  0.0327714875 -0.1799168162  1.0000000000 -0.0363644612 -0.2127652839  1.0000000000
 8.3197823648 -5.2090227283 17.7638445219  9.4894511867 -6.5001558975 16.5210991405 -0.0322734291  0.1388143011  1.0000000000  0.1605817127  0.0509533559  1.0000000000
 7.2388349018 -7.3690652959 16.2341126157  9.4173677983 -5.1364932238 18.3107084457 -0.1515584638 -0.0806097674  1.0000000000  0.0791706181  0.2419334361  1.0000000000
 6.6679325186 -7.6951144393 14.5385439405  6.9946430679 -7.0497932439 15.2178741712 -0.2143817053 -0.1721526517  1.0000000000 -0.1947938074 -0.0616200194  1.0000000000
 9.4100981807 -8.6293781273 14.9854705452  7.3950052448 -7.8166081995 15.4791010695  0.1871120392 -0.2314258495  1.0000000000 -0.1662289863 -0.2106117463  1.0000000000
 8.4923396965 -7.8937347349 15.0715868776  9.4270307152 -5.8031463600 17.0899030172  0.0273821912 -0.1509567008  1.0000000000  0.0679034323  0.1474121934  1.0000000000
 8.8951204437 -6.4545122872 14.4814082650  7.2494146182 -8.2245250391 16.1621178119  0.0811642468  0.0947121448  1.0000000000 -0.1382921946 -0.2057351727  1.0000000000
 8.7493449566 -6.6308935358 15.1201007574  8.6190110051 -6.7790205059 15.9828386836 0.0335216552 0.0479724739 1.0000000000 0.0830959336 0.0205833199 1.0000000000
 9.5231188118 -6.8400977394 14.6433847568  7.2763827256 -5.9131148611 15.1563249101  0.2378807829  0.0073784983  1.0000000000 -0.1638695768  0.1291528219  1.0000000000
 7.6894227595 -5.3675544187 15.7777659319  8.2676458368 -8.4453190184 14.8969828685 -0.0776319082  0.1753806714  1.0000000000  0.0095874580 -0.2442308695  1.0000000000
 9.3369695725 -7.9410474280 15.9560676860  8.8799693052 -5.2662034104 18.2377081503  0.1409613284 -0.1384597341  1.0000000000  0.0397972040  0.1431709592  1.0000000000
 7.2722256718 -5.0534461019 17.1421390874  7.4829130286 -7.3954074476 15.5752297016 -0.1831538350  0.1770084016  1.0000000000 -0.1019873655 -0.0707318954  1.0000000000
 9.8255312484 -6.9858807392 16.4460116856  8.0241375246 -5.2436991309 14.8855621371  0.2009525491 -0.0013919039  1.0000000000 -0.0555409420  0.2685636436  1.0000000000
10.2392072079 -5.2801471407 16.9739141900  8.6666573672 -8.4978833819 16.1236637128  0.2530569975  0.2308673306  1.0000000000  0.0691529917 -0.2102479313  1.0000000000
 8.2367218881 -7.2054282291 16.9599018884  8.7182821846 -6.8148706325 18.0677039544 -0.0148608416 -0.0259509676  1.0000000000  0.0324615501  0.0011586252  1.0000000000
 9.8079767819 -5.3444441183 16.0984725447  9.4051173513 -5.5316938475 15.1263031760 0.1625454140 0.2121110640 1.0000000000 0.1214282574 0.2228403433 1.0000000000
 9.0430761820 -6.9407907898 17.3016862635 10.5340323861 -6.0200612474 17.8690179595  0.0947866273 -0.0368089776  1.0000000000  0.2213017504  0.1573950650  1.0000000000
 8.2460456812 -7.7110828307 15.0645856215  7.9783936363 -7.3563934918 18.4665102176 -0.0232298830 -0.1280938643  1.0000000000 -0.0360290174 -0.0341397413  1.0000000000
 7.4942415320 -8.7244307247 15.9375349520  8.0473410615 -7.0697736379 15.5361822293 -0.0967869172 -0.2372003746  1.0000000000 -0.0249431454 -0.0295890317  1.0000000000
 9.6293356636 -8.7861483137 17.8393019977  8.0271593473 -4.9585814986 15.7778880729  0.1345272458 -0.2328449860  1.0000000000 -0.0396809348  0.2786165222  1.0000000000
 7.5288878805 -7.2884319988 17.9489870390  6.9783202837 -6.5390911613 17.1937389341 -0.1217275402 -0.0812825574  1.0000000000 -0.1960423287  0.0483106669  1.0000000000
 8.7994876407 -7.8576381863 15.9610225485  7.7689498492 -8.2588632433 14.5561935677  0.0763035240 -0.1417144184  1.0000000000 -0.0844798463 -0.2519829171  1.0000000000
 8.9414314622 -7.7695932278 14.4374068791  6.5308738549 -7.5588190474 16.4921949535  0.0958016946 -0.1565334843  1.0000000000 -0.2301972381 -0.1448402943  1.0000000000
 6.7924531192 -6.1333679190 18.0037057697  8.5193631311 -5.2109477973 15.2110578982 -0.1682555428  0.0646387730  1.0000000000 -0.0231383594  0.2797343075  1.0000000000
 8.7654962205 -5.8057691976 16.8534934113  8.2958288587 -8.5025095995 16.1328141567  0.0615582508  0.1250238112  1.0000000000  0.0157085033 -0.2113909493  1.0000000000
10.2115242445 -5.2536380579 17.5267693941  8.1421725985 -6.3449480524 14.6543715390  0.1669821696  0.1665129430  1.0000000000 -0.0181477921  0.0945007889  1.0000000000
 9.3590410458 -4.9416205118 15.1016093100  9.5707442499 -8.9303507256 17.4933241902  0.0758627526  0.2650431835  1.0000000000  0.1760169521 -0.1604334853  1.0000000000
 6.6116545617 -8.5762027514 15.1742990401  8.0340598270 -6.7941689648 17.8215224793 -0.1820650733 -0.2721183968  1.0000000000 -0.0330131690 -0.0064072012  1.0000000000
 6.5715612501 -7.1948750602 18.0400170799 10.2686759774 -6.8607700392 18.0997341128 -0.1315114507 -0.0303142060  1.0000000000  0.1616089055 -0.0080885283  1.0000000000
 9.1128894508 -8.3393315152 16.0720113304  9.7322213790 -6.7349652318 18.2650311894  0.1641179947 -0.2012362722  1.0000000000  0.1171337503  0.0062943067  1.0000000000
