173.1000000000
50
  3.9400169207 -10.7407422903   3.0350865151  0.0945659443 -0.1059284557  1.0000000000
 3.5016371171 -7.8064514477  3.6456353425 -0.0329690051  0.1466373242  1.0000000000
  1.1954428955 -10.8035084374   1.9991316118 -0.2098597485 -0.2272183310  1.0000000000
  3.1047207072 -11.7395158164   1.0956787639  0.0210899010 -0.2614327513  1.0000000000
 2.2509275641 -9.7961130110  1.3830617277 -0.1971961670 -0.0603055367  1.0000000000
 5.2151977900 -9.0199970850  4.5784340765 0.2330640359 0.0389241769 1.0000000000
 2.1746221189 -8.1873720179  1.9717676783 -0.2300125512  0.1275137933  1.0000000000
  1.5717636894 -10.7247759912   0.5341781506 -0.3071625863 -0.2423508252  1.0000000000
  3.3882010046 -11.4034015179   1.7894217985  0.0861101433 -0.2588184074  1.0000000000
 3.8063988480 -7.7485312163  2.1622641989 -0.0101812471  0.2149919852  1.0000000000
 3.3784670904 -8.4587832784  3.3435328535 -0.0140743830  0.0399590496  1.0000000000
  4.5167781273 -11.3206957331   3.7602192035  0.2408813052 -0.1556245632  1.0000000000
  4.2442764140 -11.0500049653   3.7016863362  0.1894299927 -0.1624448762  1.0000000000
 2.7223484483 -8.5183290601  2.7201248488 -0.1332897743  0.0800747554  1.0000000000
 3.4600313625 -8.7992188513  0.3039078857 -0.1431627316  0.1805068426  1.0000000000
 4.0062334484 -8.3144321940  3.0259399590 0.0422178771 0.0966431845 1.0000000000
 4.1322955836 -8.4565904602  1.8033613771 0.0319665081 0.1643203312 1.0000000000
 2.4144350715 -7.6432468267  1.8860917841 -0.2108506047  0.2042005851  1.0000000000
 1.8114984608 -9.0932049903  2.7580019971 -0.1650067993 -0.0486725481  1.0000000000
 3.1658107369 -7.9678525844  2.3683329755 -0.1094864481  0.1553657037  1.0000000000
  4.5886038425 -11.0715781815   2.3271536933  0.2075036545 -0.1590870180  1.0000000000
  3.6948802441 -10.8177909137   2.5649068621  0.1132117441 -0.1654962701  1.0000000000
  1.9499980711 -10.5874154791   2.8090314293 -0.0755823514 -0.2354486195  1.0000000000
  4.8758932259 -10.9287462171   1.9124185216  0.2626833149 -0.0739735534  1.0000000000
 3.5498573441 -8.5100025320  4.1917130106 0.0136090699 0.0643282655 1.0000000000
  3.2395567210 -10.4574229248   3.8836642983  0.0701738231 -0.1240891248  1.0000000000
 3.0626212957 -8.4980413980  2.4472864888 -0.0623478458  0.0736606702  1.0000000000
 4.7296494660 -8.9837137025  2.2909945311 0.1244710193 0.1428652801 1.0000000000
 3.0151910946 -7.5463624122  3.2378353732 -0.0507023452  0.2080298889  1.0000000000
  4.5163651547 -11.1565970391   4.0322720031  0.2230935154 -0.1528441648  1.0000000000
 4.2448905081 -7.2980699883  3.7533076305 0.0326998499 0.2097162115 1.0000000000
 5.3126581059 -9.9464521701  1.5465050300 0.2287209087 0.0856491269 1.0000000000
 3.4742663064 -8.1950097653  0.9638871692 -0.0710285332  0.2094360785  1.0000000000
 5.0609318627 -8.8733803663  3.0245480015 0.1706761897 0.1234659763 1.0000000000
 1.7155389953 -9.9694924099  1.1422191621 -0.2468529844 -0.0903736161  1.0000000000
 2.4434347487 -7.5355607830  1.1904414652 -0.2704061082  0.1907426385  1.0000000000
  4.3809618243 -11.3418676155   1.5660795149  0.1929334213 -0.1336140195  1.0000000000
 3.4849160382 -7.2964920535  3.1754934638 -0.0092031792  0.1696519602  1.0000000000
  4.1242996706 -10.6014604913   3.8093605866  0.1222158003 -0.0997825428  1.0000000000
  3.4694874222 -10.3808815727   4.1916951551  0.1001110861 -0.1295938269  1.0000000000
 3.2119228814 -7.9247720952  3.2126779845 -0.0522281181  0.1433662227  1.0000000000
 3.0859054207 -8.7995085340  1.9155536908 -0.0895597916  0.0712639845  1.0000000000
 4.2064286105 -8.1738291686  1.4058984486 0.0151629045 0.2488664732 1.0000000000
 5.0774490460 -9.3969027681  0.9672923420 0.1365479294 0.2079091812 1.0000000000
 3.4903181665 -8.4012085484  1.6370123382 -0.0829760639  0.1556046235  1.0000000000
 4.4154766298 -8.7697727327  1.5929058055 0.0365515691 0.1792287704 1.0000000000
 5.3989484226 -9.7972852821  3.1498599686 0.2641121458 0.0231647288 1.0000000000
 2.7365572003 -7.4310710597  1.5753119399 -0.2140005356  0.1938003015  1.0000000000
 5.3547743516 -8.8300294135  3.6001873811 0.1989998304 0.1097499207 1.0000000000
 3.6032618539 -9.3357779522  4.3005411583  0.0647452771 -0.0116457484  1.0000000000
50
  4.7854993158  -8.7810921036   2.2996773176   2.5980881897 -11.0730443257   1.8962313651  0.1042226964  0.1359523843  1.0000000000 -0.0052515131 -0.2576805332  1.0000000000
  2.7483674186  -8.7067376105   3.0216512847   1.9825899646 -10.2470786836   0.5383511384 -0.0542600804  0.0506524516  1.0000000000 -0.2563808508 -0.1430441089  1.0000000000
  5.3377859845  -9.8872107941   1.4524540680   3.7081697857 -10.6168282903   3.1183368691  0.2308833959  0.1162300940  1.0000000000  0.0989011773 -0.1304613456  1.0000000000
 1.9387353136 -9.6928087225  3.8138359396  2.2117783922 -9.8824082255  1.9864812484 -0.1190649499 -0.1565898314  1.0000000000 -0.1951762967 -0.1071674900  1.0000000000
  4.5230965523 -10.3780056064   4.7642458952   3.6483414239  -7.7682785702   2.5210815007  0.2412492924 -0.0767070560  1.0000000000  0.0034539469  0.2074048689  1.0000000000
 2.1374528027 -9.5171693958  2.5656562176  3.1359208514 -9.0224681137  1.3568814726 -0.1594474386 -0.0536985738  1.0000000000 -0.0813411647  0.0708230561  1.0000000000
  4.5377700390 -10.2188519017   3.6483511316   1.9086978887  -8.7495688012   3.9105209556  0.2341344359 -0.0278814064  1.0000000000 -0.1242121507 -0.0553268929  1.0000000000
  5.1821901416 -10.2535590151   1.0602785164   1.0962646615  -9.7656239114   3.8315327328  0.2216437463  0.0649992916  1.0000000000 -0.1931287684 -0.1414016046  1.0000000000
 3.4889669553 -7.3908218912  2.0392983579  3.5906316147 -9.5481034163  3.9055979547 -0.0790260130  0.2470092052  1.0000000000  0.0623139241  0.0000138607  1.0000000000
  5.0027083919 -11.2449706058   1.3121137858   4.9447547587  -7.5444859533   4.1141774563  0.2601123954 -0.1458400001  1.0000000000  0.1447319379  0.1629407594  1.0000000000
 2.4345083907 -9.0374331339  1.5481297233  5.0825966735 -8.5161545323  2.7055523592 -0.1722572276  0.0176638242  1.0000000000  0.1522478518  0.1932072176  1.0000000000
 2.0822925209 -8.5307304773  3.3937267322  3.6910666205 -9.3531338859  3.4285684385 -0.1438779285  0.0370003617  1.0000000000  0.0807965954 -0.0301397211  1.0000000000
 2.1031805482 -8.4692032279  3.5691675533  2.5530683455 -9.2017083391  3.1887325867 -0.1256289634  0.0128321860  1.0000000000 -0.0877563405 -0.0407870757  1.0000000000
  1.8509046993 -10.6257266414   3.8440177338   5.1215147904  -9.1247074226   0.9040802412 -0.0842921487 -0.1830508331  1.0000000000  0.1919019656  0.2490652921  1.0000000000
 2.2727688866 -7.3965662043  2.4104280936  2.2394987910 -7.5967431756  1.9813462089 -0.1803109148  0.1317067081  1.0000000000 -0.1959034015  0.1499299048  1.0000000000
  3.4676580110 -10.8092444540   2.4384117341   3.7155967497  -8.4208829036   2.2806360955  0.0664578521 -0.1888404409  1.0000000000  0.0028501066  0.1399894967  1.0000000000
 5.5626000366 -9.8546178334  2.2499852838  3.2006737222 -9.9890152232  2.5392398362  0.2670207273  0.0216384112  1.0000000000 -0.0018637664 -0.0928919013  1.0000000000
  1.6520295251 -10.2888535202   0.5888952247   4.2289313325  -7.9789094339   1.0216340214 -0.2981366777 -0.1236424144  1.0000000000  0.0186664457  0.2797472153  1.0000000000
 3.7446520991 -8.2989608733  2.3634591236  3.0813967827 -7.3510869312  3.2125327924  0.0104353546  0.1564195372  1.0000000000 -0.0682864508  0.1627496626  1.0000000000
  2.3359885180  -8.5591814163   2.2832528896   4.7258914032 -10.9577218810   3.8030402967 -0.1413852321  0.0190502739  1.0000000000  0.2174827390 -0.1274709868  1.0000000000
  2.4376103775  -8.5633995136   2.6110293812   4.8405242059 -11.7279422604   2.4106567224 -0.1527638765  0.0409910037  1.0000000000  0.2895719179 -0.2366134658  1.0000000000
 3.6981504222 -9.5183111823  3.3191685504  5.7785580047 -8.2560715809  3.1518019570  0.0772812142 -0.0055696106  1.0000000000  0.2464450633  0.2155780799  1.0000000000
  2.0955480103 -11.3137418812   1.2267439298   2.4895779540 -10.3925535781   0.9769340592 -0.1523385179 -0.2661070709  1.0000000000 -0.1814093226 -0.1415066677  1.0000000000
 2.3165926747 -7.5572943812  1.8157988253  5.7666456129 -9.8676071946  0.9213176939 -0.2411759978  0.1667038937  1.0000000000  0.3193355844  0.1660026674  1.0000000000
  3.5287526141 -10.4821959864   1.9312485287   5.1744562752  -8.2976235194   2.0880542966 -0.0014434532 -0.1113351656  1.0000000000  0.1389227124  0.2248749384  1.0000000000
 3.2244020674 -9.0474329761  1.8853736347  3.9620429423 -8.1017436117  2.5087389674 -0.0465312394  0.0419170166  1.0000000000 -0.0076813925  0.1287667146  1.0000000000
  5.2004433007  -9.8419813656   3.2173915542   4.8107882952 -11.5319329056   2.0151567248  0.2140953139  0.0416545487  1.0000000000  0.2548324460 -0.1723989636  1.0000000000
  5.1785120956 -11.1812040614   1.7937779018   2.6664754308  -9.5581618615   1.7043163911  0.2907378206 -0.0673778625  1.0000000000 -0.1266749441  0.0243708665  1.0000000000
  1.3381559433 -10.6483220131   2.8094442553   3.9879279770 -11.4866815288   3.7375055477 -0.1907338781 -0.2387082814  1.0000000000  0.1234353539 -0.1976559202  1.0000000000
 2.0263677427 -9.6935620233  2.3894820453  2.8620179821 -8.6916588573  0.1957641895 -0.1767178712 -0.0796015959  1.0000000000 -0.2288699744  0.1420147854  1.0000000000
  3.6504304849 -10.5474963394   4.2515169870   4.5209955303  -9.0666501699   1.1015305728  0.1103038864 -0.1429656328  1.0000000000  0.0781205586  0.1832051388  1.0000000000
 1.8562607693 -9.3869859633  2.8191085122  2.8821855259 -9.0912979506  2.7315088833 -0.1694523790 -0.0586201898  1.0000000000 -0.0730582316  0.0339816268  1.0000000000
  4.3392340606  -9.1488591230   2.6669187922   1.4192264346 -10.8287807664   2.5031807305  0.1003680503  0.0162630022  1.0000000000 -0.1984844940 -0.2497225182  1.0000000000
 2.2000385400 -8.4426584372  2.8993314227  1.6275777462 -9.7208320242  3.7443140367 -0.1710700198  0.0165969690  1.0000000000 -0.1884359849 -0.1336303689  1.0000000000
 3.7267104861 -8.4236588259  3.0349876841  2.8440033549 -7.6566856358  3.3153476676  0.0318646004  0.1430046117  1.0000000000 -0.0761208985  0.1320532089  1.0000000000
 3.8394945942 -9.6719183427  0.4375022341  2.7800182839 -7.8090945535  2.7437399198 -0.0585718360  0.0315355340  1.0000000000 -0.1244647832  0.1457295618  1.0000000000
  3.8309226558  -9.9754541787   1.9585270224   1.4141069196 -10.5422307397   2.2792148666  0.0562548973  0.0029701141  1.0000000000 -0.1888645724 -0.2028328568  1.0000000000
  4.3477508309  -8.9831955806   3.7597497400   3.8325055693 -11.2350402051   3.0345416022  0.1129217385  0.0732710745  1.0000000000  0.1373428069 -0.2131099207  1.0000000000
 3.3908518997 -7.8956688831  2.3071627217  3.7913668870 -8.4383985884  3.2109417009 -0.0665468301  0.1606829437  1.0000000000  0.0510254017  0.0995100426  1.0000000000
 2.2443345739 -8.9026648839  3.8383254874  1.6927647688 -9.7460417340  1.8766840740 -0.0892443423 -0.0634026860  1.0000000000 -0.2441341352 -0.0949166646  1.0000000000
  3.7563791966 -10.1698261823   3.5560954100   3.0137851903 -11.5971992470   1.4907504946  0.1059969858 -0.1095615298  1.0000000000 -0.0138596205 -0.3179160987  1.0000000000
  5.0268681561 -10.7097922402   2.5056396648   2.0050224570  -7.1641067503   3.1080024907  0.2330805095 -0.0640707242  1.0000000000 -0.2070978953  0.1344563494  1.0000000000
  3.8948102433  -8.5182048425   4.3329580419   3.6930174835 -10.8827971644   3.9993906105  0.0623392976  0.0569864523  1.0000000000  0.1549549581 -0.1621294686  1.0000000000
 4.2896996110 -8.9064099115  2.3029964209  2.6589552078 -9.0260522624  3.4599850104  0.0667777962  0.1168825591  1.0000000000 -0.0698027047 -0.0602891474  1.0000000000
  4.4520715453 -10.4565821429   2.2851347259   2.4191651514  -7.7444839171   2.0461103852  0.1131727324 -0.0570560019  1.0000000000 -0.1927762179  0.1132362462  1.0000000000
 3.0288154123 -9.1736532077  2.9304336705  3.6241933401 -9.2162131506  1.6819021568 -0.0613649874 -0.0036702047  1.0000000000 -0.0156075977  0.0991540140  1.0000000000
 5.1715599176 -7.8424874357  3.5440700666  4.5067457361 -8.0575318590  3.2108861452 0.0980910780 0.1963691300 1.0000000000 0.0371736117 0.1176785114 1.0000000000
 3.2063038720 -7.6091163145  2.8770342563  3.4945131241 -9.1875855115  1.9373498097 -0.0640027160  0.1654822253  1.0000000000 -0.0588869294  0.0059582290  1.0000000000
  1.8596029159 -11.0358703737   1.2121656523   4.3505563487  -7.9293154613   3.2382159105 -0.2277721413 -0.2465001320  1.0000000000  0.0627706368  0.1797826550  1.0000000000
  1.6106211720 -10.4156220882   0.7251687607   4.9302501548  -8.2895373206   3.9337493470 -0.2636501423 -0.1463672570  1.0000000000  0.1336498552  0.1426735142  1.0000000000
