27.8000000000
50
 -1.3815217802 -12.1788714036   2.6754819404 0.1371661193 0.2360570005 1.0000000000
  0.0013820651 -11.6114058038   2.6225833749 0.0717910725 0.1982501106 1.0000000000
  1.3378749396 -14.1875658112   4.6202903298 -0.1686769504 -0.1272327256  1.0000000000
 -1.0846277860 -14.6233889171   2.9929867888 -0.0903014624  0.1935259628  1.0000000000
 -1.1972515608 -11.8466394228   3.4344423203 0.1836423695 0.1501101719 1.0000000000
 -0.6445368055 -12.7698828823   2.3781195201 0.0249117296 0.2152600652 1.0000000000
  0.3516272970 -13.4972967639   4.9403396925 -0.0123211501 -0.1175186042  1.0000000000
  0.1360695262 -11.5493390493   3.2562642591 0.0772361401 0.0827844751 1.0000000000
 -1.7438267229 -13.8652209931   3.8327024928 0.0494033675 0.1601707966 1.0000000000
  0.4292597055 -11.2013799112   5.6614101444  0.2525653345 -0.2151726343  1.0000000000
 -0.2634541776 -12.2567363716   2.6862569558 0.0574752156 0.1633246232 1.0000000000
 -1.5735403851 -13.7403584250   5.8690198320  0.1052594520 -0.0119878212  1.0000000000
 -0.4283140332 -11.2535166489   4.0202163101 0.1857158440 0.0226641221 1.0000000000
  0.1873918089 -12.1220103083   2.0997537311 -0.0452773777  0.2513765896  1.0000000000
 -0.4159567925 -15.1185813092   3.6045241488 -0.1225179208  0.0427242393  1.0000000000
  0.2935938627 -14.0516128001   5.7480114902  0.0041418236 -0.1570884110  1.0000000000
 -0.1286239445 -11.1239027972   3.5781566330 0.1709216046 0.0723158619 1.0000000000
  0.5094800470 -14.0949244479   5.0118927660 -0.0315962519 -0.1123609365  1.0000000000
 -0.7567806489 -13.4419729517   2.8787834595 -0.0042758417  0.1628391001  1.0000000000
 -0.2785669898 -14.2818410356   2.9484678164 -0.1330717493  0.1436705769  1.0000000000
  0.7714004650 -13.1059633546   4.5241976048 -0.0245834555 -0.0507731772  1.0000000000
 -0.0615349447 -13.7654601759   6.0269373472  0.0335030352 -0.1647057693  1.0000000000
 -1.1712395170 -12.6269972233   2.5124438656 0.0690983380 0.2186638083 1.0000000000
  0.1826065540 -11.7151417879   4.4303551110  0.1774510476 -0.0349427189  1.0000000000
 -1.7118541125 -13.6391798450   5.0492431945 0.1663806071 0.0475059412 1.0000000000
  1.6972375631 -11.3573520524   4.9624223809  0.0931139879 -0.2737822055  1.0000000000
 -0.8781237356 -13.8581281611   3.0666082653 -0.0121287469  0.1439475836  1.0000000000
  0.0694766070 -14.3938443065   5.5784916036 -0.0014603243 -0.1538424393  1.0000000000
  0.1265917330 -14.8355720544   3.4153294375 -0.1323666803  0.0514334045  1.0000000000
 -1.1535423143 -12.8764901872   3.2189865354 0.0777640289 0.1628077216 1.0000000000
  0.6258878979 -14.7459158726   4.7986101057 -0.1256422833 -0.0776615095  1.0000000000
 -2.1191723859 -14.1239980540   3.7783968889 0.0545811503 0.1239337635 1.0000000000
 -0.5522330890 -14.5694839960   4.7156955102 -0.0043272819 -0.0289307552  1.0000000000
  0.4620477578 -11.7712170535   5.1795111031  0.1712108277 -0.1934218211  1.0000000000
 -3.0968514786 -13.0278815115   4.0219394772 0.2013820790 0.2014905324 1.0000000000
 -1.9807960899 -13.4684190761   5.0876882748 0.1630132914 0.0578404741 1.0000000000
 -2.6203651734 -13.0039665145   3.5724340142 0.1949824833 0.2148764358 1.0000000000
 -0.7057408061 -14.5701834047   4.9653873437 -0.0439577470 -0.0470632425  1.0000000000
  0.1398731857 -13.8325998470   3.6847117819 -0.0867919711  0.0262804481  1.0000000000
  2.1308407033 -14.0947996474   4.1119807813 -0.2192186223 -0.1465256644  1.0000000000
 -0.0896208388 -13.6994166046   4.7261614813 -0.0019823358 -0.0395671105  1.0000000000
  1.6432535656 -13.9314005763   5.3199085133 -0.1345711152 -0.2143504386  1.0000000000
 -0.0301187614 -15.6723638765   4.5797987080 -0.1204074825 -0.0035810277  1.0000000000
  2.4736766488 -13.5640602955   3.7636038637 -0.2837516607 -0.1727218989  1.0000000000
  1.9361092058 -12.8139448358   4.2726600083 -0.0972210146 -0.1803911340  1.0000000000
  1.4925239133 -15.0598336476   5.4319946800 -0.1603203458 -0.2364897375  1.0000000000
 -2.7392494024 -12.8295542362   4.2826764403 0.2307085476 0.1430240144 1.0000000000
  0.3905329471 -11.8092643705   4.5508116261  0.1462337111 -0.0912501562  1.0000000000
 -1.2983776070 -13.7512265703   4.3356134424 0.0696195419 0.0628267290 1.0000000000
 -0.5510332141 -15.4856509290   3.7534208337 -0.0962290611  0.0552961010  1.0000000000
50
  1.1035423639 -13.7315866709   5.0201439611   1.1920379349 -12.6792091739   3.6598381661 -0.0648127881 -0.1747478724  1.0000000000 -0.0630228731 -0.0732752449  1.0000000000
 -1.2516482814 -13.2151116897   4.8579583352  -1.7271778461 -12.7267066747   5.1623474646  0.0863584125  0.0359024453  1.0000000000  0.2080154203 -0.0261360715  1.0000000000
 -0.7418200302 -15.5483656065   3.1377678438   0.6435509030 -13.0342057307   1.4847158935 -0.1308413697  0.1302743092  1.0000000000 -0.2385212741  0.2983105449  1.0000000000
 -3.0225772214 -13.1095692456   4.3862096004  -0.2154930728 -14.1327604801   3.7722912624  0.1843244473  0.1971725174  1.0000000000 -0.0868597306  0.0260824620  1.0000000000
 -1.3002638838 -13.0413825233   6.4941876391  -0.3878614092 -13.2526219903   5.0175132289  0.2217935760 -0.1299227454  1.0000000000  0.0992389154 -0.0623027063  1.0000000000
 -1.9347154071 -12.7577375220   3.4924358254   0.8572577066 -15.2514333935   5.5518159057  0.1270760294  0.1999749033  1.0000000000 -0.0647292767 -0.1753081677  1.0000000000
 -0.8522080821 -11.9276350494   3.1295643582   1.4453902051 -12.3585469645   2.8050890180  0.1330794752  0.1416360889  1.0000000000 -0.1093772533  0.0198248479  1.0000000000
  0.1933431014 -15.6928516842   4.2959705339  -0.4561692404 -10.6093074312   4.1453844290 -0.1317039307  0.0471055458  1.0000000000  0.2758311306  0.0230510499  1.0000000000
 -0.1388835451 -11.2319241324   4.5587866665   1.7171392804 -12.2224796601   4.9421671905  0.2578457960 -0.0339334498  1.0000000000 -0.0205946380 -0.2194481718  1.0000000000
 -1.5683324320 -12.7405043130   3.1378150085   0.9127491203 -14.2719911743   3.1390573803  0.1517592604  0.2261728953  1.0000000000 -0.2514290078  0.0132574907  1.0000000000
  0.4663402204 -10.7604616005   5.4970314371   1.3285993658 -15.5031039184   5.4580083335  0.3088209284 -0.2154629176  1.0000000000 -0.2021392793 -0.1898576592  1.0000000000
  0.4219998708 -10.9362843637   4.7630872973   0.1315243819 -14.3364433557   5.0877776664  0.2585813938 -0.1869595455  1.0000000000 -0.0775028040 -0.1160027216  1.0000000000
  0.6929425282 -10.9239545501   4.8175836852   1.5613425418 -12.3477930860   3.9410295729  0.2170104512 -0.1773795396  1.0000000000 -0.0827177053 -0.1310945070  1.0000000000
  0.1777983535 -11.2366030347   4.1005207657  -2.1423341874 -13.7547390877   5.1407409221  0.1541204704 -0.0291538572  1.0000000000  0.1077383413  0.0490747660  1.0000000000
  0.3566456596 -12.3225777845   5.7443929583   0.9428680456 -12.6067134678   2.9536251590  0.1437984655 -0.1857607241  1.0000000000 -0.1099390948  0.0406183902  1.0000000000
  0.2515651811 -12.4655679041   2.9610455133   0.5039234630 -12.2558974630   3.3345915343 -0.0398942246  0.0807863763  1.0000000000 -0.0275781231  0.0567462244  1.0000000000
 -0.4604037000 -11.6922303481   3.7243682173   2.1014968279 -13.1238265973   2.9220217424  0.1377110101  0.0384429244  1.0000000000 -0.2859987780 -0.0354505022  1.0000000000
  0.6668030568 -13.6977983969   3.8669819494   0.0717656922 -12.4566833622   3.7618623348 -0.1423699805 -0.0025435782  1.0000000000  0.0140680219  0.0051658560  1.0000000000
  0.4576995563 -15.0040477297   3.1231976479  -0.5064210712 -12.7138057296   3.9756742266 -0.2283455417  0.1089335482  1.0000000000  0.0539570276  0.0267132345  1.0000000000
  0.9317032130 -11.8779290256   5.6809289160   2.1557947908 -12.2689047032   4.1082330683  0.1190119741 -0.2483161986  1.0000000000 -0.1108966486 -0.2090641516  1.0000000000
 -0.5839941245 -11.4538254050   5.2248921225  -0.7845579053 -13.9394905140   4.6702142078  0.2859237757 -0.1016537986  1.0000000000  0.0029596370 -0.0037215873  1.0000000000
  0.6692548820 -13.3476132655   2.4617821312  -0.0202595388 -11.5602757099   2.5477946518 -0.2042680180  0.1218901236  1.0000000000  0.0451667205  0.2145501072  1.0000000000
  2.5600815163 -13.0952359937   3.3226863682  -0.0421714463 -12.5317098354   3.8179581578 -0.3280326742 -0.1019027542  1.0000000000  0.0415280616  0.0257054895  1.0000000000
  0.5615221984 -15.1471944960   5.1542343238  -1.9702540664 -13.6748916489   4.8390163351 -0.1417418033 -0.1493860601  1.0000000000  0.0954592818  0.0949620348  1.0000000000
 -1.9525684823 -12.4964921366   3.4038169612  -1.8724802396 -11.2818844379   3.1494278754 0.1680190121 0.2487631641 1.0000000000 0.3092591060 0.2677183890 1.0000000000
  0.7072926409 -13.8473573994   4.5910675800   0.0505574078 -12.4546501640   6.1744823163 -0.0768481616 -0.1348681015  1.0000000000  0.1575226210 -0.1942187060  1.0000000000
  1.0468170751 -11.8469498605   4.1186584281   1.1725758189 -12.9149878498   4.0053176115  0.0063899857 -0.1404913973  1.0000000000 -0.0918303784 -0.0731800275  1.0000000000
 -0.7662575681 -14.0054636781   5.2568466298  -0.5158369078 -15.2824151071   3.4518071746  0.0547819712 -0.0143502142  1.0000000000 -0.1247288046  0.0932605383  1.0000000000
  0.1231939643 -13.4081058750   3.4810210286   0.8359991753 -14.9093478996   3.5173024370 -0.0703999760  0.0548273751  1.0000000000 -0.2332871650  0.0103396831  1.0000000000
  0.1717960345 -11.8052252469   6.3398690603   0.0309667666 -11.4043101239   5.1502242209  0.2721298467 -0.2374059999  1.0000000000  0.2310576975 -0.1638320336  1.0000000000
  0.4376526590 -13.2427001593   2.0649697473   0.7150902789 -13.9944990488   4.1676531926 -0.1508698203  0.1867893868  1.0000000000 -0.1051150416 -0.0495284708  1.0000000000
  0.0511893555 -12.6467088191   4.1679498109  -2.5166898878 -13.4609203253   4.8220466743 0.0420593733 0.0112199427 1.0000000000 0.1814414022 0.0853843559 1.0000000000
  0.6910201093 -13.0551321697   3.1168111806   0.4919403874 -15.5976739345   4.0076231196 -0.1154657824  0.0408397261  1.0000000000 -0.1791925299 -0.0125661487  1.0000000000
 -0.3142410762 -11.5053595025   2.2796384536   1.0780876456 -13.8856385947   3.1294257131  0.0726351923  0.2564982232  1.0000000000 -0.2438215367 -0.0299122657  1.0000000000
 -0.0132585538 -13.9285316482   1.8257161929   1.3016141645 -12.9503305001   4.5983097695 -0.1848617986  0.2010779197  1.0000000000 -0.0337579761 -0.1423755361  1.0000000000
  1.4020601518 -13.0820421129   3.4134711256  -1.2146414706 -12.7068760549   2.6590690500 -0.1499414655 -0.0813042545  1.0000000000  0.0429333352  0.2180832885  1.0000000000
  1.0951705705 -14.7925363279   4.1117154301   0.3549585667 -11.5730002273   4.9687227409 -0.2250986572 -0.1097859146  1.0000000000  0.1903901840 -0.1673936860  1.0000000000
  0.9287461410 -12.4077309938   3.2360734091  -0.4286311876 -12.0915217635   4.9730615509 -0.0806011192  0.0196313935  1.0000000000  0.2044733779 -0.0539446410  1.0000000000
 -0.1984412149 -12.3961655834   4.7586233349   0.8552226678 -12.4791131374   2.0816021818  0.1024226890 -0.0692527938  1.0000000000 -0.1766920125  0.1592211549  1.0000000000
  2.2770374031 -12.8387053772   4.1167009261   0.7984207724 -12.7025390018   3.6428202434 -0.1485073601 -0.2059509797  1.0000000000 -0.0667369697 -0.0339682846  1.0000000000
 -1.4949168388 -12.7908612620   4.3582589705  -0.3443809904 -13.4702643942   6.5745880744  0.1620353486  0.0497345551  1.0000000000  0.1203399511 -0.1963242070  1.0000000000
  0.5509142242 -14.0324379893   2.6686637524  -0.7173116710 -13.5579305319   2.5373042116 -0.2150542931  0.1266028215  1.0000000000 -0.0248031140  0.2099263987  1.0000000000
  0.5748189423 -11.4809647101   5.9063304526   0.3278676766 -14.2840199714   4.1038051785  0.2343101256 -0.2419793359  1.0000000000 -0.1068735053 -0.0075423812  1.0000000000
 -1.2920527321 -12.7930080344   3.1795376798  -0.1939558395 -12.5752459576   2.2038945647  0.0857766411  0.1590671873  1.0000000000 -0.0388856898  0.2417694434  1.0000000000
  1.0961711502 -12.8545522942   5.6439704794   1.4437123916 -14.8881052267   4.2551928236  0.0531837654 -0.2509892285  1.0000000000 -0.2267109622 -0.1365320331  1.0000000000
 -0.4555827924 -11.3696226976   2.4819202911  -1.8161493698 -13.6452068562   4.4624935126 0.1256138649 0.2515971430 1.0000000000 0.1147287178 0.0913246800 1.0000000000
  0.8050252214 -13.6694872720   5.3878593100  -0.3536808902 -14.2554894878   3.8991822227 -0.0461572634 -0.1675312379  1.0000000000 -0.0896864915  0.0271354547  1.0000000000
  0.2027709090 -12.2523709675   2.0560644134  -1.8068639065 -13.6947737173   5.4496091985 -0.0087523600  0.1952611104  1.0000000000  0.1342330197  0.0037546944  1.0000000000
 -1.1263518697 -11.8362877259   2.4955502096  -0.2016520978 -13.9749754434   5.9488954395  0.0950465706  0.2882139636  1.0000000000  0.0807325199 -0.1793804088  1.0000000000
 -0.0940701870 -12.1684757058   3.6169445571  -0.9218137959 -13.1129602739   6.1451255581  0.0761729242  0.0095387761  1.0000000000  0.1588718616 -0.1563537501  1.0000000000
