915.5000000000
50
-3.9743393820 12.2265858672 -2.8781362912 -0.0962562157 -0.1788933389  1.0000000000
-5.0942297433 12.9503819534 -4.2404103570 -0.1007328037  0.0060132516  1.0000000000
-4.3514206808 11.5363167021 -3.5884834757  0.0181660502 -0.1400940531  1.0000000000
-6.5527991644 12.8502106494 -2.6428288172 -0.1897199726 -0.0859225510  1.0000000000
-6.9142941192 10.9568503095 -5.5328648882 0.1688538796 0.1757535616 1.0000000000
-5.8417035289 11.1327649112 -2.1524642388  0.0405012656 -0.2251983853  1.0000000000
-5.9677793571 10.5634223259 -6.3222696602 0.1858609477 0.1626387866 1.0000000000
-6.7317009267 11.0908105660 -3.5309901561  0.1131699347 -0.0524457980  1.0000000000
-7.0951731162 11.9605947316 -5.3389439893 0.0637936379 0.2038484465 1.0000000000
-7.7481890212 12.5223040946 -2.9464335051 -0.0518704206  0.1008491380  1.0000000000
-8.3922064473 13.5519514905 -3.6893964994 -0.2232927603  0.2407788928  1.0000000000
-5.1346004715  9.8174191717 -3.7012177248  0.2610511987 -0.1380419031  1.0000000000
-5.9022742465 10.9712839427 -5.5066185555 0.1692770688 0.0976474928 1.0000000000
-8.0715173346 11.3680700383 -4.4476797967 0.1321571135 0.2447000600 1.0000000000
-7.8504619731 13.6883990537 -2.9479260419 -0.2989687004  0.1339302272  1.0000000000
-6.4672865396 10.8195981580 -2.6381935238  0.0856816750 -0.0948751372  1.0000000000
-6.9152410592  9.4410236501 -2.6275314244  0.3280832062 -0.1449105241  1.0000000000
-7.0008731413 10.6672262621 -5.7396784473 0.2009947130 0.2516750065 1.0000000000
-5.9744797323 12.6065461063 -3.6957535714 -0.0806730378 -0.0278047414  1.0000000000
-7.9206654858 10.3672566875 -4.4062420745 0.2588988609 0.1951230999 1.0000000000
-8.1304656133 13.7502410405 -3.6204604197 -0.2171048972  0.2275291718  1.0000000000
-7.4243739118 13.1905374542 -4.1859983723 -0.1398718419  0.1865021672  1.0000000000
-7.9603418984 10.3150116325 -3.7685314391 0.2655834740 0.0834665710 1.0000000000
-7.4130703635 10.5590925828 -2.4083538679  0.1835617308 -0.0639821422  1.0000000000
-5.2026942259  9.9799827790 -4.6039617483  0.2257486873 -0.0409011598  1.0000000000
-6.3613170634 12.4298904752 -0.8623748063 -0.2020338679 -0.2749755290  1.0000000000
-5.5876497431 11.5112538455 -1.8169224111 -0.0407933130 -0.2676812654  1.0000000000
-8.1883742791 11.8938273652 -4.5075402747 0.0291916332 0.3211486035 1.0000000000
-4.7460089712 12.8065756350 -3.3311839524 -0.1271004565 -0.1067248251  1.0000000000
-5.2598640594 10.3176856267 -3.3042100773  0.1385732883 -0.1678948213  1.0000000000
-5.4812542405 13.1773780283 -2.3873379139 -0.2156001325 -0.1357147219  1.0000000000
-6.4723582171 12.5217029833 -2.9544882034 -0.1115210834 -0.0583041770  1.0000000000
-7.2124193530 10.6367908838 -2.3360375863  0.1203565501 -0.1117234856  1.0000000000
-5.3688184550  9.9996369362 -2.6049124101  0.1828826293 -0.2305402528  1.0000000000
-4.1303197234 10.0123582251 -3.5783281816  0.1833508919 -0.1915876768  1.0000000000
-4.2962308971 10.9675534985 -3.8791160778  0.1044601520 -0.1054955348  1.0000000000
-5.2501527735 11.1174450939 -5.3048820845 0.0872006226 0.0318791815 1.0000000000
-4.0939269184 13.1450457702 -3.1834417395 -0.1379724414 -0.1147769891  1.0000000000
-6.9461707058 11.9092305316 -2.3045922976 -0.0336293443 -0.1004152083  1.0000000000
-5.8479839252 12.6252865179 -1.9543337386 -0.1229963056 -0.1905999946  1.0000000000
-5.4094577752 10.5462031840 -3.4141851365  0.1484576740 -0.1209931642  1.0000000000
-7.6818751800 12.3809015342 -2.3028104012 -0.1773002198 -0.0026252735  1.0000000000
-5.9485889848 10.7752089948 -2.6743014063  0.1637043780 -0.1318405117  1.0000000000
-5.3900319527 10.3272071159 -2.4175105914  0.1355806883 -0.2476388405  1.0000000000
-7.3936815432 13.3456444406 -4.4645606206 -0.1529399177  0.2369339726  1.0000000000
-6.0027913259 13.7050191283 -3.7980535744 -0.2095061503  0.0181592211  1.0000000000
-6.8456271455  9.8142148517 -3.1542912010  0.2428234215 -0.0821633775  1.0000000000
-6.6074481370 10.2649269105 -3.7946050912 0.2185146709 0.0037125805 1.0000000000
-6.4000782054 11.2389089242 -5.7093388587 0.1676078924 0.1664970359 1.0000000000
-3.7839335717  9.8198552765 -3.9211897059  0.1920944887 -0.1618401481  1.0000000000
50
-7.5606504418 13.1109626387 -3.6761822408 -4.0211685479 10.7237391273 -3.6284411750 -0.1570159422  0.1408505841  1.0000000000  0.1046057612 -0.1979255891  1.0000000000
-5.6005528450 10.6480641208 -5.9243293988 -6.8767786654  9.8685442592 -3.6997091379 0.2207155591 0.0738362837 1.0000000000 0.3012771759 0.0043218028 1.0000000000
-6.0220187496 10.5950427647 -5.2760831086 -7.6905764629 11.8298134033 -3.6511255966 0.1660448757 0.0755984195 1.0000000000 0.0251151971 0.1148144242 1.0000000000
-5.6177093515 10.7080805564 -5.5157533108 -7.5134212119 12.1306551302 -2.6969657305  0.1705069787  0.0946065177  1.0000000000 -0.0506951000  0.0347712994  1.0000000000
-5.6590627299 12.6586224729 -2.9054172493 -6.2259194503 12.3644923809 -2.2571368655 -0.1060712167 -0.0771503843  1.0000000000 -0.1225829920 -0.1593948341  1.0000000000
-7.0831068367 13.4408395002 -2.8196410074 -6.2245379360 13.1698282179 -3.1114626761 -0.2354738685  0.0500068199  1.0000000000 -0.1397133413 -0.0074743293  1.0000000000
-7.1286061164 10.1358658489 -3.1154490764 -8.0733405942 12.4137496752 -3.2902043791  0.2190412738 -0.0214891863  1.0000000000 -0.0765571877  0.1391393760  1.0000000000
-7.5029471887 13.3640223551 -2.1497863992 -5.4825563129 11.3305050187 -5.8935128839 -0.3154404049  0.0564222683  1.0000000000  0.1261520262  0.0895160043  1.0000000000
-6.6349108003 12.1915746798 -3.9492755575 -7.4560864585 10.1741203136 -4.6727823332 -0.0434845880  0.0794077337  1.0000000000  0.2711169095  0.1232542503  1.0000000000
-5.0175566543 12.4810835664 -3.4456704630 -5.1875783876 11.8816756027 -5.2646113011 -0.0810607876 -0.1170913838  1.0000000000  0.0556230059  0.0362514957  1.0000000000
-8.0958664323 13.3350548433 -3.7675099093 -6.7288665312 10.9716580063 -2.9470407532 -0.1890632119  0.2677640183  1.0000000000  0.0832069417 -0.0617654966  1.0000000000
-6.7090162577 13.4200641338 -3.1859875075 -7.6119779125 10.5645538598 -4.0999571294 -0.1809753789  0.0764512315  1.0000000000  0.2183924094  0.1363005278  1.0000000000
-6.6631208110 12.6753754202 -4.6754439702 -6.4892166905 13.6067741836 -4.4347360592 -0.0514019132  0.1575898687  1.0000000000 -0.1785412706  0.1448195358  1.0000000000
-6.1104202577 10.5013779089 -3.1079283344 -5.6890017549 12.0109672125 -5.0037115584  0.1472447892 -0.0872246509  1.0000000000  0.0985336942  0.1143939021  1.0000000000
-5.1885502556 10.5375533197 -4.5451212485 -7.1937651318 11.5136925950 -2.2942759015  0.1798448500  0.0046126657  1.0000000000 -0.0141581749 -0.1118359206  1.0000000000
-5.9608302425 12.4139664581 -4.2786257132 -6.2554145595 11.2963139222 -5.9542630335 -0.0247977388  0.0589417130  1.0000000000  0.1398217696  0.1477868040  1.0000000000
-5.7577631093 12.0414436308 -2.8788964430 -6.1353402768 13.4542562056 -3.5457186199 -0.0501566303 -0.0978572240  1.0000000000 -0.1780316325  0.0421032301  1.0000000000
-5.8508612187  9.8804441853 -2.9813823327 -6.3154447981 11.5355500770 -5.5487373341  0.2327174234 -0.1747849595  1.0000000000  0.1087746707  0.1453015706  1.0000000000
-4.5065268386  9.8679353995 -4.4628302040 -4.7509217128 10.8174083871 -3.0161247173  0.2372746394 -0.0868011789  1.0000000000  0.0688921069 -0.1973642234  1.0000000000
-8.1039479034 13.6340815953 -3.5507283549 -6.4174597343 11.1626765999 -1.0067344025 -0.2705036931  0.2404829940  1.0000000000  0.0190337386 -0.3184830509  1.0000000000
-6.5824424595 13.6417226051 -3.7361883069 -5.1947994141 10.3093861519 -5.2833509339 -0.2081432510  0.0618188140  1.0000000000  0.2162481067 -0.0135323995  1.0000000000
-4.4372221459 12.3510651312 -2.4519750207 -7.9571025937 10.4170197408 -3.2477706755 -0.1226188191 -0.2326314115  1.0000000000  0.2152546269  0.1065612838  1.0000000000
-6.0227566119 12.9595340614 -0.8235778596 -8.5009363943 10.5056318117 -3.8331093571 -0.2674943089 -0.3092221394  1.0000000000  0.2274294602  0.1888103863  1.0000000000
-5.9373041362 13.6780225084 -4.4010596995 -5.1486777251 13.0101941251 -3.5017338399 -0.1617747945  0.1012692462  1.0000000000 -0.1135573320 -0.0319528434  1.0000000000
-6.6811666023 13.4381665598 -3.1316581009 -6.5692104181 13.5251017203 -3.4579231670 -0.2371427636  0.0721105359  1.0000000000 -0.1964851721  0.1010058921  1.0000000000
-4.1113383240 10.6672025686 -3.9958054997 -6.6815752695 11.8263215594 -0.8950488924  0.0891127545 -0.1196778125  1.0000000000 -0.1185035654 -0.3187620998  1.0000000000
-5.4944188940 12.9750060006 -5.3207998900 -8.1270252491 10.3078153451 -4.3737244658 -0.0700791808  0.0994517529  1.0000000000  0.2549266719  0.2122806280  1.0000000000
-9.0932596980 10.2863050086 -4.4190338527 -6.6421795403 10.0629986894 -1.4591156544  0.2956627666  0.3240561714  1.0000000000  0.1516658834 -0.2984182564  1.0000000000
-5.8549272815 12.4388861538 -5.4212907387 -4.9969131635 10.7875635233 -5.3459544837 -0.0044792452  0.1285817372  1.0000000000  0.1466759247  0.0676095875  1.0000000000
-8.4662439645 12.3517256863 -4.0135289181 -6.8492708953 13.2811762129 -2.2375890337 -0.0309116553  0.2610300348  1.0000000000 -0.2186047153 -0.0688998101  1.0000000000
-6.5007383972 12.6788932155 -2.4105189518 -7.2664903340 12.2945915889 -1.9009106738 -0.1403373848 -0.0450949098  1.0000000000 -0.1653316446 -0.1197172179  1.0000000000
-6.1928871178 13.3278846783 -2.2237485718 -5.8995940335 10.5509014758 -4.5930146615 -0.2521372665 -0.0722552996  1.0000000000  0.1824951807  0.0077782710  1.0000000000
-6.1810278395 10.5748676992 -4.4836949673 -6.4299470221 10.3996849632 -4.5223135734 0.2116778514 0.0214212142 1.0000000000 0.2122368727 0.0554341394 1.0000000000
-6.8468100019 10.8966517773 -3.3475740953 -5.2541037411 12.8743820452 -3.9067496085  0.1272425149  0.0176261544  1.0000000000 -0.0947148965  0.0286138525  1.0000000000
-6.1327827566 13.1346396078 -3.9195964680 -8.6036779466 11.3935844026 -3.6582632458 -0.1739223153  0.0226907705  1.0000000000  0.1130112381  0.2050737001  1.0000000000
-6.7811271334  9.2847434402 -2.1609607417 -6.1826149412 11.8603459209 -2.1012866073  0.3054150518 -0.2182652558  1.0000000000 -0.0928869143 -0.1796464508  1.0000000000
-6.3398286901 11.1230842751 -4.1739558153 -5.3490670028 12.5809931512 -2.7602107958  0.0961141866  0.0608450090  1.0000000000 -0.0727262817 -0.1056049067  1.0000000000
-7.4602811563 10.9867077131 -4.8373843800 -6.7362222017 11.9869034463 -2.7053553568  0.1689714229  0.1783804790  1.0000000000 -0.0228105168 -0.0408067147  1.0000000000
-7.9706752164 10.4228275855 -3.9267952390 -5.1409387754 12.6596440636 -4.3790646634  0.2060941418  0.1522937322  1.0000000000 -0.0664840878 -0.0157330071  1.0000000000
-6.6716654555  9.4819093089 -2.1181718020 -6.1459093111 10.2247914381 -2.5410288633  0.2837969409 -0.1913069855  1.0000000000  0.1749865520 -0.1789446633  1.0000000000
-4.4697686624 10.1066984490 -4.5169230514 -5.0327403538 13.4216305212 -4.4238937482  0.1719153112 -0.1265798539  1.0000000000 -0.1275749178  0.0435744359  1.0000000000
-5.9851569318 10.4355453984 -2.1998078229 -5.3424067824 10.4902787312 -5.8836857385  0.1599616759 -0.2083895552  1.0000000000  0.1764912177  0.0367743752  1.0000000000
-6.2546357630 10.0195341671 -2.1502650794 -7.4679424386 12.4227762708 -1.7682542084  0.1827515779 -0.2167528475  1.0000000000 -0.1139984306 -0.0467557759  1.0000000000
-6.8673264873 10.0238609957 -4.0788878791 -6.8349222924 11.6723141062 -2.8012702998  0.2331048615  0.0457308570  1.0000000000  0.0143763716 -0.0517802648  1.0000000000
-6.1354774293 11.4539354710 -4.0871965812 -7.1202494801 11.0561992122 -5.0401619281 0.0623855908 0.0592265273 1.0000000000 0.1647583784 0.1841385053 1.0000000000
-7.4294551968 13.6635809658 -3.4584767120 -7.5576045261 11.4319892153 -3.7191993899 -0.2402395099  0.1598922655  1.0000000000  0.1231556269  0.1123267690  1.0000000000
-7.8612107908 11.4179151288 -5.0469846274 -8.6441118682 12.4637707429 -3.9162461602  0.1310789910  0.2549947445  1.0000000000 -0.0783997129  0.3080580756  1.0000000000
-6.8227847864 11.2025358791 -1.6414188660 -4.4192317868 10.1871358166 -4.1143621124  0.0243963499 -0.2234633293  1.0000000000  0.1317037806 -0.1215817948  1.0000000000
-7.7106119007 11.8391230645 -2.8451467682 -8.5984197358 10.4511086359 -4.0049761362 -0.0298832438  0.0600991076  1.0000000000  0.2569965856  0.2210129126  1.0000000000
-5.9958355103 12.0544440927 -3.4298672320 -8.5166261986 12.9842824951 -3.8274685679  0.0159708721 -0.0200297432  1.0000000000 -0.1313722241  0.2879504197  1.0000000000
