469.7000000000
50
 -6.5061084896 -14.2600559528  12.5828421659 -0.1119247827  0.0576734810  1.0000000000
 -7.8637624297 -10.6042840253  11.6999965833 0.1109883444 0.3344300880 1.0000000000
 -5.3313226834 -12.4245399045  11.5168207122  0.0631431134 -0.0457068629  1.0000000000
 -5.3013697768 -14.8635546216  10.9250103953 -0.1296504942 -0.1558382328  1.0000000000
 -5.7827543485 -12.6060982534   9.1956974522 -0.1092242449 -0.2326441428  1.0000000000
 -5.0882198979 -14.4555870360  10.1758662857 -0.1410061445 -0.2244225465  1.0000000000
 -4.9952239669 -11.2735263249  11.8306134336  0.2064676840 -0.0339086477  1.0000000000
 -5.7043459963 -11.1605719185  12.4803774648 0.2404530446 0.0684439784 1.0000000000
 -6.7412668585 -13.3488715389   9.5957324642 -0.2094057645 -0.1572294080  1.0000000000
 -6.5751167521 -11.2173788536  12.6355027992 0.1816871053 0.1682828648 1.0000000000
 -4.6328849023 -10.9422159602   9.7804292133  0.2100530682 -0.2860022197  1.0000000000
 -7.0918972379 -10.8338917994  11.1600221125 0.1296460953 0.1212407991 1.0000000000
 -5.2594954001 -11.8990107564  11.2698039836  0.1476451514 -0.1218301325  1.0000000000
 -6.1907100530 -13.7186543771  11.2198988320 -0.1010347779 -0.0419509208  1.0000000000
 -5.5241045101 -11.2181822681  13.3347398784 0.2469995692 0.1265670063 1.0000000000
 -7.6531980090 -14.0621569618  12.3967012078 -0.1996194640  0.1810496662  1.0000000000
 -7.2339564560 -10.8561838304  11.3700431627 0.1364839915 0.2321082849 1.0000000000
 -6.9366556855 -14.1770003216  12.1763739469 -0.1405018969  0.0857729327  1.0000000000
 -7.5038266536 -10.9993706416  11.0789484619 0.0480369853 0.1973082093 1.0000000000
 -5.1657985856 -12.5343258880  13.1676475613 0.1446361175 0.0655506365 1.0000000000
 -5.7846231181 -14.6187920369  12.0508143831 -0.1136933648 -0.0066354456  1.0000000000
 -5.1549311035 -13.9796008491  10.6087822162 -0.1025270233 -0.1911119571  1.0000000000
 -6.6527798997 -14.0791771960  13.3768634890 -0.0891153234  0.1278784165  1.0000000000
 -4.4881502104 -12.0492803989  10.4193607246  0.1510768123 -0.2831152754  1.0000000000
 -5.7699267419 -12.8684851167   9.0630333166 -0.1437042606 -0.3242030819  1.0000000000
 -3.2906267934 -12.7263034676  12.6123624621  0.2359776143 -0.2100290746  1.0000000000
 -6.4122342795 -12.7855631232  13.2138051134 0.0488066746 0.1263902822 1.0000000000
 -7.2054362671 -11.7652645174  12.7592580156 0.1158587062 0.2252789174 1.0000000000
 -6.9114315677 -12.4867008255  10.7424438067 -0.1004736755  0.0179078902  1.0000000000
 -5.1725136085 -13.9861445364  11.8029750737 -0.0392602724 -0.0838078429  1.0000000000
 -6.9747481472 -13.0567856244  10.4047288964 -0.1679799701 -0.0374080019  1.0000000000
 -7.7691412668 -13.5249523232  11.1773415718 -0.2266821462  0.0754703534  1.0000000000
 -4.7277434891 -11.7577758427   9.7804593936  0.1813696717 -0.2908164398  1.0000000000
 -6.8767378670 -11.5343292448  11.5778975440 0.0903583380 0.1101871515 1.0000000000
 -6.8707074254 -10.2901526746  12.8671445725 0.3060769842 0.2595901027 1.0000000000
 -8.0969138332 -13.5240203395  11.7369327194 -0.2072641415  0.2094510943  1.0000000000
 -7.1320684436 -13.5345003359  10.1023945529 -0.2284268054 -0.0250065093  1.0000000000
 -4.6208276961 -11.2969332877  10.1000067422  0.2197755554 -0.2141766281  1.0000000000
 -5.8271197538 -14.0554287282  11.6903530927 -0.1231235007  0.0006533560  1.0000000000
 -7.6398099189 -11.4846624102  10.9263702209 -0.0183805746  0.2117829682  1.0000000000
 -7.7847787072 -13.0362570373  12.4697804584 -0.0901203541  0.2151240333  1.0000000000
 -4.9526591569 -12.3599561073   9.7325602746  0.0349856258 -0.2618457383  1.0000000000
 -6.2708505156 -10.7395711632  11.9396369900 0.2535322365 0.1362781906 1.0000000000
 -5.4678259282 -15.2740031140  11.8229098560 -0.1383090156 -0.1036551241  1.0000000000
 -4.9722469410 -14.4695677531  12.0134415323 -0.0513327434 -0.0738605077  1.0000000000
 -4.8675488602 -13.2061947025  12.2620268501  0.0565636742 -0.0666262247  1.0000000000
 -7.1154691590 -13.7306783694   9.9891681164 -0.2740759904 -0.0064082756  1.0000000000
 -5.9397870377 -13.2746132024  10.0245310750 -0.0935465628 -0.1623588320  1.0000000000
 -5.6308741719 -13.4305655713  12.0452706146 -0.0672945839 -0.0222444953  1.0000000000
 -8.0010966793 -13.3825435650  12.1541363001 -0.1997190473  0.1978133216  1.0000000000
50
 -5.7591624914 -12.3796906849   9.9443409712  -6.4239230911 -13.0831058944  12.6956716607 -0.0153739768 -0.1404331705  1.0000000000 -0.0080256943  0.0945565703  1.0000000000
 -6.2432520804 -14.7042338517  12.6176524390  -7.1053434150 -11.9821889787  11.0946102625 -0.1286948509  0.0364623202  1.0000000000 -0.0317781465  0.1302446715  1.0000000000
 -7.5275875609 -10.7908102295  12.1236794531  -7.6267729126 -13.0201502369  10.0044378513  0.1806916757  0.2682187943  1.0000000000 -0.2344986437  0.0047263096  1.0000000000
 -5.4608039333 -13.5722970056  12.8623650248  -7.0664308527 -10.9948369548  11.6474624444 -0.0433882050  0.0325636314  1.0000000000  0.1421521810  0.1653115941  1.0000000000
 -5.8463317339 -13.8860260762  10.3404718703  -6.9349263682 -13.3654352195   9.8485042045 -0.1330751277 -0.1859736917  1.0000000000 -0.2274083266 -0.0894206188  1.0000000000
 -6.2896262761 -13.6631945847  11.9696705289  -6.8861432683 -13.4754797131   9.2615822323 -0.0691161977  0.0401214904  1.0000000000 -0.2932411890 -0.1393880439  1.0000000000
 -4.7522992342 -12.6466326969  11.2433666403  -5.7510299733 -13.9215810258  11.6562842957  0.0864388725 -0.1514327490  1.0000000000 -0.1170542287 -0.0670079078  1.0000000000
 -7.2510912281 -12.6823413291  10.4474618330  -5.2404182772 -12.5489128116  13.4875196403 -0.1619812626  0.0214004114  1.0000000000  0.1056299853  0.0586742877  1.0000000000
 -5.6983673201 -14.2682782611  12.8448796567  -7.4493974670 -13.6709375554  11.4931376606 -0.1025165866  0.0536302209  1.0000000000 -0.1896855034  0.0844357891  1.0000000000
 -5.9186460183 -12.7217474814   9.6351992730  -5.5067035652 -11.7633057208  11.0717690464 -0.0810203912 -0.2298607642  1.0000000000  0.1099085894 -0.0789268111  1.0000000000
 -5.2258535190 -13.6168828479   9.8817595092  -4.5418109473 -13.3645811464  11.3425643807 -0.1284036090 -0.2202180623  1.0000000000 -0.0285471167 -0.1744725571  1.0000000000
 -5.8315324910 -12.3233739761  13.0793540360  -6.7855778431 -13.6010355704  10.4465340211  0.1058279649  0.1146863936  1.0000000000 -0.2152522796 -0.0454308523  1.0000000000
 -5.7247146951 -12.3462021348  12.4191196123  -5.6794966658 -14.0921593502  12.3183423285  0.0904351108  0.0636870977  1.0000000000 -0.0699622886  0.0189360693  1.0000000000
 -4.9041046687 -11.8355399968  12.4165996315  -6.3530337039 -13.1494252114  14.0614396812  0.1938296608 -0.0783444403  1.0000000000  0.0300270882  0.1650678600  1.0000000000
 -5.0053730385 -11.1968094455   9.7437835041  -6.7038231298 -13.7089786672  10.5526611220  0.2275663676 -0.2413686899  1.0000000000 -0.1535790689 -0.0727894195  1.0000000000
 -8.4249399375 -12.5625716951  10.7541782894  -6.8278583932 -12.8944131554  10.9266416614 -0.1992841425  0.2391393094  1.0000000000 -0.0592820368 -0.0024364841  1.0000000000
 -3.7351427279 -12.0123133267  12.6793322909  -6.4031193728 -12.9406855209  11.9127728226  0.2097716678 -0.1227522269  1.0000000000 -0.0190451237  0.0732448730  1.0000000000
 -5.8817779627 -14.8062007325  10.7042162555  -5.0973472003 -12.6243735797  10.0909514320 -0.2228053098 -0.1132682510  1.0000000000  0.0315738424 -0.2573846879  1.0000000000
 -5.6217489621 -11.4034168409  13.1883617309  -5.8834336329 -11.3830881193  12.6005511468 0.2028778743 0.1277153788 1.0000000000 0.1974164523 0.1288806777 1.0000000000
 -6.6431896959 -10.0691770024  11.6936738059  -4.6473213205 -14.1048435125  11.4421672664  0.3069466845  0.1537417726  1.0000000000 -0.0088732336 -0.1707900153  1.0000000000
 -5.0237812136 -14.8340459405  11.6928711151  -6.4156602690 -10.9137546576  10.8520854314 -0.1006923263 -0.1498925713  1.0000000000  0.1885864878 -0.0069728624  1.0000000000
 -4.9047906750 -10.8628315680  11.6204404242  -7.3466476958 -11.6881557628  12.4139812274  0.2766271196 -0.1121328608  1.0000000000  0.0811963166  0.2154149393  1.0000000000
 -5.1411910386 -12.1695420417  13.0665525837  -5.9384044447 -11.6358263804  14.0033771069 0.1325985754 0.0727593973 1.0000000000 0.2001439601 0.1703482809 1.0000000000
 -6.2420691310 -11.5896304355  11.2587957014  -5.4449100470 -12.8101851013   9.3963797045  0.0975061016  0.0039532167  1.0000000000 -0.1304309682 -0.2856066688  1.0000000000
 -6.3949658017 -13.1931323200   8.8228761679  -7.0009565294 -14.2574204513  13.6972583377 -0.2247715632 -0.2466339854  1.0000000000 -0.0998568164  0.1919891871  1.0000000000
 -7.4415157644 -12.1475675681  12.0279519379  -8.2285389931 -13.9856959074  12.0897241372  0.0056437611  0.1988645949  1.0000000000 -0.2130434247  0.2256690525  1.0000000000
 -6.0065104534 -12.6530524890  10.2695150203  -7.2566464824 -12.5966158478  11.0166932520 -0.0483729217 -0.0977877719  1.0000000000 -0.1126457715  0.1068196626  1.0000000000
 -4.4134546535 -12.2756553229  12.9553532997  -4.2147240126 -12.3565525091  11.7874849815  0.1646972258 -0.0309631385  1.0000000000  0.1359571449 -0.1394646627  1.0000000000
 -6.0343088539 -13.4424193907  11.5501223076  -7.1297784660 -12.3625717479  11.0964944560 -0.0758206634 -0.0339859782  1.0000000000 -0.0598989366  0.0697461326  1.0000000000
 -6.4584225020 -12.7373204869  12.3169245062  -6.3793299923 -13.1790410990  12.4559769013  0.0309193614  0.0994642993  1.0000000000 -0.0210306825  0.0745023524  1.0000000000
 -4.2455051678 -14.6767362835  11.3080246072  -6.9257056343 -13.2486107204  11.0178351426 -0.0235505354 -0.2203625750  1.0000000000 -0.1033499515  0.0271690168  1.0000000000
 -7.1475108524 -12.1244212461  12.0818644579  -4.9096778584 -14.6919802941  10.7904175050  0.0027389868  0.1987107187  1.0000000000 -0.1296644155 -0.2101605619  1.0000000000
 -7.8535288849 -11.1014250615  11.5315823291  -4.9661777709 -12.7404812687  13.4946634833 0.0897948901 0.2517425218 1.0000000000 0.1239048607 0.0602327847 1.0000000000
 -5.1524312562 -14.3075206490  11.1382086001  -5.7733210871 -10.5260510106  10.7820995349 -0.1276846051 -0.1172603113  1.0000000000  0.2238986371 -0.0259570357  1.0000000000
 -4.4772264999 -12.6870891420  10.3582163909  -6.3511548576 -14.3154450269  12.9508222032  0.0740682370 -0.1909776454  1.0000000000 -0.1341735203  0.0919258392  1.0000000000
 -7.0549990900 -12.9925611170  11.1566516506  -6.6477910496 -11.5806128326  13.6693296680 -0.1546578627  0.0619869587  1.0000000000  0.1758884768  0.2045962229  1.0000000000
 -4.7636287937 -13.1379253412  12.4749344991  -4.7511206622 -11.9829631933  10.5844957974  0.1112904576 -0.0524604769  1.0000000000  0.1172120719 -0.1507341933  1.0000000000
 -4.8568867880 -12.5610160957  11.0459604812  -6.2349411912 -12.9400152876   9.1445999405  0.0572106881 -0.1787646903  1.0000000000 -0.1920227849 -0.1842668205  1.0000000000
 -6.8137624275 -13.5529880315  13.4075652570  -7.5073495985 -10.3707771106  12.0303088063 -0.0323510278  0.1804178699  1.0000000000  0.1838480649  0.3021394852  1.0000000000
 -4.2971946808 -12.7641266642  13.1303204089  -5.4306481740 -12.8093055027  11.3109008769  0.1588800282 -0.0520661067  1.0000000000 -0.0005413731 -0.0754036510  1.0000000000
 -6.8535642002 -14.3300063567  12.3161026800  -7.0200301292 -12.9503957277   9.3284451709 -0.1094308857  0.1301763830  1.0000000000 -0.1950427058 -0.1569657848  1.0000000000
 -4.4443755564 -13.7396186545  11.7665087536  -5.8953939531 -12.1937971765  11.7904248065  0.0612427483 -0.1434878625  1.0000000000  0.0762905310  0.0489093823  1.0000000000
 -4.5294528679 -11.2448908176   9.9867008739  -3.4546159529 -12.1012977993  12.0935333329  0.1907964660 -0.2959307302  1.0000000000  0.2014776100 -0.2058608445  1.0000000000
 -5.9436067221 -12.2488884283  14.5941058147  -4.2938455993 -11.6620006789  10.5212104933  0.2033641021  0.1777587333  1.0000000000  0.1708735816 -0.2439260929  1.0000000000
 -5.6706130603 -13.1531260402   9.0362470377  -5.2264378673 -13.5487473720  13.1106802362 -0.1826221004 -0.2895582059  1.0000000000  0.0535553960  0.0334418082  1.0000000000
 -5.9676548261 -13.5999797826  10.7243152245  -5.2199448982 -12.8208273752  11.5987588695 -0.1062719773 -0.0584492859  1.0000000000  0.0358827098 -0.0619130816  1.0000000000
 -4.2175531846 -12.6445383168  11.7756474189  -7.4617065248 -12.6110998990  10.8376262727  0.1285041947 -0.1747560913  1.0000000000 -0.1282606963  0.0924482194  1.0000000000
 -6.8519055219 -13.7879030375  13.0347355144  -6.2545020416 -13.1747619871  12.1172762851 -0.0594017566  0.1251306454  1.0000000000  0.0085530109  0.0631985509  1.0000000000
 -6.2851063262 -13.2139723131  11.8857753016  -7.4947907773 -12.4377590472  12.3920505555 -0.0343525455  0.0325413619  1.0000000000  0.0095503454  0.2016047720  1.0000000000
 -5.2159559074 -12.6121302957   9.7701051329  -3.7105388945 -11.3969850338  11.0508067899 -0.0409240795 -0.2410179811  1.0000000000  0.2515686100 -0.2578506929  1.0000000000
