995.2000000000
50
-11.5785681651   6.4314634573   5.8990464622 -0.2154477929  0.2333109321  1.0000000000
-10.7365962475   5.1745187675   5.7076066861 -0.0960189756  0.0888875600  1.0000000000
-11.7918426450   3.3680754656   7.1910714526 -0.0871503205 -0.1091675985  1.0000000000
-9.4247104806  5.7910396584  5.4301931704 0.0595386798 0.1053739901 1.0000000000
-10.9236437572   3.0690066791   5.3048536715 -0.1481276956 -0.2410227532  1.0000000000
-7.8904351366  6.2466275742  6.1827618080 0.2934026269 0.1914725936 1.0000000000
-8.6764442789  3.7360506368  4.6178656681  0.1401582303 -0.2246797143  1.0000000000
-9.6806654713  4.4902498879  7.1195755444 0.0541512481 0.0157090698 1.0000000000
-9.1650196220  2.8798795106  6.2755033438  0.0868775583 -0.2280252101  1.0000000000
-9.3356200789  2.9418347977  6.0920987641  0.1041217385 -0.2333916633  1.0000000000
-8.2794638087  3.2507241892  6.1367585798  0.2060382867 -0.2207848665  1.0000000000
-11.6777409573   3.4595203153   7.7453261072 -0.0879599761 -0.0392500387  1.0000000000
-9.7188433192  4.8944163211  5.8695115046 0.0306650578 0.0429366427 1.0000000000
-10.7977358874   2.2241101826   7.4709317120 -0.0567643293 -0.1629624658  1.0000000000
-9.3763460266  4.3292409581  4.5463291662  0.0013581516 -0.1490462060  1.0000000000
-8.6539557434  2.9171886458  7.9049404416  0.2176359047 -0.1057135030  1.0000000000
-12.3438631934   5.4233834331   8.2410370339 -0.1792662745  0.1954245256  1.0000000000
-11.4680893759   4.6780711119   6.0919912058 -0.1946388173  0.0323591276  1.0000000000
-9.1051634076  3.3450790351  6.6217349437  0.1243244499 -0.1049069012  1.0000000000
-11.1367539059   5.6916506755   7.2471336728 -0.1146890068  0.1467359130  1.0000000000
-9.3229010836  5.0276262041  8.1341079542 0.1480301598 0.0973703572 1.0000000000
-10.9238015731   6.7490252352   5.5345702460 -0.1684952914  0.2607176201  1.0000000000
-11.4002446453   4.1916023055   6.6382653753 -0.1035655933 -0.0145142665  1.0000000000
-10.4147713473   5.5485649656   7.7597688984 0.0309453914 0.1245200599 1.0000000000
-10.6371412449   3.3295470748   7.9267785023  0.0110604846 -0.0884938972  1.0000000000
-9.5693524946  4.2279596334  5.0971667048  0.0078837211 -0.1316581612  1.0000000000
-10.0031236725   4.6068270848   4.6419250225 -0.0768701767 -0.1295851730  1.0000000000
-10.7398472251   4.2856827337   6.5894008894 -0.0531674411 -0.0317073984  1.0000000000
-8.9909882408  2.9002959345  7.5226541019  0.1680940212 -0.1340639472  1.0000000000
-10.5422148197   4.1863430786   6.8576426566 -0.0387353627 -0.0077038065  1.0000000000
-11.5547248167   3.7754510230   5.1805347295 -0.2224577282 -0.1385925819  1.0000000000
-8.6081522169  4.4351428818  6.1132171099  0.1934799335 -0.0381401991  1.0000000000
-8.6079622513  4.4090700543  8.1255561669 0.1621196832 0.0088107947 1.0000000000
-9.5786222514  2.7470945047  6.4332582020  0.0685883994 -0.2169480131  1.0000000000
-11.2079323179   3.9917408255   7.9941991893 -0.0361775319  0.0265610256  1.0000000000
-10.3582592394   3.1720499877   4.7018375853 -0.1177035484 -0.2412936997  1.0000000000
-10.1512499266   3.9798075640   6.6354304233 -0.0162917640 -0.0627900921  1.0000000000
-9.3165416139  5.9844590828  5.2626280245 0.0485464957 0.1554161097 1.0000000000
-11.0306543673   5.1358433461   5.1837784202 -0.2089825052  0.0375094359  1.0000000000
-8.6060213962  5.8295870534  8.2895927318 0.1984542219 0.2151856532 1.0000000000
-10.2201461655   5.6862013588   8.7159166025 0.0525964721 0.2285041104 1.0000000000
-8.0060044240  5.7504054369  6.7786863264 0.2839501894 0.1204345348 1.0000000000
-11.2516616406   4.8146691129   7.9651803666 -0.0792056274  0.1005877403  1.0000000000
-12.0880175504   3.3035868172   7.3443952684 -0.1826052168 -0.0586908035  1.0000000000
-9.2807899032  5.1086243169  6.8276203327 0.0968313677 0.0889815145 1.0000000000
-9.5227475886  6.1702198744  7.2671070139 0.1003477432 0.2155826141 1.0000000000
-8.8480249122  3.6294133061  8.1360932151  0.1695581609 -0.0476578217  1.0000000000
-10.2414813308   6.1864873538   7.3974607516 -0.0238621334  0.2309674148  1.0000000000
-9.2905670821  3.6903161670  4.5579509620  0.0653197326 -0.2040437421  1.0000000000
-8.3304512401  3.5687596386  4.4844988546  0.2024281227 -0.2995153285  1.0000000000
50
-8.1202631732  5.1477523494  7.0616203597 -8.9121888487  5.2589229842  6.3950337307 0.2414909807 0.0927138246 1.0000000000 0.1666510360 0.1187290230 1.0000000000
-10.4616481466   5.9801441080   7.5685660451  -8.8448119889   2.6388989016   6.2034891794  0.0170305310  0.2069108681  1.0000000000  0.1131633504 -0.1894445239  1.0000000000
-10.3624183471   5.3243655156   6.5746343733 -11.0609643292   3.3538959255   7.6420967388 -0.0528821602  0.0876151713  1.0000000000 -0.0608098329 -0.1258911667  1.0000000000
-8.8925654032  3.6699375181  6.1446629784 -9.0318075629  5.6973502268  6.2998613993  0.1243587597 -0.1692373454  1.0000000000  0.0887134196  0.1556785426  1.0000000000
-9.1348764069  3.1124042370  7.7448393901 -8.9657369947  2.0575915856  7.7870244780  0.1584905088 -0.1052930607  1.0000000000  0.1290624919 -0.1819831477  1.0000000000
-10.4585940908   3.6872648884   8.0610950140 -11.9506568481   5.0016896746   8.0274073620  0.0069847911 -0.0652618873  1.0000000000 -0.1591850599  0.1472458713  1.0000000000
-11.8120755211   4.0335801190   6.5031332645 -11.3307547714   6.7765859764   5.3043542268 -0.1916611618 -0.0038139230  1.0000000000 -0.2659651438  0.2384493179  1.0000000000
 -9.4313202732   3.5733332685   8.0670512064 -11.2641967123   4.2929472021   5.0919107402  0.0675161080 -0.0678086663  1.0000000000 -0.1799127181 -0.1067818659  1.0000000000
-10.8710599603   5.3214160884   7.1648710879 -11.4155939983   3.0509984546   4.8897172358 -0.0981804458  0.1375294730  1.0000000000 -0.1872752318 -0.2509307064  1.0000000000
-10.3463173884   6.5770281340   5.3365374999 -11.2145622360   5.1532896603   8.1131220320 -0.1226040802  0.2672841376  1.0000000000 -0.0381860091  0.0969956234  1.0000000000
-9.3552506586  5.1158915698  8.0697148605 -9.6455762745  5.6176889146  5.9636521786 0.1427567719 0.1132340576 1.0000000000 0.0592430421 0.1202221564 1.0000000000
-8.1534515724  4.1412922152  6.4599804161 -8.5413539998  4.5138791393  6.7936818176  0.2581015095 -0.0612057373  1.0000000000  0.2201405950  0.0098358815  1.0000000000
-10.8946816826   4.1005994714   6.1717324923  -9.4396306998   5.5169678920   6.1215482479 -0.0715050367 -0.0542975641  1.0000000000  0.0423685133  0.0796319425  1.0000000000
-10.3999082438   4.0633968111   5.6303007867 -10.7885849065   4.9848388111   7.3684014062 -0.0889872121 -0.1091020730  1.0000000000 -0.0250008178  0.0688758863  1.0000000000
-11.3819509934   5.2193124721   7.5133403108 -11.3155846161   5.8319089036   4.6625009448 -0.1443579960  0.1091317657  1.0000000000 -0.3161409140  0.0874277099  1.0000000000
-8.7253207305  4.3079959973  6.3104388466 -9.7196536653  5.6536899885  5.4548887117  0.2117701769 -0.0598258103  1.0000000000  0.0156664724  0.0467604883  1.0000000000
 -8.7715886639   2.5625337812   6.8853270750 -10.8043384056   4.4431791810   6.7173145735  0.1682832005 -0.2249338596  1.0000000000 -0.1053029095  0.0148254261  1.0000000000
 -9.0759773935   2.8270803380   6.0051205821 -10.7055962668   3.5512398111   6.9576992851  0.1245654141 -0.2649424070  1.0000000000 -0.0401715591 -0.0865301483  1.0000000000
 -9.1662157670   5.4997316315   6.4166324615 -10.6668241578   3.9536906234   6.8325053839  0.1032328460  0.1610989871  1.0000000000 -0.0429084537 -0.0426061803  1.0000000000
-10.7657553433   4.0140057194   3.9658443627  -8.5670736939   3.8228138799   5.6531415284 -0.2379599811 -0.2173759038  1.0000000000  0.1854516246 -0.1324233412  1.0000000000
-11.0247473669   5.2960705765   5.6175356931  -8.3364124651   6.0416750839   5.8381197160 -0.2017737834  0.0659314225  1.0000000000  0.1778572093  0.1556676924  1.0000000000
 -8.6215948250   4.1304497092   7.1045606390 -10.2188963045   2.9995132761   5.3806566365  0.2274807942 -0.0166751986  1.0000000000 -0.0615800832 -0.2868521729  1.0000000000
-10.6076913685   4.3035760905   7.2372648740  -8.9785915985   3.7276141106   6.1551911484 -0.0538186418 -0.0012840170  1.0000000000  0.0954545562 -0.1390308499  1.0000000000
-10.6794515976   4.4676678597   7.5791788127  -8.6994860895   3.6535793280   6.4375539327  0.0115924343  0.0377855593  1.0000000000  0.1518572782 -0.1341345420  1.0000000000
 -8.5379469617   3.2394402931   7.9728663582 -11.7418984393   4.1777384544   7.9151008538  0.2122894907 -0.0889073077  1.0000000000 -0.1182791849  0.0423898412  1.0000000000
 -9.2649447717   5.5423978611   8.2953772953 -10.4517738799   5.6700511067   8.7708200309 0.1706002219 0.1658118959 1.0000000000 0.0367894480 0.1612453190 1.0000000000
 -8.5075723249   4.2506298853   8.0482288933 -12.1630322418   6.0896718517   7.0470539142  0.2039036880 -0.0274745801  1.0000000000 -0.2308107406  0.1808778496  1.0000000000
-9.4046479938  5.8999383239  5.0429446945 -8.7374257800  3.1149782855  5.9495860798  0.0271118117  0.1205277568  1.0000000000  0.1486144477 -0.1692890871  1.0000000000
-10.2419925628   6.5286589346   5.6103711026  -9.5851713249   3.9172447940   6.6140132934 -0.0869436225  0.2244272263  1.0000000000  0.0667363636 -0.1030552713  1.0000000000
-8.1965432343  3.5424739803  6.0507588391 -9.8063599974  3.5411832058  5.3710579305  0.2126553792 -0.1644734665  1.0000000000 -0.0328241541 -0.2133783581  1.0000000000
-10.7312720480   6.0813410339   6.9602518330 -10.6034453018   6.1246508204   6.0861965988 -0.1161615827  0.1885408208  1.0000000000 -0.1246517645  0.1923788756  1.0000000000
-9.1117213917  4.3545352766  8.2954336807 -9.1953518655  3.0402836816  7.5842546780  0.1457099476  0.0378297437  1.0000000000  0.1250170576 -0.1303471558  1.0000000000
-10.4803092172   3.1127432647   7.2179642992  -9.7166510571   5.3445977439   6.2060106449 -0.0095709363 -0.1212306280  1.0000000000  0.0655321692  0.0639166346  1.0000000000
-9.9582743627  6.2046111696  5.4432028784 -8.8991273425  3.9584310179  6.4581335286 -0.0296409198  0.1839645666  1.0000000000  0.1491353139 -0.1168939404  1.0000000000
 -7.8470304172   5.8366472198   5.8051527646 -11.9172457416   2.1331668707   7.0385099782  0.2924293661  0.0956195804  1.0000000000 -0.1546632045 -0.1383376790  1.0000000000
-11.8230545027   4.8241739036   5.7752593205  -9.1181426067   5.3340318813   8.3961917120 -0.1899033541  0.0614777613  1.0000000000  0.1796264959  0.1865817113  1.0000000000
-9.8332520256  5.8410275660  5.2395111364 -9.8861511571  3.8957996705  8.2199437771 -0.0043773196  0.1091097177  1.0000000000  0.0720034683 -0.0036662826  1.0000000000
-8.6952770384  3.5109438994  7.4602983809 -9.5105234020  5.6293127890  5.5709797585  0.1630057219 -0.0849234950  1.0000000000  0.0499306469  0.1160493048  1.0000000000
-10.9857681595   5.2865009674   7.3628017377  -8.8855337217   4.0898981218   4.8959153694 -0.0548019953  0.1101093178  1.0000000000  0.1110425707 -0.1815468772  1.0000000000
-10.9610862175   3.2898499701   7.3295196160 -10.8354434181   3.2655186312   7.1174530746 -0.0554854992 -0.0674526801  1.0000000000 -0.0183175601 -0.1261878420  1.0000000000
-9.0721378515  4.6823106153  8.7228067304 -9.6635277500  3.8879395322  8.2235248851  0.1443187600  0.0849533218  1.0000000000  0.1254460484 -0.0093770906  1.0000000000
-10.7354672070   4.4980598698   7.3947550959  -8.1757071094   4.9871526825   5.8530237106 -0.0083432596  0.0698305251  1.0000000000  0.2273588349  0.0035807921  1.0000000000
-11.4637025604   3.0560871293   6.9513069399  -8.8894913469   3.7051234533   7.5429147739 -0.1282646137 -0.1388866480  1.0000000000  0.1780593162 -0.0605960074  1.0000000000
-9.1799365062  3.2699809672  5.1648427830 -8.7256502977  3.1574429340  6.6939650051  0.0760921641 -0.2582796878  1.0000000000  0.1585335108 -0.1374833843  1.0000000000
-10.9855652778   3.2697574378   4.4192291966 -10.5987460255   5.7492749956   7.0939271925 -0.1833715110 -0.2544640381  1.0000000000 -0.0395168667  0.1686545314  1.0000000000
-12.0989659966   4.9424945658   7.8716839358 -10.0710091790   4.7247521682   7.8919289722 -0.1585028064  0.1401377577  1.0000000000  0.0655079566  0.0801142134  1.0000000000
-11.2871898639   4.2898312564   6.0031185840  -9.8602952601   4.3283267651   8.2235267763 -0.1485732182 -0.0192340299  1.0000000000  0.0769311618  0.0844628284  1.0000000000
 -8.8594384630   3.8655256623   7.8123426896 -11.4071310582   2.6534476574   7.3606705619  0.1675957786 -0.0211934022  1.0000000000 -0.1076591530 -0.0932950658  1.0000000000
-11.0735360398   3.8306854816   7.2536987540 -10.1652284832   6.5193745416   6.8717400170 -0.0772894183 -0.0533863887  1.0000000000  0.0016607865  0.2413854506  1.0000000000
 -9.6357347959   3.8737178894   5.1740076933 -10.5620910602   5.8131436043   6.2108546134 -0.0125924310 -0.1998993368  1.0000000000 -0.0768375326  0.1498149662  1.0000000000
