675.6000000000
50
 9.4404492395 -1.1605660113 15.6173592189 0.0208765347 0.1278186213 1.0000000000
 8.6732940494 -0.6178542170 13.4340237175 -0.0607462541  0.1643389953  1.0000000000
 8.8691459076 -3.2276916931 13.4271923714  0.0266128590 -0.1595712176  1.0000000000
 8.1947931800 -1.2844937238 16.5250019936 -0.1012359571  0.1134405592  1.0000000000
 8.2882019915 -3.3074789841 14.7109814198 -0.0390494464 -0.1570264921  1.0000000000
 8.4116950569 -0.1768943338 14.9228802830 -0.1089563956  0.2219714018  1.0000000000
 8.6904108040 -1.3240932609 13.2615937326 -0.0213545572  0.0925221481  1.0000000000
 9.6915173663 -1.9096364296 14.8088239469 0.1182405468 0.0270333934 1.0000000000
 9.6864071052 -3.5157841169 12.7248137635  0.1935996111 -0.2827195381  1.0000000000
 7.9456791552 -2.7121835895 15.6317758340 -0.0845869011 -0.0493516065  1.0000000000
10.8295404800 -0.5398381771 14.6995115164 0.2622993765 0.2039833838 1.0000000000
 9.2947319350 -2.4039544359 13.7326597583  0.0737285591 -0.0266944362  1.0000000000
10.0828572695 -0.3764772920 14.6794383977 0.1353939645 0.2362253679 1.0000000000
10.5701812469 -3.2993477098 13.0227803865  0.2349277328 -0.2485602098  1.0000000000
10.3566812535 -1.9817288195 14.0761881963  0.1828460453 -0.0467281619  1.0000000000
 8.6575469982 -0.5409175451 14.4736395228 -0.0105681243  0.1884194963  1.0000000000
10.5630400962 -3.1613362696 16.2001069273  0.1579809509 -0.0936541302  1.0000000000
10.5852515621 -4.1275979356 14.2232802187  0.2387846211 -0.2417039920  1.0000000000
 9.1995292869 -0.9430670270 15.4107559428 0.0386002038 0.1404502552 1.0000000000
 9.5642039073 -4.2753439879 16.1873226372  0.0500819112 -0.1882747992  1.0000000000
 8.8174859133 -0.4744706722 16.7582096422 -0.0691746905  0.1983827269  1.0000000000
10.2556089135 -1.5898019810 13.7916349414 0.2014630266 0.0578705955 1.0000000000
 7.3516989562 -2.3159516000 13.8884897669 -0.1762438854 -0.0559710863  1.0000000000
 9.2587427551 -2.6070517422 14.2428290137  0.0607674992 -0.0946493892  1.0000000000
10.3786716516 -3.5797328480 16.0843183595  0.1298842208 -0.0776656036  1.0000000000
 8.1096430271 -1.6805589829 16.2395520944 -0.1060120614  0.0842339293  1.0000000000
 9.0755212696 -1.8542458404 13.3557467535  0.0120039414 -0.0256685265  1.0000000000
 8.9916503606 -2.0078812295 13.4339286854 0.0788174150 0.0250634052 1.0000000000
 7.3169464949  0.2750147922 13.3952314876 -0.2234184996  0.3467595584  1.0000000000
 9.6642100510 -1.3908612955 12.8894119580 0.2194350645 0.0980908295 1.0000000000
 9.7677467754  0.0058980935 13.0726362576 0.1544125370 0.3038271725 1.0000000000
 9.7639712045 -1.0175080820 15.4134290819 0.0597296926 0.1338928273 1.0000000000
10.6526900656 -0.0431044369 12.8495288640 0.2898704930 0.2987830319 1.0000000000
 7.7815463783 -1.6268515576 14.4765871874 -0.1552046901  0.0566909755  1.0000000000
 9.5327190702 -2.6261656116 14.9682947041  0.0914899746 -0.0365424424  1.0000000000
 9.2694268046 -1.4685500085 13.7730379615 0.0466743199 0.0731111549 1.0000000000
 8.7087069998 -3.4177401867 15.5435270696 -0.0418768987 -0.1002199469  1.0000000000
 9.2921338928 -0.8475735619 13.7500094489 0.0745657558 0.1622857767 1.0000000000
10.0861306781 -0.4501516477 13.6086519081 0.1858033600 0.2452809083 1.0000000000
10.3919347330 -1.9302650826 15.7828246573 0.1678861751 0.0700432238 1.0000000000
10.4817378894 -2.9642678545 15.4080182501  0.1645997309 -0.0298778696  1.0000000000
10.3752601450 -4.1954309017 14.4173616800  0.2217508226 -0.2338389814  1.0000000000
 9.4067144620 -0.3022889452 15.1870101285 0.0149288979 0.1921235688 1.0000000000
 8.8962448324 -3.0478007144 12.9590251737  0.0796074631 -0.1610901285  1.0000000000
10.9121921065 -0.9416477952 14.6882249219 0.2335632825 0.1746358627 1.0000000000
 9.0029248814 -2.0642560754 13.1947214296  0.0302346921 -0.0426367209  1.0000000000
10.3357213175 -0.6044815090 14.1192879317 0.2251390348 0.2237684291 1.0000000000
 9.0899596116 -1.9079311952 13.1108941910 0.0766938758 0.0277964351 1.0000000000
10.4301859526 -3.4457654508 16.2374671668  0.1782034010 -0.0967483474  1.0000000000
 6.9875414155 -3.6662898163 15.1849002573 -0.2096232708 -0.1750539503  1.0000000000
50
11.2152887779 -0.7349556928 16.0143008299 11.0748404360 -0.9368135211 15.0662732237 0.2192109469 0.2127806319 1.0000000000 0.2638725426 0.1368601052 1.0000000000
10.5205113802 -2.3337843237 13.1829917336  7.9079256340 -0.2318011359 16.2879878156  0.2834027867 -0.0144246429  1.0000000000 -0.1645372177  0.2322647803  1.0000000000
11.2372859872 -0.7223703824 16.1814127990  8.5672026009 -1.8319477558 14.4009899678  0.2095994134  0.1815033115  1.0000000000 -0.0660911016  0.0371724062  1.0000000000
 8.0877066214 -2.5269485748 14.9110939617 10.4290512734 -0.5817950093 16.3446675815 -0.0621723537 -0.0630197055  1.0000000000  0.1178396896  0.2224539275  1.0000000000
 7.5738736762 -1.1243529754 17.1570965021  7.9102944958 -1.0281615875 17.1091706217 -0.1803669536  0.1086465360  1.0000000000 -0.1259739742  0.1049051040  1.0000000000
 7.4110787982 -1.3377952592 15.5625621675 10.5912533766 -3.0787958677 14.6290554262 -0.2329137204  0.1189281931  1.0000000000  0.2638641513 -0.0717011330  1.0000000000
 8.3696714923 -2.0828922628 15.1228643881  8.2263719227 -2.9919528595 14.7914903759 -0.0762770925 -0.0102409837  1.0000000000 -0.0712623379 -0.1309851237  1.0000000000
 8.1068276202 -3.5457423684 15.2967691861 10.3820654109 -2.1127257157 15.1232477835 -0.0517406003 -0.1459179589  1.0000000000  0.1608872750 -0.0004278150  1.0000000000
 7.3901936956 -3.2706706969 12.9588312059  7.8643635201 -0.0197696373 14.7236577514 -0.1350990896 -0.2820987657  1.0000000000 -0.1425932724  0.2514968175  1.0000000000
 6.9650471604  0.2155821088 13.9542220267 10.2813115605 -0.0859103346 13.5491549215 -0.2686034182  0.2965559021  1.0000000000  0.2429596152  0.2982224315  1.0000000000
 8.9389771176 -1.5826526354 13.9821135987  9.9824782134 -3.3141419442 13.7825334942  0.0411633233  0.0564370856  1.0000000000  0.1847871147 -0.1484989106  1.0000000000
 8.2372504456 -0.8268451931 14.2499234574  9.2858826119 -2.9676746064 15.0755075166 -0.0828100561  0.1480946305  1.0000000000  0.0602875327 -0.0706931688  1.0000000000
10.3606340403 -0.5904447982 16.7716478697  8.0215297905 -1.2441828438 14.1155670457  0.0991514280  0.2268542272  1.0000000000 -0.1248386343  0.0994503141  1.0000000000
 8.3178905755 -0.8438711911 13.4766769299  8.0944252745 -3.4755071099 13.8840319733 -0.0690028524  0.1361779832  1.0000000000 -0.0130523446 -0.2050214816  1.0000000000
 8.1840926017 -3.0855297615 14.7549571909  8.1602014768 -2.3806053052 14.9104226672 -0.0756820564 -0.1336627028  1.0000000000 -0.0849622048 -0.0334295598  1.0000000000
10.5166771845 -1.2486359069 14.1059062014  7.3734641949 -3.8336842143 16.2394131882  0.2396059249  0.1117911616  1.0000000000 -0.1365977096 -0.1369644900  1.0000000000
10.4174394464 -2.7310599511 15.2308444816  7.1433334775 -3.3792783744 12.8244094108  0.1962025521 -0.0639355367  1.0000000000 -0.1819814479 -0.2875833490  1.0000000000
 7.4745888646 -3.8768812946 15.0927775074 10.0105399178 -2.7558536284 13.8149859890 -0.1488627043 -0.1998777422  1.0000000000  0.1990124650 -0.1118820474  1.0000000000
 9.1875092855 -2.4118059486 15.1818196871  9.3501528030 -0.6402332498 12.9305742495 0.0426327713 0.0140727759 1.0000000000 0.1092106789 0.2252637802 1.0000000000
10.3024275713 -2.8053956263 13.8132601154  8.4389341623 -0.7770141828 15.8731405053  0.2214673444 -0.0828280963  1.0000000000 -0.0561056980  0.1464329746  1.0000000000
 6.6529640199 -2.5950756501 12.9307708133  7.5442676322 -3.7055437492 16.2720243011 -0.2878044580 -0.1813720566  1.0000000000 -0.1318681558 -0.1679735366  1.0000000000
 9.4907974556 -1.0824026416 16.8285197888  9.6277537460 -0.8264035949 16.2518001727 0.0476375066 0.1560659913 1.0000000000 0.0514311999 0.1299600529 1.0000000000
 9.1173981650 -1.6582759431 12.7157348969 10.6458529615 -0.4673244397 13.3617398892  0.0901309502 -0.0090988051  1.0000000000  0.2858191388  0.2314193810  1.0000000000
 8.8208987086 -2.3151517014 16.6405901217  7.7143290695 -1.8265486091 15.0422574578 -0.0525390596  0.0116074187  1.0000000000 -0.1214836317  0.0326961071  1.0000000000
 8.9205006806 -0.1936996637 13.7251684475  8.1699894675 -1.2188817672 13.1722236265  0.0113429009  0.2295238601  1.0000000000 -0.0471682635  0.0590881412  1.0000000000
 9.2893737951 -1.4813878000 14.1936213374  9.7984332377 -1.9026970861 14.1264283043 0.0582133030 0.0892289699 1.0000000000 0.1304471127 0.0175132699 1.0000000000
 9.2944762777 -1.9859580922 14.6917344742  8.5259923503 -2.2012187267 12.8169033979  0.0516824716 -0.0029111624  1.0000000000  0.0157683132 -0.0442628293  1.0000000000
 7.0030714057 -2.4697661943 15.3946633984 10.3092688762 -1.8004118789 13.4392607074 -0.2003189569 -0.0340628540  1.0000000000  0.2245479512  0.0085335373  1.0000000000
 8.4047980655 -1.6966254166 13.5335702586 10.5890386678 -4.0188388367 14.3553473710 -0.0250888961  0.0090959894  1.0000000000  0.2342908113 -0.2108766016  1.0000000000
10.4560833888 -3.4481574305 15.2309681212  8.7012638158 -2.7133136744 13.5928297924  0.1690328554 -0.1372748329  1.0000000000 -0.0187675479 -0.1136163190  1.0000000000
 7.6394252955 -1.4529014969 15.4910628284  9.2644561826 -3.7085796870 13.1254102016 -0.1454364391  0.0763022820  1.0000000000  0.1279666218 -0.2510187372  1.0000000000
 8.0928929833 -2.1344165481 16.6398968753  9.3404457798 -1.7942648580 14.8030267215 -0.1213233609  0.0357585854  1.0000000000  0.0661828840  0.0524911481  1.0000000000
10.3746553908 -3.0210155948 12.2564299557  8.7095917058 -1.9661303316 12.7363795045  0.3279346241 -0.1989437605  1.0000000000  0.0428411873 -0.0074213064  1.0000000000
 7.4764106945 -1.7932714882 16.6139658088  7.1551065033 -3.0282355717 13.9911199477 -0.1957032049  0.0500437185  1.0000000000 -0.2099214205 -0.1804704962  1.0000000000
 8.3540670898 -0.1150482707 14.1992402984  9.1072209688 -3.0267843816 12.9966621566 -0.0563423897  0.2183862843  1.0000000000  0.0612668148 -0.2140671059  1.0000000000
 8.3176340870 -0.9006121265 15.6049604255  8.2306444749 -4.1080383788 15.5449550405 -0.0675767608  0.1571690387  1.0000000000 -0.0711411942 -0.2424027148  1.0000000000
10.6003617676 -0.3401046347 14.5858662858  8.9033741451 -2.2215489996 15.3525275433  0.2241972218  0.2297463406  1.0000000000 -0.0146814243 -0.0253322629  1.0000000000
 9.4490353181 -1.9328952468 13.6278796444  7.2238634988 -1.6960821363 13.9174523482  0.1045904228  0.0087291661  1.0000000000 -0.1996488344  0.0426967355  1.0000000000
 9.9247642372 -2.6906189259 15.4615769610 10.8382758498 -1.5870756587 15.7595843834  0.1127138202 -0.0625409884  1.0000000000  0.1728525704  0.0915828066  1.0000000000
10.7993434588 -0.6198097361 16.4098365190  6.8846194434 -3.2357737517 13.7875159711  0.1664428252  0.1842001953  1.0000000000 -0.2475756671 -0.2030432834  1.0000000000
10.7382887852 -1.4563437410 16.1380703749 10.3015990267 -1.7926224727 13.1978936092 0.1670602966 0.0920202804 1.0000000000 0.2230184909 0.0228089783 1.0000000000
10.5616550954 -0.2554754927 14.8167250727  8.3597079045 -1.3195077462 14.4576490414  0.1628147012  0.2472167426  1.0000000000 -0.0575945864  0.0975590655  1.0000000000
10.7314809618 -0.8338763711 16.1047026316  8.2963837768 -3.4526183852 14.6014120717  0.1614594347  0.1806882260  1.0000000000 -0.0797190803 -0.1385641161  1.0000000000
10.2980671387 -0.7096578407 15.2591107548  8.9423935219 -1.1649232959 14.2339571541 0.1396661455 0.2215841115 1.0000000000 0.0459229464 0.0999996416 1.0000000000
 8.7883191566 -1.4162098962 13.8472810327  9.2973806392 -0.3360755191 13.3899426098 0.0170505137 0.0931002619 1.0000000000 0.0864636469 0.2190297710 1.0000000000
 8.3610213056 -0.7412666030 13.6883891575 10.4849927254 -0.1178371445 12.9385495406 -0.0893246573  0.1497213146  1.0000000000  0.2719360314  0.2703825685  1.0000000000
10.8028711309 -2.7380296460 16.0556288244  9.5493358711 -1.0213987329 16.0095132170  0.1829558272 -0.0121611389  1.0000000000  0.0566947049  0.1392643681  1.0000000000
 8.7607980249 -1.0844442940 13.4543949197  9.0361203185 -2.9017945248 12.4639246904  0.0259869476  0.1224000305  1.0000000000  0.1065991588 -0.2074969913  1.0000000000
 9.1243754845 -0.7141600379 14.4179774542  7.5545346340 -3.0222614435 13.3194168228  0.0191409846  0.2005715773  1.0000000000 -0.1153323124 -0.1938712343  1.0000000000
10.4160861803 -2.5878464789 15.0314354314  9.6794353166 -1.7102342460 13.2021364090  0.1898232460 -0.0343331997  1.0000000000  0.1551190164  0.0114811803  1.0000000000
