632.2000000000
50
  6.4006950889 -11.3412084318   6.0183092426 -0.0876711250 -0.0031979561  1.0000000000
 6.0746257319 -9.8166566750  2.5489106927 0.2209069025 0.0567964636 1.0000000000
 5.9781770012 -9.9259931553  2.5017551990 0.2401810313 0.0121185614 1.0000000000
  7.7441401343 -10.8072787551   2.5736009912 0.1502927204 0.2369343937 1.0000000000
  7.9699153585 -10.3035113030   3.8502670366 0.0269753717 0.1839289328 1.0000000000
 7.4341108866 -9.2241246620  5.1758137424 -0.1910943117  0.0363043226  1.0000000000
 6.4150902044 -8.7631771208  3.5370333569 0.0119815333 0.0429823643 1.0000000000
  6.9668141235 -11.2499554125   5.7947137974 -0.1138112131  0.0275538922  1.0000000000
 7.4888624660 -8.1136988831  3.7795877874 -0.1249269509  0.2295589023  1.0000000000
  7.3997553594 -12.3123928376   2.8728362295 0.2146769569 0.1210980508 1.0000000000
  4.2219582801 -10.1161870393   2.7385810963  0.3131915047 -0.2360160098  1.0000000000
  7.8430056003 -12.0078190144   2.7706633696 0.1804643275 0.1922791647 1.0000000000
 7.8796003629 -9.0278988557  4.6981614776 -0.1522769065  0.1929988655  1.0000000000
 6.9933179438 -9.3756719406  3.9307707009 -0.0397357993  0.0613031801  1.0000000000
  4.4841093037 -10.1114060192   2.5846364982  0.2731399839 -0.1821538391  1.0000000000
  5.8914855250 -11.7665723362   5.0726670002  0.0383440729 -0.0806987587  1.0000000000
 8.0788759396 -9.2222057321  5.5873707059 -0.2271219817  0.1752230138  1.0000000000
 4.8412761961 -7.8391986957  5.2165276076 -0.2299719977 -0.2783119150  1.0000000000
  6.5537411640 -10.6304059592   6.4349368789 -0.1257119076 -0.0524956024  1.0000000000
  6.3138281172 -10.1898312833   5.9946777894 -0.1437990291 -0.0843878801  1.0000000000
  6.3693237070 -10.3841998608   6.6130277828 -0.1705271665 -0.0991161883  1.0000000000
  5.8300661784 -10.7238940889   5.7473479836 -0.0908046751 -0.1012140798  1.0000000000
 6.6016344918 -9.8091412791  5.8255948604 -0.1774877175 -0.0346572851  1.0000000000
 7.6876059889 -9.3391153280  3.4554781850 0.0206582527 0.2387831538 1.0000000000
  7.3753220806 -10.6194875172   2.6701647395 0.2037205108 0.1770327024 1.0000000000
  6.6613747531 -10.4131402063   6.3170288429 -0.1673056204  0.0106973009  1.0000000000
 6.6140752771 -9.6506352759  6.1820761215 -0.1927297179 -0.0105807208  1.0000000000
  6.6318990584 -10.8913985699   4.3805506011 0.0467223229 0.0027233944 1.0000000000
 6.5129911595 -8.7634540333  3.0419621469 0.0611464314 0.0838551799 1.0000000000
 7.4379026179 -9.7730910453  3.9366213297 0.0037217977 0.1196377766 1.0000000000
  8.0766625398 -10.3806468426   5.4333959279 -0.1053014597  0.1712712855  1.0000000000
 4.0329319957 -9.3330827864  2.2371439108  0.3290462444 -0.2582392677  1.0000000000
  4.9962477669 -10.4890728640   3.5904298161  0.1708003933 -0.1794618257  1.0000000000
 7.2037677575 -9.3360074610  4.0702423476 -0.0221933525  0.1101028453  1.0000000000
 6.1450071112 -9.4288454371  3.0200005260 0.1440741293 0.0163417795 1.0000000000
 7.2548346217 -9.9506275171  5.3687574527 -0.1363394386  0.0534459337  1.0000000000
 6.1143122359 -9.3755869966  1.5901908121 0.3357015099 0.0967602556 1.0000000000
  5.1458926187 -10.6883575919   4.3833893332  0.1025476929 -0.1535350492  1.0000000000
 7.4818202669 -8.8169267452  4.0310221317 -0.1165810897  0.1698477057  1.0000000000
 5.1976425598 -8.2606747070  4.0468876683 -0.0128484850 -0.1387991174  1.0000000000
  5.9058276630 -11.9661597941   3.7597226927  0.1475257817 -0.0162666439  1.0000000000
  6.1993446008 -11.9222548691   4.7607113710  0.0303990696 -0.0766033121  1.0000000000
 4.8252640779 -9.2464577952  3.6259424540  0.0976758007 -0.1825826195  1.0000000000
  7.3622933711 -10.7871157839   6.2040624720 -0.1806265020  0.0392214101  1.0000000000
 5.5578579127 -9.8670917356  4.6163997279 -0.0155675709 -0.0760083163  1.0000000000
 5.8098789387 -8.9358830625  3.0223679041  0.1040123082 -0.0483226073  1.0000000000
  6.6150061925 -10.5736668654   5.4189360510 -0.0609246299  0.0051883929  1.0000000000
  5.2550815997 -11.4084018073   6.0800235960 -0.0831503215 -0.1602795728  1.0000000000
  5.7280792457 -11.7578077696   3.2893738890  0.2050227282 -0.0437726998  1.0000000000
  8.2489194384 -11.2215397692   5.7949106385 -0.1403089247  0.1563305556  1.0000000000
50
 6.9154973691 -8.8760507196  3.7972001895  4.9081105492 -9.1342544244  2.5981908267 -0.0415493774  0.1126439346  1.0000000000  0.2524206239 -0.1172235501  1.0000000000
 8.1542719094 -7.4345019463  4.4762145103  4.2318798242 -9.2573207477  3.9157794522 -0.2774142419  0.2908794139  1.0000000000  0.0764295196 -0.2436685478  1.0000000000
  5.5812873198  -9.4195045054   2.2315236303   5.1526823280 -10.1117942381   5.2233526725  0.2702289879 -0.0392530328  1.0000000000 -0.0444046876 -0.1512537167  1.0000000000
  5.8220526456 -11.2788774925   3.4223119216   6.8438018857 -10.5180914023   2.2515625644  0.1575252613 -0.0139573204  1.0000000000  0.2751200276  0.1452648314  1.0000000000
 7.1865916261 -9.2655915816  4.2082940266  7.8823410616 -8.0176914414  4.1262602351 -0.0522039971  0.1273378967  1.0000000000 -0.1476839227  0.2875618255  1.0000000000
 4.1443457297 -9.3252299247  2.8022291882  5.3638461036 -9.5024645986  5.8631212950  0.2612297467 -0.2790459312  1.0000000000 -0.1483283099 -0.1849956043  1.0000000000
 5.3711835198 -8.7857878020  5.8104347478  6.1018584558 -8.9193529678  5.5205000617 -0.2019503187 -0.1507876314  1.0000000000 -0.2242120724 -0.0643938221  1.0000000000
  6.3876120266 -11.9760830629   4.8363709074   4.5135142826 -11.9283032172   4.7247237204  0.0525195618  0.0100912549  1.0000000000  0.1575665407 -0.1903775461  1.0000000000
 7.1986629146 -8.6111129537  4.7580126716  4.0053564456 -9.5473152350  2.6231460995 -0.1390159635  0.0619105926  1.0000000000  0.2736649836 -0.2750921943  1.0000000000
 5.5985134478 -8.7683728226  3.0794963770  6.2932312713 -9.8274044238  3.9722879228  0.1440259880 -0.0572725404  1.0000000000  0.0545627325  0.0059731550  1.0000000000
  6.6441577687 -10.6552885908   3.8730760122   4.5232869352 -10.4896046921   3.7540081867  0.0641852664  0.0463763555  1.0000000000  0.1255293370 -0.1746695044  1.0000000000
  5.7588608464 -11.3019875845   3.0749035252   7.9032456815 -10.3725148832   4.9639055619  0.2429614365 -0.0775784010  1.0000000000 -0.0970538714  0.1120907031  1.0000000000
  7.4378471202 -11.6143131934   3.6373592322   6.7234461057 -10.2087476843   3.0092646273 0.1078370542 0.1291054069 1.0000000000 0.1319405971 0.0922410284 1.0000000000
 7.8965393706 -8.6352544722  3.3334062080  4.5445987610 -9.4409867988  4.4727313993 -0.0126510219  0.2868403458  1.0000000000  0.0320474904 -0.2511501477  1.0000000000
  4.2561484594  -9.9908255394   2.8753846709   6.7524043867 -11.3443366858   5.1426395397  0.2390498540 -0.2041992437  1.0000000000 -0.0423696845 -0.0025317447  1.0000000000
 5.3470902797 -8.9814640747  6.1949001531  6.7574855979 -7.8050612258  4.6267743239 -0.2344767438 -0.1798453316  1.0000000000 -0.2294118301  0.0712697592  1.0000000000
  5.3381750187 -11.4009885870   4.9251475735   8.1659748622 -10.7413503471   4.5617511679  0.0508892197 -0.1727723487  1.0000000000 -0.0235848234  0.1991360165  1.0000000000
  7.2181399594  -7.8311473643   4.2221825908   4.7190496259 -11.7546882042   3.8997657401 -0.1901892800  0.1394342438  1.0000000000  0.1875012555 -0.1832823394  1.0000000000
  5.1548613207 -10.7687320245   3.4718629470   6.5418611898 -12.3583984024   3.6265952804  0.1536756520 -0.0960233256  1.0000000000  0.1540130577  0.0470630768  1.0000000000
  7.0388469443 -10.7588202669   2.0794435914   7.0826586306  -9.5974755816   3.6931958348 0.2422949163 0.1447944504 1.0000000000 0.0304740515 0.1167857511 1.0000000000
  5.0487716903 -11.3943719574   4.7410447332   5.7051753855 -10.7162674771   6.1396128926  0.0668141805 -0.1661209802  1.0000000000 -0.1215207964 -0.1438986210  1.0000000000
  4.9088502009 -11.5679429089   5.8989540993   7.5986082652  -9.8210699172   4.5552117399  0.0029689132 -0.1837365166  1.0000000000 -0.0545897192  0.1394907573  1.0000000000
  8.2667672446 -10.6909631934   6.1288957850   6.7186101615  -8.0771017723   4.5672180041 -0.1599603869  0.1328303922  1.0000000000 -0.1754615087  0.0520683838  1.0000000000
  5.1667582141 -11.7282372252   5.7453871645   5.2835602342 -10.3345227759   6.9209415788 -0.0143919546 -0.1526388752  1.0000000000 -0.1798083429 -0.2236500416  1.0000000000
  6.0163655459 -11.4041518012   3.3599509514   7.6808816545 -10.8303904848   3.8435832684  0.1901674679 -0.0155246813  1.0000000000  0.0591138516  0.1405576852  1.0000000000
  6.4183900169  -9.3946777998   2.7608670559   5.9270711172 -12.0244690755   3.4051714950  0.1783127235  0.0869164830  1.0000000000  0.1528160966 -0.0011452675  1.0000000000
  5.2038978058  -9.2884092725   2.0300304133   7.7068378472 -10.3089343327   2.8608323840  0.2852385617 -0.0428501765  1.0000000000  0.1123259497  0.2500444624  1.0000000000
  7.7943435307 -11.1096760090   4.1709172326   8.6681162913 -10.4805510008   5.5575535977  0.0487635526  0.1734711155  1.0000000000 -0.1309104142  0.1934783908  1.0000000000
 7.9556673363 -7.7399858359  3.8354314906  7.4488686584 -9.4334029902  4.7226429301 -0.1548622135  0.3022580298  1.0000000000 -0.1088272776  0.1329502797  1.0000000000
  5.7550742156 -10.4734668466   3.5329520577   4.5953859027  -9.7305323630   4.2205296113  0.1364296004 -0.0439672947  1.0000000000  0.0275874533 -0.2277630259  1.0000000000
  6.0751317016 -11.1171770535   6.2294316337   4.7443678763 -11.0206179214   4.4411070009 -0.0930147160 -0.0685257406  1.0000000000  0.0856056399 -0.1608163537  1.0000000000
 5.4706176584 -9.6737272310  6.2913079867  7.2438805449 -9.3418084784  5.8877220022 -0.1828591314 -0.1862894941  1.0000000000 -0.2156753714  0.0029585172  1.0000000000
  5.3304222066  -9.9656104987   2.8317263648   5.0584202365 -11.8040916972   4.1544816145  0.1934304901 -0.0396477608  1.0000000000  0.1239535301 -0.1189033785  1.0000000000
  5.2096794562 -12.0836178614   4.5967862311   6.7029155040  -8.7485245232   3.5904125638  0.0905584244 -0.1524003500  1.0000000000 -0.0442048869  0.0876294038  1.0000000000
  4.4704487775 -10.4531718073   3.2619658063   5.5296855526  -9.6496265236   2.0750910885  0.1915913866 -0.2281489082  1.0000000000  0.2727199727 -0.0127648083  1.0000000000
  6.4097585863 -10.3869702750   5.6116789411   5.1661798463 -11.3756083113   6.0651220546 -0.1241267788 -0.0211101387  1.0000000000 -0.0289176406 -0.1718166217  1.0000000000
  7.0717533282 -10.4176919705   4.3007419636   5.8367191613  -9.9844885668   6.3759955802 -0.0132414119  0.0555944246  1.0000000000 -0.2155469406 -0.1462610881  1.0000000000
  6.5152843793 -10.6716632834   4.7944337202   5.5305219571 -10.5252221015   4.1132630974 -0.0044136931  0.0191993263  1.0000000000  0.0381495967 -0.0996050954  1.0000000000
  4.9539656513 -10.1905076176   3.2011182192   5.7162279906  -8.5713605587   3.7632956564  0.1801512181 -0.1864650990  1.0000000000 -0.0014356474 -0.0672009715  1.0000000000
  7.3977778857 -10.4149002301   3.6334687086   8.3859916257  -8.9979642555   5.0241913946  0.0775785163  0.1512627353  1.0000000000 -0.1885997895  0.2140790746  1.0000000000
  6.8548852457  -9.6532592869   3.9259794665   6.6878022018 -10.6549925422   4.1784860460 0.0197617523 0.0859814459 1.0000000000 0.0608590277 0.0062250838 1.0000000000
  5.7718936302 -11.2929562449   6.3809927973   7.8226710301  -9.7857992287   3.9005539927 -0.1211963626 -0.0983798625  1.0000000000 -0.0472855502  0.1604625991  1.0000000000
  6.1896720817 -10.9837814914   2.7208974705   5.4871095517 -11.3278268468   6.3615346471  0.2385444413  0.0790388086  1.0000000000 -0.1150330293 -0.1434031059  1.0000000000
  6.3338250875 -10.4588752836   4.4436822994   6.1319601543 -10.5685186646   2.6914666096 -0.0206631350 -0.0033351049  1.0000000000  0.2250649980  0.0867930693  1.0000000000
  4.9355476305 -11.9037647429   4.7518325566   6.3661912253 -10.3200383082   3.7645641753  0.0878057690 -0.1695120857  1.0000000000  0.0621640077  0.0538131748  1.0000000000
 8.2695252628 -9.9097581063  4.6046850074  5.9236474283 -9.1958541225  2.1881754073 -0.1087827406  0.2253693777  1.0000000000  0.2040386027  0.0564695562  1.0000000000
  7.0427524455  -9.6926799706   5.9196043438   7.9921684111 -12.0787075751   2.7652582026 -0.1964377431 -0.0320481503  1.0000000000  0.2025876624  0.2211069409  1.0000000000
 6.2841114377 -9.3620767972  3.8185394739  5.9947709030 -9.3795566363  3.3198973680  0.0216301691  0.0250280335  1.0000000000  0.0978848761 -0.0179189544  1.0000000000
  5.1986619853  -9.3562062350   6.0066084447   6.5610629092 -12.1502387196   4.4237980169 -0.1626673736 -0.1844824251  1.0000000000  0.1246893216 -0.0115196300  1.0000000000
  5.9972098306 -12.0208656969   3.9788743571   8.1902643355 -10.0554244549   4.3897037921  0.1623365317 -0.0105517943  1.0000000000 -0.0458883136  0.2177522172  1.0000000000
