41.3000000000
50
-2.4711926798  4.2598959379 17.3000082918 -0.0858335163 -0.1032028676  1.0000000000
-2.5675874811  5.2460118066 16.7113641447 -0.1518181657  0.0320063957  1.0000000000
-0.7411020204  3.2191278630 18.5044652193  0.1050987058 -0.1611422233  1.0000000000
-3.0948732736  5.6490965172 16.2721206920 -0.2133544498  0.0477452452  1.0000000000
 0.7599923519  6.1648448845 18.7013322550 0.2094823573 0.1889087515 1.0000000000
-2.0348599325  4.4357177326 18.2015577424 -0.0610210667 -0.0490958927  1.0000000000
-2.3535312180  5.8941718628 16.8119611490 -0.1483691860  0.1032283341  1.0000000000
-1.1347186128  6.3869462641 18.8665810266 -0.0078332372  0.1974326781  1.0000000000
-0.2682443472  5.8725325028 15.8917321503 0.1771017895 0.1237965779 1.0000000000
-0.8634536498  5.3538731780 17.4702336801 0.0531960257 0.0664285321 1.0000000000
-2.6497964626  6.3793732763 19.1795820454 -0.1447874723  0.1752357667  1.0000000000
-0.8191711364  3.4362381659 16.6872264338  0.1585084395 -0.1685465608  1.0000000000
-2.7785131200  6.1523065194 17.8975206492 -0.1653403926  0.1259383929  1.0000000000
-2.9848965117  6.8298897466 16.4774884342 -0.1700547395  0.2118830495  1.0000000000
-1.9381045629  6.6723228588 15.9342824617 -0.0303864491  0.2379464191  1.0000000000
-1.9622181809  3.8231747199 17.2072772588  0.0017994027 -0.1022923245  1.0000000000
-2.6853840681  5.1233789685 16.3233829343 -0.1485400138  0.0227074425  1.0000000000
-0.8417997978  6.9810605749 15.9931645934 0.1193394762 0.2926718673 1.0000000000
-0.6295669937  5.9386474411 18.8088004433 0.0651991194 0.1295768974 1.0000000000
 0.1372502833  4.5835393231 17.0355610546  0.2185346778 -0.0122924471  1.0000000000
-1.2050596367  5.1589801622 16.8869536226 0.0220595061 0.0120953768 1.0000000000
-1.2828335774  3.9339349117 17.3079707446  0.0339562042 -0.0893118128  1.0000000000
-3.1813080498  4.6812119716 16.8704342381 -0.1709769100 -0.0258096272  1.0000000000
-0.5182557064  4.9925828721 16.2111833303 0.1441665289 0.0134514964 1.0000000000
-3.1992222418  6.8404048464 16.4020189981 -0.2222721581  0.2574392450  1.0000000000
-2.4768822164  4.2864150325 16.8777860957 -0.0970282421 -0.0760775082  1.0000000000
 0.2978789805  4.7598754970 18.5891672843 0.1717527101 0.0382406857 1.0000000000
-2.4877443556  3.6278031443 18.8273678826 -0.0948674894 -0.1494039791  1.0000000000
-1.3691590006  6.1247602577 18.2744023239 -0.0316756873  0.1763571903  1.0000000000
-1.7820419991  6.0474571089 16.1051343431 0.0160833507 0.1567228633 1.0000000000
-3.1255646507  4.1829862271 18.3494175013 -0.2303216697 -0.1053669522  1.0000000000
-1.3032191670  6.6214169649 15.4287426834 0.0633844989 0.2865427519 1.0000000000
-2.4013243344  6.8971526181 17.2479280592 -0.1485622047  0.1971963410  1.0000000000
-0.9613780661  6.1034210347 14.9703329765 0.1194139620 0.1282924295 1.0000000000
-2.8607922181  6.0898570819 18.9867090836 -0.1779059081  0.1286295228  1.0000000000
-2.4450493904  3.4952741556 15.8060125318 -0.0703763088 -0.2337561812  1.0000000000
 0.1468360751  6.5725700999 18.0638521801 0.1139532709 0.2418466533 1.0000000000
-0.5958312765  3.8567332372 14.6002429882  0.2172149456 -0.2083137841  1.0000000000
 0.0302669788  5.2563848485 18.1060603245 0.1873077415 0.0730515153 1.0000000000
-1.0321813813  3.2409473248 16.9636786198  0.1357829144 -0.2199449030  1.0000000000
 0.2544243357  3.2419108154 18.0789441238  0.1924649546 -0.1233170552  1.0000000000
-0.2437011520  5.6356699622 17.9733513991 0.0970029286 0.0633830558 1.0000000000
 0.2502463094  6.5359484244 17.9184692138 0.1576562694 0.2458851433 1.0000000000
-1.9573488903  5.5800587045 17.0798240353 -0.0568497205  0.0735240363  1.0000000000
-1.9451201613  5.9359443707 16.3720783257 -0.0554499375  0.1111254504  1.0000000000
-2.3654845868  3.2928454459 16.4610251928 -0.0719918263 -0.1944627691  1.0000000000
-1.0492823025  6.5316578229 16.5999563342 0.0778529607 0.2087970525 1.0000000000
-1.7643062602  5.8366042027 17.3811768657 -0.0145012818  0.1360157266  1.0000000000
-1.9571709374  5.3343194708 15.9186888870 -0.0263464904  0.0247662981  1.0000000000
-2.6036594831  3.9364416594 16.2153919547 -0.0888224155 -0.1123297575  1.0000000000
50
-1.4588089827  3.2894499919 18.1588601017 -2.2727907914  6.4136872408 18.3623202144 -0.0040214309 -0.1561494380  1.0000000000 -0.0853103578  0.1893843203  1.0000000000
-2.5677484458  5.9986980187 17.5390626627 -0.3440578775  3.4373555012 15.9702243832 -0.1469651403  0.0897170536  1.0000000000  0.1990903618 -0.1905913126  1.0000000000
-0.9939450510  4.8180503225 18.3732945588 -1.0012402598  6.4749683960 15.8915931181  0.0305285650 -0.0301010130  1.0000000000  0.0902648115  0.2295364160  1.0000000000
-1.3103438848  4.6910396998 17.4529208254 -2.5575596689  6.6718734907 15.4731202138  0.0224028056 -0.0235360653  1.0000000000 -0.1953079152  0.2379710449  1.0000000000
-0.2218802845  3.9122974253 17.1995057572 -3.0998609519  5.1145772824 18.7730947043  0.1538772540 -0.1323442681  1.0000000000 -0.1568590436  0.0416326444  1.0000000000
-3.0026864784  4.9318412299 16.0449941873 -3.2241494045  3.9154092709 17.9679698931 -0.1283212896 -0.0787524833  1.0000000000 -0.2081535134 -0.1152046770  1.0000000000
 0.1149315437  5.9469822717 18.6884574534 -0.0582719754  3.8512530798 15.1672442719  0.1367912854  0.1382118551  1.0000000000  0.2562986451 -0.1895536474  1.0000000000
-2.0480231165  3.6652359733 14.8275460534 -2.1707351925  4.3455121757 17.2758998075  0.0102554916 -0.2870294069  1.0000000000 -0.0836968531 -0.0419275388  1.0000000000
-0.6837932278  3.0715080393 15.4142478915 -0.8869682404  3.1222382804 17.6269650335  0.1728341676 -0.3215348877  1.0000000000  0.0588705718 -0.2215998656  1.0000000000
 0.0682343908  6.0516929225 14.8780203914 -1.2184841506  5.4103070681 18.3483782474  0.2648412165  0.1745035789  1.0000000000 -0.0058734357  0.0525575393  1.0000000000
 0.6317121895  6.2591450005 18.3338806555 -2.9314687960  5.9157979629 15.4080250747  0.1479623865  0.1717483106  1.0000000000 -0.2054371676  0.1651504209  1.0000000000
-3.5377902961  5.8508822798 15.7208108949 -2.1581940542  6.0657067340 18.8702852374 -0.2898765615  0.0878906957  1.0000000000 -0.1102595347  0.1597456240  1.0000000000
-1.7284264035  6.1698019847 18.5983508894 -0.7938005789  4.7640071371 16.1252025481 -0.0338766428  0.1546783679  1.0000000000  0.1590124193 -0.0367808407  1.0000000000
-0.4524337869  5.5340905817 17.5424101114 -0.3060624335  4.7159112501 16.5835036743  0.1169653014  0.0945920750  1.0000000000  0.1697771267 -0.0249446316  1.0000000000
-1.4523397180  5.1165211011 15.4193662093 -2.8461731480  4.7096186383 15.3513522258  0.0443394678  0.0563219825  1.0000000000 -0.1863969685 -0.0707594010  1.0000000000
-2.9135338027  4.0789150969 17.3545488111 -0.2869316751  4.1714501698 16.7825602696 -0.1540360676 -0.0924516076  1.0000000000  0.1638848762 -0.0458824429  1.0000000000
-1.5275651666  4.6694067916 17.8015627080 -2.2339023114  4.4654787577 17.9991110502  0.0058689565 -0.0681469045  1.0000000000 -0.0821629398 -0.0627375895  1.0000000000
-3.2970071197  4.4381009843 15.0760239627 -1.1778666546  5.5268673291 16.3786201076 -0.2293810279 -0.1497407159  1.0000000000  0.0953057254  0.0214431865  1.0000000000
-2.6719978137  4.5431992239 15.2875734294 -0.2464986827  5.9602482386 18.0816605458 -0.1274699238 -0.1024175132  1.0000000000  0.1365649064  0.1441390801  1.0000000000
-2.2532055643  6.7863408992 17.7230824981 -1.3758320049  3.3157550213 15.3859306053 -0.1443485878  0.2034490841  1.0000000000  0.0795576969 -0.2542106580  1.0000000000
 0.0438339695  5.5042787785 16.4251640837 -2.6481893295  3.8566125175 17.2286060047  0.2529361500  0.0773873939  1.0000000000 -0.1152255264 -0.1273997244  1.0000000000
-0.6602903664  6.7548764815 16.5907271452 -2.8443293783  5.7979068759 18.6884206919  0.1023023858  0.2014902584  1.0000000000 -0.1440096083  0.0729387384  1.0000000000
-2.1219915397  6.1551148066 15.7365068131 -3.6919349109  3.7362011709 16.2185740523 -0.0148443209  0.1264836958  1.0000000000 -0.2716872906 -0.1922853246  1.0000000000
-2.0194215517  3.6928207844 18.3841914096 -3.2144249647  3.3890081535 15.5992760669 -0.0457806741 -0.1180268884  1.0000000000 -0.1862662205 -0.2611885824  1.0000000000
-2.6939727075  5.5126031438 18.8524989320 -2.8108019068  6.6682619979 15.9751111419 -0.1470628157  0.0158140846  1.0000000000 -0.1814454300  0.2194812343  1.0000000000
-0.0496487596  3.9197465032 17.7520198839 -2.9798664041  6.5383954789 18.0776155124  0.1813477971 -0.1113198977  1.0000000000 -0.1680869397  0.2128824478  1.0000000000
-3.2198718409  4.1023199302 18.7256682575 -0.5441736806  3.5640498803 17.0004149844 -0.2097234901 -0.0702065726  1.0000000000  0.1067751925 -0.1750622081  1.0000000000
-1.3993735858  4.2577877551 17.5759968224 -1.1135038859  5.7593467088 15.1731636217 -0.0349806037 -0.0881281822  1.0000000000  0.1066581706  0.0799963198  1.0000000000
-0.2576949841  5.2937090844 15.0373103478  0.1686132031  5.8360448771 16.4414413908 0.2442711513 0.0513904250 1.0000000000 0.1977666878 0.1350401312 1.0000000000
-1.0557442471  5.5872713149 17.2370662386 -1.4190353999  6.2974684244 17.8904819087  0.0521928703  0.0661553010  1.0000000000 -0.0223447578  0.1702189294  1.0000000000
-0.1714581111  5.3537403365 18.3373829627 -0.7735523146  4.2760815595 17.6629124925  0.1529152827  0.0530606838  1.0000000000  0.0973887879 -0.0704102756  1.0000000000
 0.4518219709  3.8695011905 17.6965615737 -2.5120980022  6.5399905295 18.5802439707  0.2117292368 -0.0751843700  1.0000000000 -0.1365791328  0.1539778071  1.0000000000
-1.3558390496  5.3954455848 17.2892177520 -2.9286231718  6.0546098966 15.6285397060  0.0055542524  0.0679322255  1.0000000000 -0.2254495121  0.1101881268  1.0000000000
-0.3012639551  5.9143157979 17.8775088026 -1.5719394821  3.8102889812 17.2753677610  0.1166611719  0.1498617242  1.0000000000  0.0086103310 -0.1357001102  1.0000000000
-2.6549804214  6.2924100405 17.4132963995 -3.5126961020  5.4243738936 15.7474493197 -0.1582617120  0.1684943298  1.0000000000 -0.2598792888  0.0418876977  1.0000000000
-0.6198641823  4.5995525300 17.0993697015 -3.3010224133  3.9102562981 16.4556476926  0.1151671180 -0.0208831729  1.0000000000 -0.1919859979 -0.1465176741  1.0000000000
-2.3559055752  3.2556464363 14.8723065503 -2.3651152807  6.6151685549 15.2065177783 -0.0920884942 -0.3303410297  1.0000000000 -0.0939777682  0.2743339772  1.0000000000
 0.0601067806  4.7685784456 15.2700173972 -0.7544458181  5.0516334696 17.5283450448  0.3430850664 -0.0357327799  1.0000000000  0.1073696204  0.0517870546  1.0000000000
-1.5314275778  4.0945305802 18.2485670336 -0.5269783689  6.6917383004 17.3983007437 -0.0180696134 -0.0430652523  1.0000000000  0.0776213771  0.2336670672  1.0000000000
-1.6698356758  5.2491819486 15.3083328937 -3.3218041890  5.8690970242 16.3406816820  0.0196965604 -0.0098006819  1.0000000000 -0.2137302351  0.0707711713  1.0000000000
-1.6925017721  4.1576678705 16.0563620502 -0.9526783989  5.7272989359 15.0103334010  0.0323150363 -0.0881561339  1.0000000000  0.1482528655  0.0952305489  1.0000000000
-0.8543215440  5.8377977602 15.4019651221 -1.2221177297  5.7370585880 17.0777629761 0.1469592661 0.1267192974 1.0000000000 0.0464833797 0.1400802585 1.0000000000
 0.7949446870  6.1347056062 18.1589794526 -1.0598018203  5.0690376542 18.0993739627 0.2389094317 0.1898116001 1.0000000000 0.0704286995 0.0385671461 1.0000000000
 0.0064019628  4.6374552642 16.5092841585  0.0163397762  2.8901478297 18.1559695780  0.1923360346 -0.0147807206  1.0000000000  0.1391376808 -0.1334576539  1.0000000000
-1.9772676352  3.6162550235 17.2853725917 -3.4341892296  5.0805336535 15.7189017764 -0.0476578248 -0.1616673867  1.0000000000 -0.2576155051 -0.0196925781  1.0000000000
-2.1774851140  6.2579376383 15.9313813804 -3.2359073402  6.2827183947 18.1379569565 -0.1120485348  0.1493237174  1.0000000000 -0.2439529635  0.1579519273  1.0000000000
-0.6145177859  6.7930420775 16.5865284236 -2.0920935352  5.2224106747 15.3872700252  0.0998486877  0.2531436077  1.0000000000 -0.0655053655  0.0110856105  1.0000000000
-2.2744694889  4.4488685374 17.5575997601 -0.0592820722  3.5693775187 17.1188911170 -0.0751302841 -0.0251618437  1.0000000000  0.1711085568 -0.1407205303  1.0000000000
-2.2954656996  5.8631166396 15.9661281616 -2.1142139495  5.6703086589 15.4888167922 -0.0739903317  0.1173595367  1.0000000000 -0.0758468172  0.0566882238  1.0000000000
-1.0655860991  3.7303065821 18.6190123516 -3.4893413640  4.8006306345 16.6484189182  0.0085230747 -0.0943701158  1.0000000000 -0.2602076113 -0.0519108435  1.0000000000
