219.9000000000
50
-4.5649113165 -2.1198958539  4.5160132647 -0.1657037174 -0.0195585489  1.0000000000
-2.3881673810 -3.5082573511  2.8532412549 -0.1769996297 -0.1653675897  1.0000000000
-3.1397774901 -3.9892844892  5.3599389887 0.0471718089 0.0726308391 1.0000000000
-5.4231543753 -4.2212504389  4.5378856203  0.0556618351 -0.1368909997  1.0000000000
-2.3067403444 -3.1391579552  5.1452404712 -0.0554392437  0.1718270820  1.0000000000
-3.0711599521 -2.5197340703  2.8991790686 -0.2474680073 -0.1076598468  1.0000000000
-5.2627843892 -2.8746941751  4.7837211214 -0.0716673665 -0.0260099938  1.0000000000
-6.2548141450 -4.8306764799  4.5939437811  0.1668274894 -0.1154914392  1.0000000000
-6.3188647418 -4.6690015365  4.3478860039  0.1207965083 -0.1906827933  1.0000000000
-6.0472550512 -3.5196083590  3.4784170875 -0.0700823501 -0.1808191366  1.0000000000
-3.7636738445 -2.6086782404  2.7089359705 -0.1936714557 -0.1743563096  1.0000000000
-4.8173242046 -4.9275349597  4.8724938670  0.1563007751 -0.0840491283  1.0000000000
-2.7980645105 -4.8190625730  6.5287689546 0.2119410860 0.2583812897 1.0000000000
-3.9339074019 -2.6382886230  4.7584117803 -0.0997304832  0.0320355846  1.0000000000
-2.5135332702 -1.8481901932  5.3483401200 -0.2130227307  0.1959208088  1.0000000000
-3.5761041854 -2.4249332524  6.0812639786 -0.0682930283  0.2199020768  1.0000000000
-2.7296882942 -4.7717763844  3.4342433925  0.0621540624 -0.1460810920  1.0000000000
-3.4919695138 -4.4018541915  2.8635894581 -0.0481735815 -0.2200104923  1.0000000000
-2.5878622818 -3.3273755282  5.6217225953 -0.0338850150  0.1888049019  1.0000000000
-3.5784945104 -3.8236558973  3.5483184533 -0.0709025124 -0.1315562352  1.0000000000
-3.9612551693 -3.3099536095  3.7716145766 -0.0636636511 -0.1388109360  1.0000000000
-5.7842287119 -4.6006881901  4.1595715851  0.0692124343 -0.1864370506  1.0000000000
-3.9046792956 -2.4990335715  6.5577646534 -0.0808065240  0.2352363708  1.0000000000
-3.8071415584 -5.0785351900  3.8294530344  0.1045596745 -0.1463462054  1.0000000000
-3.0928936623 -3.7013375808  3.3271129634 -0.1330644809 -0.1112160680  1.0000000000
-2.5353384821 -4.9421907312  4.8034542419 0.1262435186 0.1030692593 1.0000000000
-3.9533950217 -3.8409077432  3.1359596588 -0.0724285443 -0.1743527463  1.0000000000
-3.5505628830 -3.5408830522  4.9634008863 -0.0058159640  0.0377599576  1.0000000000
-4.0862076255 -5.1746809060  3.0729621733  0.0874566208 -0.3034259849  1.0000000000
-3.9658482875 -1.9889018283  3.8302519090 -0.2282882972 -0.0511667521  1.0000000000
-4.7855276775 -2.5832057960  5.8068029053 -0.0640968455  0.0987851036  1.0000000000
-2.3897215327 -5.6839984028  4.3300861730  0.2258405693 -0.0318228335  1.0000000000
-5.1963771124 -3.5841680046  6.6754346891 0.0806468944 0.1169081401 1.0000000000
-2.6846331094 -3.9053116584  4.2991113703 -0.0400533983  0.0271942052  1.0000000000
-3.3426733336 -4.4699061496  6.2643607938 0.1708975777 0.1749588199 1.0000000000
-1.7461002206 -2.4162313107  3.6062128916 -0.3029662839  0.0336673439  1.0000000000
-1.7013722413 -2.3639503198  5.2803507774 -0.2326900144  0.2292922161  1.0000000000
-4.9749253754 -3.7344987234  4.7127735199  0.0562069190 -0.0730950817  1.0000000000
-5.2174842585 -2.1335162183  2.8685856359 -0.2064756010 -0.1711273842  1.0000000000
-3.2729698793 -3.9915214358  2.5812876422 -0.1027460803 -0.2633350041  1.0000000000
-5.6431944246 -4.9564491457  5.6083766714  0.1693646530 -0.0577989202  1.0000000000
-3.7716261847 -5.3779752575  4.1456358143  0.2218037388 -0.1419888533  1.0000000000
-1.9408488268 -4.9193490040  6.2663072697 0.1854994507 0.2610019273 1.0000000000
-4.6766656223 -4.8866059570  4.9722581358  0.2097772799 -0.0409765755  1.0000000000
-3.9439139930 -2.3751053720  2.8209387916 -0.2216577412 -0.1964087265  1.0000000000
-2.6402901559 -4.6168935877  2.9050019250  0.0054002520 -0.2142418672  1.0000000000
-5.7857530987 -3.5578423994  4.6631232795  0.0051131911 -0.0661222772  1.0000000000
-2.8004878955 -4.3181137274  5.9380616505 0.1076523714 0.1686601493 1.0000000000
-2.8551083636 -3.3681197966  5.7033067454 0.0347327440 0.1476844209 1.0000000000
-4.0518307014 -3.1893653716  3.1445273875 -0.1408267905 -0.2103544979  1.0000000000
50
-4.4233186490 -5.7685688550  3.7353383857 -2.2839833666 -2.3151535654  5.3889664445  0.1973149781 -0.1977820773  1.0000000000 -0.1916651152  0.2304958259  1.0000000000
-3.7231458668 -1.9419694044  5.1248404945 -4.7326886479 -3.4426071392  5.1712609081 -0.1464252596  0.0906344531  1.0000000000  0.0031677528  0.0375978021  1.0000000000
-3.5105389101 -4.4477111321  4.9479787908 -6.1528697267 -5.0736305569  3.9851948061  0.0889239237 -0.0013116366  1.0000000000  0.1508139417 -0.1974699083  1.0000000000
-4.9573447600 -1.9067661213  4.8250943915 -5.8234091551 -5.3480263826  4.8563338892 -0.1431134859 -0.0334337975  1.0000000000  0.2215678894 -0.1369740167  1.0000000000
-2.5883523723 -5.0167775694  5.3127829536 -3.7410909421 -4.9429432294  6.8717436258 0.1991098925 0.1142412739 1.0000000000 0.2145614237 0.1729061783 1.0000000000
-2.1831164107 -2.8161447184  2.8065716162 -5.4440629099 -4.7697390886  6.3606003735 -0.2703876409 -0.1740390775  1.0000000000  0.1865490456  0.0850150407  1.0000000000
-2.8123512932 -5.0700048218  3.5907673553 -3.2670197326 -3.4500761061  2.2356571609  0.0880289621 -0.1364130405  1.0000000000 -0.1063537477 -0.3188057414  1.0000000000
-4.7320709590 -4.4162933045  5.0551149363 -3.7133593370 -4.9847552532  4.1721403110  0.1241174069 -0.0173221508  1.0000000000  0.1066050765 -0.0842924423  1.0000000000
-2.9342035008 -3.5646666486  2.9038177081 -3.7427065771 -4.3881080691  2.8504998171 -0.1352662027 -0.1807379814  1.0000000000  0.0284415193 -0.2471111358  1.0000000000
-3.0453770310 -3.0231857444  2.9509197300 -1.2636733912 -2.2619486206  4.5356297394 -0.2343653810 -0.1671217223  1.0000000000 -0.2895813827  0.1953689987  1.0000000000
-4.8196361491 -2.2740742982  6.3839270297 -1.8643612130 -5.7319821677  5.7583971809 -0.0432645957  0.1199971711  1.0000000000  0.2956522734  0.2147357304  1.0000000000
-4.6171319686 -1.8699903567  6.2553396209 -4.6937865404 -3.2481762805  3.0211933318 -0.1086094664  0.1807212731  1.0000000000 -0.0838473786 -0.1956641389  1.0000000000
-4.4855716104 -3.9056562859  6.2771599219 -4.6928915658 -6.0671290441  4.0404366000  0.0837303834  0.1193568082  1.0000000000  0.2704757150 -0.1927510032  1.0000000000
-2.9092734999 -3.2743623601  3.1111543594 -3.3771479171 -2.8867145648  4.5138899511 -0.1573522003 -0.1533603033  1.0000000000 -0.1094090801  0.0502634342  1.0000000000
-4.8267920078 -2.9877302837  6.2861842904 -1.5609653704 -3.2789617042  4.9369471226  0.0260751947  0.1364353525  1.0000000000 -0.1251903242  0.1829297873  1.0000000000
-1.6230010362 -2.7594525003  4.6665814529 -3.3262543682 -5.2771812070  6.2681623215 -0.1578260360  0.1507855086  1.0000000000  0.2516390507  0.1364909877  1.0000000000
-3.1990235993 -4.9372157873  5.8388466849 -4.7135980101 -5.3832743748  4.8199097510  0.1972382078  0.0691682841  1.0000000000  0.1990365792 -0.0750221158  1.0000000000
-5.8576834418 -4.4552663659  4.0124712235 -4.0318555233 -4.6803125772  5.4222465448  0.1038363144 -0.1561519648  1.0000000000  0.1504130564  0.0431405576  1.0000000000
-3.2330688129 -1.7874700356  5.0672316633 -5.2030610465 -4.2018489308  4.1922229126 -0.1875662268  0.1272844861  1.0000000000  0.0258728542 -0.1242892149  1.0000000000
-6.1259023152 -3.2298435185  3.9214476870 -4.1042989094 -3.0423606024  3.1316351679 -0.0542002013 -0.1477911772  1.0000000000 -0.1436765116 -0.2025893307  1.0000000000
-5.5932356321 -5.4674967922  4.9076964613 -5.3958265566 -4.0365916516  6.2581841226  0.2138302653 -0.0847221696  1.0000000000  0.0966793199  0.0750293587  1.0000000000
-6.0948057107 -3.7482330581  3.6138543270 -4.7436966816 -4.4679084759  5.9354025569 -0.0005900448 -0.2057478127  1.0000000000  0.1379657273  0.0844673668  1.0000000000
-4.7129407608 -5.0579474582  5.4253745470 -3.9896260977 -4.3319455712  2.7687440294  0.1928553806  0.0116237404  1.0000000000 -0.0418756416 -0.2193101783  1.0000000000
-2.1526015236 -3.1448602637  4.0137890196 -2.8745116277 -4.1557190504  3.4590936535 -0.1776485833  0.0131963846  1.0000000000  0.0017543370 -0.1441495778  1.0000000000
-5.1285329508 -3.9407247799  4.4034175975 -2.2503092728 -4.7369608058  5.5308066063  0.0366030920 -0.1061678479  1.0000000000  0.1409680168  0.1450271455  1.0000000000
-3.4414950158 -5.6317607545  5.4208781010 -3.1769735496 -4.4309891169  4.7628072796 0.3035459480 0.0179593592 1.0000000000 0.0906717528 0.0252431563 1.0000000000
-2.4352299790 -4.8862693662  4.2035481807 -4.3125006334 -3.2051257511  3.4591194197  0.0747648941 -0.0305675567  1.0000000000 -0.1293346228 -0.1435639013  1.0000000000
-2.8035411285 -4.4570200203  6.2055086385 -3.4866423099 -5.3524740419  3.7650960511  0.1649018314  0.1947080780  1.0000000000  0.1344670043 -0.1602918549  1.0000000000
-4.6608485052 -3.0719920847  4.1203685283 -5.3848066604 -3.7261731611  5.3743045142 -0.0508165596 -0.0715875762  1.0000000000  0.0554529080  0.0126796395  1.0000000000
-3.9149990858 -5.6737536527  4.1768623329 -5.5327749204 -4.0307902524  5.0933063195  0.2063173787 -0.1339118107  1.0000000000  0.0760600804 -0.0631206588  1.0000000000
-3.7136834837 -2.3648618226  5.2999191998 -5.0539563999 -5.0774012163  3.6105373392 -0.1164673690  0.1146671294  1.0000000000  0.1543254404 -0.2186286233  1.0000000000
-3.2405089719 -3.4039575143  2.5612165638 -4.8212781913 -2.8490073014  5.6318488969 -0.1629742153 -0.2553460786  1.0000000000 -0.0432888756  0.0656908653  1.0000000000
-3.1789541832 -3.9294347581  2.2075229273 -5.6119326257 -3.6270130431  4.3198592588 -0.1272917364 -0.3284419440  1.0000000000 -0.0023486455 -0.0850703459  1.0000000000
-3.8318634891 -4.3630524006  6.8779515564 -4.7750071187 -2.2027883860  6.2405306830  0.1948338707  0.2150114252  1.0000000000 -0.0992319862  0.1402919106  1.0000000000
-4.5697108380 -4.2440749513  3.7608234334 -4.5723469248 -5.9048503999  3.8085373406  0.0263282827 -0.1819609405  1.0000000000  0.2756426898 -0.2023373150  1.0000000000
-2.1422314803 -4.6247775901  5.1451663714 -3.6110412268 -4.9657141800  4.0731734151  0.1207866195  0.1246743182  1.0000000000  0.1037034726 -0.1011377752  1.0000000000
-2.4055327423 -5.4213224547  4.6497811900 -3.0996160966 -4.0773693615  3.9495230203  0.1837523557  0.0032458961  1.0000000000 -0.0262676374 -0.0851085342  1.0000000000
-4.3270246940 -3.4811730570  4.9655381172 -5.6800336805 -4.1627028143  5.2592693983  0.0097237311 -0.0067722843  1.0000000000  0.0921249960 -0.0809088156  1.0000000000
-4.4032863491 -4.8512064690  3.2293196896 -2.1146436854 -3.4272585546  6.0902263412  0.0435536545 -0.2588567542  1.0000000000 -0.0048310485  0.2627616005  1.0000000000
-4.0513756042 -4.2156585401  5.2020590087 -1.7486278771 -4.5394822854  6.2610643094 0.0558874046 0.0181745412 1.0000000000 0.1583829285 0.3060627794 1.0000000000
-2.7842185090 -4.4881756677  2.5957576261 -4.8408148099 -4.4889820872  4.9969451838 -0.0323435091 -0.2643029237  1.0000000000  0.1003314079 -0.0617227018  1.0000000000
-3.3642524149 -2.9720125406  4.1172237294 -2.5143574971 -4.3160776362  5.2949772042 -0.1183369479 -0.0220402191  1.0000000000  0.1098973497  0.1279170453  1.0000000000
-4.4477155213 -2.3817296012  4.0221261656 -2.8931538943 -4.5219934778  3.6651831370 -0.1424143254 -0.0897472660  1.0000000000  0.0207505718 -0.1172293339  1.0000000000
-4.7566225025 -3.4010743705  6.1650569871 -3.0137838248 -3.5140694543  6.5568412198 0.0021284778 0.1078493309 1.0000000000 0.0485870652 0.2248206855 1.0000000000
-5.1283188558 -1.7901978518  5.0001299731 -3.6811762297 -2.0423912696  4.8987020326 -0.1721888456  0.0441091767  1.0000000000 -0.1727655630  0.0767352534  1.0000000000
-2.6842352266 -2.6389738470  4.8065427165 -4.9653032242 -3.9644487134  4.9121280774 -0.1552970156  0.1251086112  1.0000000000  0.0813533077 -0.0542943909  1.0000000000
-2.9742471110 -1.8711803055  5.1971561926 -5.5598259787 -5.0872139058  3.7979763959 -0.1783168243  0.1341511300  1.0000000000  0.1213942625 -0.2283752446  1.0000000000
-2.6798917828 -2.4796930610  4.7835108905 -3.1216488230 -3.3021403016  5.9364153693 -0.1776233039  0.1575815678  1.0000000000  0.0168054272  0.1745384991  1.0000000000
-1.5172574160 -3.0312514411  4.4539194090 -4.4124749124 -2.9152322611  3.4271420443 -0.1899366181  0.1430377338  1.0000000000 -0.1607641383 -0.1345976729  1.0000000000
-3.2728052094 -5.5052566796  3.5051293616 -2.4874967481 -3.4916186410  5.2999069828  0.1614613232 -0.1609430454  1.0000000000 -0.0482604785  0.1881545860  1.0000000000
