541.9000000000
50
 2.1834619628 -8.9910229062  8.0670508102 -0.1322666640 -0.1243517031  1.0000000000
 4.5556244640 -8.5132779744  5.6164131256  0.2702514244 -0.0334715342  1.0000000000
 2.1718382125 -6.5788931092  9.3206056676 -0.2190009052  0.1358039444  1.0000000000
 1.5391151601 -6.8515106421  6.6786301284 -0.2360269087  0.1023920092  1.0000000000
 1.5079644637 -9.1995516269  8.7328423027 -0.2307656686 -0.1887159577  1.0000000000
 5.3361723993 -7.2002598993  8.5920610499 0.1619812068 0.1281788894 1.0000000000
 2.3038720623 -8.0290766731  7.2548957639 -0.0865543514 -0.0147606658  1.0000000000
 4.4614285470 -7.7270868913  7.2820078510 0.1323495702 0.0621002277 1.0000000000
 4.4581957723 -6.5621851334  6.0684134501 0.1686201948 0.2544350861 1.0000000000
 2.3879036846 -9.7454611580  6.6479169725 -0.0254244479 -0.2560998631  1.0000000000
 3.9296312088 -9.1683079456  7.1310528227  0.1289124516 -0.1080398140  1.0000000000
 2.0304479863 -8.6172064442  5.4944219487 -0.0667869669 -0.1398775664  1.0000000000
 4.1970093871 -9.3873067426  8.1193578354  0.1057543928 -0.1044666979  1.0000000000
 3.4377401492 -8.6435087696  7.0809092084  0.0389134592 -0.0836498192  1.0000000000
 4.4844692119 -8.7514933999  7.2731980066  0.1626717365 -0.0691519323  1.0000000000
 3.3665295287 -9.1848663066  7.0001018030  0.0478485287 -0.1473171804  1.0000000000
 4.2579135758 -8.3255536917  8.7304370371 0.0589755584 0.0393522831 1.0000000000
 1.6352162137 -8.5490831979  8.1399644987 -0.1697841897 -0.1014404551  1.0000000000
 3.6631892962 -9.7652525473  6.8278601889  0.1104567466 -0.1907202426  1.0000000000
 1.6818094817 -7.4116488068  8.0373525591 -0.2034862056  0.0442592490  1.0000000000
 3.2386251846 -8.9439444965  8.3785485026 -0.0197679466 -0.0427589623  1.0000000000
 1.3061702286 -6.5057371694  6.2619679921 -0.2508534310  0.1031905602  1.0000000000
 1.5784074892 -7.7977225525  7.0283800919 -0.1489538264 -0.0170328561  1.0000000000
 1.2261855794 -9.4631903584  8.4332326582 -0.2254135595 -0.2055927332  1.0000000000
 3.2816435873 -6.3658436254  5.6835420907 0.0760388297 0.2383972734 1.0000000000
 2.0496506878 -7.6966182281  6.8730136396 -0.1036054198 -0.0349147172  1.0000000000
 4.3361737148 -9.9549947869  7.9194142766  0.1129343838 -0.1929470260  1.0000000000
 3.4412589854 -9.1359082478  5.3244930603  0.1542787557 -0.2374738864  1.0000000000
 3.0322195095 -6.0566325161  6.4424990280 -0.0354742381  0.2732206054  1.0000000000
  4.8158838465 -10.5489108974   7.4663887097  0.1919787148 -0.2142085654  1.0000000000
 2.8170382387 -7.9838109181  5.6180383180  0.0962315808 -0.0323741428  1.0000000000
 3.3018659481 -8.0152757484  8.5660149957 -0.0473190163 -0.0026293242  1.0000000000
 3.0583609510 -7.2075548435  6.4117700886 0.0135225874 0.1294642335 1.0000000000
 4.4096742196 -7.4525526913  6.0968948962 0.2074190510 0.1062023127 1.0000000000
 2.7578691892 -8.7820657588  5.9286806067  0.0423044006 -0.1262807021  1.0000000000
 4.1186082925 -8.2201309149  7.6845062836 0.0903991488 0.0221088016 1.0000000000
 1.7040482295 -8.5065056779  9.0179200687 -0.1984932625 -0.0777573664  1.0000000000
 3.5988110959 -9.5699068357  4.7719407151  0.2869928106 -0.2312003651  1.0000000000
 0.9233838573 -7.1639861513  5.9213629402 -0.2667316553  0.0338034530  1.0000000000
 1.8611568841 -7.4596895526  5.5360799204 -0.0991816212  0.0223969585  1.0000000000
 1.3899300720 -9.3076091458  7.3490834581 -0.1766533391 -0.2127263419  1.0000000000
 1.6586681091 -7.5678125654  5.5436385627 -0.0667396235 -0.0309762929  1.0000000000
 2.5483019695 -5.9499230996  8.3982449525 -0.1968857703  0.2453156088  1.0000000000
 3.0904408449 -6.6047508508  6.7793571482 0.0198629475 0.1521865059 1.0000000000
 4.2719073521 -8.7762840865  7.1268115251  0.1300852193 -0.0151666284  1.0000000000
 0.5087104346 -9.0463931487  6.3619364458 -0.2637493906 -0.2748916110  1.0000000000
 3.6064861321 -9.7743384686  6.5099011787  0.1085913169 -0.1974981418  1.0000000000
 4.1246797393 -6.2580791400  7.3938930143 0.0901562652 0.1664243549 1.0000000000
 2.7659163389 -9.6520479460  5.3066544476  0.1092215203 -0.2537553201  1.0000000000
 3.8258008412 -8.7582959187  7.3149377314  0.1008095315 -0.0602223431  1.0000000000
50
 4.1919780576 -8.2506080720  7.4716320574  1.8842518268 -6.3881514255  6.3230942728  0.1326946729 -0.0060844673  1.0000000000 -0.1368175426  0.1408905638  1.0000000000
 1.9511829151 -5.8439135877  6.3950180741  1.6434742353 -8.2793166565  8.9854115233 -0.1550758138  0.2305695845  1.0000000000 -0.1958204525 -0.0084070157  1.0000000000
 1.9935693611 -9.0014587792  6.0186400723  3.0971554217 -9.3692306737  8.2881072800 -0.0781116936 -0.1983875712  1.0000000000 -0.0223810293 -0.1512294372  1.0000000000
 4.4075440486 -6.6459064057  8.9497505271  3.2569304208 -7.8367486848  6.8973719738 0.0287122601 0.2029502056 1.0000000000 0.0013653613 0.0347467685 1.0000000000
 2.5205610268 -8.9057629249  5.1843085539  4.6999591568 -6.6941644312  5.3029846800  0.0701076015 -0.2277592357  1.0000000000  0.3022860762  0.2661708209  1.0000000000
 3.4631089522 -7.8938885019  8.2920246999  2.4937126095 -6.9442620170  7.5822004706  0.0028510970  0.0339964482  1.0000000000 -0.0828916619  0.1155160094  1.0000000000
 2.6596147394 -6.4157598003  8.4608705761  4.0635503491 -7.5111857609  8.5304706699 -0.1323703784  0.1447487154  1.0000000000  0.0656244359  0.0919057221  1.0000000000
 4.8686822851 -6.8997842197  8.3618538531  4.5680533862 -7.3292250763  5.7682160525 0.0920054960 0.1536726021 1.0000000000 0.2478366864 0.1088997048 1.0000000000
 4.9428126654 -7.6309966772  7.5383889064  2.1240517394 -9.0360331512  6.3519511102  0.1753498044  0.1026180725  1.0000000000 -0.0093720681 -0.1908059230  1.0000000000
 3.6276106769 -9.3920361502  8.0520147168  2.8057206297 -8.3958410677  6.7055794796  0.0345885502 -0.1343468161  1.0000000000  0.0053524488 -0.0851189768  1.0000000000
 0.9602151708 -8.7520158371  7.0643876051  4.7214652416 -7.6629073574  7.8777746645 -0.2709950134 -0.2097063290  1.0000000000  0.1380565645  0.0955368144  1.0000000000
 2.9826654806 -8.1743253566  5.1903059422  2.0353413806 -8.4504236067  6.2617511431  0.1127040003 -0.0516152450  1.0000000000 -0.0483872094 -0.0965807650  1.0000000000
 2.2957353789 -9.1181841902  8.4306058972  4.8583382232 -8.4648355972  6.4105511103 -0.0671633596 -0.1680290513  1.0000000000  0.2753497838 -0.0507424756  1.0000000000
 3.4228303507 -9.1625707651  6.4012779192  4.1357160837 -8.1116193778  5.6715578457  0.0802754205 -0.1165252169  1.0000000000  0.1960607051 -0.0000020448  1.0000000000
 1.6139360165 -8.3802777424  8.2081433759  2.8528824075 -6.9084635989  6.2853940345 -0.1749533976 -0.0894912011  1.0000000000 -0.0058270976  0.1258580953  1.0000000000
 3.4607503809 -9.8983235758  7.6171963222  3.2466211756 -6.5796935558  8.4653360157  0.0733037009 -0.1891186464  1.0000000000 -0.0461909054  0.1096701307  1.0000000000
 4.4913337251 -6.5834515556  7.0241576173  0.7081894403 -8.7132024534  6.4804323974  0.1193000052  0.1554482573  1.0000000000 -0.2642870552 -0.2111546126  1.0000000000
 2.7061462600 -6.0761593467  7.7128103719  4.2861663831 -8.5631875206  7.7819494063 -0.0660328754  0.3002770667  1.0000000000  0.0977836333  0.0209450567  1.0000000000
 5.4916866520 -7.1601224605  7.4845827397  2.5376439535 -9.4022770763  6.8124786924  0.2103395904  0.1689884313  1.0000000000  0.0014072279 -0.1577950041  1.0000000000
 4.2164443948 -7.0963249549  6.0008676340  2.5552120679 -9.8168409882  6.4391680462  0.1740236839  0.1277769627  1.0000000000  0.0198020345 -0.2416148971  1.0000000000
 4.1593738007 -7.3699429675  8.2128429055  2.9702531461 -7.9015488942  6.9374624675  0.0829216949  0.1071968540  1.0000000000 -0.0110034427 -0.0126236232  1.0000000000
 2.6606531940 -9.8143718270  8.1095344697  3.0817444455 -9.0704915929  6.9488200424 -0.0790271945 -0.1760556991  1.0000000000  0.0618889425 -0.0980072373  1.0000000000
 3.4892037608 -6.9987567857  7.3329231511  5.2168919943 -8.3917693332  7.5144171742 0.0096683819 0.1001565228 1.0000000000 0.2387283167 0.0409388220 1.0000000000
 4.0935805046 -9.0465082554  6.6281207591  4.9119941960 -7.4150442694  6.4082578384  0.1785249641 -0.1076413662  1.0000000000  0.2512418848  0.1619159259  1.0000000000
  3.9605336035 -10.2056336938   8.2605911892   4.1139205978  -8.6475120292   7.5826693482  0.0675286760 -0.1419438734  1.0000000000  0.0873817663 -0.0554981266  1.0000000000
 2.3422246013 -8.8087435138  6.1338834567  5.4425369968 -7.9032062284  7.7416301188 -0.0232100954 -0.1629974542  1.0000000000  0.2066859730  0.0615871853  1.0000000000
 1.0531210707 -7.6379566038  7.0713187528  2.9527047698 -6.1445307854  8.3501166346 -0.2338564437 -0.0513815379  1.0000000000 -0.0813796413  0.2344119886  1.0000000000
 1.0526137735 -7.4128500022  6.9012619971  3.4854596752 -9.0229606871  7.9183697378 -0.2679268990 -0.0002986900  1.0000000000  0.0267275967 -0.0708323510  1.0000000000
 5.0411204264 -7.2700753802  7.4601213202  3.3067751724 -8.9889880179  6.9816063300  0.1519897929  0.1301669080  1.0000000000  0.0450885763 -0.1539228463  1.0000000000
 3.2958299564 -9.2578316727  6.6435392695  1.5129467783 -5.7826095781  6.5760462112  0.0859365504 -0.1677867669  1.0000000000 -0.1754302637  0.2595378335  1.0000000000
  2.5367733952  -9.3518889297   8.6542436509   4.1159851269 -10.2058441066   5.5670093986 -0.0757285788 -0.1029671527  1.0000000000  0.2921809665 -0.2464584991  1.0000000000
 2.3884998813 -8.5212369589  6.2899049004  1.9408379708 -9.6323082936  6.2931874011 -0.0259343270 -0.0919273930  1.0000000000 -0.0266052528 -0.2866908757  1.0000000000
 4.3588787908 -9.2187742618  6.5464459557  1.5539311404 -9.5336688322  7.5424502673  0.2483550328 -0.1070773682  1.0000000000 -0.1377757650 -0.2136887866  1.0000000000
 4.6206891511 -7.1852593033  4.9445943625  2.6265647465 -8.9239140247  9.0502829522  0.3461246953  0.1224005365  1.0000000000 -0.0801081800 -0.0746667341  1.0000000000
 3.2871508665 -7.0676755033  7.4098165096  2.6824109246 -6.1644973254  6.2409664716 -0.0161082478  0.1176040629  1.0000000000 -0.0445601524  0.2379969884  1.0000000000
 3.2174692291 -6.8522945158  6.1787359125  2.9146478496 -9.6812958711  7.0646287951  0.0612818212  0.1495956711  1.0000000000  0.0635272751 -0.1557728733  1.0000000000
 4.2927116499 -8.8821869790  6.6067920127  5.2044403339 -8.0870024972  8.2618933312  0.1593496967 -0.0850417520  1.0000000000  0.1465448691  0.0465102642  1.0000000000
 1.2653483808 -8.9091428423  6.8889416181  1.8015157593 -6.8092270465  6.5838690204 -0.1672330132 -0.1758881258  1.0000000000 -0.1764109989  0.1063825256  1.0000000000
 4.8650050223 -7.2138706080  6.1964321391  2.1801066302 -6.7793641870  7.1659742270  0.2212387133  0.1138486126  1.0000000000 -0.1377628563  0.1689366143  1.0000000000
 4.7409653354 -9.3123295127  6.9140267155  3.8374241743 -8.1362453370  5.0872526877  0.2424120462 -0.0660898693  1.0000000000  0.2015084439 -0.0273156462  1.0000000000
 3.7347165103 -7.2116350706  6.8893071192  2.9388449921 -8.7481225912  4.9196423917  0.0814015143  0.1296971433  1.0000000000  0.1528884262 -0.1607350858  1.0000000000
 1.8391987825 -6.5368617455  8.0167573194  3.8849153119 -7.1871929253  6.5349781463 -0.2025577187  0.1496293130  1.0000000000  0.1435454750  0.1140515326  1.0000000000
 3.5908178470 -9.8033382048  5.6161746990  2.8872101188 -8.7646612847  6.6507656392  0.1954189886 -0.2615205762  1.0000000000  0.0433131303 -0.1319398173  1.0000000000
 2.7525080878 -7.1323802222  7.7411618632  1.0630027339 -9.2114165628  7.6828241155 -0.0727152887  0.0874646059  1.0000000000 -0.2303657256 -0.1857751588  1.0000000000
 3.0309369051 -7.1027116836  8.2398370231  4.7873111092 -7.0989434242  7.3910792805 -0.0721569854  0.0883973927  1.0000000000  0.1126163112  0.1812110831  1.0000000000
 3.0371986356 -8.8003841956  7.0597303943  3.4958926135 -8.7460311619  5.2260985424  0.0152283975 -0.1158142170  1.0000000000  0.1719316681 -0.1055576576  1.0000000000
 4.1984526179 -6.8842363858  8.2607401865  2.6693788609 -8.9916775317  8.6258075190  0.0579564376  0.1458269779  1.0000000000 -0.1052867830 -0.0865552005  1.0000000000
 2.7549769891 -7.8126162541  7.3969662336  4.0062522994 -6.3834896425  6.4677955819 -0.0325903077  0.0543370581  1.0000000000  0.0763866129  0.2734578446  1.0000000000
 3.1692624460 -8.0556293647  8.7278791293  2.0562523370 -9.5606147494  5.8807017906 -0.1021537049 -0.0191732965  1.0000000000 -0.0435556554 -0.3080864692  1.0000000000
 1.8706469046 -6.5682789817  6.6287953190  1.3369978682 -7.8936756109  7.9793741149 -0.1847823920  0.1467350847  1.0000000000 -0.2146711615 -0.0221878637  1.0000000000
