903.1000000000
50
-2.2646363528 -7.5423156785  0.5518314940  0.0716417294 -0.2201704396  1.0000000000
 -2.7462946777 -11.1625108474  -1.0359641423 0.0530604880 0.1776414343 1.0000000000
-1.7805953927 -8.0179820300  1.0286663371  0.0119557005 -0.1778898295  1.0000000000
-2.6973095567 -8.3132738334  1.4246707035  0.1876823508 -0.1869616480  1.0000000000
-2.1780711903 -6.9858482252 -2.4365004953 -0.1497952409 -0.1697546508  1.0000000000
-3.0657594454 -8.5649718099 -1.0609558177 0.1019124503 0.0127512016 1.0000000000
-3.8039742321 -7.7264593461 -1.6187944980  0.1706031595 -0.0497963762  1.0000000000
-2.1530860278 -6.4566885125 -1.9963880416 -0.0921338480 -0.2644568566  1.0000000000
-2.8727664718 -6.6173983105 -0.7433378327  0.0739115527 -0.2452110033  1.0000000000
-2.8148835770 -8.4262840443  2.1113322743  0.1793633484 -0.1398106416  1.0000000000
 -3.1738342580 -10.5601379747   0.6634457218 0.1802524198 0.0522405965 1.0000000000
-1.2987041332 -8.9957853863  0.7522058623 -0.0270726549 -0.1216676463  1.0000000000
 -1.2579991264 -10.9850450859  -0.7752205734 -0.1355026134  0.1123932410  1.0000000000
-1.8438347472 -8.4050242730 -3.4615362840 -0.2803230564  0.0913211915  1.0000000000
-4.6815001959 -9.7308348701 -1.6046241746 0.2315849428 0.2389605139 1.0000000000
-3.4855826733 -9.5164614502  0.5130538183  0.2275128505 -0.0003033559  1.0000000000
-1.9145390401 -7.3014697542 -1.8069683411 -0.1379827520 -0.1683455393  1.0000000000
-2.4844043572 -8.5004045716 -1.9850246743 -0.0740502561 -0.0098906089  1.0000000000
-2.0357788703 -7.2864974344 -1.1850085138 -0.0423852950 -0.2063404508  1.0000000000
-2.5630929998 -7.1814824198 -0.6002567581  0.0712546995 -0.2497752656  1.0000000000
-3.9367038381 -9.2048343643 -3.2070218852 0.0763308887 0.3046008451 1.0000000000
-2.8530304025 -7.8572148587 -1.5871076934 -0.0009853443 -0.0787080105  1.0000000000
-3.2736037798 -8.1894699025 -2.7260071305 -0.0123067656  0.0850773772  1.0000000000
-2.1921460582 -9.8076110475 -1.0595148597 -0.0417682972  0.0763204619  1.0000000000
-2.3957362312 -9.1994703448 -1.0481832133 -0.0439298092  0.0093000176  1.0000000000
-4.0674803410 -7.6875928198 -1.6828536837  0.1495151178 -0.0039076874  1.0000000000
-3.2421521179 -9.1099467123 -2.0556585175 0.0065338578 0.1344779467 1.0000000000
-2.3177261677 -8.2137861922  1.0490897801  0.1057186455 -0.2229904276  1.0000000000
-3.4710950835 -9.7673379830  1.2622972390 0.1793760022 0.0128243716 1.0000000000
-1.8879918739 -6.3533971097 -1.9339186948 -0.1565315991 -0.3016264055  1.0000000000
 -2.1938159385 -10.1774141810   0.3529520761 0.0454990010 0.0026927077 1.0000000000
-2.6033171467 -7.1215939247 -0.4978755977  0.0381356008 -0.2466421359  1.0000000000
-2.9242964911 -9.9791367799  0.8067405213 0.1184349748 0.0070718990 1.0000000000
 -3.9879248449 -10.5694893729  -0.9516878267 0.1619587476 0.1978411014 1.0000000000
-2.8348294484 -7.8134703077 -1.9054778712  0.0134202872 -0.0250060736  1.0000000000
-0.2736737334 -8.0589240107 -1.0587459483 -0.2347939821 -0.1642752399  1.0000000000
-1.5212546014 -9.1338624314 -2.7941404252 -0.2524258342  0.1023583250  1.0000000000
-1.9689654297 -8.3481072045 -1.4546315576 -0.0840513695 -0.0575268365  1.0000000000
-0.4868351210 -9.3516433751 -0.4657752283 -0.1159220385 -0.0304333240  1.0000000000
 -0.5295816682 -10.2936027873  -0.9958795976 -0.1929520129  0.0416599167  1.0000000000
-0.8244922589 -7.9391208670 -1.3873225462 -0.2110793257 -0.1532770385  1.0000000000
 -1.2623440320 -10.0416321198  -2.4058261963 -0.2404838613  0.1442031368  1.0000000000
-2.9192533731 -8.2742103160 -2.7486973232 -0.0438023270  0.0694296345  1.0000000000
-1.0142637528 -9.7910145878  0.2124878310 -0.0798723609 -0.0245348032  1.0000000000
-4.5940686101 -9.8914222247 -1.2373920046 0.2134323536 0.1693419150 1.0000000000
 -1.3930307435 -10.3583112345  -2.4600741018 -0.1960595623  0.1995258007  1.0000000000
-4.0132408849 -9.7711957553 -2.3345376286 0.1057326124 0.2291448799 1.0000000000
-3.6607345185 -8.4077774353  0.7071535814  0.2659470860 -0.1156688865  1.0000000000
-1.1059448132 -9.6930639869  0.3540847882 -0.0636194067 -0.0649580669  1.0000000000
-1.2625248602 -9.0524167692 -1.1028031131 -0.1523220061 -0.0395696930  1.0000000000
50
-4.3791589254 -8.0900746680 -1.5471771655 -3.0256800770 -9.2957977513 -0.6897079683 0.2432696025 0.0433218299 1.0000000000 0.0648346067 0.0466310920 1.0000000000
-2.8271004243 -9.4986940056 -3.5537392566 -3.3762728328 -7.3189128227 -1.2477621876 -0.1092357230  0.2665671177  1.0000000000  0.1216603479 -0.1051938397  1.0000000000
-2.8605075894 -7.0298203235 -1.3418718419 -1.9172408254 -8.1435502680 -0.5530825717  0.0310799879 -0.1728021568  1.0000000000 -0.0196125995 -0.1422460427  1.0000000000
-3.1966567805 -9.2838482093 -3.2277021414 -3.7132404660 -9.6525492098 -1.9413302764 -0.0418140199  0.2226497215  1.0000000000  0.0729719948  0.2145922718  1.0000000000
 0.1788132241 -8.9982374654 -0.0769808235 -1.6170892414 -9.6356451804  0.3706777560 -0.1613492503 -0.1292826987  1.0000000000 -0.0057391141 -0.0275753948  1.0000000000
-4.1686312929 -9.0713127618  0.1253890263 -2.4115858599 -7.3080579933 -0.3287634882  0.2254072099  0.0012223412  1.0000000000  0.0038978609 -0.2300388456  1.0000000000
-2.8932170651 -6.8051728743 -1.6446860929 -3.5825875070 -7.8204453263 -0.7020200286  0.0312419433 -0.2106670100  1.0000000000  0.1872115726 -0.0712005228  1.0000000000
 -3.3090533886  -9.7643712767   1.2913953684  -2.0021984246 -10.5512566633  -2.5661730287  0.1804874103 -0.0068126192  1.0000000000 -0.1378732799  0.2363051419  1.0000000000
 0.1361512812 -8.5115538832  0.2256008060 -4.1876273684 -8.0428956202 -0.5514561093 -0.1719885051 -0.1858199702  1.0000000000  0.2380555328 -0.0401127484  1.0000000000
-0.3354185295 -9.3859874311 -0.1718174341 -1.6561894307 -9.1992851962  0.8157659718 -0.1762498119 -0.0421884409  1.0000000000 -0.0076828232 -0.1211963629  1.0000000000
-1.4701259824 -9.8953479708 -2.7868686965 -1.0340945285 -7.9154228720 -1.5082623165 -0.2708551832  0.1815294753  1.0000000000 -0.2066436291 -0.1627476260  1.0000000000
-0.7812288902 -9.3438840678  0.3639382003 -2.9832753836 -9.1808115429 -1.0072563111 -0.0508087245 -0.0757782742  1.0000000000  0.0599166024  0.0139740157  1.0000000000
-1.3785082599 -8.5840219389 -2.6676378108 -0.8098834545 -6.8164751548 -1.8936885440 -0.2568438123  0.0048170281  1.0000000000 -0.2603572463 -0.2529459062  1.0000000000
 -1.8536472826 -10.2733982985  -3.0295954671  -2.2424736844  -8.0780195046  -0.7003103423 -0.1749996904  0.2418039401  1.0000000000  0.0387897205 -0.0676457845  1.0000000000
-3.4322266831 -7.6422371903 -0.1511777473 -0.6441178886 -7.8406043855 -1.1503112776  0.1830831508 -0.1651283861  1.0000000000 -0.2533245727 -0.2154437666  1.0000000000
-4.7852264773 -8.0739850891 -1.6826757191 -2.5607372059 -9.6086733173 -3.8502032919  0.2837404706  0.1077424933  1.0000000000 -0.2088050330  0.3329595158  1.0000000000
-3.3569396800 -9.7793370234 -2.9018227763 -0.8615167007 -8.7922087146 -1.9130911422 -0.0330878781  0.2570966848  1.0000000000 -0.2448679379  0.0048113303  1.0000000000
-3.7022405196 -8.6908168995 -2.5280010778 -4.0311151663 -9.4812137977 -2.7135199210 0.0980351959 0.1602851777 1.0000000000 0.1013496983 0.2682856741 1.0000000000
-3.1605203852 -7.5458073299 -1.5116106132 -4.4867911391 -9.2617485137 -1.6143133609  0.1077021939 -0.1190733408  1.0000000000  0.2321687075  0.1875393452  1.0000000000
-0.2101250715 -8.4033733010 -0.6125962420 -1.6418422202 -9.6177236004 -1.8476529781 -0.2220096110 -0.1868407601  1.0000000000 -0.1129318877  0.0807623991  1.0000000000
-3.5555369058 -9.8551134880 -0.5697037912 -3.7363213302 -9.9185767118 -1.0079895464 0.1370479280 0.0947340656 1.0000000000 0.1248596038 0.1165106567 1.0000000000
 -3.6086469390 -10.9165981913  -1.0195218374  -1.9781344086  -7.9932021811  -2.7026969133  0.1593014505  0.2421303838  1.0000000000 -0.2137620211 -0.0070347254  1.0000000000
-4.5406987987 -8.2308364832 -1.3623208595 -3.5523265030 -9.9327112076 -0.0903680268 0.2561627371 0.0459706942 1.0000000000 0.1911332199 0.0983335761 1.0000000000
-1.9794407991 -9.6202472780 -2.8386140369 -2.9083280649 -8.3812555648  1.8527655498 -0.1723173439  0.1482792951  1.0000000000  0.2068446633 -0.1964797542  1.0000000000
 -1.1203371014 -10.5073984923  -1.6208769634  -2.8515201375  -9.0064816001   0.7431520939 -0.1485690351  0.1352517133  1.0000000000  0.1638419231 -0.1140503037  1.0000000000
 -2.2654374050 -11.4952565564  -0.4310208899  -1.3364639121  -9.4221835008  -0.5821352908  0.0177652876  0.1787311384  1.0000000000 -0.1216183927 -0.0366564146  1.0000000000
-1.2983723677 -7.7959881113 -0.6827914874 -3.5143431822 -7.4922879884 -0.7940216094 -0.0995328871 -0.1666551070  1.0000000000  0.2207120748 -0.1277139224  1.0000000000
-1.8282341125 -8.3994331749 -1.4448996821 -3.9791629489 -7.1403158114  0.1377156760 -0.0914352272 -0.0656238532  1.0000000000  0.2739212150 -0.2227973653  1.0000000000
-4.0112207151 -7.8247013120 -1.3338617070 -3.9000303858 -7.8406694177 -0.5804657091  0.2140025180 -0.0711065228  1.0000000000  0.2296327618 -0.1226506514  1.0000000000
-2.9872818561 -6.8979668911 -0.6922067861 -4.9048799920 -9.7321337298 -1.2846007439  0.0902721152 -0.2598201145  1.0000000000  0.2495997848  0.2310742396  1.0000000000
-5.0225336972 -9.2297498218 -2.0255790648 -2.0865137932 -9.6339143024 -1.1941731289  0.2539228553  0.2478492394  1.0000000000 -0.0392972567  0.0901562623  1.0000000000
-1.5354317080 -8.6921644163  0.8353631739 -3.8254433367 -7.8155644481 -1.2285930381  0.0233405068 -0.0899821404  1.0000000000  0.1849707828 -0.0732375342  1.0000000000
 -1.0232111910 -10.9412546751  -1.0626763998  -1.6602092843  -7.0686532549  -1.5762930661 -0.1438129991  0.0880098707  1.0000000000 -0.1891788161 -0.2533095075  1.0000000000
 -3.3463237901  -7.4096573092  -1.1186863604  -3.5853927727 -10.1176189410   1.2415451719  0.0937681603 -0.1612816860  1.0000000000  0.2474391715  0.0311258869  1.0000000000
 -0.8629616171 -10.6244383762  -1.4251739882  -3.6634142938  -7.5410587834   0.5708911099 -0.2151793349  0.1342464003  1.0000000000  0.2453184311 -0.2077319956  1.0000000000
-3.3800652888 -7.8784877504  0.0232600810 -2.9635904261 -9.7306964170 -2.1266512379  0.2140572111 -0.1738399066  1.0000000000 -0.0226625235  0.1552080027  1.0000000000
 -2.7895514253 -10.2309366622  -0.5429005882  -5.1348973708  -9.6588405442  -1.5315321418 0.0289017895 0.1141930495 1.0000000000 0.3024156770 0.2273571275 1.0000000000
-4.7519944177 -8.8838484146 -2.4555085188 -4.0075943506 -6.6443478032 -0.2693087339  0.1953116992  0.2157349528  1.0000000000  0.2857963223 -0.2904004213  1.0000000000
-1.2573171762 -7.8976467833 -1.3540206586 -3.6544006268 -7.0099869543 -1.1713891875 -0.1467894567 -0.1524748327  1.0000000000  0.1403643692 -0.2086791562  1.0000000000
-2.6718324353 -6.4630319904 -1.2913862197 -3.4946365302 -8.1959201883 -1.7950292676  0.0203148464 -0.2871764872  1.0000000000  0.1315102673  0.0156724806  1.0000000000
-4.8867366598 -9.5539845292 -2.3928763890 -2.2700753130 -9.3471504680  0.8631535485  0.2157460222  0.2930029376  1.0000000000  0.0472048090 -0.0497497646  1.0000000000
-1.8880523868 -7.2848241297 -0.7635794720 -0.9137339662 -9.5008073399  0.3093293970 -0.0847963532 -0.2491080937  1.0000000000 -0.1018497516 -0.0768898162  1.0000000000
-0.3429527791 -9.5575460721 -0.0625738304 -1.0168085221 -9.6549004294 -0.8524369391 -0.1146155243 -0.0688633679  1.0000000000 -0.0813705524  0.0302517799  1.0000000000
 -2.4445944238 -10.8336068768  -1.4156221442  -1.7940362777  -8.2330356231   1.2931108710 -0.0177677506  0.2217427310  1.0000000000  0.0165198537 -0.2077493168  1.0000000000
-2.4380058828 -7.9113351012  0.4313163780 -1.7071027732 -7.3740169766 -2.2502003430  0.0887318056 -0.1908517518  1.0000000000 -0.1873182210 -0.1856049887  1.0000000000
-0.7631739902 -9.1294594247 -0.7314759665 -2.1102427827 -8.4775702505 -0.3885219292 -0.1427870251 -0.0208526111  1.0000000000  0.0152690512 -0.0975322584  1.0000000000
-3.3649532199 -8.9526844128 -1.9085892524 -3.8887899962 -9.7545173763 -0.0484729105 0.0678820375 0.1509519115 1.0000000000 0.1948277103 0.0634380021 1.0000000000
 -1.1236773585 -10.4303545757  -0.3913958354  -4.0225219612  -7.6916274898  -1.4559774564 -0.0965605451  0.0215492509  1.0000000000  0.1954822462 -0.0240581199  1.0000000000
-3.1547561901 -7.1447905455 -0.4829740662 -2.4486553567 -7.7312345830  0.9839576465  0.1446638962 -0.2238783449  1.0000000000  0.0952990196 -0.2115736776  1.0000000000
 -4.1579143817  -8.9316124086  -1.1001594777  -0.7329140291 -10.9537246890  -0.8846751804  0.2062163288  0.0692768072  1.0000000000 -0.1542846115  0.1383236345  1.0000000000
