753.3000000000
50
 4.1536229701  2.2546260712 16.8032950212 -0.1131788054  0.0847802159  1.0000000000
 4.9467650002  2.0914429454 16.4620575268  0.0026908681 -0.0289532249  1.0000000000
 4.5934727435  3.2401794391 15.9296637396 0.0168457998 0.1047136252 1.0000000000
 5.2192521848  1.8740245201 13.0106377779  0.0977808343 -0.1582145882  1.0000000000
 3.1413263502  2.3978864420 16.7037675213 -0.1919726633  0.1480036196  1.0000000000
 3.7704665107  4.2592812491 14.4367114280 0.0510483092 0.2555520919 1.0000000000
 2.8909729688  3.2139365155 15.3798233868 -0.1756800377  0.2334892918  1.0000000000
 5.7775249101  1.7592023888 14.7624078895  0.0760893261 -0.1304472847  1.0000000000
 3.8668364684  3.4774551818 15.1542481818 -0.0003534551  0.1791453269  1.0000000000
 4.7773232028  0.2396607171 15.4377797819 -0.1029606337 -0.1926099998  1.0000000000
 3.4084998442  0.7436241717 14.4849611538 -0.2264831261 -0.1565929355  1.0000000000
 5.9837457008  3.6164524465 15.6927506496 0.1339385508 0.0397125224 1.0000000000
 5.8949311905  1.5050264860 14.5849904166  0.1036350279 -0.1792479495  1.0000000000
 3.7836327323  2.9714734885 16.4791389882 -0.1225564098  0.1374558236  1.0000000000
 3.4607132707  3.1825556456 15.7090529464 -0.1159204689  0.1784418043  1.0000000000
 6.3723825658  3.1615330965 14.4437966015  0.1943068334 -0.0339204714  1.0000000000
 3.3059118043  2.1649799911 15.3099856013 -0.1705172545  0.0811609190  1.0000000000
 5.4303979485  1.5725077137 15.4240567215 -0.0146628248 -0.1404940235  1.0000000000
 5.8949039101  4.1100141958 14.6673430462 0.2621730818 0.1002233622 1.0000000000
 3.6623634020  3.4157521004 15.8395111276 -0.0793460566  0.1921049886  1.0000000000
 5.7688428670  4.6962660338 16.2351845418 0.1730884422 0.2036676604 1.0000000000
 3.0026897261  2.5399851077 15.8058747851 -0.1553753327  0.1860729713  1.0000000000
 6.1552321418  2.7269531300 15.1902065909  0.1320244723 -0.0372006555  1.0000000000
 3.6581017916  2.4973854472 15.4427594301 -0.0916657765  0.0849329069  1.0000000000
 5.0790689702  4.8907857969 14.3583925890 0.2808096424 0.2621874756 1.0000000000
 4.1405360533  3.5660096276 16.6143733749 -0.0392282100  0.2005297577  1.0000000000
 6.6379808874  1.6551014145 13.9650161953  0.1935935133 -0.2519742295  1.0000000000
 4.1272041796  1.9592660133 16.1831961413 -0.0997162982 -0.0082526002  1.0000000000
 5.6770920185  3.1439681347 14.3600715581 0.2112790486 0.0113659112 1.0000000000
 3.1213249099  3.1778823163 14.9619192198 -0.1145475197  0.1705410444  1.0000000000
 4.8672635986  3.9109403816 14.0294152546 0.2250016205 0.1240391991 1.0000000000
 5.2183441412  3.7095724419 17.2755111458 0.0618476753 0.1583277656 1.0000000000
 2.9707840004  1.9627083571 15.6183114840 -0.2129910774  0.1174387886  1.0000000000
 3.9423665709  4.1342278414 13.9122481191 0.1298694157 0.2767398532 1.0000000000
 2.2003677438  2.7144117876 14.4005707514 -0.2527904865  0.2113898445  1.0000000000
 5.6611881784  1.1411193581 16.8816463585 -0.0071391407 -0.0867754305  1.0000000000
 3.6903058685  0.2124365748 13.6080854521 -0.2282137373 -0.2898376092  1.0000000000
 5.3231595755  1.6705286756 15.3756707473 -0.0032396566 -0.1351623938  1.0000000000
 3.8159064339  0.4025984211 13.8580621833 -0.2375451605 -0.2147604720  1.0000000000
 5.7779607624  1.9674676886 16.8321951823 -0.0216644102 -0.0175898346  1.0000000000
 6.6506881046  1.8175408403 15.4194990782  0.1394251420 -0.2150306611  1.0000000000
 5.9978680985  4.2462034548 15.1619526686 0.2708421096 0.0810295640 1.0000000000
 5.3874439280  4.3871800666 13.9271473747 0.2882984212 0.1576847805 1.0000000000
 4.0495699917  1.9420444714 13.9821275851 -0.0390223041 -0.0116995134  1.0000000000
 5.4739224716  2.2483040135 17.0328812770 -0.0395705574 -0.0496472495  1.0000000000
 3.7852569807  3.7012579802 14.4721109480 0.0016720366 0.2189932008 1.0000000000
 3.6113344382  3.9635152254 14.9168583883 -0.0272677647  0.2233952482  1.0000000000
 5.1440535114  2.2128755001 15.5289945170 0.0193242278 0.0329926496 1.0000000000
 3.7471474180  1.7715318082 16.6213579365 -0.2068549641  0.0545286189  1.0000000000
 4.0851276750  0.3515137049 13.8085299719 -0.1553019745 -0.2738092739  1.0000000000
50
 3.0437338959  3.1722417867 14.4656647342  3.4271013618  2.4586539521 17.3760244827 -0.1466998721  0.2332847318  1.0000000000 -0.1845579575  0.1505308916  1.0000000000
 5.3784908678  4.0307112936 14.7847567129  5.1006009260  0.6633833920 15.7545561920  0.1537176542  0.1614153777  1.0000000000 -0.1006861186 -0.1102659844  1.0000000000
 6.0389393861  3.2558452164 16.0541965188  6.4940695348  1.3033700365 15.6743031202  0.1453674251  0.0621253449  1.0000000000  0.0991782694 -0.1810558147  1.0000000000
 5.8108964765  2.8219737546 16.9121109654  3.9105808973  0.0807149566 14.5221697209  0.0944468503  0.0145941629  1.0000000000 -0.2496046664 -0.2731883356  1.0000000000
 6.5005173056  1.4945005217 16.0841488203  5.9778501373  2.3219392101 15.1105721903  0.0718803951 -0.1446637123  1.0000000000  0.1186396814 -0.1034755176  1.0000000000
 5.3728203718  2.4508912432 15.8512787501  5.4730956595  1.5152290690 17.0403533017 -0.0075019279 -0.0073256607  1.0000000000 -0.0359865238 -0.0556156167  1.0000000000
 2.4818350495  2.6223110193 14.2123845969  4.8439043989  1.6109985437 16.8591312608 -0.2789075824  0.1475238648  1.0000000000 -0.0880237420 -0.0517206946  1.0000000000
 6.0323688130  2.2413357577 13.2644682752  6.1034491174  4.9516322344 16.7057370542  0.2528210635 -0.1287913771  1.0000000000  0.2171013332  0.2457166868  1.0000000000
 4.2690745275  4.0249226828 15.8800240255  5.3247434610  1.7382183276 13.6721134581  0.0490283028  0.2007083555  1.0000000000  0.1122164171 -0.1328331898  1.0000000000
 6.2112642331  1.5912148565 13.5537985958  4.0229960578  2.1072204056 17.2329220557  0.2044238233 -0.2573644133  1.0000000000 -0.1074935696  0.0378950866  1.0000000000
 5.7403071563  2.1056087012 15.3012861985  6.2038977885  2.8247626189 13.2177656079  0.0828261882 -0.0770730780  1.0000000000  0.3019555908 -0.0668761400  1.0000000000
 5.9719433983  2.4169129361 14.8673456879  4.5806648878  0.7960509260 15.9324680582  0.1526698615 -0.0151478370  1.0000000000 -0.1527938774 -0.1011634377  1.0000000000
 5.3947547699  1.7480375715 16.7770729481  5.2596011085  1.5084093970 16.2112234111 -0.0182795938 -0.0826286213  1.0000000000 -0.0571369404 -0.0721823782  1.0000000000
 3.9793257411  3.3894203295 16.6439411434  5.5143314880  1.1394800942 13.9333068606 -0.0668490779  0.2010613720  1.0000000000  0.0549917726 -0.2209152378  1.0000000000
 6.2449152825  2.0476590238 16.3544282293  5.0398463810  0.9553553391 15.8865771435  0.0458953070 -0.0328479180  1.0000000000 -0.0770245042 -0.1143966008  1.0000000000
 5.2078388003  3.6921529328 16.5136775593  5.3768239219  4.9475656789 14.8762349816 0.0598509178 0.1343140151 1.0000000000 0.2245108293 0.2204183310 1.0000000000
 4.1927470523  1.9659904407 15.1276808294  5.2218753063  1.2865059409 13.5817016734 -0.0989628493 -0.0002386509  1.0000000000  0.0759086502 -0.2125706254  1.0000000000
 6.9000328223  1.7690428843 13.6749076762  3.8977048717  2.9235841065 16.6732326951  0.2460495878 -0.2616522384  1.0000000000 -0.1199128721  0.1313873819  1.0000000000
 3.1457115128  1.8825918514 14.2726965112  3.4248188940  2.9330580085 15.6700302238 -0.1681542627  0.0326938362  1.0000000000 -0.1131130429  0.1889498401  1.0000000000
 4.0133275756  3.3108508713 13.5413697416  6.2652452748  2.5646846962 15.3508369875  0.0850870524  0.1201098584  1.0000000000  0.1865253484 -0.0570899088  1.0000000000
 6.4571109328  1.4977131608 16.4952198658  4.9641110497  2.9844516677 15.5823294814  0.0500789061 -0.1171887174  1.0000000000  0.0109794747  0.0117826704  1.0000000000
 4.3618059730 -0.0849322032 15.5252790317  4.9544534615  0.6887108197 16.6679491376 -0.1901206604 -0.2120318489  1.0000000000 -0.1505226038 -0.0905109644  1.0000000000
 3.7682674592  1.9867893468 15.2510397402  3.5727279289  0.6940484687 15.0143451788 -0.1534209191  0.0437650032  1.0000000000 -0.2605915488 -0.1435063781  1.0000000000
 5.4736501153  2.1857445819 15.4201348588  4.2552751716  3.3301335875 16.6555231071  0.0374721564 -0.0316434801  1.0000000000 -0.0666317951  0.1912955802  1.0000000000
 2.1283334232  2.8782535726 14.2445086967  4.8612568361  2.4179428190 15.5911799560 -0.2701903010  0.2107953551  1.0000000000  0.0044367945  0.0411005861  1.0000000000
 5.2574630716  2.6799697773 14.5167555310  5.7943704339  0.4133524832 16.7978476830  0.1409200288 -0.0260604877  1.0000000000 -0.0752714611 -0.1968939689  1.0000000000
 4.2763548990  2.4196156944 15.6154822825  5.2960917517  2.3482772784 15.4076840414 -0.0772706075  0.0619641176  1.0000000000  0.0513636658 -0.0286990913  1.0000000000
 3.3675811481  2.7450734544 16.9957029015  5.8405955845  1.0448004188 16.8762475944 -0.1689185387  0.1556260911  1.0000000000 -0.0419021474 -0.1459173701  1.0000000000
 4.5061834943  4.0586908418 13.3560513236  5.3662904523  2.8556320035 15.4430063503 0.2026718738 0.2373925645 1.0000000000 0.0682934234 0.0352640983 1.0000000000
 5.5357261285  2.5518661392 17.0336797937  3.4417153540  0.2654623362 13.8640685659  0.0454632391  0.0250284366  1.0000000000 -0.2832362483 -0.2108476492  1.0000000000
 4.9830616198  2.4439470350 15.3480840843  4.7298566931  2.4966691389 14.0060089196 -0.0038417819 -0.0280423863  1.0000000000  0.0717217341 -0.0141464094  1.0000000000
 4.7960356385  0.0146036612 15.1894041144  5.6785010210  2.8829128752 16.4595273951 -0.1446044780 -0.2568992808  1.0000000000  0.0959657075  0.0556999804  1.0000000000
 4.9979155082  1.8206315379 14.8005236968  5.8095917153  2.1465639394 14.9443183418  0.0029239833 -0.0905763712  1.0000000000  0.1126331967 -0.0651694095  1.0000000000
 5.7118112594  1.7123706770 16.6436318313  2.8526517812  2.8242677602 16.9276930274 -0.0099920014 -0.0952104441  1.0000000000 -0.1739229683  0.1678028882  1.0000000000
 4.1302170995  3.9597382445 14.8840870678  5.2259150794  4.3991034680 16.6617592874 0.0563407240 0.2255736236 1.0000000000 0.0820856903 0.1994529876 1.0000000000
 4.5873005408  1.7774581934 16.9931153536  4.9756399265  3.5116874109 14.8069520282 -0.1371824021  0.0118720982  1.0000000000  0.0905363011  0.0701083235  1.0000000000
 6.7903660513  1.7341044489 16.4838803107  4.4754958753  0.4788728242 13.8145203655  0.0963829087 -0.1627941020  1.0000000000 -0.1273529971 -0.2537725439  1.0000000000
 5.7280607095  2.5160700510 16.0895085729  4.9803703593  5.0452291197 14.2435342248 0.0789938322 0.0187602598 1.0000000000 0.2337227724 0.2663502892 1.0000000000
 4.0605311022  3.2614742550 17.4641876927  3.5934348979  2.1435846241 15.3046954364 -0.0978846890  0.2215254026  1.0000000000 -0.1216361147 -0.0055295174  1.0000000000
 2.6878473279  3.0759075524 15.8005536666  3.7599766258  2.3963783895 17.8414284830 -0.1940874135  0.2347478277  1.0000000000 -0.1651814076  0.1300903213  1.0000000000
 5.1551785504  3.0888976939 16.0771130689  5.6826172037  0.3921013054 16.7272915084  0.0304290748  0.0772427745  1.0000000000 -0.0962457784 -0.1689740449  1.0000000000
 5.9225513269  0.7808471173 15.3254692558  5.3701797690  1.4604937364 14.2645355277  0.0027061457 -0.2022105360  1.0000000000 -0.0120237288 -0.1185206971  1.0000000000
 2.6568174864  2.9758657558 16.6342283372  3.4704168914  0.4903244291 14.5473202046 -0.1862461480  0.2313286719  1.0000000000 -0.2948571849 -0.1878430793  1.0000000000
 6.4049654189  2.1515695638 13.1438042792  4.8146702704  2.6345483727 15.0123438066  0.2276655658 -0.2279363115  1.0000000000  0.0349640753  0.0373933863  1.0000000000
 4.1372188861  3.8924558862 16.2202279571  3.6089141388  3.4052347349 16.8806243351 -0.0268296977  0.2074367373  1.0000000000 -0.1046714632  0.1924824703  1.0000000000
 6.3775148298  3.8043811040 16.0844504902  6.0576284680  3.7879796496 14.3915278457 0.1699574471 0.1124466035 1.0000000000 0.2640618442 0.0522023185 1.0000000000
 4.1162228937  0.4961088466 16.2831913849  3.3206321727  2.0896210331 14.4569004954 -0.1774987552 -0.1140025592  1.0000000000 -0.1747517622  0.0316988355  1.0000000000
 4.7846790949  0.5992907481 16.1704640933  5.1067573551  1.8225116684 16.1876661361 -0.1563596920 -0.1581523285  1.0000000000  0.0022125788 -0.0698802254  1.0000000000
 5.3153026124  2.6915906461 16.2302319023  4.8227028767 -0.1530251549 16.0212810291  0.0230810561  0.0252820906  1.0000000000 -0.1663178336 -0.2402023617  1.0000000000
 2.7857654362  2.0321038596 14.9220834411  3.8390600152  1.0285164612 16.4827581936 -0.2789420662  0.0924645387  1.0000000000 -0.2402823636 -0.0248197699  1.0000000000
