747.6000000000
50
 0.4120640137  4.3021955784 15.4735818828  0.1445695806 -0.0745749330  1.0000000000
 0.9677493767  3.2414375167 15.7386834375  0.2219704881 -0.2279118081  1.0000000000
 0.7950801065  3.5684817861 14.1954772191  0.2197910395 -0.2342870720  1.0000000000
-2.8669058712  4.2369180396 17.1869126075 -0.1798133607 -0.0630991106  1.0000000000
-1.2534465280  3.6794231387 14.5199432142 -0.0721414911 -0.2278111375  1.0000000000
 0.8638319500  4.4165817724 17.8588762834 0.2153583240 0.0040920005 1.0000000000
 0.7686685888  5.6880096111 14.2971996879 0.1341111804 0.0627482756 1.0000000000
-0.7917813063  4.4192861572 16.3429453623  0.0177607221 -0.0561494274  1.0000000000
-1.9091798698  6.1222400392 14.1990136565 -0.2646633094  0.1136045482  1.0000000000
 0.5504839156  4.3373107142 17.9095825340  0.1292601749 -0.0339440147  1.0000000000
 1.4666523450  3.4875060629 15.2080957591  0.2946326345 -0.1784946061  1.0000000000
-1.0484794406  3.4884494276 15.0554636633 -0.0462280759 -0.1948256340  1.0000000000
 1.0350775678  6.2126674229 16.2844748359 0.2008356566 0.1121918839 1.0000000000
 1.1177857924  6.0641059832 17.3630068577 0.2065996639 0.1804628404 1.0000000000
 0.5586966953  3.2940501160 17.2190169392  0.1627612249 -0.1322332367  1.0000000000
-1.9120514640  3.7872036276 14.5205884882 -0.1274694984 -0.2183000170  1.0000000000
-2.3052773027  6.2474122434 17.3416746878 -0.1625883765  0.1372861875  1.0000000000
-1.9103520784  4.4444038483 14.4971527800 -0.1913275318 -0.1221161231  1.0000000000
 0.1057270094  3.8062812712 17.4899143164  0.0898123510 -0.0982658427  1.0000000000
 1.0364692810  3.4676280963 15.2915728842  0.2279671475 -0.2110565330  1.0000000000
 0.7820587500  3.4021671120 15.8435116662  0.1684787324 -0.1727993451  1.0000000000
-1.8166944607  5.3202051783 15.7780669226 -0.1634820179  0.0253882758  1.0000000000
-0.2971475665  4.4899241580 15.3466229204 -0.0229824616 -0.1080566192  1.0000000000
-2.2020596211  4.5303087604 14.3300820765 -0.2736610173 -0.1408239719  1.0000000000
 0.5257565441  3.4905447852 15.3845568736  0.1582409160 -0.2046825228  1.0000000000
-0.1282247524  4.0833552031 15.6620298572  0.0577487817 -0.1087677459  1.0000000000
 1.2047224465  4.2774075713 15.0583798680  0.2316741897 -0.1009760842  1.0000000000
 0.7403551145  4.6291587371 16.0049898432  0.1882905119 -0.0056994133  1.0000000000
-2.4734197806  4.0323079957 16.3533733719 -0.1788377931 -0.1551171617  1.0000000000
 0.8660471596  2.9785283313 17.4752694993  0.1821701156 -0.1949291078  1.0000000000
-0.5415348593  7.2178526210 14.1245558360 -0.0992454107  0.3396928628  1.0000000000
 0.4523404528  3.3393453383 15.9433349821  0.1332444779 -0.2022972111  1.0000000000
-1.3211223651  5.5645733964 17.2508989129 -0.0793402089  0.0936308328  1.0000000000
 0.7969013363  5.7811871789 14.6277927987 0.1666842790 0.1067558253 1.0000000000
 1.4782730450  4.6934118178 15.1495026534  0.2750197521 -0.0352488946  1.0000000000
-1.3467909784  3.4270927747 15.4569423536 -0.0935694114 -0.2080917331  1.0000000000
 0.6615650090  6.4686676313 17.6166657602 0.1471591194 0.1914628261 1.0000000000
-1.9115414546  6.4953433612 14.7450632171 -0.2546829750  0.1852210520  1.0000000000
-0.1492960190  6.3704155755 15.8999456008 0.0201673369 0.1762334485 1.0000000000
-1.1921094747  6.3923820223 16.0541754980 -0.1309714848  0.1495604258  1.0000000000
-1.9657942426  3.7813488808 15.3703547445 -0.1844235980 -0.2215295530  1.0000000000
-1.5676300717  6.8154783912 16.2764242237 -0.1429628677  0.1412414214  1.0000000000
 0.4027544303  4.0322239709 14.8657938144  0.1417055546 -0.1509661314  1.0000000000
-0.2834102706  6.5920827316 17.7869996623 0.0515160802 0.2120357693 1.0000000000
 0.5854078748  6.5872798745 15.6733920932 0.1310115087 0.2178246882 1.0000000000
 1.1066729223  3.7791726104 15.6325614591  0.2197308019 -0.1432732599  1.0000000000
-0.9105773879  3.3182826218 14.9136034472 -0.0271034293 -0.2548069939  1.0000000000
-1.3704493998  3.6880864919 13.8507972404 -0.1757569592 -0.2762433906  1.0000000000
-0.7670605387  5.1535640369 17.5694542140 0.0169789661 0.0301627481 1.0000000000
 1.2964480060  6.0296383399 17.3053200547 0.2289641900 0.1896046680 1.0000000000
50
 0.6226256975  2.9261616747 15.7927925681 -0.0695707530  3.4352634040 17.7557761485  0.1820939079 -0.2458707215  1.0000000000  0.1070867130 -0.1236972305  1.0000000000
 1.5394841712  6.2230771430 16.8129373894  0.9042832359  4.4368623818 17.4609068821  0.2171084638  0.1887983987  1.0000000000  0.1958730141 -0.0321028066  1.0000000000
 0.4019138523  3.2907221265 16.8418496505 -2.1176642887  3.7838071176 13.7052610665  0.1294599995 -0.1904217240  1.0000000000 -0.2795854477 -0.3038037089  1.0000000000
-2.1619208056  5.1958219396 15.5311123275 -2.1191996700  5.9256487411 17.0557095694 -0.1948126242 -0.0411760520  1.0000000000 -0.1819588947  0.0789897233  1.0000000000
-0.2555727359  3.5364120066 17.5607105635 -0.8223487525  3.4738662859 17.1308036834  0.0895176751 -0.1131572329  1.0000000000  0.0171232164 -0.1073545682  1.0000000000
-0.3142705929  5.5303408652 16.3840764150  0.5133253897  5.4461009066 15.8959959876 0.0089381222 0.0956980100 1.0000000000 0.1302108616 0.0860678853 1.0000000000
 0.0474441813  4.0486827894 14.5664407100 -2.1620230523  3.7755924999 13.9720407566  0.0403747005 -0.1676069939  1.0000000000 -0.2750089522 -0.2632788270  1.0000000000
-1.2065614584  6.6555166501 14.2319659490 -1.6575762245  6.6165034167 17.5172098337 -0.2101666689  0.1734034491  1.0000000000 -0.1153713295  0.1363581952  1.0000000000
-0.1886222646  4.3484868108 17.7331923824 -0.6798272636  4.4082010216 13.7762029005  0.0918320042  0.0025036331  1.0000000000 -0.0893133445 -0.1459166348  1.0000000000
-0.0553977552  4.0231497513 14.3305230071 -0.1369204894  3.1039272725 17.0226252249  0.0123236892 -0.1820309907  1.0000000000  0.1033142654 -0.1951725971  1.0000000000
-0.8457788867  5.9366045562 15.2978337858  0.8292565249  3.1001674168 17.5055482393 -0.0400458967  0.0859743440  1.0000000000  0.1986774967 -0.1643341216  1.0000000000
-1.8829899675  4.4892860298 15.9444867752 -1.2673385664  5.3076512774 14.5306008632 -0.1375649212 -0.1017054235  1.0000000000 -0.1518154849 -0.0079990222  1.0000000000
-2.0411392718  5.7798790421 14.6249444289  1.2501140584  4.7805487659 15.9184619035 -0.3100365152  0.0489685922  1.0000000000  0.2539999741 -0.0166348650  1.0000000000
-1.2772539014  4.9096158447 16.3038632977 -0.0371729229  5.0022737262 15.2481664614 -0.0960456899 -0.0397004478  1.0000000000  0.0701034258  0.0089093220  1.0000000000
 0.4896147462  5.2356217193 16.9249595989  1.0248479798  4.7147518139 15.1818840997  0.0962691032  0.0246376811  1.0000000000  0.1986830560 -0.0375957576  1.0000000000
-0.6284770702  5.9711286892 17.9033821582  0.3208643864  5.7928247101 15.3676628977 0.0370774959 0.1070965300 1.0000000000 0.1068094190 0.0645155205 1.0000000000
 1.3420689562  4.0824103703 15.2190758785 -0.7191836961  5.1561162622 15.6519439616  0.2753347102 -0.1282153030  1.0000000000 -0.0404535899 -0.0257028828  1.0000000000
 1.4425606216  5.6868691008 17.1197785208 -0.8794824548  3.7883798494 16.4986929496  0.2598745145  0.1257540733  1.0000000000  0.0221722241 -0.1153595627  1.0000000000
 1.2654925752  6.0949184287 16.9325489981 -1.4129665641  3.6552154036 17.3950362114  0.2227852239  0.1627297856  1.0000000000 -0.0306456924 -0.1240687544  1.0000000000
-2.1981616189  6.8712286722 15.8732769031 -0.7192622072  3.8388166176 14.8497292326 -0.2325571961  0.1956881379  1.0000000000 -0.0183704259 -0.1477258296  1.0000000000
-1.4175687564  3.9587904446 14.0516554403  0.9713713889  4.5079977414 16.7395378091 -0.1701192646 -0.2134105144  1.0000000000  0.2054144774  0.0177427641  1.0000000000
-1.3253668864  6.2450858611 14.9598346943  0.3734034216  3.8289555776 14.7787792358 -0.1938917421  0.1555171284  1.0000000000  0.1092094449 -0.1587793277  1.0000000000
-0.5357401264  6.4725866950 16.6486721220  0.0669591374  5.2337687268 16.5790107080 -0.0254377082  0.2007533141  1.0000000000  0.0828312369  0.0384467430  1.0000000000
-0.2924122239  4.1754274148 14.2079754881  0.4362058905  3.9561831509 14.0131160651  0.0038767255 -0.1733206923  1.0000000000  0.1356605851 -0.2366858610  1.0000000000
-0.0657987110  5.9411016631 15.7754073772  0.1324534687  3.1192324289 15.4708551891  0.0015656821  0.1610730159  1.0000000000  0.1511402211 -0.2541002570  1.0000000000
 0.3301098426  3.3851589004 17.3419298494 -0.8499243882  6.6945698333 14.3160978868  0.1266412103 -0.1276189839  1.0000000000 -0.1458422176  0.1773190376  1.0000000000
 0.8180087015  2.9981284024 17.9353796092 -1.5781566825  4.8274695221 14.3497310447  0.1890699841 -0.1923950335  1.0000000000 -0.1924146860 -0.0647936168  1.0000000000
-2.3169117095  7.1213472254 17.3571482315  0.1917770259  5.6046555078 15.4604556126 -0.2215717364  0.1842060880  1.0000000000  0.0591982552  0.0784909411  1.0000000000
 1.3967500620  6.0888770883 14.3346398538 -2.1554578454  6.5235967813 15.6807997475  0.2344406780  0.1707281201  1.0000000000 -0.1932448840  0.1380173260  1.0000000000
 0.5990663482  3.9899791419 14.5954900591  0.4711965793  5.4013109656 17.0206099673  0.1463503922 -0.1680280492  1.0000000000  0.1235389511  0.0938645115  1.0000000000
 1.2945057860  4.9278014043 15.8997249551  0.8017319749  5.4974438572 15.1409892161  0.2314571524 -0.0144831091  1.0000000000  0.1620752654  0.0305651709  1.0000000000
 1.0149954804  5.2963008804 16.2488863290 -1.4174392464  6.4999362882 15.8238776414  0.1940400669  0.1045679608  1.0000000000 -0.1378474465  0.1806579126  1.0000000000
-1.6360326572  6.0109730680 16.3943129843  0.4480122402  3.0458069042 16.5934049909 -0.1959250788  0.0605570965  1.0000000000  0.1987490535 -0.1814372962  1.0000000000
-0.2011651000  3.4028668279 14.9087686306 -0.6168161519  5.5703091177 14.4097735799  0.0383372000 -0.2554686385  1.0000000000 -0.0643564067  0.0482507569  1.0000000000
 0.3117961881  6.0861446337 14.7444753538 -1.7897010448  4.8615710223 17.1833863482  0.0606654800  0.1406460502  1.0000000000 -0.0892188114 -0.0121772371  1.0000000000
 0.6579014495  6.2948183257 16.9001119972 -1.1765178510  3.6249237332 15.8802228763  0.1293442633  0.1861480396  1.0000000000 -0.0309414912 -0.1641387934  1.0000000000
 1.6918626499  5.3466365303 15.6784709169  0.8091445934  3.5579511999 14.6972680300  0.2358731533  0.0657024404  1.0000000000  0.2165108447 -0.1826540886  1.0000000000
-0.1377333954  6.2317483765 15.6748237600 -0.2356606124  4.8896187433 16.2977564458  0.0231321789  0.1571090329  1.0000000000  0.0315208840 -0.0468482896  1.0000000000
 0.3034112852  6.1286490829 15.8735839986 -0.9891412716  7.1642357845 14.0075173974  0.0650736336  0.1027717835  1.0000000000 -0.1909380295  0.2790857382  1.0000000000
 1.0791631373  3.2095111024 15.4728799479 -1.0538931623  6.7792527455 17.9019523991  0.2708523449 -0.2202374641  1.0000000000 -0.0082206738  0.2134610485  1.0000000000
-1.1070908668  5.8845236220 14.6593199709 -1.4965740679  3.8051278469 17.4668238397 -0.1307672707  0.0973698365  1.0000000000 -0.0428786709 -0.1478588481  1.0000000000
 1.6337583552  5.0144416785 15.7335149923 -1.6516785407  6.3544671264 15.1966395295  0.2264405771  0.0049917750  1.0000000000 -0.2031700187  0.1304502672  1.0000000000
 1.2250641067  3.5952757976 14.6777033618 -0.9092185062  6.0254376123 16.6669929233  0.2442303519 -0.2059276810  1.0000000000 -0.0374028888  0.1014324697  1.0000000000
-1.7139835160  4.1414385529 14.5186938596 -2.5387347997  3.9268009256 16.9473573485 -0.1837056348 -0.1971738200  1.0000000000 -0.1529425191 -0.1436757263  1.0000000000
-1.3703311108  5.7670322001 14.1191996945 -1.4308128694  5.7129652603 13.7945491967 -0.2090023916  0.0496558762  1.0000000000 -0.2283187707  0.0511488017  1.0000000000
 0.8121465812  5.9656022697 15.8545716705  1.4218221063  5.6290023411 16.9728410012 0.1783093769 0.1458659416 1.0000000000 0.2512106107 0.0966786644 1.0000000000
-0.1538179480  3.7301359208 13.8037805199 -0.9461170344  5.3027755896 13.8319716971  0.0310814096 -0.2474361726  1.0000000000 -0.1456760362 -0.0200590872  1.0000000000
-0.3862371508  5.8127573642 14.5267749334 -1.4639745826  4.8005808975 13.7959373297  0.0037942940  0.0820649187  1.0000000000 -0.2053400903 -0.1276231984  1.0000000000
-0.9552083063  5.5390824103 15.5847576450 -0.4148670530  4.9606553180 16.3154386243 -0.0698473788  0.0517726081  1.0000000000  0.0140354113  0.0143935460  1.0000000000
-2.0985519002  5.5924734446 16.4025258838 -0.1157434150  5.2671881457 17.4669006423 -0.1552462599  0.0884242313  1.0000000000  0.0926898939  0.0999748790  1.0000000000
