508.0000000000
50
 -2.2722358217   3.8623850127 -12.4180615992  0.0268626885 -0.1468082600  1.0000000000
 -3.1680602230   4.7716363673 -12.5325219078 -0.0394715630 -0.0691161807  1.0000000000
 -2.9173459453   3.7852063789 -12.6776290770  0.0751736556 -0.0957795743  1.0000000000
 -5.4074119997   3.1965583896 -12.2635765842 0.1342847651 0.1942245128 1.0000000000
 -4.2860169790   4.2687813755 -13.2094797667  0.0835449637 -0.0186846849  1.0000000000
 -4.0506797394   4.4557656134 -10.4599773889 -0.0785167480  0.1914487589  1.0000000000
 -2.3154794987   2.2973845793 -12.0359838371  0.2652821392 -0.0546726118  1.0000000000
 -3.6700652057   3.1043348052 -13.1605582135 0.1401832105 0.0380248990 1.0000000000
 -3.3646087464   5.9417613265 -12.7698522554 -0.1308790280 -0.0473961929  1.0000000000
 -3.4077439906   4.6013839818 -12.9693675174 -0.0090897043 -0.1014536048  1.0000000000
 -0.5593462312   3.2302430879 -11.2046427671  0.2012112917 -0.2976231698  1.0000000000
 -2.8378505224   5.0494676292 -11.3288472744 -0.1210978668 -0.0417987438  1.0000000000
 -2.0684632596   2.8319343255 -13.7171861932  0.2557081321 -0.1679926008  1.0000000000
 -4.6428531882   3.6697105144 -11.9437534450 0.0158151151 0.1501481140 1.0000000000
 -2.2425147557   4.3665330215 -11.1071889249  0.0132253802 -0.1193466191  1.0000000000
-3.1257139787  4.2206195753 -9.7657529610 -0.0501031530  0.0934247460  1.0000000000
 -3.6715870926   3.1483782134 -11.2531721262 0.1602242648 0.0812524707 1.0000000000
 -4.2123645539   5.9634427663 -12.6803561487 -0.1422097889  0.0247113440  1.0000000000
 -3.1159260191   2.2921936041 -10.8463308714 0.2608296089 0.0693447037 1.0000000000
 -2.0350527267   3.6613058574 -12.9589876678  0.1064834853 -0.1679040414  1.0000000000
 -4.7932505597   3.9172670838 -11.4615523214 0.0108769303 0.2104707562 1.0000000000
 -1.1537582635   3.9686366584 -10.7916979163  0.0306072966 -0.2137482477  1.0000000000
 -1.0439441197   2.5060529400 -11.4704890866  0.2852404369 -0.1740436840  1.0000000000
 -4.8094581123   3.5991690500 -12.9187494363 0.0618637322 0.0837733687 1.0000000000
 -1.7170826481   4.7903822334 -11.3987333622 -0.1188675466 -0.2093359623  1.0000000000
 -4.3367808967   3.9682718151 -13.3164782905 0.0454030614 0.0328799024 1.0000000000
 -2.7529735874   3.7452398630 -12.8200249743  0.0468588805 -0.0832378414  1.0000000000
 -2.3958275264   5.7002464656 -10.4929083660 -0.2422714250 -0.0365081461  1.0000000000
 -3.0771296450   2.7056584132 -13.6758835963  0.2171768452 -0.0627776380  1.0000000000
 -2.5889965272   6.0109643831 -13.9291510516 -0.1431219090 -0.2300340494  1.0000000000
 -3.9891350725   3.2479617076 -13.0910621110 0.1097599531 0.0390203245 1.0000000000
 -0.9247392438   4.5556172838 -10.6806496981 -0.0267743677 -0.2440303337  1.0000000000
 -0.9472967678   4.5311519978 -11.2451033317 -0.0401756488 -0.3097819479  1.0000000000
 -4.6834021026   4.0586173085 -12.6535960830 0.0548152615 0.0568169198 1.0000000000
 -0.9294534015   4.3151952600 -10.8940905095 -0.0438465033 -0.2501000848  1.0000000000
 -4.0954278592   3.1949490106 -11.9708525512 0.1466305882 0.0717686191 1.0000000000
 -3.5384823941   3.7382241035 -13.5263469259  0.1344908735 -0.0590514821  1.0000000000
 -2.7784384538   4.6446864839 -10.9717532344 -0.0426421819  0.0174577942  1.0000000000
 -3.2065501287   4.1296875915 -12.2533591985  0.0308988601 -0.0389488578  1.0000000000
 -3.9791836468   4.6298775590 -11.8744597087 -0.0382428332  0.0863940886  1.0000000000
 -2.3902898313   4.6497444584 -10.6739490750 -0.0757716302 -0.0686078728  1.0000000000
 -4.0385389141   5.0297252869 -10.1478685400 -0.1588205801  0.1505394014  1.0000000000
 -2.1528948106   5.4189554732 -11.3109404038 -0.1737966153 -0.1402482764  1.0000000000
-3.5012561609  4.3550870018 -9.4391983900 -0.1256850827  0.1776464699  1.0000000000
 -1.8679353917   5.3003228612 -10.5750859904 -0.1632930284 -0.1681099903  1.0000000000
 -2.2893319838   5.7351290161 -13.5207238166 -0.0728263859 -0.2301632874  1.0000000000
 -3.3549691535   2.4827091536 -10.6369420330 0.2113320339 0.1569312080 1.0000000000
 -2.0408235309   3.5841511975 -13.3301709590  0.1027471225 -0.1954475373  1.0000000000
-3.0957647523  5.6083983349 -9.7850461293 -0.2543902992  0.0900449846  1.0000000000
 -1.9562636272   4.0634397962 -13.5860603043  0.0994400709 -0.2165080848  1.0000000000
50
 -2.4857716630   5.5098322556 -10.9677828090  -3.2537724359   2.3003757607 -11.9553560240 -0.1876366779 -0.0591469238  1.0000000000  0.2725043867  0.0322494778  1.0000000000
 -4.7449604011   5.2210588301 -11.9255251765  -1.1746255038   6.0139808526 -10.6325422386 -0.0981501433  0.1151435385  1.0000000000 -0.2873024275 -0.2531003786  1.0000000000
 -1.8459788356   4.7960549806 -10.6556954651  -2.9213855547   4.6158811222 -10.6688698252 -0.0916722102 -0.0949058175  1.0000000000 -0.0525438251  0.0639892791  1.0000000000
 -2.1773295998   5.6863794077 -10.1009144033  -1.7118567812   5.6559591579 -11.3366500799 -0.2370613876 -0.0990118940  1.0000000000 -0.1655772318 -0.2114086097  1.0000000000
 -2.9927668282   3.5811816192 -14.1179876267  -3.5876519204   2.5281290225  -9.8678267032  0.1112967859 -0.1387013767  1.0000000000  0.2578356833  0.1840819975  1.0000000000
 -2.7386526083   5.9396388937 -13.1647136809  -4.5152188726   3.5200774230 -13.3173347533 -0.1432731726 -0.1481821949  1.0000000000  0.0537377817  0.0207831386  1.0000000000
 -3.6972043726   4.5966571816 -13.4568891748  -2.4736139534   3.7063891799 -10.7285849213  0.0214533689  0.0131575005  1.0000000000  0.0423572368 -0.0489222678  1.0000000000
 -2.8778437364   2.5112499514 -10.9016734885  -4.5116558174   4.3537086917 -11.1754039001  0.2174608264  0.0342211344  1.0000000000 -0.0352661113  0.1411231102  1.0000000000
 -5.3086414519   2.9999943856 -12.5754521485  -2.8951856676   2.9665544891 -14.2492173386  0.0969243745  0.1448044471  1.0000000000  0.2066539188 -0.0784281031  1.0000000000
 -1.3982579210   5.5890805869 -10.7103784686  -3.2023854613   6.5541011865 -13.1642522279 -0.2047166646 -0.1884951056  1.0000000000 -0.1951810636 -0.1257170316  1.0000000000
 -2.1121384392   5.9700895970 -12.9366283653  -2.1059179960   3.6457924779 -14.1007939154 -0.1648346551 -0.2391663842  1.0000000000  0.1212284076 -0.1938183273  1.0000000000
 -5.0638121905   5.2103206700 -10.9082938120  -1.0254803220   3.6558588016 -11.0404704642 -0.1375849870  0.2221180834  1.0000000000  0.1116857069 -0.2430325275  1.0000000000
 -3.0121388553   5.4601942894 -12.3103337427  -4.6944328508   5.6547655298 -10.7532880163 -0.1255817829 -0.0850031932  1.0000000000 -0.2478046068  0.1603179442  1.0000000000
 -4.7643127022   2.4454165572 -13.1510851914  -4.4731312819   5.4952868537 -11.8260491671  0.2453173344  0.0964102484  1.0000000000 -0.1233508905  0.0643172782  1.0000000000
 -4.6910606974   4.7877693854 -11.5585018873  -4.5140182680   4.0673252759 -12.4474332616 -0.0877767316  0.1286791535  1.0000000000  0.0015144853  0.1240641763  1.0000000000
 -3.4249403004   4.1306500819 -13.0593298350  -3.2083897481   4.2980727125 -13.8732543336  0.0202591042 -0.0106312658  1.0000000000  0.0136502002 -0.0996730325  1.0000000000
 -4.8273875573   3.9688140015 -12.0361067781  -5.3354985527   3.5675568509 -12.6173887217 0.0624458687 0.1497842758 1.0000000000 0.1120545041 0.1794023711 1.0000000000
 -3.2886485011   2.3148224957 -12.3028209671  -2.0770468034   3.3134235325 -13.8558456862  0.2390786281  0.0681669458  1.0000000000  0.1214843215 -0.1625728742  1.0000000000
 -5.4984727159   3.6892177605 -12.1821630351  -4.5437668232   5.0287723629 -12.3430120274  0.0649359338  0.1788788895  1.0000000000 -0.0891512448  0.0699323768  1.0000000000
 -3.7186706295   6.1019794445 -13.3699744282  -1.4797602005   3.0926047343 -11.9761150683 -0.1419738089 -0.0694234242  1.0000000000  0.2115565979 -0.1940459008  1.0000000000
 -5.5323055513   5.2241005327 -11.8718395875  -4.5151941279   4.0432516007 -10.7148031042 -0.1085729808  0.1764823567  1.0000000000 -0.0279304973  0.2396843212  1.0000000000
 -2.8983325930   4.6652414044  -9.6103511587  -3.6777166100   5.4972237773 -11.5266528449 -0.1780566423  0.1004917448  1.0000000000 -0.1468222389  0.0383260560  1.0000000000
 -1.2956759341   3.5447357175 -11.6037185171  -3.9973265549   2.8215257812 -10.1729855791  0.1194972008 -0.2172808694  1.0000000000  0.1480875135  0.2478468551  1.0000000000
 -3.1903442449   2.9775341692  -9.9120811825  -3.8101099991   4.7155566112 -12.0461028268  0.1334216547  0.1584062080  1.0000000000 -0.0482593800  0.0421018692  1.0000000000
 -4.2156187210   3.6047317062 -13.4193450553  -3.5143768440   2.3329851179  -9.9337303318 0.0941403689 0.0366502968 1.0000000000 0.2119618657 0.2401996209 1.0000000000
 -4.5474497409   3.1693909387 -12.9973417478  -1.0558030297   3.4787103317 -11.2256821560  0.1345862497  0.0934404803  1.0000000000  0.1339630208 -0.2629183723  1.0000000000
 -2.1021697393   5.1208859580 -12.4690453079  -4.3911296085   2.7130816100 -12.9087850158 -0.0545860547 -0.1920486095  1.0000000000  0.1786635303  0.0815933238  1.0000000000
 -5.7357055693   6.0951305372 -12.3280961977  -2.0503985515   2.9534170311 -13.4917430808 -0.1761457681  0.1634080281  1.0000000000  0.2040871180 -0.1647018894  1.0000000000
 -1.8073708839   3.7335536511 -12.2630416750  -3.6571420965   4.7840610465  -9.6626039622  0.0854819652 -0.1896179411  1.0000000000 -0.1290211680  0.1912214397  1.0000000000
 -4.0534996438   2.9115454422 -11.5220900510  -3.8072099566   3.2909697278 -10.2718099055 0.1247810551 0.0753028239 1.0000000000 0.0736213047 0.2039176816 1.0000000000
 -3.2359891592   4.4967195365  -9.6868249313  -5.0635688446   4.4699416079 -12.3377448829 -0.0793714688  0.1519591226  1.0000000000 -0.0707269736  0.1031800616  1.0000000000
 -2.8775117809   4.0962048916 -12.1895136034  -3.0494360965   5.6510810096 -13.3859845822  0.0097655715 -0.0664456423  1.0000000000 -0.1035543887 -0.1480447671  1.0000000000
 -2.8835561418   6.0012746330 -12.9559719739  -5.2952599578   5.1644096040 -11.8519420981 -0.1454536093 -0.1247207902  1.0000000000 -0.0822697681  0.1948225084  1.0000000000
 -3.0806559954   4.9458819483 -12.7539810991  -2.9425589154   5.4371907946 -11.2194477755 -0.0638241502 -0.0775569928  1.0000000000 -0.1801161073 -0.0842255588  1.0000000000
 -4.9004851464   2.2818641711 -11.7806168681  -1.8026241850   3.3622024386 -12.3119673404  0.2363451426  0.2218589824  1.0000000000  0.1588201483 -0.2200488431  1.0000000000
 -1.4177143921   4.1881795699 -10.6681977159  -1.5866657365   5.1875201647 -11.8651239608  0.0014803773 -0.1591058366  1.0000000000 -0.0818475892 -0.1958741251  1.0000000000
 -4.2059726089   3.6100162089 -12.6707277386  -2.8930292480   2.6128815970 -11.5196006680  0.1022860676  0.0970094976  1.0000000000  0.1685377579 -0.0321875011  1.0000000000
 -2.8697828303   6.0000977263 -12.0461423012  -2.1573130555   2.7383313046 -13.6305188468 -0.1512500519 -0.1081472175  1.0000000000  0.2307360628 -0.1752056917  1.0000000000
 -5.3635307665   5.0288235478 -12.5104575413  -1.9189036674   3.3607307407 -11.8235319491 -0.0891485466  0.1290128470  1.0000000000  0.1637766484 -0.1440436617  1.0000000000
 -4.4959074450   3.2555443925 -11.2292605798  -2.2886897549   3.0102714410 -12.1911103863  0.1050474866  0.2041728649  1.0000000000  0.1781212409 -0.1081183474  1.0000000000
 -2.2614086636   5.8564393405 -10.6144742555  -4.4372635191   5.5781946950 -11.6859566477 -0.2442695007 -0.0916597556  1.0000000000 -0.1479952499  0.0711026292  1.0000000000
 -4.0862124292   3.4496566213 -13.6391319465  -4.8427153320   4.8862971363 -11.4566066589  0.1434198140 -0.0096780930  1.0000000000 -0.0825878265  0.1128142098  1.0000000000
 -3.0785580059   3.9125172291 -12.0527767420  -2.2386945340   3.7222925101 -12.9472823925  0.0506578781 -0.0209937394  1.0000000000  0.0671758127 -0.1724166681  1.0000000000
 -2.0827719795   4.3678850869 -12.8234106847  -3.7169525174   3.3933452642 -13.4554832124  0.0719313330 -0.1837129284  1.0000000000  0.1192920140 -0.0412409024  1.0000000000
 -5.0125333231   3.3781428713 -11.5139961632  -2.3316184591   2.4374474232 -11.6650159671  0.0649483240  0.1993139926  1.0000000000  0.2466125484 -0.0449085451  1.0000000000
 -2.9311991093   4.7607709803 -10.1520150872  -1.6999723534   2.2638477602 -11.5290639636 -0.1070059536  0.0657927816  1.0000000000  0.3337639808 -0.1452151158  1.0000000000
 -2.0666520514   4.3000738359 -11.6021823424  -3.9621019960   4.2798897831  -9.4756969554  0.0266138039 -0.1441285529  1.0000000000 -0.0758747204  0.2636074370  1.0000000000
 -2.7443627034   3.0580006854 -11.6795687611  -2.5013322641   3.0379625398 -14.5449654977  0.1435704654 -0.0288058153  1.0000000000  0.1957078159 -0.1564834162  1.0000000000
 -4.3200281229   5.8790737590 -11.6572719037  -2.9338141938   3.9462309684 -10.6377145846 -0.2151326195  0.0549307839  1.0000000000  0.0335249627  0.0096784445  1.0000000000
 -3.1574282114   4.8756872797 -13.9518534629  -3.4376735302   2.9479346997 -12.5172812506 -0.0150788861 -0.1296299189  1.0000000000  0.2002908060 -0.0033811311  1.0000000000
