685.8000000000
50
-3.0463769093 -8.0582937823  4.2121673644 -0.0079527151  0.0552962797  1.0000000000
 -2.9834438587 -10.0709432103   4.8969852719 0.2230795822 0.0150518921 1.0000000000
-2.6000098008 -7.9706447873  3.9295661344 0.0036694901 0.1422929364 1.0000000000
-3.3254645918 -8.9685747563  2.6333993269 0.1980060874 0.0856493610 1.0000000000
-2.5102490350 -8.8734511286  2.2924422741 0.1808213548 0.2009187665 1.0000000000
-4.1638552343 -9.4232868904  2.5563823911  0.2241504045 -0.0337294799  1.0000000000
-4.9254374676 -6.4097567612  4.2520746540 -0.2698642572 -0.1633390492  1.0000000000
-1.5133757171 -7.6770953250  4.3118440963 -0.0189021037  0.1971978611  1.0000000000
-5.1143046992 -8.3469593325  4.5774193949  0.0338278110 -0.2262759911  1.0000000000
-5.0330592220 -7.4594924822  3.0844806370 -0.0723015851 -0.1271365192  1.0000000000
-2.4205821193 -6.8282479127  4.6126744843 -0.1586178531  0.1210101222  1.0000000000
-3.4375773124 -8.6497657942  2.3666904093 0.1364882861 0.0776689045 1.0000000000
-4.2455737504 -8.5449390756  5.9699385030  0.0536247336 -0.1214895362  1.0000000000
-1.9161124932 -9.9136320512  3.0847106805 0.2461308931 0.2044585725 1.0000000000
-3.1883347792 -6.8114180016  3.6258107621 -0.1622362065  0.0948327816  1.0000000000
-2.8901621773 -7.9403360831  5.2890756580 -0.0133323790  0.0238699959  1.0000000000
-4.0511374919 -7.8537143141  2.3508831579 -0.0061472686  0.0047430764  1.0000000000
-0.9849917917 -9.3479378773  4.8704060907 0.1326421787 0.2303788769 1.0000000000
-4.4811495168 -7.9238612862  2.5933951283 -0.0284073467 -0.0307462634  1.0000000000
-2.6772402692 -9.5344058559  2.6857635702 0.2530411133 0.1360432099 1.0000000000
-2.5325823804 -9.5093297654  1.4442392254 0.3134597868 0.2716606906 1.0000000000
-2.6422859997 -8.7174414116  4.5724313724 0.0742788406 0.0808859959 1.0000000000
-4.3100480970 -9.5273245289  5.7603502656  0.0980790033 -0.1533405558  1.0000000000
-4.5596705923 -8.7949485266  5.5041877220  0.0511811505 -0.1720329391  1.0000000000
-4.5850774672 -6.4280857890  4.4059973543 -0.1875459500 -0.0839463373  1.0000000000
-2.2269288004 -7.8808727553  5.3946801266 -0.0304372346  0.0779723294  1.0000000000
-4.8718566251 -7.0892237878  4.7473890807 -0.1952452757 -0.2115576424  1.0000000000
-2.1167221075 -6.6436351268  3.3075289688 -0.1464895943  0.2336041572  1.0000000000
-3.2782131612 -7.0161855701  5.6803689247 -0.1410129388  0.0080644319  1.0000000000
-3.9834192369 -7.0179659817  4.9727340774 -0.1339251083 -0.0892794161  1.0000000000
-4.1424705709 -8.1374611834  4.5140065767 -0.0009839329 -0.1010332195  1.0000000000
-2.5268444629 -7.6582111208  2.1606999932 0.0097870678 0.2974302624 1.0000000000
-3.4541319117 -6.6614002344  3.1885639208 -0.2074282595  0.0620609581  1.0000000000
 -4.6970873012 -10.1593879575   3.5597651928  0.2627002050 -0.1626055934  1.0000000000
-4.2046245402 -9.1525537892  4.7521229512  0.1305464507 -0.1201023742  1.0000000000
-3.5674419640 -6.2288132670  3.4695979307 -0.2436505553  0.0954094227  1.0000000000
-2.4456524440 -9.6802060522  3.0508744204 0.1911772028 0.1633648884 1.0000000000
-2.0421496428 -7.3252665860  3.0041187952 -0.0182742128  0.2594345280  1.0000000000
-4.3759227115 -9.5760341459  5.6023212031  0.1228950278 -0.1958771131  1.0000000000
-4.9535078929 -8.3114849257  3.1387018958  0.0585829660 -0.1454090223  1.0000000000
-2.9263930671 -6.5746569945  3.8742442576 -0.2292569986  0.1046588538  1.0000000000
-4.8049654519 -8.7744538587  4.0119853922  0.1174310614 -0.1678735910  1.0000000000
-3.0885400725 -9.5427233554  5.9724458581  0.1379036098 -0.0227184290  1.0000000000
-4.4111537505 -9.8928148426  2.9604264254  0.3139566558 -0.0852405683  1.0000000000
-5.3597034382 -7.5054374836  4.8488860315 -0.1171038805 -0.2321849975  1.0000000000
-5.6730974820 -9.5189311035  2.9020352931  0.2289449755 -0.2558034480  1.0000000000
-1.2109404878 -6.5284635918  4.8416977728 -0.1749133534  0.2031897984  1.0000000000
-3.4695239595 -8.4576230960  5.3762915005  0.0260947970 -0.0667537822  1.0000000000
 -4.1495842844 -10.0134024723   5.8417246163  0.1722842785 -0.1422310084  1.0000000000
-3.4573713709 -8.3449091717  2.4757384616 0.0613601584 0.1370471337 1.0000000000
50
-1.9493480517 -9.4592948167  4.3013830644 -4.5143815710 -6.1241055245  3.4737134443  0.1421019839  0.0888185577  1.0000000000 -0.2799146086 -0.0490191622  1.0000000000
-4.8005023166 -7.8631743731  4.8272502108 -4.8965101137 -9.1921964990  4.5904723984 -0.0866116581 -0.2024929175  1.0000000000  0.1142400029 -0.2244119048  1.0000000000
-3.6372765116 -9.2410543832  4.8492983092 -5.1434554242 -9.2374742345  2.9697428057  0.1195144446 -0.0872393982  1.0000000000  0.2053128551 -0.2137355139  1.0000000000
-4.7571084294 -9.1980056318  2.9412651116 -1.7844319207 -6.9262467096  5.5854560731  0.2153062855 -0.1648430284  1.0000000000 -0.1476559011  0.1053624334  1.0000000000
-2.7033085711 -7.2934907825  4.9347947785 -4.1350771597 -9.9952117772  4.5373097276 -0.1740368477  0.0238373305  1.0000000000  0.2217743596 -0.1266843773  1.0000000000
-1.3529920111 -8.7772552559  4.0003357156 -4.9079524764 -6.8083198443  5.1884249268  0.0891304563  0.1782923902  1.0000000000 -0.1692151499 -0.2030249956  1.0000000000
-3.0841900725 -7.0612828734  4.3262953554 -4.3641387913 -7.9380962946  6.3545853343 -0.0923408742  0.0249105316  1.0000000000 -0.0884030432 -0.1617839095  1.0000000000
-2.3507835841 -8.7197158708  3.9157777471 -2.4433783482 -9.2362793508  2.5857128842 0.1250491761 0.0999494795 1.0000000000 0.2408296931 0.1986988783 1.0000000000
-2.5583669287 -6.2275001559  2.1803518116 -1.2916409084 -9.8016487270  4.4471794330 -0.2245176500  0.2777684894  1.0000000000  0.1684222662  0.1383593214  1.0000000000
-2.2208960486 -8.5852910923  5.7186474228 -4.9368712505 -9.2964888790  3.4955020575  0.0294245773  0.0165339948  1.0000000000  0.1407825056 -0.1717782757  1.0000000000
-2.5776777254 -8.7041611334  2.0809855672 -3.1684531970 -9.8582104795  5.1900946192  0.1784353006  0.1964840298  1.0000000000  0.1490978174 -0.0501634104  1.0000000000
-1.2463630833 -8.0581057639  4.9689368245 -2.9562243799 -7.9629475321  2.2764702300 -0.0210268486  0.1467178189  1.0000000000  0.0395771442  0.1848447004  1.0000000000
-4.0748481101 -7.4298901021  4.2473640259 -3.6593616779 -6.4327512777  2.6867724119 -0.1258598333 -0.0865203247  1.0000000000 -0.2329985129  0.1215990393  1.0000000000
-2.0378156774 -6.7865271612  5.6488035400 -4.0777361196 -5.9449864556  2.8523599945 -0.1475247009  0.1138924532  1.0000000000 -0.2380880940  0.0791779683  1.0000000000
-2.4620302441 -8.8985528921  5.6520578478 -2.3393662552 -9.1938830896  3.4607301960 0.0596546715 0.0316001213 1.0000000000 0.1941261421 0.1536186059 1.0000000000
-2.2557887886 -8.5060857821  2.5229590168 -1.8632662210 -6.7237130150  5.9458466842  0.1344958223  0.2590002389  1.0000000000 -0.1502289117  0.0686767547  1.0000000000
 -2.2267536902 -10.2977921373   4.8415064926  -2.7702028249  -9.1233022671   2.8816084695 0.2182901854 0.0303964068 1.0000000000 0.1915457318 0.1383529064 1.0000000000
-4.1625592767 -7.3529584327  6.2447996645 -4.8903310946 -9.4424915396  3.0632778907 -0.1135844555 -0.1337891374  1.0000000000  0.2288981115 -0.1340578943  1.0000000000
-5.0439360631 -8.4882186889  3.9009069649 -4.8294051020 -6.8216259196  4.5374254537  0.0817823666 -0.1863060405  1.0000000000 -0.1654311390 -0.1363094255  1.0000000000
-4.8354415326 -8.9916585898  4.1639351363 -2.1126253354 -8.2318464679  5.7537778535  0.0980321567 -0.1901474141  1.0000000000 -0.0018284958  0.0674814047  1.0000000000
-1.5304898575 -7.6288386745  4.6674536939 -2.1446474324 -6.3891476969  3.7110176870 -0.0281622610  0.1765683878  1.0000000000 -0.2070560926  0.1862904137  1.0000000000
-2.3817882395 -8.9858350829  3.6938235549 -4.9589074614 -8.3781796347  4.9654306239  0.1564963171  0.1294700353  1.0000000000 -0.0028292788 -0.2168742549  1.0000000000
-2.1498348432 -8.3840242871  2.7669349160 -4.9025547401 -9.8952941444  4.5389685086  0.0926610032  0.2753079592  1.0000000000  0.1686294630 -0.2350567968  1.0000000000
-4.3986701628 -6.3033124775  4.1713732359 -2.0481545897 -7.1935504570  5.3939750612 -0.2277043194 -0.0585744131  1.0000000000 -0.1333260218  0.1105592415  1.0000000000
-4.0609877355 -8.2236096757  6.6619343001 -4.7516392246 -6.6230433886  5.7651995734 -0.0200762569 -0.1232013210  1.0000000000 -0.1682103671 -0.2187979016  1.0000000000
-2.5757180096 -9.3530821813  1.8202017391 -3.9749246950 -9.5156710012  4.0598092933  0.2635507375  0.2532206570  1.0000000000  0.1706408947 -0.0869425849  1.0000000000
-1.9575882176 -8.3175056649  3.7781721989 -4.1135745963 -8.6931243497  3.5018357535  0.0546232649  0.1511502582  1.0000000000  0.0805448493 -0.0935898713  1.0000000000
-2.1846680205 -8.4957908722  4.7552275840 -4.6116996034 -8.8278166825  4.1819470872  0.0421707487  0.0884929058  1.0000000000  0.0989679864 -0.1822233934  1.0000000000
-3.5634129295 -9.9205035843  2.9108513178 -4.0657776998 -8.9475929066  3.3811800354  0.3155350941  0.0173783813  1.0000000000  0.1479186122 -0.0739484705  1.0000000000
 -3.7152677343  -9.5188128129   4.0662220341  -4.3305404856 -10.3389463644   5.8354263726  0.1695896182 -0.0544041983  1.0000000000  0.1750121228 -0.1573596517  1.0000000000
-3.9760626005 -9.8271228136  5.7938694603 -2.6102431885 -6.9186851711  5.2702296238  0.1301334999 -0.1217885115  1.0000000000 -0.1265592482  0.0448622501  1.0000000000
-4.5321466889 -6.5410291021  5.3890442583 -4.0621003655 -7.6362089058  3.0631210601 -0.2448256980 -0.1327440764  1.0000000000 -0.0166514376 -0.0005671487  1.0000000000
-3.9266252044 -7.0525608988  5.9470336676 -3.1375120153 -7.3577200351  3.5684812453 -0.1636646605 -0.0782467688  1.0000000000 -0.1260805306  0.1050755706  1.0000000000
-0.9796984532 -9.6694892043  4.9731171890 -3.7839325735 -7.7510559586  6.4967843363  0.1616998567  0.1363089606  1.0000000000 -0.0618551642 -0.1026315415  1.0000000000
-2.3591256463 -8.8350541659  4.3458741697 -3.1510442466 -9.0151494022  3.8689588978 0.1258152366 0.0817120434 1.0000000000 0.1587679037 0.0260282894 1.0000000000
-3.7212361997 -9.6566685410  3.6582898312 -4.9568185667 -8.1946804260  3.5987118766  0.2075918273 -0.0535689257  1.0000000000  0.0514101812 -0.1731554525  1.0000000000
-2.5211764838 -8.6830744582  3.0221715186 -2.0604301155 -6.5866656507  3.2188012870  0.1094453009  0.1630647549  1.0000000000 -0.1709325335  0.2542522080  1.0000000000
-2.0522246267 -7.9483753460  4.7749606024 -4.2791999703 -7.0502237542  6.4808483507 -0.0197567846  0.1134549842  1.0000000000 -0.1662032313 -0.1497270831  1.0000000000
-5.4613065597 -6.3400014243  4.1408614883 -5.7696500966 -7.0815393638  3.5145479049 -0.2629957653 -0.2307578932  1.0000000000 -0.1943370219 -0.2687073382  1.0000000000
-2.7013076584 -9.6018684388  2.8343561173 -3.5815989053 -8.6035782492  6.3585293990  0.2779865766  0.1169374041  1.0000000000  0.0334631056 -0.1409961658  1.0000000000
-2.4496829983 -9.8746660064  4.3445771633 -2.1137740054 -6.5850137028  4.1915390696  0.1980256419  0.0510275990  1.0000000000 -0.1829901598  0.1668112619  1.0000000000
-5.0768901240 -9.7812252268  2.7589973675 -2.6345351832 -9.8546540479  4.6848271575  0.2600746955 -0.2077564535  1.0000000000  0.1820419876  0.0350513401  1.0000000000
-3.2662667869 -9.1708458605  5.8670995645 -4.6056754393 -9.3590719455  3.8995156282  0.0575425409 -0.0843538036  1.0000000000  0.1234498351 -0.1286742360  1.0000000000
-3.6815473732 -9.7184492689  3.7850248395 -3.4139227215 -9.9757115838  3.6518697292  0.2283713844 -0.0173544276  1.0000000000  0.2422673336 -0.0094602591  1.0000000000
-1.9396726938 -8.9267250191  4.1139046411 -2.0545143279 -9.8047667977  3.6488700671 0.0929664194 0.1640404914 1.0000000000 0.2190835931 0.1485346082 1.0000000000
-4.0902664027 -8.2657952070  2.5424113443 -4.1639002418 -8.5164675866  6.6035275811  0.0530558264  0.0207357633  1.0000000000  0.0043986552 -0.1614158481  1.0000000000
-5.2966021673 -8.7398683283  3.1759375669 -2.7835986125 -6.5713538841  2.0580160583  0.0751290644 -0.2075519535  1.0000000000 -0.1857003746  0.2584334518  1.0000000000
-1.4687812784 -8.4738428716  5.0799029231 -4.3118895234 -9.4790882282  4.6563218439  0.0386046067  0.1521210311  1.0000000000  0.1740676349 -0.1396980262  1.0000000000
-3.2359951755 -6.8351262744  3.6037114644 -5.2881217178 -8.9961128682  3.6469246911 -0.1736622669  0.1011921215  1.0000000000  0.1353257616 -0.2485470118  1.0000000000
-2.9904263890 -7.8681478867  2.5868748100 -3.3915308867 -7.7857449682  5.9153725597 -0.0321904800  0.1798300844  1.0000000000 -0.0600032013 -0.0426844737  1.0000000000
