306.5000000000
50
-11.1880163437   5.4241112168  -9.1066018920 -0.0283480571 -0.0885161047  1.0000000000
-10.6059202888   5.4427981724  -6.6617351559 0.1472430363 0.1954103644 1.0000000000
-8.7341175963  6.0488070175 -9.5234540251 -0.2814087785  0.0715466983  1.0000000000
-8.1862268487  6.1126680773 -8.3593996950 -0.1395128035  0.2905480479  1.0000000000
-10.1877157458   5.9036257525  -6.7499641497 0.0895555324 0.1939681660 1.0000000000
-9.0963572768  6.2556210105 -9.0655295638 -0.1973348359  0.0927182053  1.0000000000
-10.9341958755   7.2788812601  -7.1687989016 0.0445035264 0.1407806015 1.0000000000
-12.7475009704   6.4344583414  -8.2619438831  0.0357363649 -0.0693901534  1.0000000000
-11.8709024070   5.8480505273 -10.0559965448 -0.1208553539 -0.2082733359  1.0000000000
-10.3062964115   5.8548165632 -10.2279812800 -0.2295969004 -0.1311248479  1.0000000000
-10.6444081513   6.3739041562  -7.7270739490 -0.0007655999  0.0936349252  1.0000000000
-11.1306602576   4.2251887718  -7.0074030350 0.2725432975 0.0282821169 1.0000000000
-9.2828961002  4.5148534106 -8.5558056841 -0.0117130635  0.0493774226  1.0000000000
-11.6834721015   6.9447097032  -6.9180124042 0.0292510906 0.1228350967 1.0000000000
-12.1879950928   5.7960152698  -7.5732310892 0.1053391435 0.0067246386 1.0000000000
-10.2764218011   6.3663914485  -8.8771763610 -0.0976592525  0.0169224472  1.0000000000
-11.4318989268   4.3845601172  -9.7049126308 -0.0115749121 -0.2794888083  1.0000000000
-10.7637504045   6.5276872195  -8.3660587519 -0.1270057243  0.0635186120  1.0000000000
-10.3181612149   7.1664248684  -7.6593084120 -0.0078747335  0.1756599937  1.0000000000
-11.7816036708   6.4427231294  -5.3844748474 0.2365996638 0.1859260924 1.0000000000
-11.1903338297   6.2846453877  -8.8736506306 -0.0379395458 -0.0416025409  1.0000000000
-10.6651215510   3.4188316570  -7.5550244424  0.3314613877 -0.0516858858  1.0000000000
-10.2250744834   7.2063687568  -7.4942306517 -0.0345508529  0.2396913899  1.0000000000
-10.3748958501   5.7857358068  -8.6155996753 -0.0403459944  0.0183605854  1.0000000000
-12.1651720443   6.5531658069  -9.1415997162 -0.0602916932 -0.0891251792  1.0000000000
-10.0206312434   6.2570217374  -9.3592747913 -0.1196186060  0.0285152062  1.0000000000
-9.5959067604  5.9940572744 -6.5733254900 0.1168368784 0.2857651555 1.0000000000
-10.3827283621   2.9186029426  -7.6743562000  0.3377119984 -0.0997870709  1.0000000000
-11.4999651343   6.6153748831  -7.0971029705 0.1070645862 0.0673939685 1.0000000000
-10.8852592281   7.1327600082  -8.0472236023 -0.0672549547  0.1188335189  1.0000000000
-10.6623051373   4.4959067381 -10.4164593866 -0.1114935114 -0.2692446295  1.0000000000
-10.4320851632   5.6491147134  -5.6561424722 0.2171546387 0.2365364323 1.0000000000
-10.4108997633   6.2685241855  -9.8868176381 -0.2399891489 -0.0872551671  1.0000000000
-11.9711156871   6.6236422549  -6.4406014527 0.1512717147 0.0802277751 1.0000000000
-10.5515125713   4.8454021908 -10.4422482837 -0.1643852396 -0.2097073030  1.0000000000
-11.4271161894   6.7651309468 -10.0287909288 -0.1668827837 -0.1594047905  1.0000000000
-10.4564650416   6.9270726077  -7.1081360133 0.0190659747 0.1859672434 1.0000000000
-9.1934248326  4.1725698484 -6.4245097027 0.3046149796 0.2464794342 1.0000000000
-12.1056895191   5.3195859883  -6.8168519369  0.1847201362 -0.0241145362  1.0000000000
-10.2025990149   5.4490421748  -6.6023870824 0.1618998217 0.1693240524 1.0000000000
-11.6347252081   4.7962509530  -9.1276464697  0.0183635881 -0.1918594605  1.0000000000
-12.0010916709   4.2191844398  -8.7694105605  0.1665019539 -0.1974279252  1.0000000000
-12.1938623414   6.3491773875  -9.4566499575 -0.0495464822 -0.1063911305  1.0000000000
-10.2168038508   5.9670652812  -6.2429759013 0.1601137416 0.2326244957 1.0000000000
-12.2305467372   4.8538575783  -8.3548782545  0.1502685463 -0.1415417072  1.0000000000
-13.0198741365   5.0745606244  -7.3218396762  0.2118847139 -0.1255849767  1.0000000000
-11.1230502977   6.3429503937  -6.9030088399 0.0706630340 0.1297246819 1.0000000000
-10.5503332880   6.5834074185  -8.0341541297 -0.0167307967  0.1110531294  1.0000000000
-9.3779163160  5.0227637753 -8.4244957615 -0.0110712914  0.0105459245  1.0000000000
-12.0019809587   7.4260262023  -9.0037931533 -0.1021755656 -0.0684546234  1.0000000000
50
-9.6184425652  7.8450451724 -8.0405400304 -8.8003843683  5.8257403358 -8.9400399258 -0.1797439088  0.2212004275  1.0000000000 -0.2165844175  0.1310452743  1.0000000000
-12.0047399928   5.4120388064  -9.9317179692  -9.5905447251   6.4013483206  -8.1249814834 -0.0531406682 -0.2152301586  1.0000000000 -0.0438619198  0.1697574926  1.0000000000
-12.0688250128   6.9524353477  -7.8577104029 -11.4608023604   5.2720348203  -7.5087113128 -0.0049266518  0.0637884836  1.0000000000  0.1494861103 -0.0121171526  1.0000000000
-11.4833234863   4.9278195635  -9.1884411085  -9.3799048151   5.7435998459  -9.2692261833  0.0430554763 -0.1986626574  1.0000000000 -0.1882120523  0.0246926487  1.0000000000
-10.9923809585   6.7111662849  -5.8133319060 -12.3882432499   7.1453509491  -9.5447578330  0.1658197050  0.1610459064  1.0000000000 -0.1184220336 -0.1154800445  1.0000000000
-10.6983078490   8.3878475420  -7.9077006376 -11.1317403236   2.8218171081  -8.9610242877 -0.0797574686  0.1745608515  1.0000000000  0.2654811346 -0.3053541794  1.0000000000
-10.2732606831   4.3601949464  -7.1532072160 -12.3767283438   4.7843125233  -9.0561403012  0.2160542039  0.0703495008  1.0000000000  0.0400690360 -0.2410996802  1.0000000000
-12.6876045111   6.7180459423 -10.2357719172 -10.4841370238   5.2925628004  -7.6401321619 -0.1089780008 -0.2139570916  1.0000000000  0.0898384298  0.0775623468  1.0000000000
-11.2724480562   3.3205594738  -8.8173953362 -11.6328548087   6.1573271349  -9.1156095763  0.2109223167 -0.2325260192  1.0000000000 -0.0512204241 -0.0852344058  1.0000000000
-12.5710692069   6.3767474064  -9.3958456526 -12.3524309865   5.2930401498  -9.0111462073 -0.0449406463 -0.1522052457  1.0000000000  0.0601178318 -0.1384348346  1.0000000000
-12.8522240740   6.0241537746  -9.3238735116 -10.2377503626   3.8724156316  -9.7849840105 -0.0029850960 -0.1802893624  1.0000000000 -0.0282113247 -0.2540370198  1.0000000000
-11.5572099706   7.4789284559  -9.5047433388  -9.7511417666   8.1122536324  -7.8750160823 -0.1474473562 -0.0380053870  1.0000000000 -0.1303910210  0.2335838508  1.0000000000
 -8.8879518953   7.0199279313  -8.3488840024 -11.5836070819   4.9367648889  -8.0428803087 -0.1424860148  0.2002981742  1.0000000000  0.1084962711 -0.0847758765  1.0000000000
-10.2344297333   4.1572392732  -7.6246462244 -12.2913737053   7.4738353924  -9.8142884157  0.2203443364  0.0195347427  1.0000000000 -0.1688462656 -0.1127022769  1.0000000000
-10.8517697721   5.2781433312 -10.2688091477 -10.3942785232   7.1957732815  -7.8265059931 -0.1746299924 -0.2374422453  1.0000000000 -0.0357999410  0.1361722129  1.0000000000
 -9.4858269177   5.7217057618  -8.3128937914 -10.8734782400   6.6513281464  -7.5001527272 -0.0353938290  0.0962421824  1.0000000000 -0.0119671321  0.0816814395  1.0000000000
-10.1197980792   4.0990038429  -7.1706997884 -10.9497194151   3.8602766359  -7.8332490036  0.2088924312  0.0985970707  1.0000000000  0.2407155307 -0.1133482599  1.0000000000
-10.2662297773   5.0356397017  -6.9559433190 -10.7578240043   6.1399898003  -9.9719203968  0.1573381114  0.0766134838  1.0000000000 -0.1426674896 -0.1050515451  1.0000000000
-10.2483476100   4.4962669399  -8.1942421598  -9.9826277569   3.4384366574  -7.7329172830  0.1080126707 -0.0295064363  1.0000000000  0.2476487116 -0.0457796374  1.0000000000
 -9.5611010221   4.0348423287  -6.3945727573 -10.5958181933   4.5591116502  -7.5679677504 0.3215516976 0.2199892572 1.0000000000 0.2132356343 0.0216763105 1.0000000000
-10.4296379417   6.6406635374  -7.4475666086  -8.8808767197   5.1710454912  -9.4769019802  0.0146788173  0.1718750846  1.0000000000 -0.1887494367  0.0228166621  1.0000000000
-10.7601571448   5.3329386065  -6.8494227051  -8.8776379322   7.0746492379  -8.0967807772  0.1413928328  0.0622905096  1.0000000000 -0.1341757569  0.2647901549  1.0000000000
-11.0052620293   3.8539847679  -7.8152604425  -8.2021387940   5.9574705513  -8.7329529050  0.2171248957 -0.0612845858  1.0000000000 -0.1923561490  0.2529375413  1.0000000000
-11.0632746124   3.7813180272  -9.4170441610 -12.1407113479   6.8401647587 -10.3714881801  0.0976807386 -0.2683324841  1.0000000000 -0.1482029414 -0.1743186815  1.0000000000
-12.6463404944   4.7136353888  -7.8635597894 -11.1464798260   6.4027091952  -8.3625731678  0.2115006758 -0.1131468009  1.0000000000 -0.0163285690 -0.0196783490  1.0000000000
-11.0722582400   5.6814852886 -10.0709350244 -13.1386041928   5.6837840836  -8.1564647309 -0.1040446876 -0.1592373871  1.0000000000  0.0823010524 -0.1365556553  1.0000000000
 -9.1707664263   5.2218929522  -8.2437802270 -12.8867470788   6.3476722222  -9.3050583388 -0.0293277080  0.1186557093  1.0000000000 -0.0349769593 -0.1499889724  1.0000000000
-10.2680364641   3.7806474736  -8.2823036228 -12.4546121405   6.6056027424  -7.8767847278  0.1873338720 -0.0767804770  1.0000000000  0.0419790122 -0.0219516956  1.0000000000
 -9.6182571157   4.5816517521  -7.8918253888 -11.8875994076   5.7158129937  -7.6110015247 0.0636297583 0.0350645457 1.0000000000 0.1345255598 0.0006628513 1.0000000000
-13.0502776076   4.9298693655  -7.8032843236 -10.4123381334   7.0447936165  -7.4267846977  0.1905436374 -0.1707866254  1.0000000000 -0.0492801169  0.1294732390  1.0000000000
-10.1624121785   4.1675717725  -8.8861790388 -11.1486922722   4.1883376876  -8.3779022517  0.0478577553 -0.1368869583  1.0000000000  0.1156990457 -0.1162838591  1.0000000000
 -9.5984101436   4.4802053585  -9.0898400319 -11.1178119700   5.3075977177  -8.6177872684 -0.0187256398 -0.0470360932  1.0000000000  0.0260830572 -0.0891237609  1.0000000000
-12.5606322381   5.6630990394  -6.9835103322 -11.0465154434   6.3628963245  -8.8702807612  0.1859267669 -0.0713200461  1.0000000000 -0.0518969732 -0.0373420849  1.0000000000
-10.3706728120   4.0053973444  -7.0967079474 -12.0426168606   6.5517764694  -8.8181968722  0.2656028301  0.0212504334  1.0000000000 -0.0647364987 -0.0545510979  1.0000000000
-11.8577569153   5.0808537585  -9.0712310269  -9.6889592593   6.4441393009  -7.6727351312  0.0231108098 -0.1657415215  1.0000000000 -0.0629111595  0.1839943712  1.0000000000
-11.0682286000   6.9556420538  -6.1149876396 -11.7789563752   3.9778114056  -7.5332881290  0.1048865592  0.2128761242  1.0000000000  0.2677938316 -0.1002830663  1.0000000000
-10.0643849087   4.8501209367  -9.2880796920 -10.6714582172   6.0121668934  -6.6142848829 -0.0484058420 -0.0761512996  1.0000000000  0.0978163325  0.1360810159  1.0000000000
-8.7809673729  5.9086240316 -8.8352282977 -9.9352228518  3.9106565422 -8.6524546303 -0.2028297222  0.1375378181  1.0000000000  0.1331719979 -0.0766818109  1.0000000000
 -9.7400397518   6.1668040631  -9.0270294035 -10.3373905924   4.9394435863  -8.5672572798 -0.1507810529  0.0327298669  1.0000000000  0.0409812261 -0.0597574066  1.0000000000
-10.3222633716   6.6115692900  -6.3339282073 -10.0525794573   4.8336793006  -8.5717898903  0.1011255189  0.2354298322  1.0000000000  0.0299537511 -0.0509402359  1.0000000000
-11.4456120146   5.7437481265  -8.6816007048  -9.9779731252   5.0968072370  -6.8832177886 -0.0168936358 -0.0788900095  1.0000000000  0.1599058730  0.1428085050  1.0000000000
 -8.5497706602   6.9827866927  -8.2546734398 -11.7269856468   5.2970743027  -6.5798918310 -0.2472376520  0.2966874482  1.0000000000  0.2410087105  0.0509300311  1.0000000000
-10.2176084367   5.5452999195  -7.1554661826  -9.7761235897   7.6735301073  -8.6887952210  0.1053744849  0.0977873389  1.0000000000 -0.1793836182  0.1156529649  1.0000000000
-11.0277521974   4.1428279003  -9.0536848305 -10.1362615264   6.5695987012  -9.7162133208  0.0659531669 -0.2008233148  1.0000000000 -0.2451985436 -0.0280932008  1.0000000000
-12.4257762731   7.3657913579 -10.1720976697 -11.5846727768   5.7529073062  -8.5254452726 -0.1518837016 -0.1868811183  1.0000000000  0.0132589829 -0.0617705463  1.0000000000
 -9.1952205821   4.7487233604  -6.2792524894 -11.8556796133   5.3344700527  -8.2836043089  0.2257730964  0.2727105228  1.0000000000  0.0655342712 -0.0722551438  1.0000000000
-10.4034412273   5.3418774714  -7.6784152078 -10.8727633128   6.0648097358  -9.5174311693  0.0825091787  0.0604073962  1.0000000000 -0.0952650590 -0.0552232954  1.0000000000
-10.7445009938   4.8617697485  -6.2227900718 -10.3821008751   3.8246435220  -8.0441413206  0.2983695207  0.1343772502  1.0000000000  0.2244584573 -0.0536098879  1.0000000000
-10.1032105126   3.9928312374  -6.8503556293 -12.3978337739   5.9929531093  -9.3531634612  0.2446695952  0.1213205997  1.0000000000 -0.0156047689 -0.1637370343  1.0000000000
-12.7635417153   5.8020921171  -8.9808729485 -11.8701952793   6.2590083286  -6.1874718322  0.0387698899 -0.1930935088  1.0000000000  0.1685448199  0.1220037311  1.0000000000
