531.1000000000
50
-2.5075375943  9.1780411879  9.5966252848 -0.1265131735  0.0011788784  1.0000000000
-1.6569304156  9.2393799823  9.8023651891 -0.0141476995  0.0212231647  1.0000000000
0.3658433847 7.5641689895 7.8546543452  0.2776509495 -0.1686036446  1.0000000000
0.1374204305 7.4823767250 7.0818117950  0.2548235949 -0.2250718268  1.0000000000
-3.3299613498  7.6776458228  6.1526924470 -0.2928656806 -0.3009327932  1.0000000000
 0.3834567473  8.4854526155 10.0885492099  0.2283870315 -0.0284698008  1.0000000000
-2.0380410104  8.6539233145  8.6365421638 -0.0699874844 -0.0731308617  1.0000000000
-0.1538340578  9.5393563929 10.1877728213 0.1635606579 0.0675417682 1.0000000000
 0.2909235644 10.9067936234  7.1418348419 0.1972154740 0.2745370878 1.0000000000
-3.0642920202  7.4855851701  8.1457551919 -0.1734135248 -0.2047094666  1.0000000000
-0.9104516060  8.3314721464  6.4653219700  0.0637896148 -0.1050130516  1.0000000000
-1.6186552352 10.0276394942  8.7875724266 0.0186820068 0.0952039421 1.0000000000
-2.2654154574  9.8698614908  9.3794962993 -0.0830064198  0.0665275917  1.0000000000
-0.9390826022  9.2315064148  9.9423464717 0.0816752649 0.0367953921 1.0000000000
-0.2821269434  9.1561604292 10.2535402388 0.1252790478 0.0721115874 1.0000000000
-0.0629187873  9.2150907935  8.0005019879  0.1784191844 -0.0066228859  1.0000000000
-0.4634105482 10.5265465557  9.6110910186 0.0848882598 0.1954549396 1.0000000000
-2.0832340462 10.0693342775  8.1712202639 -0.1186436879  0.0968934253  1.0000000000
-2.4829513318  9.4494064189  8.0026165818 -0.1488573974  0.0531402363  1.0000000000
-1.9609980316  9.8279573032  8.3199351281 -0.0722588095  0.1022151356  1.0000000000
-0.2349676368  7.9122682627  9.5230193168  0.1307321307 -0.1085669489  1.0000000000
0.1229618448 9.6170779258 8.6261381666 0.1710539841 0.1089904446 1.0000000000
-1.2931026381 10.9486633037  7.3748144991 0.0057844358 0.2792584222 1.0000000000
-2.6233976375  9.4200023134  9.5040144751 -0.0988198044  0.0229043124  1.0000000000
-3.0620342780  8.7825170020  7.7614907862 -0.2107498304 -0.0812170237  1.0000000000
-3.5691202028  7.8931633919  9.9299523923 -0.1817764260 -0.1586522975  1.0000000000
-1.7663523398 10.5466035831  9.8985043000 -0.0689223219  0.1530736197  1.0000000000
-2.9138037793  7.8937145209  8.5277731642 -0.1699273156 -0.1883674294  1.0000000000
-0.9190546320  8.6179030670  6.9779802284  0.0741474152 -0.0619887265  1.0000000000
-3.3042175781  9.9834105920  9.5793707134 -0.1577886955  0.0876169260  1.0000000000
-1.2103074383  9.2929658900  6.7561454163  0.0166311679 -0.0239505280  1.0000000000
-2.3784959464  8.6296514755  9.3515218124 -0.0876187753 -0.0539147014  1.0000000000
-0.1217292105 10.1783951301  9.4501055449 0.1817337136 0.1372642342 1.0000000000
-3.4184137090  7.4415265233  7.2894298984 -0.2430767932 -0.2408763229  1.0000000000
-0.3499432496  7.2784145759  9.0508646694  0.1422306837 -0.1437883972  1.0000000000
-2.8441540431  7.5400897217  9.5949570738 -0.1591531459 -0.1592929060  1.0000000000
-2.8470193037  9.1221161270  9.2461010721 -0.1869685154 -0.0255188278  1.0000000000
-3.4017735221  9.7186941623  9.9386017457 -0.1800991254  0.0896742000  1.0000000000
-1.0293357101  8.0121988038  7.5109435393  0.1047035460 -0.1403137888  1.0000000000
-0.6724164449  7.8144650037 10.3515534870  0.0993583344 -0.0979329916  1.0000000000
-1.0160176928  9.9893204441  8.5818742321 0.0572412061 0.1240489837 1.0000000000
-1.0941724231  6.9728775617  9.9233699875  0.0831301822 -0.1738618140  1.0000000000
-1.6283114761 10.2710065635  9.4131057276 0.0021986550 0.1330852430 1.0000000000
-2.7436852695 10.4261396686  9.4313377241 -0.1493571882  0.1532807192  1.0000000000
-1.6735006244  9.5125895618  9.8497041967 -0.0112164053  0.0171222836  1.0000000000
-2.9233972202 10.3947123651 10.2379311275 -0.1278852421  0.1411411549  1.0000000000
 0.7046083287 10.7302046220  8.5305872816 0.2063391793 0.2275332736 1.0000000000
-0.1874765254 10.9512793709  7.0234205923 0.1447125660 0.2983670072 1.0000000000
-0.7586907941  9.3021585148  7.7985202469 0.0773828915 0.0133550307 1.0000000000
0.2138899717 8.0750547387 8.7877945747  0.2137739544 -0.0625893882  1.0000000000
50
-2.0295438326 10.4708456015 10.1012128635 -1.9406914977  9.1984924753  8.1158439986 -0.0275543324  0.1671890000  1.0000000000 -0.0724458753 -0.0021472151  1.0000000000
-2.4813647907 10.9615474006  7.8326978259  0.5163408540  7.2538763333  6.7937796999 -0.1924508797  0.2517091394  1.0000000000  0.3206032859 -0.2454616851  1.0000000000
-1.0224080363  8.9365775273  9.8592073630 -1.6212481160  9.4831904521  9.2936568955  0.0432000661  0.0074458896  1.0000000000 -0.0309094775  0.0357493726  1.0000000000
-1.7445144159  9.3721068440  9.1587646006 -1.7880541852  8.3797216828  6.9341889385 -0.0549916807  0.0370171136  1.0000000000 -0.0515052325 -0.1201570250  1.0000000000
 0.6721752633 10.6019166967  7.7148219331 -2.2337598333 10.5029599340  8.8193355457  0.2310742974  0.2329855565  1.0000000000 -0.0966747821  0.1539363839  1.0000000000
-2.6620295696 10.3429978497  7.0957242202 -0.9603242428  7.8223706221  8.3831541263 -0.1943174705  0.1658216465  1.0000000000  0.0570088073 -0.1505084336  1.0000000000
-1.1988522160  9.1650386399  9.8403626031 -0.5976769149  9.7372437989  6.5407840303  0.0058290581 -0.0000911759  1.0000000000  0.0725440860  0.1020363434  1.0000000000
-2.9435518152  9.1376852436 10.2480406807 -0.4859593500  7.8802977208  8.8135278871 -0.1694863469 -0.0013990188  1.0000000000  0.1720709357 -0.1107537204  1.0000000000
-1.6685239006 10.9687263634  6.6632845809 -0.9883668806  7.3982245294  8.1246053450 -0.1123663671  0.2676876123  1.0000000000  0.1141962539 -0.2047357084  1.0000000000
-1.3184368669  8.3798467411  9.6999280238 -1.6733544112 10.8502428291  9.6211669798  0.0191980729 -0.0370950420  1.0000000000 -0.0776638762  0.2146673006  1.0000000000
-2.7038540535  7.9221838908  6.3206032806 -1.7266722389  9.8332216218  6.9967002109 -0.2093259885 -0.2575973576  1.0000000000 -0.0630411409  0.0830899153  1.0000000000
 0.2135949375  8.8534698093  9.6297539083 -1.0099721025  9.1766057051  7.7877488855 0.2058014826 0.0001399413 1.0000000000 0.0743262345 0.0362675084 1.0000000000
-3.1521105288  9.1972491114 10.1536771545 -2.0790906650  7.7682464016  6.6831797673 -0.1713144283  0.0129795581  1.0000000000 -0.0707089908 -0.2202798824  1.0000000000
-2.5795017997  7.7795253015  9.6760960901 -1.8023622545  9.7225885352  7.2031425328 -0.0814351373 -0.1523181212  1.0000000000 -0.0642780273  0.0784968298  1.0000000000
-0.6644159324  8.7532946367  9.7672310186 -0.7632541371  8.0328161292  7.9055848126  0.1104891686 -0.0113682435  1.0000000000  0.1014199958 -0.1163964817  1.0000000000
-0.3089995497  7.9994396024  9.5316576665 -1.6629752143  8.6997239565 10.0908210643  0.1481449755 -0.0964989086  1.0000000000  0.0485226657 -0.0488437557  1.0000000000
 0.4950295405  7.7747674156  7.6329857796 -1.2132770811  9.3588768301  7.2606396804  0.3064922138 -0.1136056271  1.0000000000  0.0268648469  0.0080108855  1.0000000000
-3.3120534501  9.3135108723  9.3718783886 -2.7811246831  9.6857714622  9.7783988671 -0.2042929298  0.0518022082  1.0000000000 -0.1742115070  0.0907600293  1.0000000000
-1.9102252445  9.2668442254  7.0948187836  0.5885919584  9.7362060297  8.3627987813 -0.0945765967  0.0364161105  1.0000000000  0.2705200647  0.0954931665  1.0000000000
-1.7059078615  9.2142684463  9.5309355683 -0.4509794024 10.7130597266  8.5498958285 -0.0417349594  0.0042125311  1.0000000000  0.1047232631  0.2074134975  1.0000000000
 0.7047561487  9.8083110529  7.2350000508 -1.8329635252  9.5830850118 10.2583154966 0.2805409631 0.0803814368 1.0000000000 0.0013449783 0.0518689009 1.0000000000
-0.6804783556 10.8053000223  8.2852367464 -2.7529033044  7.8777425664  7.8223604939  0.0552715570  0.2253052276  1.0000000000 -0.1716328660 -0.1889031273  1.0000000000
-0.4947166455 10.6150614824 10.2266736216 -1.9652793983 10.2283384176 10.1802664764  0.1078935644  0.1833547748  1.0000000000 -0.0441651226  0.0894841501  1.0000000000
 0.4296869953 10.9754884511  7.0342896741 -1.0313112496  8.7952676657  8.0950640339 0.2282274166 0.3403464672 1.0000000000 0.0643791893 0.0075855947 1.0000000000
-2.8843902266  8.1639307856  7.7414624781 -3.0788181563 10.0364126931  9.5795069245 -0.1724867073 -0.1463847835  1.0000000000 -0.1799825196  0.1265106429  1.0000000000
-0.0647022713 10.4384690018  8.5792980049 -1.4428236322 10.4650430527  8.3312290417  0.1648720276  0.1966132679  1.0000000000 -0.0467968508  0.1843997156  1.0000000000
-2.0156594451  8.1242440915  9.7428691671 -1.0820582413  9.7802668375  8.3916868638 -0.0417684264 -0.1223166320  1.0000000000  0.0417186293  0.0895981540  1.0000000000
-1.4035606136  9.4147701212  9.0382181085 -2.0896941734  9.3355274429  7.7886296570 -0.0065164668  0.0144604174  1.0000000000 -0.1112591111  0.0368929527  1.0000000000
-2.1870880736  9.6181552277  9.2089973193 -0.6423290702  7.1851973587  8.6261288124 -0.0941089682  0.0323804097  1.0000000000  0.1320354435 -0.2287397211  1.0000000000
 0.5563628427  8.7345310366  7.1444855402 -0.6702896191  8.0922221479  7.5272834665  0.3026694407 -0.0232495452  1.0000000000  0.1081694536 -0.1169102993  1.0000000000
-0.9699969444 10.1013988906  7.9111771252 -1.7299128944  8.1019902430  6.8470069821  0.0122451970  0.1463086497  1.0000000000 -0.0142717002 -0.1793730837  1.0000000000
-0.8341761732  7.3363141059  8.6334659688 -2.0112699708  9.2873335940 10.2197256147  0.1194769156 -0.1816907963  1.0000000000 -0.0495489133  0.0314155930  1.0000000000
 0.3767629312  7.7890254768  8.4987143954 -1.1326829162  9.5628840073  6.4370765713  0.2411311431 -0.1165304243  1.0000000000  0.0458880031  0.0227109780  1.0000000000
-2.8062050348  8.5020624678  7.4223019546 -2.4384850190 10.6837171518  8.7802790544 -0.1322654451 -0.0993054745  1.0000000000 -0.1211446959  0.1577339340  1.0000000000
-0.9287529911  7.2170376613  7.5912114717  0.2408933113  8.2590869075  7.5891316190  0.0763774017 -0.2366638126  1.0000000000  0.2279182865 -0.1190012471  1.0000000000
-0.7953868665  9.5956958666 10.3199202717  0.3000776744 10.1781941784  8.6692891047 0.1142485950 0.0566375126 1.0000000000 0.1994468123 0.1636260293 1.0000000000
 0.3524227900  8.3622257858 10.1701186799 -1.2409412176  8.4963098137  8.7535823419  0.1831438606 -0.0404983618  1.0000000000  0.0179995574 -0.0827068987  1.0000000000
-0.2357618873 10.3328641350 10.4314896334 -1.8328971970 10.5278524433 10.1663418184  0.1504191058  0.1396522784  1.0000000000 -0.0364881182  0.1404307666  1.0000000000
-0.7367243781  7.7522189030  8.0724721500 -1.0048155725 10.1217172233  8.7557383201  0.1335902048 -0.2008678464  1.0000000000  0.0290971820  0.1401481723  1.0000000000
-1.1916098555  7.3719039215  9.3351621850  0.3437140661  8.4445276577  8.0850539201  0.0405276561 -0.2041089034  1.0000000000  0.2334916597 -0.0302256801  1.0000000000
-0.8925233135  8.4487723785  7.5809053956 -1.5958556233 10.3981952270 10.3081085118  0.0817079540 -0.1159820916  1.0000000000  0.0253733344  0.1189342539  1.0000000000
 0.0141406868  9.9333520383  9.9468259626 -2.6384136989  8.6189644772  9.5329148070  0.1733045279  0.1398617020  1.0000000000 -0.1450849280 -0.0745412096  1.0000000000
-2.9650069829  8.6454109340  7.6939066595  0.5903009963  8.0350438688  7.0723355489 -0.1967527240 -0.0720216527  1.0000000000  0.2920202038 -0.1438005950  1.0000000000
-2.5870980614  9.9965630108  8.4432660265  0.4330377202  8.0255522274  7.2842880630 -0.1231741140  0.1039656191  1.0000000000  0.2652690187 -0.1567295342  1.0000000000
-3.4082683804  7.3128635593  9.1799924880 -1.5826820876  8.8381630043  7.8404604419 -0.1400616432 -0.2269260967  1.0000000000 -0.0191740303 -0.0622366764  1.0000000000
-0.0670878954  9.8989263558  7.7609874609 -0.8366762303  9.6368295586 10.1505135876 0.1988766224 0.1183499574 1.0000000000 0.0511245332 0.0863469521 1.0000000000
-1.5787770692  9.2643872469  7.8085354036 -0.0951050757  8.4252835459  7.2514149256 -0.0401156142  0.0160920569  1.0000000000  0.1858305183 -0.0747305691  1.0000000000
-2.6204429563 10.1150477464  8.0150635100 -1.5171256070 10.5653110734  8.5322623295 -0.1698775625  0.1114803451  1.0000000000 -0.0401932563  0.1812332077  1.0000000000
-2.8877236839  8.8119293016  8.2312978693 -1.7949114521  9.4668641347  9.0488969607 -0.1844581400 -0.0460473022  1.0000000000 -0.0387988953  0.0354149038  1.0000000000
-1.7553281444  8.5543220953  8.7845214532  0.0811097621  9.8339347919  9.2372546899  0.0009156977 -0.0746964948  1.0000000000  0.1911864750  0.1149206781  1.0000000000
