32.1000000000
50
1.2184248883 9.7089628403 2.8437725157 0.2642455650 0.1396476675 1.0000000000
-1.0558451136 10.8686277865  1.3182924037 -0.1191466634  0.1661882675  1.0000000000
-1.9857478826 10.8103225184  3.4646736865 -0.1381594559 -0.0569173944  1.0000000000
 1.4466304182 11.2533446869  4.0355192949 0.2034430587 0.1351216254 1.0000000000
-2.1076458175 11.6065429605  3.1597890303 -0.1680232770  0.0173400625  1.0000000000
-2.0188651244  9.8084081031  2.9478593487 -0.0393582702 -0.1544645069  1.0000000000
-0.0794228545 12.6440449175  3.8581130982 -0.0363890424  0.1888464560  1.0000000000
 0.3404175303 10.5704849266  1.4339235535 0.0527546852 0.2487656096 1.0000000000
-1.5960338239 12.1306717902  2.3379267890 -0.2104275455  0.1197359730  1.0000000000
-0.5304817771 10.0020732455  3.8765475017  0.0493699346 -0.0528125968  1.0000000000
-0.1953938942  9.0765622185  3.2820593709  0.1805517632 -0.0697218463  1.0000000000
-1.4443439798 10.5817480879  1.3994529558 -0.1015962410  0.1201394897  1.0000000000
-0.0773537988 11.5264141598  2.3378471151 0.0087959888 0.2097351679 1.0000000000
-1.6418560684 11.8903260103  1.7743412697 -0.2203389704  0.1722148392  1.0000000000
 1.5601905609 11.1986947705  4.2156544077 0.1634137747 0.1295710371 1.0000000000
-1.4953099632  8.7675355013  2.7041166370  0.0633327618 -0.1398449594  1.0000000000
0.5124901622 8.6496602511 1.9740304069 0.2894999685 0.0763728806 1.0000000000
-0.5347369036  7.5169690570  2.5362652705  0.3211613607 -0.1940325428  1.0000000000
-2.4866404562 11.0919206311  4.1476190707 -0.1776237933 -0.1115052413  1.0000000000
 0.6346216827 10.1791699979  1.4724332714 0.1635480404 0.2342451432 1.0000000000
-0.7955952931 11.4493921279  2.7248660170 -0.0792652607  0.1533488008  1.0000000000
 0.8426521624 10.4505342410  1.5363418687 0.1489084116 0.3003437459 1.0000000000
-0.0746271715  8.4860557713  2.4952720493  0.2246329780 -0.0860232728  1.0000000000
-1.0881350659 11.3938375224  4.5349824570 0.0086037528 0.0124210639 1.0000000000
-0.0356194756 10.0074990632  4.6932067331  0.1471343454 -0.0471996189  1.0000000000
0.7527809363 9.9073990596 0.8710709357 0.2247750671 0.3040490967 1.0000000000
 1.4451860816 10.6314197950  3.1658725098 0.2222784662 0.1937577744 1.0000000000
 1.5895674478 10.7022119942  4.0160273127 0.2426451465 0.1704192976 1.0000000000
1.6214864383 9.4083671841 1.2281932078 0.3271041369 0.3185310312 1.0000000000
 0.6190646159 11.1985580184  4.5852761917 0.1179821188 0.0546060474 1.0000000000
-0.5680840560  8.5609149698  5.2070362025  0.2133281948 -0.2433604944  1.0000000000
-0.1523909974 11.2513605698  3.2755034916 -0.0093894877  0.1035807094  1.0000000000
0.0249288627 9.1376754333 1.8238844066 0.1746942331 0.0948172705 1.0000000000
-0.7786616093  8.3399885863  4.6725618332  0.2336396339 -0.2083735713  1.0000000000
 1.1919869660 11.3520110326  4.2836077541 0.1302801396 0.1239767232 1.0000000000
-0.0823601858 11.0425594301  4.4805173775 0.0421558011 0.0310889822 1.0000000000
-0.2612674989 10.5596023249  4.3308523881  0.1004475971 -0.0227636983  1.0000000000
-1.5576617518 11.0206438304  3.3727368980 -0.0937540201 -0.0078595485  1.0000000000
-2.1761289051 11.3876646944  3.0922841883 -0.2198411719 -0.0211696350  1.0000000000
-2.7199875604 10.0016750297  2.5586398322 -0.1864402592 -0.1642944849  1.0000000000
-2.9387900396  9.9933970900  2.6830895931 -0.2225849802 -0.1965320146  1.0000000000
0.4169370722 9.1237637232 1.5126679336 0.2154668927 0.1386937830 1.0000000000
-0.8844627851 10.5993857803  3.6838166293 0.0030059327 0.0049880599 1.0000000000
-0.8115382435 10.1867696772  4.0295947175  0.0537646305 -0.0531150958  1.0000000000
-2.6773680054 10.4308581188  3.3253254224 -0.1697779766 -0.1402209384  1.0000000000
-1.4768942020 11.2147165082  0.5516382458 -0.2197201889  0.2498063299  1.0000000000
0.7596989213 9.4045013616 3.7520541816 0.2566825913 0.0333612533 1.0000000000
0.6009821927 9.4164809888 1.2247407873 0.1966659824 0.2351085430 1.0000000000
-0.1082221939 11.5214352757  2.2000949324 -0.0225820731  0.2164477256  1.0000000000
-3.3241207677 10.8404656709  4.2359835406 -0.1739185496 -0.2124925093  1.0000000000
50
-0.4368645125  8.1964334877  3.5477192651 -1.6427702515  9.0711873001  4.6090179292  0.2354229367 -0.1701004515  1.0000000000  0.0338405407 -0.2887705504  1.0000000000
-2.0486975219 11.5892674708  3.2051873731 -2.0225023341  8.9798241497  3.2501642057 -0.1583579946  0.0353672849  1.0000000000  0.0134926563 -0.1954148041  1.0000000000
-0.6712124126 10.3280592447  5.4141488794 -1.1094120883  9.7874809617  3.4462233508  0.1021156355 -0.1473709812  1.0000000000  0.0484043597 -0.0585267052  1.0000000000
-2.5561048155 10.9896860221  3.2001626973 -0.7026559237  7.6554663970  2.9791315035 -0.1671285711 -0.0771975005  1.0000000000  0.2734233884 -0.1786877027  1.0000000000
0.0854127635 8.9486876749 2.1435063296 0.5877039494 9.9361387370 3.8076170563 0.2347317834 0.0265304749 1.0000000000 0.1688039564 0.0448208039 1.0000000000
-1.3173014244 11.9628475470  1.4473741399 -2.2774308949 10.8207898119  1.9363703252 -0.2097441809  0.1883997856  1.0000000000 -0.2193227133  0.0289070526  1.0000000000
-1.2486100368 10.1967316399  5.2307969728 -0.5875447784  8.7759798256  1.7393364304  0.0805270825 -0.1305802674  1.0000000000  0.1125826088 -0.0346184763  1.0000000000
 0.3736447342  9.2088979060  3.6236440165 -0.6304849916 11.2375039144  0.9538890291  0.2103974174 -0.0823781342  1.0000000000 -0.1179145984  0.2952450636  1.0000000000
-0.4055950313 10.5964729901  4.0172564818  0.3201269154 10.7636843400  4.2210675375  0.1078440706 -0.0212577871  1.0000000000  0.1173783027  0.0776330860  1.0000000000
-0.7773552403 11.9048295945  3.1680803677  0.0517995544  9.2924792270  3.9082015104 -0.0734167576  0.1258484833  1.0000000000  0.2075964774 -0.0252907182  1.0000000000
 0.5532030424 10.1956255231  2.7117018846 -2.7124017576  9.6964976911  3.8569093620  0.1536733276  0.1154173077  1.0000000000 -0.1038388791 -0.2587017486  1.0000000000
 0.0698181595 11.7540822972  2.5102815476  1.3896997888  9.8056353443  1.6170039313 -0.0130523900  0.2062605237  1.0000000000  0.2635013941  0.2344894618  1.0000000000
-1.2421857503 11.2686535540  4.3364055412 -0.9951037086 11.7079858044  3.7157807326  0.0187462043 -0.0390000450  1.0000000000 -0.0745112671  0.0545290611  1.0000000000
-0.3965859864  8.3450369610  2.3707697093 -1.7454513214 10.1183514749  4.3595008503  0.2205272527 -0.0582524664  1.0000000000 -0.0344633232 -0.1221684318  1.0000000000
-0.8455308337 11.9256146790  1.8287630665 -0.6026885534 10.5968981281  4.1229374480 -0.0782276787  0.2041455971  1.0000000000  0.0728216246 -0.0080636555  1.0000000000
-0.3630738244 11.9928529718  2.6052025019 -1.5607067350 10.2273762112  2.8417109140 -0.0619719877  0.1903047395  1.0000000000 -0.0412763998 -0.0187943708  1.0000000000
-2.6052759921  9.9743364631  4.5099751767 -2.5628930997  9.3262143283  2.2591868168 -0.0726625509 -0.2405240863  1.0000000000 -0.1130124708 -0.1990867995  1.0000000000
-1.5387825856  7.8354872808  2.7126707023 -0.5595757588 11.5148592555  1.9808915704  0.1571238016 -0.2796577045  1.0000000000 -0.0650245197  0.2211142227  1.0000000000
 0.9320975739 11.6249963498  3.2587430212  0.6987807587 10.1030760893  3.4601550774 0.0908089821 0.2570448825 1.0000000000 0.2007161443 0.0588489717 1.0000000000
-1.1812526708  7.7332138805  2.5989975007 -0.9272271175 11.2479362151  1.2082421237  0.2215479384 -0.2355183992  1.0000000000 -0.1334835276  0.2071304655  1.0000000000
-1.8630275878 11.8456555317  3.7592121798  0.1287826001 10.4664648157  1.1770422666 -0.1479621333  0.0211107648  1.0000000000  0.0840747503  0.2110013347  1.0000000000
-0.4280395868 10.4740532713  3.0072702394  0.6526339206 11.0423979780  3.9584535258 0.0629053235 0.0579568017 1.0000000000 0.1059771891 0.1196041207 1.0000000000
 0.6497544205  9.4209379536  1.4499395744 -0.8096934053  9.8355028070  4.7482962349  0.2336868397  0.1962080539  1.0000000000  0.0782286221 -0.1256049764  1.0000000000
 0.6162622679 10.3196843894  0.9642020549 -1.1289378219 11.5388227734  3.6903247353  0.1076051164  0.3166937210  1.0000000000 -0.0671598845 -0.0181652418  1.0000000000
-0.7527099406 11.0526902346  3.3045213373 -0.7036319630 11.4207330636  1.9758541798 -0.0201688966  0.0417656760  1.0000000000 -0.0589503266  0.1956400036  1.0000000000
 0.5250921757 10.3269263131  3.6647145002  0.6790945366 11.1775078830  3.7453637350 0.1344961993 0.0514359881 1.0000000000 0.1386533924 0.0948800057 1.0000000000
-1.9613114166  9.8793137857  2.8059300313 -2.9568776318 11.2331119551  4.7636119054 -0.1004243013 -0.1040883416  1.0000000000 -0.1555329867 -0.1567533638  1.0000000000
-0.3874703900  9.0737185543  4.6456611355 -0.9667842804 12.3246778906  1.7208059846  0.1712561166 -0.1029903180  1.0000000000 -0.2290098995  0.2458981767  1.0000000000
-3.3490736763  9.4300077239  2.4709489012  0.6687424536 11.4666484551  3.7238377070 -0.2451702367 -0.2206968436  1.0000000000  0.0930443847  0.1454433441  1.0000000000
-1.7473770477  9.9791520015  1.7583220177 -1.0328805944 12.3318876155  2.2160168770 -0.1431164453  0.0089103904  1.0000000000 -0.1728913239  0.1945267046  1.0000000000
 0.2878251007 10.6769019355  4.5963512783 -0.9559047677 10.2176603112  4.1670872769  0.1170572462  0.0498281427  1.0000000000  0.0666273735 -0.0632896629  1.0000000000
 0.7085908124  9.7839462150  2.9070895833  1.0048132159 10.0047128035  4.3273153314 0.2071250772 0.0814004897 1.0000000000 0.1985897606 0.0293163801 1.0000000000
-2.3114824924 11.1536659131  4.4007186576 -1.2935590607 12.1427323938  3.0108803666 -0.1102787079 -0.0926726325  1.0000000000 -0.1423318531  0.1237505553  1.0000000000
-0.6243669708 12.6673558844  3.1059176815 -1.5053125741 12.8259919333  3.6245846400 -0.1559830767  0.1796136554  1.0000000000 -0.1691993044  0.1372636603  1.0000000000
 0.2072521983 11.4060872572  2.7920114100 -1.0030858140 11.2397508120  4.4779406199  0.0376712964  0.1955351566  1.0000000000 -0.0090300911 -0.0187359295  1.0000000000
 0.0452514414  7.8150110650  2.3858263112 -2.3836428269 10.2575761258  4.8665967303  0.2962419905 -0.1007534573  1.0000000000 -0.0924636410 -0.1785078999  1.0000000000
-2.5144621398 11.0928455605  2.2715351247 -1.3101203740  8.8934936529  2.9473160934 -0.2588827949  0.0105162958  1.0000000000  0.0634503084 -0.1701617968  1.0000000000
-0.9255545903  7.9125307642  3.5149527145  0.0699190876 10.6995438508  2.4591228252  0.2173802480 -0.2946621207  1.0000000000  0.0831467162  0.1191659360  1.0000000000
-0.5928296132 10.8263417329  3.2255851415 -1.5166089725 11.7412578058  3.8132799772  0.0193860128  0.0807322864  1.0000000000 -0.1100639667  0.0020044812  1.0000000000
-2.8376415906 11.1934531631  4.6437508559 -1.8637700967  8.9199886712  3.7864942045 -0.1596074600 -0.1177678670  1.0000000000  0.0827773941 -0.2709581378  1.0000000000
-0.5075677962  9.1773715918  5.5393170970  1.6124243582 11.0588622403  3.9597304197  0.1829532157 -0.1298550529  1.0000000000  0.2076094225  0.1678231301  1.0000000000
-1.8625072033  9.2673630752  2.4055963143 -0.4937206790  9.4138172635  2.2084821555 -0.0219153666 -0.1488799670  1.0000000000  0.0985957271 -0.0071855110  1.0000000000
 0.6284023774 11.2047959580  3.8120108679 -1.4793936437 10.0063194025  4.2208836679  0.1302894159  0.1215568224  1.0000000000 -0.0154451015 -0.1214037418  1.0000000000
-1.4245923311 11.4826259333  1.2756088696  0.0350774997 10.8992234160  3.8377475046 -0.2200194946  0.1841182549  1.0000000000  0.0381475451  0.0514449948  1.0000000000
 0.2985060285 10.7522151820  4.9727258947  1.0631835208  9.7051238612  1.2038411494 0.1191289188 0.0033448361 1.0000000000 0.2908693859 0.2718843659 1.0000000000
 1.2236363856 10.3696155897  3.4074854417  0.4617753051 10.0077687995  3.2518354953 0.1923202920 0.1570367393 1.0000000000 0.1853381429 0.0558114161 1.0000000000
-1.3973750304 11.9658928134  1.9387168484 -1.5161602412  9.6822764844  5.4448602728 -0.2509042482  0.1607927204  1.0000000000  0.0823985877 -0.1792386725  1.0000000000
-0.3815343507 11.4022729861  2.4554745580 -0.6280683716  9.4598585607  2.4071632422 -0.0579333133  0.1672571571  1.0000000000  0.1058159862 -0.0163785878  1.0000000000
-0.3162398207 11.6004469226  3.3793012591 -1.9921338281 12.0465424603  3.8542978356 -0.0124821087  0.1429174893  1.0000000000 -0.1845000431  0.0465815050  1.0000000000
-0.5899765123 10.0453868678  3.2729204684 -0.6999574554  9.9208049700  2.3769547584 0.0600234780 0.0159099479 1.0000000000 0.0359286335 0.0106290854 1.0000000000
