792.5000000000
50
 6.2589634391 -1.0895208761 -5.4691940311 0.1004603837 0.2853069727 1.0000000000
 5.4563836791 -2.6278546953 -4.5562324184 0.1293810243 0.1911439821 1.0000000000
 7.1924670015 -3.2730383890 -6.7682356366 -0.2458398463  0.2724873473  1.0000000000
 6.2156522401 -2.7373586616 -5.3776594960 -0.0383958067  0.2028755815  1.0000000000
 6.6414595802 -3.2423556341 -5.7351687826 -0.0567644716  0.1946649152  1.0000000000
 8.8023449496 -3.7891167008 -4.8544010304 -0.2700240649 -0.0905729424  1.0000000000
 8.5002173240 -3.7092131929 -2.9180058518 -0.0979388089 -0.2521384052  1.0000000000
 4.5376097250 -2.6726055633 -4.2318517911 0.2109894961 0.2195160956 1.0000000000
 6.8291041843 -4.4677715276 -4.7265565915 -0.1491297095  0.0831397571  1.0000000000
 6.3626510322 -4.9947276180 -6.0504207465 -0.2130458563  0.2204039365  1.0000000000
 6.0812245670 -3.6772883016 -3.7845726767 0.0716787736 0.0078919069 1.0000000000
 7.0630713950 -3.2076131695 -3.0144767647  0.0246851467 -0.0879615900  1.0000000000
 8.2394094915 -4.1025706100 -4.3128236170 -0.1789703762 -0.0800156346  1.0000000000
 6.5802001752 -2.8964664014 -5.1353615443 -0.0367789097  0.1406529931  1.0000000000
 7.8220301680 -1.8637290967 -2.1945220244  0.1816161219 -0.2439160740  1.0000000000
 8.6264649340 -4.1940860971 -3.2008738784 -0.1321219451 -0.2248509860  1.0000000000
 6.8298805065 -3.3636798908 -3.3743187018  0.0334394773 -0.0437551149  1.0000000000
 8.4146967862 -4.2209068963 -4.2642706005 -0.2019272984 -0.1118094593  1.0000000000
 6.9543634476 -1.4494446193 -3.8642312609  0.1553384630 -0.0070439180  1.0000000000
 7.6592523679 -1.7503525169 -4.6928208483 0.0002804254 0.0355240589 1.0000000000
 8.1954908109 -4.2732657123 -3.2633437566 -0.1366339803 -0.1797568183  1.0000000000
 4.3372622298 -3.4695056096 -3.0658017675 0.2238692720 0.1060731235 1.0000000000
 6.3027294655 -2.0236432683 -5.2916791593 0.0430845992 0.2083982896 1.0000000000
 7.6086608727 -5.8232095736 -3.7726512238 -0.1587793639 -0.0924806616  1.0000000000
 8.9171074142 -1.7960869897 -3.3682315929 -0.0035688968 -0.2649363931  1.0000000000
 7.6520669088 -1.2934823377 -3.3779026278  0.1775423430 -0.1118414342  1.0000000000
 6.4517456433 -3.2609752995 -5.6477732046 -0.0792759836  0.1639162746  1.0000000000
 4.2840589676 -2.8661012110 -4.1824681644 0.2024065924 0.2131276920 1.0000000000
 7.0027819099 -2.2626914119 -5.1028039088 -0.0205541351  0.1287236516  1.0000000000
 7.0916329409 -3.9381415248 -2.5494005920  0.0540334076 -0.1327630394  1.0000000000
 6.0178848263 -4.0924554815 -3.0493647484  0.0744438439 -0.0346057982  1.0000000000
 7.4045111024 -3.9569641628 -4.1669005743 -0.0763057639 -0.0326579485  1.0000000000
 6.4003799692 -3.4425037149 -6.1553048734 -0.1549334854  0.2039676029  1.0000000000
 7.7799455684 -4.2064631663 -2.5053172722  0.0146605118 -0.1910416628  1.0000000000
 6.4109949120 -4.2903394741 -3.8311507542 -0.0919704988  0.0359114050  1.0000000000
 8.3244362206 -1.9516594649 -3.7659408725 -0.0367278970 -0.1422184208  1.0000000000
 5.7703417555 -4.6337571234 -3.5017476098  0.0173207888 -0.0088930944  1.0000000000
 4.9936320696 -3.5884118038 -2.1885094363 0.2121484326 0.0048821880 1.0000000000
 5.0481157377 -3.0203753725 -4.5171146155 0.1222861167 0.1934829476 1.0000000000
 5.3031927129 -3.2900645060 -2.5471578195  0.2118521803 -0.0372944304  1.0000000000
 7.8407787147 -2.0614117957 -2.7580357999  0.1053231438 -0.2223424618  1.0000000000
 6.6271213279 -3.6638664441 -3.4559228381  0.0094251074 -0.0165002861  1.0000000000
 7.0743908426 -4.3413696590 -5.0927515702 -0.1397921550  0.0609332198  1.0000000000
 7.3324583123 -3.7220141317 -2.3059038256  0.0395178035 -0.1941617417  1.0000000000
 7.6753500541 -2.4981100565 -4.8567605472 -0.0616122978  0.0190616496  1.0000000000
 9.0697876713 -3.9197935571 -3.4784050885 -0.1610124161 -0.2674546435  1.0000000000
 8.1899752064 -1.9915271472 -5.4027415672 -0.1559298193  0.0502484732  1.0000000000
 7.4223417626 -3.5879801761 -4.9236360580 -0.1456128351  0.0461958056  1.0000000000
 8.4889916507 -3.4746820828 -4.3533491264 -0.1568584942 -0.1140815116  1.0000000000
 6.2293113366 -3.7532383893 -2.0777136362  0.1197896896 -0.1302625534  1.0000000000
50
 4.4142266464 -2.4100758942 -4.0012221607  6.5121653653 -4.6515114547 -3.7410761190  0.2412579206  0.2023990520  1.0000000000 -0.0324945085 -0.0034076637  1.0000000000
 7.5538459791 -4.2689210018 -5.4342673813  8.9844509298 -3.0329414704 -4.4660703322 -0.2061376763  0.0493824445  1.0000000000 -0.1817328007 -0.1333657006  1.0000000000
 5.5208391310 -4.0966549603 -3.3885698814  6.5021041350 -1.3359315911 -4.7123325753 0.0653529155 0.0301112177 1.0000000000 0.1725801146 0.1486069496 1.0000000000
 6.0560449247 -3.6848360847 -5.9555879815  6.7035300779 -2.7760466042 -2.2783468267 -0.0778869236  0.2348270818  1.0000000000  0.1812300951 -0.1511239443  1.0000000000
 8.9463701515 -2.4147551287 -5.0936132975  8.2416338945 -3.2126377924 -3.5466791937 -0.2125252832 -0.1008604837  1.0000000000 -0.0274811787 -0.1803088117  1.0000000000
 7.0821023675 -2.6242644151 -5.7886897098  6.3073968325 -1.5738741284 -4.3229059092 -0.0950196781  0.1668854525  1.0000000000  0.1595489032  0.1088308150  1.0000000000
 7.6533800350 -3.8703758189 -3.4065699213  6.4628138038 -3.4210631158 -3.3959016289 -0.0020754206 -0.1168519261  1.0000000000  0.0887043683 -0.0011596277  1.0000000000
 7.4921463861 -4.7906920288 -3.9255905664  6.0244028368 -2.0949175235 -2.8873794701 -0.1116372074 -0.0497486650  1.0000000000  0.2200199885 -0.0248815779  1.0000000000
 7.7586131453 -1.2622116543 -1.9706111036  7.6819271006 -3.6243674373 -5.2325981832  0.2802967251 -0.3018485981  1.0000000000 -0.1426800333  0.0573355785  1.0000000000
 6.9799673934 -2.2583271679 -4.6191586630  7.8942519646 -2.5143059121 -2.2094056661  0.0276620893  0.0431526418  1.0000000000  0.1438616204 -0.2466426005  1.0000000000
 7.0852292060 -4.0379613314 -2.9456966699  8.5936445003 -2.1905359187 -5.1665665840 -0.0147604191 -0.1127296089  1.0000000000 -0.1744395513 -0.0098321288  1.0000000000
 7.6801181264 -4.3526616462 -2.5351629528  6.0166870511 -1.0785621975 -4.1433226330 -0.0400906260 -0.1914130576  1.0000000000  0.2319802640  0.0966160290  1.0000000000
 7.0470564136 -4.6432693713 -4.3228939358  4.3807387237 -4.2031605324 -4.3683481518 -0.1312711225  0.0270862206  1.0000000000  0.1181942336  0.1662851957  1.0000000000
 6.6795887423 -4.2737372867 -1.8674800606  6.7152176561 -4.7479868055 -4.1999709440  0.1107315190 -0.1466183072  1.0000000000 -0.0735608099 -0.0230993803  1.0000000000
 4.3071217755 -3.8054268378 -3.3369864876  6.7797756643 -2.3781415522 -2.0394697621  0.1691966749  0.0944331023  1.0000000000  0.2157260419 -0.1977907983  1.0000000000
 7.1865638907 -2.7054393195 -6.4051364068  5.1118430751 -3.4571642457 -4.7767265272 -0.2232979334  0.2781276330  1.0000000000  0.0720390248  0.1918921096  1.0000000000
 5.1989004328 -4.0786151905 -3.7052782896  6.5015279674 -2.7525151498 -5.4975862527  0.1166192061  0.0594355938  1.0000000000 -0.0400336641  0.1971721364  1.0000000000
 6.1071766676 -1.4065071327 -3.7688161774  5.8603460169 -2.3002129503 -3.5420372037 0.2363542738 0.0577335112 1.0000000000 0.1643708525 0.0578032353 1.0000000000
 6.3929203771 -1.0504892544 -3.4105889513  6.6876590660 -4.4860385246 -3.2411269122  0.2469688187  0.0371742283  1.0000000000  0.0248453239 -0.0279137362  1.0000000000
 8.5629611789 -2.5583504572 -4.5354506664  7.0427583886 -1.7035205334 -5.7333123246 -0.1086218687 -0.0919913336  1.0000000000 -0.0422308708  0.2382495105  1.0000000000
 7.7326946877 -5.2759965479 -2.4764012439  7.5700730531 -2.3412398846 -5.7599001573 -0.0666638208 -0.2297595098  1.0000000000 -0.1226705376  0.1628793693  1.0000000000
 5.0218929538 -2.9650136642 -3.1028305962  5.0502835696 -2.0751785960 -4.8887074526 0.2355813547 0.0588055249 1.0000000000 0.1749228006 0.2429251955 1.0000000000
 7.2627501416 -4.4792048232 -3.0519936888  7.1991781623 -4.7781607908 -5.5493101065 -0.0122260166 -0.1209069761  1.0000000000 -0.2202829907  0.1000970371  1.0000000000
 5.8361234013 -3.0841916021 -4.9820602950  5.4483978544 -2.1916552147 -3.7798918359 -0.0287655595  0.1562401563  1.0000000000  0.1902800766  0.1135768588  1.0000000000
 5.8222703104 -5.1324829422 -5.2534533406  7.4630927213 -2.9521651363 -6.6973872622 -0.1185086016  0.1200922449  1.0000000000 -0.2107646946  0.2309183213  1.0000000000
 6.7545357398 -4.3109304856 -6.0482241250  4.0892360909 -3.7913628691 -4.2996505621 -0.1831841470  0.1413558470  1.0000000000  0.1525363907  0.2006601971  1.0000000000
 7.0143328338 -2.1140881244 -5.2612122870  8.6831099502 -2.1593463656 -3.6086878099 -0.0173964803  0.1163067877  1.0000000000 -0.0409726501 -0.2520283184  1.0000000000
 4.5867619688 -4.0461406058 -4.5549703315  7.1885741100 -2.8191349314 -5.0528321777  0.0587828112  0.1511195837  1.0000000000 -0.0869698659  0.0692305447  1.0000000000
 8.7543081164 -3.3336507735 -3.9922231033  4.8336645463 -3.4101043524 -3.1046704827 -0.1446037317 -0.1510305920  1.0000000000  0.1679900090  0.0451056163  1.0000000000
 5.5326513197 -3.3245160062 -3.4170670404  4.8508747332 -4.1652940174 -3.9634636512 0.1492608196 0.0806609146 1.0000000000 0.0858892806 0.1447454659 1.0000000000
 6.1097478451 -4.7160874330 -3.0453231632  7.9957805648 -1.5961375640 -3.9403091627  0.0255855483 -0.0421752902  1.0000000000  0.0421594778 -0.1287971149  1.0000000000
 6.7400688607 -4.7756545038 -4.1607528978  7.0936778935 -2.5066401493 -4.8193280624 -0.0319913750  0.0139466057  1.0000000000 -0.0027696390  0.0702875136  1.0000000000
 6.6773885215 -4.0546554917 -4.1492256350  7.3176421005 -3.4954126414 -6.3482377965 -0.0188415514  0.0142877394  1.0000000000 -0.2360904790  0.1875410497  1.0000000000
 8.0194760784 -4.5155315711 -3.4969630851  6.4577798158 -3.8367629020 -1.2510238052 -0.1368406490 -0.1283834100  1.0000000000  0.1882543788 -0.2285242667  1.0000000000
 5.6438727264 -4.1081120104 -4.4860461317  6.6810117573 -3.7805745031 -5.0705188086 -0.0062766505  0.1067916075  1.0000000000 -0.0675982797  0.0599486833  1.0000000000
 6.3044398192 -1.8406523593 -4.4348185488  6.7630504532 -5.0964884332 -5.5143830717  0.1559099702  0.1458799538  1.0000000000 -0.1634302296  0.1328715893  1.0000000000
 6.7404441055 -2.5519033624 -4.3636102819  6.3791082483 -4.1978189964 -5.7498905033  0.0246454764  0.0951381380  1.0000000000 -0.1485596750  0.1593904720  1.0000000000
 6.8845452196 -1.2637001755 -4.2458948406  5.5984083051 -2.7629544154 -5.1787108061 0.1538832189 0.0905956761 1.0000000000 0.1038556926 0.2106619027 1.0000000000
 5.8750944369 -2.6280287546 -3.7816121600  5.6550687050 -3.3506786708 -3.1147096289  0.1339332263  0.0639978361  1.0000000000  0.1506404037 -0.0047958640  1.0000000000
 6.9283663527 -3.5280668659 -3.2198881342  7.0172037127 -2.2064782835 -6.2231281929  0.0672983740 -0.0306366533  1.0000000000 -0.1237958635  0.2363331977  1.0000000000
 6.7473419805 -1.9670257188 -1.9878722245  5.7447703341 -1.1801809351 -5.3553466722  0.2820029753 -0.1879300288  1.0000000000  0.1519322193  0.2808390854  1.0000000000
 8.3105462081 -2.3887805050 -4.3561859504  5.8918185469 -4.2556478731 -5.9317070033 -0.0818617303 -0.0660003304  1.0000000000 -0.1049757437  0.1844269650  1.0000000000
 6.5611459376 -3.9553005947 -1.5885644152  5.9692822928 -2.9626000011 -3.4992680479  0.1573974793 -0.1836528612  1.0000000000  0.1135134228  0.0511825677  1.0000000000
 8.8867888570 -2.4810316652 -3.4391540644  4.2814711891 -3.6375787032 -3.5241013982 -0.0602522880 -0.2418732151  1.0000000000  0.1571654040  0.1198567688  1.0000000000
 7.2269369725 -4.4929050424 -4.2506310085  7.9066306773 -3.1628026420 -5.3434084166 -0.1292463855 -0.0372395325  1.0000000000 -0.1827371059  0.0840595451  1.0000000000
 5.9056029289 -3.5872524619 -5.8524275708  8.3125346702 -3.8857930372 -3.2689473746 -0.0757815767  0.2069169873  1.0000000000 -0.0742861576 -0.1862860843  1.0000000000
 7.5560225759 -2.2032972513 -3.2133816468  5.1103113956 -3.0901065518 -4.9330135842  0.0915356759 -0.1117863385  1.0000000000  0.0466854153  0.2174523683  1.0000000000
 4.8286934615 -3.7009092111 -4.1366581583  7.3003604802 -4.1287451495 -4.2270542227  0.0573520695  0.1441695361  1.0000000000 -0.1082232816 -0.0362203128  1.0000000000
 7.1235819036 -3.0274260260 -4.8685179226  7.0520097087 -4.6871703533 -4.6445426404 -0.0655216120  0.0508056335  1.0000000000 -0.1015591472  0.0503903178  1.0000000000
 6.8508312269 -3.4893635799 -2.8541421462  6.6801180367 -5.0742640215 -4.4423990461  0.0982670963 -0.1022988928  1.0000000000 -0.0921274455  0.0567756741  1.0000000000
