607.5000000000
50
 -5.4817755246 -12.9356589712  -1.1674297194 -0.0570549148 -0.2467789137  1.0000000000
 -6.9923347272 -10.6471978800  -0.9479005323 -0.1303310532  0.1260252256  1.0000000000
 -7.1574459825 -10.4062737881   0.8848084566 -0.0708450256  0.1076137889  1.0000000000
 -5.5336919891 -12.2351893385  -1.9358656090 -0.1308481463 -0.1330459840  1.0000000000
 -6.1263124676 -10.6155014027   0.4445800454 0.0426775991 0.1027152024 1.0000000000
 -5.5228782897 -12.8323976014  -0.1526247880 -0.0355473966 -0.2280134267  1.0000000000
 -6.2314305638 -13.2434265365  -2.1837172050 -0.2381766516 -0.2392466814  1.0000000000
 -3.9328164322 -12.6161487392  -0.9820794561  0.1402939752 -0.3005481624  1.0000000000
 -5.9828160648 -11.6015386082  -2.0423442926 -0.0682124986 -0.0782806069  1.0000000000
 -5.7257398875 -12.0828955739  -0.1645471180 -0.0079255062 -0.1220249716  1.0000000000
 -6.0761580605 -10.6905541494   0.0893645449 -0.0173440003  0.0707317947  1.0000000000
-5.2240943783 -9.3157540207 -0.6715584965 0.1812141181 0.1605909060 1.0000000000
 -6.0421127954 -12.4611029166  -2.0308115445 -0.2029081477 -0.1413183361  1.0000000000
 -7.3810780744 -11.4359317646  -1.3416657759 -0.1824930910  0.0572311213  1.0000000000
 -7.2633052770 -13.0393769685   1.3251960910 -0.1249337330 -0.1206160473  1.0000000000
 -4.3713786236 -10.3153932454  -1.4923032442 0.2367242925 0.0526409231 1.0000000000
 -6.3505266754 -10.8105787043  -1.7503753415 -0.1027498398  0.0968678910  1.0000000000
 -5.6670200741 -11.6834477965  -1.5371945690 -0.0224611716 -0.0768942780  1.0000000000
 -6.0825300985 -10.3604613263   0.2800298763 0.0346753443 0.0898210041 1.0000000000
 -5.3298639972 -12.2828859096   1.6263660607  0.0877091531 -0.1719355939  1.0000000000
 -7.3429864590 -11.0328785547  -0.6197232038 -0.2085361873  0.0513309360  1.0000000000
 -4.8257911885 -10.8886754893  -0.2842058646 0.1647441566 0.0254178927 1.0000000000
 -7.8039955340 -11.1967982527  -0.2029032886 -0.2117804224  0.0352713054  1.0000000000
 -7.0598193089 -10.7601141684  -1.6051264412 -0.1488378715  0.1756093746  1.0000000000
-6.2262413853 -9.7047482820 -0.6146596813 0.0352761616 0.2113454130 1.0000000000
 -5.4459757449 -10.3433920805  -2.1191101771 0.0316204798 0.1600279297 1.0000000000
 -5.0224567215 -12.8259720990   0.7469596566  0.0721627840 -0.1745622093  1.0000000000
 -4.2311719639 -11.0095918594  -1.4927549196  0.2114298897 -0.0647282315  1.0000000000
-5.3636944946 -8.6957623113  1.1235098816 0.2019147324 0.1937091183 1.0000000000
 -6.3268270572 -10.5437216620   1.3558629073 0.0605474490 0.0935045255 1.0000000000
 -6.4997636018 -10.0344069742  -0.0511923889 -0.0302247769  0.1466289374  1.0000000000
 -7.1081513225 -11.6065399973  -2.5593630412 -0.3155140701  0.0509847732  1.0000000000
 -6.7025807875 -10.7628837786   0.4450586524 -0.0422947317  0.1150072472  1.0000000000
 -7.8161357624 -10.5895014885  -1.0362689710 -0.2162860078  0.1910662112  1.0000000000
 -6.0466260968 -11.8672046043  -0.9889759235 -0.0822695647 -0.0714750475  1.0000000000
-4.9692675727 -9.2136458714 -1.8266607380 0.2151095314 0.2715565914 1.0000000000
 -4.3566721686 -10.6543426515  -1.6075981588 0.1927925859 0.0591697050 1.0000000000
 -5.6909190175 -12.0165512438  -0.3581042435  0.0119991220 -0.0846451720  1.0000000000
 -5.3780908191 -12.0695096392  -0.3008764768  0.0429405592 -0.1677411495  1.0000000000
 -6.6390132908 -10.2277622541  -2.1611638316 -0.1175380854  0.2140334618  1.0000000000
 -7.2509052612 -12.3490028410   1.0064163462 -0.1441244835 -0.1060191297  1.0000000000
 -4.6908404095 -11.3452228520   0.0886901345  0.1550744944 -0.1072579130  1.0000000000
-4.6915281617 -9.6951556435 -1.3224649294 0.2199266991 0.1488202606 1.0000000000
-6.8406982402 -9.9446453375  1.4634420199 0.0325724863 0.1171472796 1.0000000000
 -6.9320683733 -13.1311749492  -1.3205385382 -0.2546361339 -0.2052605532  1.0000000000
-6.7754756421 -9.7695726617 -1.5648570001 -0.0601539336  0.2510139143  1.0000000000
 -6.9793934408 -10.5975275189   0.4922276106 -0.0630281138  0.1233941852  1.0000000000
 -5.0843703994 -12.4579099881  -1.9269246179 -0.0140792241 -0.2264628915  1.0000000000
-4.5745637921 -9.8595926103 -0.6288140278 0.2037718116 0.0860297696 1.0000000000
-6.6972478390 -9.6536805576 -2.0412869666 -0.0851012315  0.2975420198  1.0000000000
50
 -5.4568238614 -12.5108395315  -0.4314695731  -5.3080471418  -9.1380732605  -0.6489177113  0.0081676696 -0.1796343869  1.0000000000  0.1588543545  0.2206089730  1.0000000000
 -6.5084989308 -10.2395526566   0.9417207861  -6.5867791001 -12.2076006561   1.4214433936  0.0015118507  0.1132623768  1.0000000000 -0.0041940380 -0.0689975657  1.0000000000
 -5.9503878906 -11.9337922187   1.5116924990  -5.8274167450 -10.6936892760  -1.1925871926  0.0110235380 -0.1002857022  1.0000000000 -0.0285004263  0.0678435291  1.0000000000
 -6.1938946295 -13.4689549205  -0.3700778751  -5.9198871641 -11.6225353468  -1.2558529887 -0.1931133084 -0.2424620908  1.0000000000 -0.0710666408 -0.0736869189  1.0000000000
 -6.8821931087 -12.5401857730  -1.4254026272  -7.8577178746 -11.3982108020  -0.4912728272 -0.2528931434 -0.1010836180  1.0000000000 -0.2207554374  0.0566084325  1.0000000000
 -6.6226544910 -13.2841267900   0.3957112675  -6.6866487956 -12.0815481731  -1.9094877462 -0.1607924306 -0.1883288335  1.0000000000 -0.2139508202 -0.0633709924  1.0000000000
 -4.8420853124 -11.6946193475   2.0685622617  -6.6779343071 -12.9047464123  -0.5121409131  0.1283727440 -0.1296881683  1.0000000000 -0.1853729262 -0.1309500474  1.0000000000
 -6.0452602315 -12.7908799934   1.2951038319  -7.1559612825 -12.3350228833  -0.9772334904  0.0077379744 -0.1150273404  1.0000000000 -0.2340795798 -0.0817141746  1.0000000000
 -8.5341104685 -10.5125107053   0.6682224167  -4.9357789124 -12.4819512527  -1.5442379862 -0.1667352990  0.1624676898  1.0000000000  0.0011708276 -0.2215102684  1.0000000000
 -4.8072874118 -10.9213629770   0.1203531978  -5.5467113483 -12.9690918555   0.0629381620  0.1270526074 -0.0481358943  1.0000000000 -0.0045435958 -0.2519805724  1.0000000000
 -6.4371476887 -10.2024158676  -0.0216480893  -5.5246995798  -8.9599843697   1.1129666654 -0.0323161549  0.1482670776  1.0000000000  0.1636444152  0.2239021741  1.0000000000
 -8.3096703982 -10.2967353821   0.5941208878  -6.7624436410 -11.8093838976   0.4566556175 -0.1591489081  0.1481728111  1.0000000000 -0.0623823754 -0.0557453071  1.0000000000
 -6.4111519839 -12.0867766399   1.1613579173  -5.0447486087  -9.8500712343  -0.7206020462 -0.0459427423 -0.0529275238  1.0000000000  0.1801274843  0.1190752028  1.0000000000
 -5.4252889184 -10.3407810087  -0.6295913513  -5.1935821292  -9.6783196694  -0.2866014236 0.0696049807 0.1018618477 1.0000000000 0.1375854096 0.1386256168 1.0000000000
 -6.9779087529 -12.4507480314   1.0534261014  -7.3745594865 -10.3028660132   0.0879925719 -0.0764285498 -0.1020785871  1.0000000000 -0.0965807805  0.1329744954  1.0000000000
 -6.8211526040 -12.1146016109  -2.2125846825  -3.8269057838 -11.5623025440   0.8932056368 -0.2716390615 -0.0797919603  1.0000000000  0.2426414953 -0.1803140047  1.0000000000
 -3.8402473381 -12.1237480098   0.4310090506  -7.1261867799 -10.3123774067  -0.1114251469  0.1946524120 -0.2174411118  1.0000000000 -0.0824003237  0.1487103496  1.0000000000
 -6.2749944574 -10.3298755269   1.4529163204  -6.8842163241  -9.5305075134  -1.2380323537  0.0790382880  0.1091276406  1.0000000000 -0.0572571820  0.3076308590  1.0000000000
 -6.8327480650 -12.3827608183  -2.2669285892  -5.5777717965  -9.7102440884   0.9938567097 -0.3049417933 -0.0778831013  1.0000000000  0.1430949630  0.1424531164  1.0000000000
 -7.6854178649 -11.1652555841  -0.6483388527  -4.6331370941 -11.0653081092   1.4005567086 -0.1667509758  0.0904604686  1.0000000000  0.2084644569 -0.0713827360  1.0000000000
 -5.9131665017 -11.4582614280  -2.0647935671  -4.7307793768 -12.6347454062  -1.4695096240 -0.0846907413 -0.0337749916  1.0000000000  0.0163728097 -0.2389943399  1.0000000000
 -5.2215278273 -10.6784595570  -1.5812577894  -5.1939865395 -12.3563454984  -2.0237722952  0.0589086737  0.0704283540  1.0000000000 -0.0659735260 -0.1444822131  1.0000000000
 -6.5767383909 -13.1569794075  -1.1517929072  -7.8883098826 -12.0243305329   1.0891661768 -0.2284767690 -0.2241329686  1.0000000000 -0.1246152787 -0.0410197255  1.0000000000
 -5.9805462700 -11.0157704934  -0.9167657367  -6.4146740078 -12.2676702698  -1.0089970120 -0.0241167467  0.0113429991  1.0000000000 -0.0983356527 -0.1122698011  1.0000000000
 -4.6123771966  -9.1858943232  -1.1320778395  -6.5936750653 -10.9631635217  -1.5291713505  0.3059310769  0.2182674404  1.0000000000 -0.0901625845  0.0874138922  1.0000000000
-4.9096850845 -9.9533638670 -1.3087183985 -5.2229256765 -9.4010930729 -0.0155775799 0.1893363789 0.1357136788 1.0000000000 0.1791414487 0.1994124755 1.0000000000
-6.2354794609 -9.5278033160 -2.4043526240 -6.3211346927 -9.1758521152  0.0693129592 -0.0283989597  0.3027972279  1.0000000000  0.0576900755  0.2447468415  1.0000000000
 -5.4197180513 -11.4160911767   1.9945043910  -6.1080405220 -12.2166509923  -2.1122455289  0.1254038201 -0.0619733778  1.0000000000 -0.2076091440 -0.1086897027  1.0000000000
 -4.7782128853 -10.0940224252  -1.2346567098  -6.7850115635 -13.5395468844  -0.1524833713  0.1326995252  0.0775767051  1.0000000000 -0.2145576119 -0.2330117028  1.0000000000
 -4.3264248100 -11.6163381860   1.6762940467  -5.8039868611 -11.2356477835   0.7663114154  0.2163122559 -0.1221693000  1.0000000000  0.0470616758 -0.0513294379  1.0000000000
 -7.3731307437 -11.1251663432   1.3691503641  -6.8341373507 -13.2426417018   0.4202355477 -0.0455507943  0.0500400231  1.0000000000 -0.1755650897 -0.1583522648  1.0000000000
 -6.7460601001 -13.2733252364  -0.2587594423  -8.1871559785 -11.1539707610   1.0802697661 -0.1811787809 -0.2136772220  1.0000000000 -0.1465544638  0.0590058525  1.0000000000
 -6.4853577597 -10.6093613985   0.0758881843  -5.1536695539  -9.7823784840  -0.5018925475 0.0153717088 0.0963752142 1.0000000000 0.1621569072 0.1173937383 1.0000000000
 -6.8201793554  -9.7065923112  -0.1853820982  -5.8152644537 -11.0687908634  -0.8645665376 0.0256329197 0.2616425128 1.0000000000 0.0188164333 0.0185612316 1.0000000000
 -4.9547062990 -11.3922240331  -0.2284938325  -6.3845501082 -13.2244126999  -1.0064266907  0.0689744550 -0.0721802037  1.0000000000 -0.1901889991 -0.2573700803  1.0000000000
 -5.0129444979 -12.3654326488   1.9771532935  -4.9060760541  -9.3840752027  -0.8276783906  0.0923376501 -0.1869798918  1.0000000000  0.2019872885  0.1910137804  1.0000000000
 -4.1294474095 -10.8106814363   0.0061449423  -5.3534897091 -11.3258622490   0.0391869214  0.2616589468 -0.0664790102  1.0000000000  0.0640433119 -0.0449922900  1.0000000000
 -6.0345620960 -13.2499068570   0.1823311272  -6.7168072161 -12.2028269433  -2.3454607428 -0.0571349327 -0.2301848639  1.0000000000 -0.3100646548 -0.0883825295  1.0000000000
 -5.3526528070  -8.7545751810   1.4952130890  -5.2856440087 -11.8298874884  -0.9358690610  0.2397109947  0.2441914832  1.0000000000  0.0444091333 -0.0683606161  1.0000000000
 -5.2787318835  -9.7535637684   1.1522290317  -3.6148997666 -11.8921991700   0.3081806708  0.1634335862  0.0713754390  1.0000000000  0.2292655801 -0.1958087009  1.0000000000
 -6.9032146735 -13.4527035316  -0.2820709947  -4.0694918452 -11.1533488179  -0.3213686563 -0.1920987810 -0.2205929823  1.0000000000  0.1910337251 -0.1177946236  1.0000000000
 -6.5250258268 -10.5156480817  -1.8063667740  -4.3105325726 -11.6431671989  -1.3602683624 -0.0432138694  0.1359092555  1.0000000000  0.1304585021 -0.1321363010  1.0000000000
-5.9607934718 -9.3738261802  0.7857743070 -7.2955273196 -9.9544434969 -2.6393239437  0.1712768080  0.1717232434  1.0000000000 -0.2462746861  0.2938654162  1.0000000000
 -7.2642747910 -10.5780327929  -2.3995538693  -5.1058761252 -12.7208817881  -1.8104960369 -0.2488678644  0.1506546526  1.0000000000 -0.0392274373 -0.2183596367  1.0000000000
 -7.8316284974 -10.3554292223  -0.4847932184  -6.4755647312 -12.2004759717  -0.6075338482 -0.1284583489  0.2000433475  1.0000000000 -0.1269061118 -0.1002847863  1.0000000000
 -7.0679573008  -9.9245616783  -0.8725659159  -4.9727892779 -11.8761128647   0.0145250024 -0.0325357406  0.2349708258  1.0000000000  0.0967176147 -0.1179012249  1.0000000000
 -5.9672393091 -11.6098655986  -0.7728314904  -5.5782410367 -10.8239697681   0.6701942226 -0.0474908716 -0.0201967696  1.0000000000  0.0575513931  0.0216476394  1.0000000000
 -5.1703334758 -11.9338639374  -0.4436984820  -4.9853849749 -11.8227962496  -1.4925929141  0.0405882960 -0.0843822539  1.0000000000  0.0601304651 -0.0918244961  1.0000000000
 -5.9209367573 -11.7762079668  -1.2726589360  -5.7762964716 -11.3438376307  -0.8212693144 -0.0604813916 -0.0003200094  1.0000000000 -0.0552248397  0.0069396103  1.0000000000
 -6.1106002383 -13.0975388878   0.7027320971  -5.8459586117 -10.8925680464   1.4416060764 -0.0836710168 -0.2420523794  1.0000000000  0.0892362809 -0.0095048114  1.0000000000
