31.9000000000
50
 -2.9961778497 -17.4699409320  -7.4043459928 -0.0964565824 -0.0759258489  1.0000000000
 -1.8396917397 -16.8584141243  -6.5982354183  0.0823985451 -0.1772134193  1.0000000000
 -2.8499124288 -17.3995568549  -8.3589973564 -0.1499369124 -0.1383296455  1.0000000000
 -2.6412910600 -18.6922770975  -6.1684941812 0.0413358680 0.0958393816 1.0000000000
 -2.8146076623 -17.2939065549  -5.5463588808  0.1445826972 -0.0070212651  1.0000000000
 -3.3303721861 -15.3846381512  -7.0818830109 -0.1086873790 -0.2039474842  1.0000000000
 -2.3305799484 -18.6816249214  -6.4090011292 0.0414241651 0.0180925222 1.0000000000
 -4.9530850013 -16.8841981335  -5.5597720974 -0.0085145093  0.1986264695  1.0000000000
 -3.8572401571 -19.3977887091  -5.3007283150 0.1189820633 0.2224145913 1.0000000000
 -2.9742486973 -18.4434318450  -7.0834401699 -0.0425089278 -0.0077797088  1.0000000000
 -4.1275433859 -17.0459776764  -4.2128346654 0.2478365185 0.1800464354 1.0000000000
 -3.2514110267 -16.5500923502  -6.0585606422  0.0459536988 -0.0665816253  1.0000000000
 -3.8070874565 -17.4712716415  -7.4837391799 -0.0977782811 -0.0232079566  1.0000000000
 -2.0107467445 -15.3991687172  -4.8426013851  0.2530817114 -0.2136636113  1.0000000000
 -3.5146942386 -18.5287857949  -4.7195686659 0.2102501017 0.1651393982 1.0000000000
 -1.9504026505 -17.4606921324  -7.6011091336 -0.0140694187 -0.1848498133  1.0000000000
 -4.3502831485 -17.1209111549  -5.4253457309 0.0582352094 0.1834604763 1.0000000000
 -3.1501812940 -15.3318828753  -6.2002738056 -0.0068126616 -0.1688830657  1.0000000000
 -4.8545011964 -16.7891818971  -4.4458489270 0.1681996500 0.2502668644 1.0000000000
 -2.3384902274 -17.1412925542  -6.5515961456  0.0399674186 -0.1082081922  1.0000000000
 -2.4878456978 -16.1644926168  -6.9882851018 -0.0400748782 -0.1841725174  1.0000000000
 -2.9457414095 -18.7705336707  -5.8499817678 0.0789398415 0.1166937057 1.0000000000
 -5.5808445015 -17.3642085734  -7.2216653936 -0.2143444887  0.2114705988  1.0000000000
 -4.0319482008 -17.8127725511  -5.3368706405 0.1039288534 0.1706963492 1.0000000000
 -3.4791562242 -16.9967902236  -4.7726690312 0.1441709913 0.0608168574 1.0000000000
 -1.9771031480 -16.0370788960  -7.0972105376 -0.0102653882 -0.2131721532  1.0000000000
 -4.4657035142 -16.3879719297  -6.5942432132 -0.1006421725 -0.0021377490  1.0000000000
 -2.0059147243 -16.0974051538  -6.4643070591  0.0391778120 -0.2302068643  1.0000000000
 -4.1055835019 -17.3183837031  -4.8059456081 0.1539488270 0.1748979785 1.0000000000
 -2.0457929473 -17.2802353157  -5.3883939898  0.1903034032 -0.1052649441  1.0000000000
 -3.7900597922 -18.5439317728  -6.2049265003 -0.0325188995  0.1007447768  1.0000000000
 -2.5247552184 -16.8023466658  -4.7534700816  0.2563591537 -0.1048465342  1.0000000000
 -3.1563487189 -16.3263733949  -5.0569942748  0.1725050137 -0.0526164644  1.0000000000
 -3.6268576770 -14.6849056106  -7.6132603753 -0.2221836707 -0.2952148487  1.0000000000
 -3.9883275666 -18.6637285424  -5.4539816573 0.1075400664 0.1562795214 1.0000000000
 -1.7141626461 -17.5749045919  -5.0603307984  0.2245525709 -0.0500775963  1.0000000000
 -4.3327422522 -16.6159745540  -5.9430979005 -0.0060569948  0.0941056868  1.0000000000
 -2.5356892314 -16.0418302237  -5.8004692488  0.1370081502 -0.1730715010  1.0000000000
 -6.1720167746 -16.7988147987  -6.4213468599 -0.2542484944  0.2647502196  1.0000000000
 -4.4434374348 -17.6845701072  -5.8709662227 -0.0426407045  0.1739024772  1.0000000000
 -4.0327080181 -15.6809251011  -7.7416152427 -0.2990030923 -0.1443181420  1.0000000000
 -1.6324053945 -17.1042860401  -5.7802739052  0.1542098564 -0.1409508430  1.0000000000
 -6.0877898169 -16.8161327608  -6.0748555967 -0.1707767766  0.3046134191  1.0000000000
 -2.8359295941 -15.2649338536  -6.5487058691  0.0092152017 -0.2712245302  1.0000000000
 -4.8166406692 -16.2588306037  -5.3229119813 0.0157074636 0.1018162698 1.0000000000
 -4.6597719045 -17.2724426897  -6.9225598019 -0.1491601079  0.1031899358  1.0000000000
 -2.3682107204 -14.9858882041  -4.8960911610  0.2564593490 -0.1731502245  1.0000000000
 -5.4152087069 -17.0558821659  -6.8096951316 -0.1787849103  0.1567829050  1.0000000000
 -5.2557993752 -17.2642497313  -5.4367214604 -0.0166204487  0.2625912655  1.0000000000
 -3.7781206727 -15.4658245680  -5.5983972384  0.0075095498 -0.0703248044  1.0000000000
50
 -4.4849986293 -15.4908484778  -6.3152666193  -3.1062665033 -15.8580495169  -6.1502165283 -0.0882643923  0.0120275205  1.0000000000  0.0425889538 -0.1146535276  1.0000000000
 -2.6002068080 -18.4833772799  -6.6919483323  -3.6210926540 -19.8622640836  -5.7333775168  0.0436269339 -0.0133614297  1.0000000000  0.0687558599  0.2172408565  1.0000000000
 -4.1696739533 -16.0169663210  -6.4112113771  -5.2183823066 -16.6246590424  -7.2873589628 -0.0628491779  0.0001002831  1.0000000000 -0.2081115870  0.1189915006  1.0000000000
 -3.8350790151 -17.8168969587  -7.4847573225  -2.5967866967 -18.4713483299  -4.4829744986 -0.1101338876  0.0484532492  1.0000000000  0.2726212899  0.1050514280  1.0000000000
 -2.3806755795 -14.8714424860  -4.6368417850  -4.7814022638 -16.7823669710  -6.1888458122  0.3289353139 -0.1864924057  1.0000000000 -0.0789789264  0.1012611667  1.0000000000
 -3.8774095189 -17.0965648451  -4.5421410780  -5.3798821613 -18.5683109912  -7.1116573885  0.2281700163  0.1429738647  1.0000000000 -0.1555576034  0.2111909484  1.0000000000
 -4.9931179767 -16.8832213675  -4.9844310312  -4.1235610367 -18.5711574949  -5.7503327917 0.0621571697 0.2074192063 1.0000000000 0.0293832469 0.1815663031 1.0000000000
 -3.3239367164 -15.3924005938  -8.3528969355  -2.1608376535 -17.2689299916  -6.0246917582 -0.2683661413 -0.2485953736  1.0000000000  0.1012441029 -0.0945678518  1.0000000000
 -4.9412781083 -18.7792337936  -6.6377628562  -2.4846557363 -18.9484128885  -4.8232299137 -0.1303049181  0.1994572758  1.0000000000  0.2219835498  0.1066747612  1.0000000000
 -4.1278973135 -18.7633556112  -7.8071409219  -3.6506148624 -19.2604883702  -4.8394312794 -0.1538548140  0.0966149186  1.0000000000  0.1573537035  0.2012395567  1.0000000000
 -3.2282087818 -15.4617972566  -6.0006753124  -3.6538923033 -19.5422823828  -6.0966024781  0.0398651674 -0.1397533628  1.0000000000  0.0329592554  0.1584995465  1.0000000000
 -3.0006542152 -14.6413733393  -6.6714458520  -4.1877286050 -18.0123818984  -6.8181222544 -0.0494125711 -0.3025093188  1.0000000000 -0.0949364281  0.1148442024  1.0000000000
 -2.7843477954 -14.9335412395  -7.1296077311  -4.1157155288 -16.4461764929  -5.1350656672 -0.0763622646 -0.3204863216  1.0000000000  0.1003737604  0.0304928840  1.0000000000
 -1.9442242834 -18.0718666604  -6.5105844742  -3.4681942116 -15.2001502049  -6.8571879916  0.0631493775 -0.0581456945  1.0000000000 -0.1239763759 -0.1739168455  1.0000000000
 -3.6990493105 -14.6382068368  -8.0019113327  -6.0133119330 -16.6626910935  -7.0560720157 -0.3002899795 -0.2858131851  1.0000000000 -0.2808541875  0.1968258474  1.0000000000
 -4.4648747979 -19.7192002695  -6.8943078081  -5.3619035298 -18.0639895679  -6.8202280553 -0.0749327433  0.2002298655  1.0000000000 -0.1884877592  0.2371021373  1.0000000000
 -6.2610392294 -16.5985274732  -6.0386996130  -3.0254432245 -17.3258622720  -4.5760389596 -0.1876886623  0.3536183696  1.0000000000  0.2167679221  0.0603883455  1.0000000000
 -2.9847162805 -18.6466551504  -4.6744713456  -5.4006372983 -16.7472092265  -4.8839720845 0.1990424779 0.1742251634 1.0000000000 0.0462388913 0.2873345711 1.0000000000
 -3.2109011354 -18.6995325872  -4.6969716890  -5.7882453438 -17.5085850844  -6.9114710069  0.1527710737  0.1560314127  1.0000000000 -0.1778712624  0.1956894782  1.0000000000
 -5.2779195991 -18.7427298816  -7.0199118811  -1.0380455438 -17.2157366443  -5.3184050431 -0.1536819355  0.2056477931  1.0000000000  0.2244501994 -0.1638838272  1.0000000000
 -0.9168031980 -17.1224516203  -5.4205304307  -2.0545565999 -19.0791106574  -5.2027972658  0.2275782327 -0.1564446180  1.0000000000  0.1611331005  0.0358479812  1.0000000000
 -3.7358727869 -16.2996135861  -4.1953446931  -2.4438645105 -15.6605115769  -6.6286853091  0.2604275180  0.0846840807  1.0000000000  0.0312555300 -0.2383025754  1.0000000000
 -5.2564891972 -16.8987922190  -6.2456675992  -5.7440675779 -16.7531133591  -6.2088786624 -0.1025618847  0.2203418204  1.0000000000 -0.1308256453  0.2513551112  1.0000000000
 -4.2323034469 -17.9584801306  -7.9225613933  -3.7149596796 -18.5135522866  -3.9718113483 -0.2114462506  0.0102372281  1.0000000000  0.2379082050  0.2229261718  1.0000000000
 -2.5790993720 -18.0319711115  -4.5510636399  -3.0612952908 -17.6198427671  -8.1309011043  0.2364362903  0.0651677697  1.0000000000 -0.1513047978 -0.0450203730  1.0000000000
 -2.0189261313 -16.9340020410  -8.1690139532  -0.8450668178 -16.9023213270  -6.0456286320 -0.0987246183 -0.2189175114  1.0000000000  0.1144072107 -0.2233601820  1.0000000000
 -2.0563968285 -16.7824005710  -7.0371215799  -3.0477542898 -17.1357074889  -6.1534797619  0.0080273298 -0.1820437644  1.0000000000  0.0463852022 -0.0204103746  1.0000000000
 -4.9843138707 -15.9169511557  -5.8720943825  -5.1007979626 -17.1030917774  -6.3772235008 -0.0616465034  0.1385915742  1.0000000000 -0.1331621066  0.1355500211  1.0000000000
 -2.6050270464 -17.3096426473  -4.9426967245  -1.3205830843 -16.4972017374  -5.7835504654  0.1903963482  0.0187349403  1.0000000000  0.1491504487 -0.2310607912  1.0000000000
 -4.0117558207 -17.7324177638  -6.1406968200  -2.7386374656 -17.2267644363  -5.3052322746  0.0043130635  0.0916341540  1.0000000000  0.1114093008 -0.0241202087  1.0000000000
 -1.6794060938 -17.1090079872  -5.7127799784  -3.4076119559 -19.4410992369  -4.9210896584  0.1754905568 -0.1017971338  1.0000000000  0.1477807976  0.1731825001  1.0000000000
 -2.3441225206 -18.1095370441  -4.8397973531  -2.9148431578 -15.1789240265  -6.8871538103  0.2122399662  0.0455949886  1.0000000000 -0.0297844510 -0.2318028171  1.0000000000
 -2.5955916905 -17.0185414193  -8.6938483182  -3.1214902041 -15.7437127571  -4.6819077494 -0.1983731754 -0.1473667530  1.0000000000  0.2201797759 -0.0689750492  1.0000000000
 -5.1538530036 -17.6409578305  -6.0223957796  -3.9229249854 -16.2824076831  -6.3102608394 -0.1093318308  0.2217153943  1.0000000000 -0.0787389346 -0.0465201330  1.0000000000
 -3.3818176291 -14.6427225383  -7.8365250725  -3.2026344476 -17.3847266560  -5.9596414718 -0.2131923614 -0.3058512180  1.0000000000  0.0429914305  0.0305071163  1.0000000000
 -2.0987880853 -15.9157262781  -5.4575068537  -2.1685183831 -14.9976619198  -5.6548807651  0.1804678322 -0.1954415180  1.0000000000  0.1688877272 -0.2685731158  1.0000000000
 -3.6312480835 -19.1757193758  -7.1341116049  -4.1275348417 -19.3951010704  -6.5090258202 -0.0817981505  0.1195150125  1.0000000000 -0.0476394881  0.1992458331  1.0000000000
 -4.2661093109 -16.7823937166  -5.7878598571  -3.7538352831 -17.2798085040  -4.2709316419 0.0155805662 0.0829459571 1.0000000000 0.2426016855 0.1213805372 1.0000000000
 -2.2956558960 -15.4093722160  -5.3017108082  -3.4199701274 -16.9960634961  -7.1864828536  0.1744706781 -0.2452921528  1.0000000000 -0.1243017140 -0.0790402940  1.0000000000
 -2.9172721003 -18.5493576741  -7.5111450883  -2.1732576797 -14.6932188338  -5.2904258922 -0.0838665801 -0.0527254443  1.0000000000  0.2433309986 -0.3085740438  1.0000000000
 -1.7723579449 -17.3876470509  -4.9506638980  -4.3692459435 -16.8083031286  -7.9289335958  0.2332551873 -0.0350823811  1.0000000000 -0.2210729158 -0.0245105996  1.0000000000
 -3.3178312911 -16.0046123887  -5.0888997217  -2.6100591837 -16.7710313073  -5.8882450103  0.1535967153 -0.0551407962  1.0000000000  0.0873750824 -0.0555983367  1.0000000000
 -3.4023593654 -18.5860179210  -7.1438911416  -5.7711506531 -17.5358601818  -6.8666964350 -0.0886378855  0.0644921808  1.0000000000 -0.1932668331  0.2470426111  1.0000000000
 -3.2344645986 -15.4202413321  -7.4391787677  -4.4244858242 -16.0113724540  -5.0373377467 -0.1726285457 -0.2219308903  1.0000000000  0.1351382119  0.1196663097  1.0000000000
 -4.6788636578 -16.6986933023  -7.2954240266  -4.2326882605 -17.7843818085  -7.4970713365 -0.2381787070  0.0384778075  1.0000000000 -0.1971908798  0.0768153819  1.0000000000
 -2.8020431588 -16.4375295892  -6.6067808988  -3.2477710930 -17.4066335255  -4.2415618040  0.0318140926 -0.1300840276  1.0000000000  0.2790079537  0.0835699342  1.0000000000
 -4.8237006893 -17.6746966581  -5.9775996925  -3.0807183062 -15.7476024499  -5.2729508472 -0.0489422590  0.1510484541  1.0000000000  0.1597673972 -0.1291337916  1.0000000000
 -2.1712944293 -17.5670884096  -7.6351074051  -4.5726559468 -16.0207877085  -6.5096461798 -0.0721229764 -0.1457879180  1.0000000000 -0.1037134220  0.0264329386  1.0000000000
 -4.8962878385 -16.8457429080  -5.8245564896  -5.2734891730 -17.6252390178  -7.2615030642 -0.0147848671  0.1354804236  1.0000000000 -0.2261505707  0.1709197652  1.0000000000
 -2.8339487714 -15.0380301350  -5.7490056711  -5.2136820952 -16.6630660352  -6.2686056928  0.1303521670 -0.2195662711  1.0000000000 -0.1270265653  0.1509710954  1.0000000000
