709.0000000000
50
-7.5937613805  0.6905744984 -8.0581810804 -0.0831232367  0.0404739628  1.0000000000
-8.2009639446  2.9384926674 -9.1752305724 -0.2283048123 -0.1943121116  1.0000000000
-9.0382020310  0.7592104311 -7.5730786220 -0.1929361608  0.1698640016  1.0000000000
-7.9509591780  1.7142659091 -7.8285420129 -0.1392835823  0.0050668379  1.0000000000
-6.1495029379  1.3054089668 -6.9720420814 0.1178340842 0.0541459313 1.0000000000
-5.6993397690  1.9115514061 -7.9662458272  0.1395270803 -0.0771159711  1.0000000000
-6.9708753971  1.2471261025 -6.3854688240 0.0649070374 0.1413310677 1.0000000000
-7.5987738736  3.5239948705 -6.4361950375 -0.0376949424 -0.1062081494  1.0000000000
-6.8290560061  0.5994792305 -7.1170826781 0.0289671555 0.1059728216 1.0000000000
-7.6491984023  3.7184879242 -8.4385231910 -0.1387493185 -0.2725471370  1.0000000000
-8.8163663798  3.6329860591 -6.9020061020 -0.2541463486 -0.0710325410  1.0000000000
-5.8626782463  3.0449919456 -5.9268379155  0.2686254387 -0.0398157088  1.0000000000
-6.6584019382  0.8242494531 -8.8004987164 -0.0127759645 -0.0347389041  1.0000000000
-8.9319744320  1.3298262789 -7.4599848890 -0.2344226923  0.0399241699  1.0000000000
-7.0285210574  2.9987613061 -6.1888801401 0.0825118599 0.0200521975 1.0000000000
-8.0084534122  2.8778873184 -8.3001429113 -0.1676184515 -0.1255060748  1.0000000000
-6.3324344493  1.5354042446 -5.1671185480 0.2460887299 0.1925969355 1.0000000000
-7.4800176890  2.2321211756 -8.4012608524 -0.0881204672 -0.0684474826  1.0000000000
-8.2230436899  1.0444907026 -6.3050085959 -0.0653526150  0.1926301769  1.0000000000
-8.6030677327  3.1924711062 -8.7046586729 -0.2448041032 -0.1767030581  1.0000000000
-7.0706035989  1.8005381599 -8.9393112300 -0.0355880524 -0.1535276611  1.0000000000
-7.5103529765  3.5667907712 -7.5576050691 -0.0531675536 -0.1897874043  1.0000000000
-7.0439238617  0.8914077390 -7.5461626282 -0.0064818623  0.0493594493  1.0000000000
-7.5822539396  1.4299015244 -6.6887155485 -0.0339418011  0.1345778847  1.0000000000
-4.8853874531  1.2762861426 -8.2853476558  0.1579133889 -0.0582943132  1.0000000000
-9.1894134629  2.7815943675 -6.9984204478 -0.2774839745  0.0128471797  1.0000000000
-7.5789974238  3.4602709813 -6.2834629270  0.0355270170 -0.0747949574  1.0000000000
-6.7829654886  1.6660573264 -6.1219454855 0.0904576765 0.0888598576 1.0000000000
-7.7008712616  3.9468888215 -8.0667859738 -0.1957603192 -0.2772199695  1.0000000000
-6.1617222716  3.4281921220 -7.9554092663  0.1141740939 -0.2149343782  1.0000000000
-8.4051868809  1.6429473978 -8.7592738170 -0.1699961073 -0.0206921729  1.0000000000
-5.6585985101 -0.0774829366 -7.2701193350 0.1821750863 0.1292216910 1.0000000000
-8.3692080983  2.3785382322 -8.6962856289 -0.1839224332 -0.0723159713  1.0000000000
-6.5302454477  1.6567825659 -5.8531471681 0.1128067971 0.1363308459 1.0000000000
-8.2688572612  1.0113202112 -7.8540452984 -0.1587670888  0.0685966114  1.0000000000
-9.1607609820  2.1281595662 -6.6128007560 -0.1720040001  0.1188158768  1.0000000000
-7.6423639099  2.6027633395 -8.8569667140 -0.1299773588 -0.1350130140  1.0000000000
-8.5938746557  1.2709946182 -6.4059299804 -0.1253926365  0.1813202217  1.0000000000
-6.5525261758  3.2438983870 -7.8526446483  0.0591747423 -0.1893999681  1.0000000000
-6.2626736808  1.0667405367 -6.1444396386 0.1964086910 0.1616703234 1.0000000000
-8.1046171151 -0.2151293827 -8.0848172290 -0.1203504500  0.1802886440  1.0000000000
-5.5663276327  0.6672575518 -6.8816612316 0.1920340680 0.0804210020 1.0000000000
-6.7627364607  2.2890874024 -4.8912470585 0.2266812934 0.1918317925 1.0000000000
-7.3667700810  1.0520496250 -8.2154706477 -0.0198799362  0.0032950123  1.0000000000
-6.7686841681  1.3047151901 -6.4320863712 0.0880181409 0.0935154562 1.0000000000
-8.4566103044  1.8362280146 -5.9511918354 -0.0350685658  0.2072037024  1.0000000000
-6.7630501971  3.6335893732 -8.0904078742  0.0379687755 -0.2558339743  1.0000000000
-8.6202477551  3.2892665362 -7.7346903210 -0.2136612773 -0.1249017521  1.0000000000
-7.8322689625  1.1444946357 -6.3027779505 -0.0298145711  0.1817277469  1.0000000000
-6.3853257952  2.2087712646 -5.6406492715 0.2394269094 0.1383107000 1.0000000000
50
-9.3596207240  1.3923782203 -6.5410997993 -6.6856788738  1.8646282581 -5.4451519123 -0.2242991005  0.2093678379  1.0000000000  0.2089138202  0.1362458343  1.0000000000
-6.5115756568  0.6324455509 -8.2364275221 -8.5084384901 -0.4349216149 -8.0323321276  0.0432940087 -0.0060592902  1.0000000000 -0.1264277066  0.1584393579  1.0000000000
-5.6263492239  1.1293638366 -7.0970060873 -7.1594184606  1.6838496084 -5.0310684780 0.1986571885 0.0471583313 1.0000000000 0.1335529188 0.2490047482 1.0000000000
-6.2580493077  2.7615714212 -6.6356425826 -8.6180744294  1.6069873359 -8.4258257683  0.1680097417 -0.0593334431  1.0000000000 -0.1916683481  0.0029785442  1.0000000000
-5.6082688132 -0.3690901302 -6.7733252451 -7.2827441567  1.8527316544 -5.9483331738 0.1623920498 0.2019313921 1.0000000000 0.0616888379 0.1112987236 1.0000000000
-6.7959422345  3.5432186425 -8.3752594887 -7.7389664493  2.8874298988 -8.3782478677 -0.0312045474 -0.1759017698  1.0000000000 -0.1224080791 -0.1167767680  1.0000000000
-5.7026121276  3.7684466852 -7.1358318495 -5.2371829307  2.5892247496 -9.0415563987  0.2317229877 -0.2348834336  1.0000000000  0.1335643158 -0.1886502147  1.0000000000
-7.2779375069  0.3115107424 -8.3505345808 -7.8558192695  0.3399159930 -7.8371810365 -0.0023042217  0.0756639655  1.0000000000 -0.0675822634  0.1387626525  1.0000000000
-5.8977939945  3.2820223244 -8.1452383013 -8.6439966825  2.1032138306 -6.6408405075  0.1131335697 -0.2150036383  1.0000000000 -0.1610765187  0.0568533919  1.0000000000
-8.6964824425  2.4188575234 -7.2209312955 -6.2439714832  1.8639199031 -5.3027953544 -0.2223340654  0.0442497983  1.0000000000  0.2493188608  0.1467543948  1.0000000000
-4.9190671337  2.0762720073 -8.3147193889 -8.8751974637  2.1802284894 -6.8130161864  0.1871719180 -0.0945969354  1.0000000000 -0.2174785755  0.0937915860  1.0000000000
-8.4628312902  0.8199222914 -6.7927154483 -8.3911419553  1.8943461826 -6.7990442628 -0.0712598934  0.1900460786  1.0000000000 -0.1208903837  0.1303723330  1.0000000000
-6.0301523419  2.6838745061 -5.3753636854 -6.2216808468  2.3746131925 -7.2767950693  0.2611227547  0.0498663683  1.0000000000  0.1317033607 -0.0400512884  1.0000000000
-6.2069868582  0.1777919978 -6.8420950351 -6.8931359598  3.3336391505 -8.3090463733  0.0899322401  0.1717174911  1.0000000000 -0.0070527940 -0.2102218607  1.0000000000
-4.9567386022  1.9170501004 -7.4139456844 -5.8409896018  1.0261737482 -7.6598242608  0.2497231181 -0.0568449117  1.0000000000  0.1589803017  0.0279662928  1.0000000000
-4.9972136053  2.0080807073 -7.6033680218 -6.5921983385  1.5724007095 -7.2952940222  0.2437133369 -0.0563938125  1.0000000000  0.0751431379  0.0267840409  1.0000000000
-6.3201812282  2.8041523343 -9.0858231319 -7.5700044037  1.2863728490 -9.4693100393  0.0018775294 -0.1992364703  1.0000000000 -0.1233302854 -0.0475089703  1.0000000000
-6.2002554004  2.9743501880 -6.2752273590 -9.0574696838  1.8894970413 -5.8540278518  0.1854916813 -0.0581590424  1.0000000000 -0.1383984006  0.2223449448  1.0000000000
-8.5870812790  0.8295820376 -8.6819388330 -7.9184399758  3.1497186374 -9.2562017914 -0.1898723079  0.0261087238  1.0000000000 -0.1433598845 -0.2017402082  1.0000000000
-7.7922769495  2.6628693241 -5.6246687062 -9.2324728135  3.4380819596 -6.8132349484 -0.0134802272  0.1550041886  1.0000000000 -0.2985455850 -0.0433766355  1.0000000000
-6.8838527509  2.4323970977 -9.3600306979 -5.4516922079  0.7777703632 -7.0742334323 -0.0599511401 -0.1415520120  1.0000000000  0.1859121729  0.1254471455  1.0000000000
-5.4060591768  2.6884932829 -6.6990701035 -7.2626987767  1.6073137279 -9.2763180731  0.2386040750 -0.1084230573  1.0000000000 -0.0738441818 -0.0935291380  1.0000000000
-6.7170751810  3.1422011422 -5.9653032226 -6.4746696807  0.7569036155 -8.1617867755  0.1332155610 -0.0621456180  1.0000000000  0.0421600207 -0.0242319116  1.0000000000
-8.5661597870  3.5595034625 -6.8843011146 -8.9478627566  1.7617076258 -5.5481291040 -0.2325072446 -0.0737464025  1.0000000000 -0.2146954573  0.2627067692  1.0000000000
-6.3044005679  1.3252655212 -4.8751710418 -7.8619656560  0.0927574901 -7.0558855996  0.2615732030  0.2804874216  1.0000000000 -0.0245695085  0.1967659825  1.0000000000
-7.2206445377  0.6753626593 -7.5865368784 -8.8612810795  3.2112211160 -6.9273624680 -0.0016144868  0.1262631793  1.0000000000 -0.2094652067 -0.0637401901  1.0000000000
-6.9570202857 -0.2914202786 -8.1291939132 -5.7979952143  0.2286581836 -7.8776982227 0.0560646874 0.1174035846 1.0000000000 0.0944310328 0.0301579550 1.0000000000
-8.5825148200  1.9830542016 -6.4815369103 -5.6006462580  0.4884657065 -7.9815699368 -0.1478141176  0.1506716991  1.0000000000  0.1104002366  0.0512643894  1.0000000000
-8.4225235767  1.5641358078 -7.6120023434 -8.5471151902  0.8588251991 -8.0564162645 -0.1806746916  0.0488034604  1.0000000000 -0.1320309153  0.0904273109  1.0000000000
-8.7067907982 -0.3384301983 -8.3094661501 -4.9369470267  0.7431502463 -7.4384765572 -0.2201647789  0.1029790287  1.0000000000  0.2152428452  0.0487538596  1.0000000000
-6.3628932008  3.2980796651 -6.7087000687 -8.0344001986  1.9070737080 -8.5972210110  0.1831739531 -0.0549055637  1.0000000000 -0.1113090980 -0.0572002179  1.0000000000
-4.9318481309  1.5279375707 -7.7687929826 -6.6597379518  3.1331629736 -6.9146674354  0.2338068442 -0.0257557686  1.0000000000  0.0762896352 -0.0833442669  1.0000000000
-7.1180883476  0.4752864020 -8.9179605928 -5.6499462207  2.6586791011 -6.0592603379 -0.0062003765  0.0251569259  1.0000000000  0.2566567159 -0.0244081357  1.0000000000
-7.7783577689  1.7202703994 -4.8101402430 -8.4084865738  2.2417066141 -6.4736888082  0.0350744740  0.3053511984  1.0000000000 -0.1167379891  0.0890598588  1.0000000000
-8.6134960951  2.2168267964 -7.1041248668 -6.2322545659  2.5240855333 -6.8035051672 -0.1850059209  0.0110000446  1.0000000000  0.1561620064 -0.0610339164  1.0000000000
-9.0269447912  2.0252876000 -7.3545920365 -7.5149915672  3.7936180153 -6.8509747976 -0.1685936611  0.0321528358  1.0000000000 -0.0240823288 -0.1581269810  1.0000000000
-5.6777970943  4.0305699552 -7.3364142590 -8.4831972794  3.4865047849 -7.6554987215  0.2202163903 -0.2890760583  1.0000000000 -0.2207551236 -0.1627054143  1.0000000000
-5.7953962053  1.7713788838 -8.6421140615 -8.6478555160  2.8338780463 -7.0429826493  0.0953849182 -0.1018054379  1.0000000000 -0.2010037524  0.0074424722  1.0000000000
-8.8072264414  2.9018745802 -6.8613783618 -5.9242927852  0.7456521538 -7.0313094400 -0.2415187799  0.0206048076  1.0000000000  0.1640372346  0.0962919348  1.0000000000
-7.4706613068 -0.8064084685 -7.6741041074 -6.0688148777  3.3230225167 -6.2860830704 -0.0431173567  0.1812760221  1.0000000000  0.2195508467 -0.1137033767  1.0000000000
-7.0843283954  0.3693298271 -8.1129967369 -6.1200621823  0.0362309333 -7.7145132997 -0.0121381649  0.1019487986  1.0000000000  0.1100556421  0.1073887072  1.0000000000
-6.8444643219  0.8521984644 -5.5276124814 -5.2231136515  3.7462024618 -6.5865571567  0.1666829682  0.2973244948  1.0000000000  0.3135348414 -0.1892353644  1.0000000000
-8.6918475788  0.9991590748 -6.0592019156 -5.3205880388  1.6111803330 -9.2676942194 -0.1293467768  0.3100452383  1.0000000000  0.1106173942 -0.1209888473  1.0000000000
-8.1344999519  3.5057517404 -7.2956521434 -6.0934787159  0.9733612281 -4.9606641847 -0.1450278143 -0.1316555578  1.0000000000  0.2814625138  0.2549391249  1.0000000000
-6.2624175362  1.5824574595 -4.4960174652 -7.3946984937  3.2101954965 -8.6885661801  0.3016906444  0.2883582249  1.0000000000 -0.0238253443 -0.1887730189  1.0000000000
-5.9295485785  0.9707149029 -5.0632037151 -6.3359490429  0.0685593708 -6.8651195575 0.2523196454 0.2172699902 1.0000000000 0.0934801414 0.1685876287 1.0000000000
-6.0745145890  2.7914020423 -7.6333133778 -5.9222930807  2.9796269382 -6.2185144933  0.1105913973 -0.1665708976  1.0000000000  0.2268030505 -0.0830764600  1.0000000000
-6.3081567431  2.0884536008 -5.4726885095 -9.1513949363  1.5533702663 -7.4270850120  0.1981594110  0.1611523729  1.0000000000 -0.2678226940  0.1186122405  1.0000000000
-8.4961016468  1.7755102000 -5.9067521720 -7.5422124333  3.2703314703 -8.3707286152 -0.1027868613  0.2253208718  1.0000000000 -0.1110039182 -0.1782851664  1.0000000000
-7.8529373535  3.1236611019 -8.0907201863 -8.0883637868  1.7679111548 -6.6482398029 -0.1146204340 -0.1306731498  1.0000000000 -0.1149719445  0.1254171750  1.0000000000
