368.5000000000
50
 3.1585134614 -2.8073125614 15.5346402571 0.2139630896 0.0598341030 1.0000000000
 2.2349171800 -2.7249744284 16.3468694922 0.0710242593 0.0129451113 1.0000000000
 2.6996054031 -1.0498257088 17.5450070211 0.1066903077 0.1904727545 1.0000000000
-0.0607117783 -2.3828779272 17.0740542475 -0.1082084347 -0.0616321849  1.0000000000
 2.6151463749 -2.2750957552 15.3945611793 0.0776593617 0.0883200470 1.0000000000
 0.9054119331 -0.4433684830 16.3373951676 -0.1287438003  0.2792848083  1.0000000000
-0.3523507941 -3.8425204156 15.4742552547 -0.1785353313 -0.1937199701  1.0000000000
 1.8145353591 -1.0610927006 17.4884834432 0.0141187706 0.1275851295 1.0000000000
 1.3264244909 -0.7606197898 13.6869985681 -0.2022221456  0.2793354007  1.0000000000
 0.6064416634 -2.0372937422 15.6433060363 -0.1627399022  0.0499613913  1.0000000000
 3.1683986988 -3.5984853270 14.7216815678  0.2110342963 -0.0809444922  1.0000000000
-0.0493450291 -3.9829475351 16.0442126962 -0.1379729284 -0.2011599405  1.0000000000
 3.1969083247 -1.8172267149 16.2577455054 0.1342768492 0.1363203195 1.0000000000
 2.7473308083 -0.9281313537 17.7422441194 0.1456068573 0.1497527187 1.0000000000
 2.5471898736 -2.4050512433 16.4630680501 0.0927761660 0.0607856693 1.0000000000
 0.5690328932 -1.0181614058 15.5702889556 -0.1773608516  0.1193561882  1.0000000000
 3.4957501061 -1.5103368524 16.7003441720 0.1870099245 0.1747169313 1.0000000000
 1.4258226670 -2.8985418093 15.7565361083 -0.0039617115 -0.0417065012  1.0000000000
 1.5730390573 -2.3791294772 15.5274086822 -0.0741445366  0.0662653999  1.0000000000
 2.6519446424 -2.0074953793 13.9482560607 0.0270315660 0.2031198805 1.0000000000
 0.5202310281 -2.0688940726 15.0191664862 -0.2482821955  0.0163684751  1.0000000000
 1.2421408060 -1.4667509974 15.3248194306 -0.0643008639  0.1174864816  1.0000000000
 3.6746554693 -2.9455876847 15.3105699414  0.2450384468 -0.0014813427  1.0000000000
 1.8894503280 -3.4548300734 14.7072886988  0.0176537363 -0.1222638492  1.0000000000
 0.9338761678 -4.1881338489 17.0785750512  0.0192788121 -0.1801061996  1.0000000000
-0.0543951345 -3.5071723029 15.9237245382 -0.1616820026 -0.1889776402  1.0000000000
 2.1929694628 -4.5777839581 16.1681996540  0.1603635391 -0.1974924387  1.0000000000
 1.0700339919 -2.3238057436 17.2900650141 -0.0184023921  0.0209479576  1.0000000000
 3.9695743482 -1.4743850889 16.0724018780 0.2293807999 0.2368769048 1.0000000000
 1.8036960680 -2.8396349456 14.6334347704 -0.0122792945 -0.0203503383  1.0000000000
 1.5740048338 -2.0923886813 16.8157152403 0.0329273956 0.0279470197 1.0000000000
 3.7681517601 -1.6114334682 16.2925508987 0.2080000125 0.1785123588 1.0000000000
 2.2334468597 -1.5756821555 14.0943138913 -0.0257113479  0.2014804449  1.0000000000
 2.3885239013 -3.5497531351 15.8071646019  0.1351696548 -0.1028064389  1.0000000000
 3.7637032561 -1.8308378928 16.1421096353 0.2558470504 0.1424867969 1.0000000000
 3.1577887273 -0.9968358866 16.5472872284 0.1122948432 0.2101258824 1.0000000000
 1.5002752630 -1.5342492444 16.4500029035 -0.0447138654  0.0611244550  1.0000000000
 3.2960541714 -4.5204362592 15.2827816762  0.2676287756 -0.2163927565  1.0000000000
 3.1030008903 -4.6418475224 14.9667521500  0.1937553416 -0.2207337755  1.0000000000
 1.2643564297 -2.1536107531 16.1108493510 -0.0894186795  0.0338080976  1.0000000000
 1.9891765582 -4.5336443417 14.9863379693  0.0901932534 -0.2300846337  1.0000000000
 1.3128808063 -4.6285852617 14.3287133376 -0.0549082157 -0.2868997247  1.0000000000
 3.0360997590 -3.1075932063 17.9724840147  0.2033548769 -0.0479985370  1.0000000000
 0.1567749447 -3.6960062382 14.4944604494 -0.2170549100 -0.2002599214  1.0000000000
 1.9671581462 -4.4798269010 14.3784256314  0.0813781431 -0.2435361960  1.0000000000
 1.0628339526 -1.0178052984 13.5688497642 -0.2435456414  0.2361979561  1.0000000000
 2.1721809843 -3.5203413273 17.2981070606  0.1398469815 -0.0946310953  1.0000000000
 1.9848242893 -3.9201416050 13.8330341404  0.0387475064 -0.1944817480  1.0000000000
 2.6310819257 -4.5332891913 14.6353726846  0.1603271605 -0.2243802451  1.0000000000
 3.1368113611 -2.9331819294 16.9523673277 0.2332977616 0.0207372982 1.0000000000
50
 2.3343342830 -4.3083699498 16.3838686393  2.6227568442 -2.5519661593 17.2753595560  0.1656316670 -0.1943362246  1.0000000000  0.0923170678 -0.0138471807  1.0000000000
 0.4134483750 -1.9749233944 17.1857077004  1.1632064509 -1.7332317572 17.1551081093 -0.0824064022 -0.0405670663  1.0000000000 -0.0203493199  0.0727698037  1.0000000000
 1.7660189424 -3.8657151297 14.6203689695  1.2870994854 -3.3493416476 14.8932739951  0.0284817630 -0.1718780541  1.0000000000 -0.0284396322 -0.1187089395  1.0000000000
 2.0205053991 -4.5087551562 15.6485474048  3.6528533745 -2.9242665919 15.1513101781  0.1253276091 -0.2019812150  1.0000000000  0.2535493122  0.0381794278  1.0000000000
 0.1388004240 -3.0027925520 14.2416808975  1.8111741134 -3.7422008385 15.3346295318 -0.2229860566 -0.0973216694  1.0000000000  0.0277836448 -0.1066142870  1.0000000000
 3.2509391372 -1.8318532723 14.2248834912  0.6411666285 -1.5955964261 16.7884946320  0.1459847614  0.2118450088  1.0000000000 -0.0846473361  0.0442918993  1.0000000000
 2.8172938409 -2.3758073812 16.6516747650  1.2020401027 -2.1818049861 17.2398433677  0.1168574495  0.0413923094  1.0000000000 -0.0054616419  0.0399166353  1.0000000000
 2.8736989013 -1.9554546971 15.1630957053  2.7525945171 -4.6089084458 17.6125962383  0.1433737017  0.1466464440  1.0000000000  0.2094769813 -0.1720656432  1.0000000000
 0.4214224484 -2.4246882411 14.0927562111  2.1568248336 -1.7033603975 17.2644612371 -0.1781365681  0.0159511817  1.0000000000  0.0415186533  0.1319179543  1.0000000000
 3.7202632558 -1.1373270589 17.2478104229  0.1888061859 -2.7297960445 16.7365310125  0.2230784285  0.2293178743  1.0000000000 -0.1159371021 -0.0466511658  1.0000000000
 0.0858052334 -2.4639903161 14.8168600781  2.6863057729 -3.7914161163 14.3941529424 -0.2242931321 -0.0361874155  1.0000000000  0.1476920018 -0.0833995743  1.0000000000
 1.8150555681 -0.6835608401 14.7637080323  3.9715446517 -1.6422614670 14.6061653664 -0.0226323524  0.2978451804  1.0000000000  0.2141421928  0.2411870055  1.0000000000
 1.8518044106 -3.7078278696 16.2179978021  2.2574609402 -4.5950608676 15.0978148420  0.0838591519 -0.1516788560  1.0000000000  0.1052305927 -0.2349191668  1.0000000000
 0.6035805398 -3.2623192076 14.4233514457  3.1178864331 -4.4030477315 15.5121849784 -0.1547577953 -0.1144648755  1.0000000000  0.2740098514 -0.1427468033  1.0000000000
 3.2969822103 -0.9471220656 17.7400169485  0.7715157451 -0.8817898537 16.9219356992  0.1870854785  0.2297697919  1.0000000000 -0.1441676761  0.1052258955  1.0000000000
 2.5226950942 -4.0376526873 14.5520094676  3.7518753689 -3.9712321595 15.0279206588  0.1321505075 -0.1434465103  1.0000000000  0.2973239304 -0.1274528605  1.0000000000
 3.4036845810 -2.2573433280 17.5957222819  3.9301870930 -2.0112946653 14.8669801873 0.2048061214 0.0932731649 1.0000000000 0.2363090722 0.1922292388 1.0000000000
 0.8019275444 -2.8919153912 13.6315481460  0.7658477406 -1.6225522607 16.0492334946 -0.2098342656 -0.0229028650  1.0000000000 -0.1074868777  0.0839790661  1.0000000000
 2.4381848203 -1.1240215342 15.1519775806  2.1467823701 -3.8306758262 16.2230734695  0.0597261990  0.2255762390  1.0000000000  0.1170134781 -0.1431813137  1.0000000000
 2.1282594217 -4.0324695632 15.8828097962  1.5382329242 -4.2267032297 15.2948039204  0.0665386453 -0.1596571985  1.0000000000  0.0078720950 -0.1957969368  1.0000000000
 2.3356407597 -3.8215050663 16.4647643364  0.3910813813 -2.6512924822 14.4690510876  0.1723969587 -0.1208645213  1.0000000000 -0.1938820072 -0.0695322023  1.0000000000
 2.7669616343 -3.8467393420 15.2565290704  2.3289700786 -2.9373518847 14.9602752001  0.1596594856 -0.1156535234  1.0000000000  0.0743988024 -0.0152068918  1.0000000000
 0.3032298288 -2.1480687443 13.9100432006  2.2824681534 -3.9491372994 15.3100821420 -0.2580651610  0.0232284457  1.0000000000  0.1217453577 -0.1603155290  1.0000000000
 2.1986215349 -2.2745843279 16.0035329141  3.0684600345 -4.4410969967 14.5431364871  0.0372066297  0.0703586360  1.0000000000  0.2124895761 -0.2341902487  1.0000000000
-0.0841706804 -1.4001873524 16.2071678604 -0.0600740093 -4.1070133465 15.2902275031 -0.1835441072  0.0629163862  1.0000000000 -0.1223627623 -0.2405261359  1.0000000000
 1.0297361603 -1.7312268967 17.4110196006  3.1714673146 -1.1571582138 16.8951459786 -0.0377555726  0.0898531898  1.0000000000  0.1536844748  0.2034033866  1.0000000000
-0.3434484304 -3.0815361150 16.6522883399  1.9904456886 -2.6144635403 16.2727838825 -0.1190519012 -0.0957033155  1.0000000000  0.0831083716 -0.0142909622  1.0000000000
 0.9239280612 -1.6604361503 14.1779412263  1.0278314657 -4.4420745005 14.6269115334 -0.1772933497  0.1226887431  1.0000000000 -0.0599741947 -0.2955074494  1.0000000000
 3.2670632561 -2.5429210508 17.7676567128  0.7411825371 -1.6050653926 15.2938361563  0.1813436667  0.0461372229  1.0000000000 -0.1736824668  0.0931383500  1.0000000000
 3.1129967118 -3.1894264496 15.4591737118  3.7278827105 -1.3968251432 15.4850884837  0.2124551855 -0.0121839692  1.0000000000  0.1980214006  0.2389820696  1.0000000000
 2.2504920424 -0.9807655044 15.6342840205  1.3512835702 -1.6448276204 17.1298487556  0.0434176648  0.1936425771  1.0000000000 -0.0478324520  0.1017172294  1.0000000000
 2.2349510772 -2.5545120174 16.7195393051 -0.0824280303 -3.4211004444 16.6825806026  0.0704096201  0.0405850781  1.0000000000 -0.1037708515 -0.1560947286  1.0000000000
 3.1865754500 -3.4907254401 15.8442225979  3.4490154008 -2.5606150991 16.3515421963  0.2406335751 -0.0454515424  1.0000000000  0.1933396638  0.0648425681  1.0000000000
 1.4948225765 -2.2964553306 17.3436832492 -0.2137351933 -3.8654013154 17.0625336944  0.0298004669  0.0042594478  1.0000000000 -0.1068209114 -0.1777803969  1.0000000000
 2.7561019705 -3.4841014718 14.3193623626  2.1304533370 -1.5417123503 17.3445339105  0.1475100066 -0.0729333407  1.0000000000  0.0669192440  0.1428397854  1.0000000000
 1.4861678222 -3.4053222639 16.8587104104  0.7353853547 -3.7134983958 14.6276607610  0.0677049423 -0.1018244042  1.0000000000 -0.1177132240 -0.1600988796  1.0000000000
 3.1118964414 -1.2551196687 16.7427580199  3.8786412784 -2.2566958075 15.7308392004 0.1632444854 0.2140771516 1.0000000000 0.2663909221 0.1197456859 1.0000000000
 0.8028753800 -3.7525956284 15.9360676669  3.8782297702 -2.3174299716 16.0951157890 -0.0977826653 -0.1784176017  1.0000000000  0.2756390321  0.0777726764  1.0000000000
 2.1664063408 -2.1625703363 15.3332089554  1.7160022391 -2.2488132020 17.4441759475 0.0639981477 0.0543303634 1.0000000000 0.0177263858 0.0441426680 1.0000000000
 4.0555624035 -2.7601496499 14.8589631065  2.4009878513 -2.4737387712 17.2515100546 0.3537867841 0.0983649614 1.0000000000 0.1537130476 0.0077034601 1.0000000000
-0.1382321893 -2.8083984696 15.0870449496  1.3176140573 -2.1815677945 13.5668832560 -0.2642003228 -0.0782744195  1.0000000000 -0.1618305765  0.0703010675  1.0000000000
 0.4214394886 -3.0329239110 14.5205311047  3.8252515159 -2.3988859967 14.4756629965 -0.1670865692 -0.1058891565  1.0000000000  0.2407730428  0.1227650372  1.0000000000
 0.2987295626 -3.1561517868 13.5202060628  3.1511482478 -1.8633585674 15.6099737049 -0.3026421847 -0.1386917512  1.0000000000  0.1954539386  0.1448978104  1.0000000000
 1.1968392617 -3.7734407516 15.3549946018  2.6837887206 -4.2869510208 18.0623638319 -0.0064483076 -0.1818124261  1.0000000000  0.2019466013 -0.1286740055  1.0000000000
 1.9801049732 -3.5601446218 16.0453680001  0.2083347618 -3.7283302155 15.5171433840  0.0618992019 -0.1201703402  1.0000000000 -0.1471035840 -0.1760171922  1.0000000000
 2.2513910558 -2.4028860657 14.8018313227  0.8412114806 -1.8470966259 14.4680759924  0.0316253974  0.0806507848  1.0000000000 -0.2247603260  0.1158536814  1.0000000000
 2.1863217113 -0.9406273907 15.6039959101  0.0103848967 -4.0691350445 16.0314644292 -0.0112723155  0.2074071645  1.0000000000 -0.1273604477 -0.1877684199  1.0000000000
 1.3501096066 -4.2313968492 15.8896169200  1.0044641164 -2.3720766675 15.7061786361  0.0083221338 -0.2349781327  1.0000000000 -0.0963497446 -0.0232862997  1.0000000000
 2.4465468440 -1.0949232438 14.9226021291  2.4857850401 -1.1706150841 16.6852902086 0.0504808133 0.2528721896 1.0000000000 0.0572232335 0.1777754191 1.0000000000
 3.0707402578 -3.2277323391 17.0638033240  0.8318017920 -0.5471538497 14.5592914975  0.2296278955  0.0056246869  1.0000000000 -0.2453936015  0.2251982576  1.0000000000
