915.7000000000
50
-1.8695528586  1.0667126470 13.8865223321 -0.0160558826 -0.0419271726  1.0000000000
-4.8912000088  1.7108250370 11.7475624897  0.2538349380 -0.1596155093  1.0000000000
-1.8622564386  1.0576006147 13.0715545669 0.0407853723 0.0829496980 1.0000000000
-0.8187493436 -0.2082381328 11.8256646399 0.1536255397 0.1735711274 1.0000000000
-4.1355779076  1.8005014340 10.5716823627 0.3485688393 0.0373470991 1.0000000000
-3.5554134260 -0.1565002498 12.0872733675  0.2556325066 -0.0565999647  1.0000000000
-1.8416967597  1.4279112961 12.2132105994 0.0066814822 0.1177239649 1.0000000000
-3.9068967303  2.8119434153 11.9983612055 -0.0019588558 -0.0420598774  1.0000000000
-3.2937723533  1.5479074697 12.9828965121 -0.0079280482 -0.0645775310  1.0000000000
-5.0749027342  1.5841459083 12.8001555767  0.1036567596 -0.2746938090  1.0000000000
-2.5054114386  1.6754515308 13.7609785717 -0.0825245948 -0.0202735455  1.0000000000
-2.3926090164  1.1932035751 15.1177477777 -0.1295045311 -0.1460883990  1.0000000000
-1.8834281062  2.6467230361 13.0766449958 -0.0827632202  0.1123686603  1.0000000000
-3.3500695252  0.6317095191 11.1951671584 0.2876659197 0.0342705361 1.0000000000
-2.1993495929 -0.8971311291 12.5285234061 0.2108398246 0.0024355827 1.0000000000
-3.8478330123  0.8015342873 11.3047085841  0.2768902736 -0.0267958156  1.0000000000
-5.3387825823  2.1317745710 12.9204546675  0.0729486957 -0.3347564981  1.0000000000
-2.2849934315  2.5278026430 13.7325385893 -0.1704793728  0.0066977524  1.0000000000
-2.9461329192  0.9050487719 15.4457523210 -0.0957030469 -0.2156327602  1.0000000000
-1.2834892657  0.1717574839 12.8239511043 0.0681417321 0.0980055683 1.0000000000
-1.8804745326  1.5730140076 10.5554684601 0.1829443807 0.2833676814 1.0000000000
-3.5869352641  1.1244985569 13.8342748875  0.0036847043 -0.1577831449  1.0000000000
-3.5361402149  2.4261534823 13.0365900387 -0.0730722262 -0.0836728393  1.0000000000
-2.8033095622 -0.4629385697 12.8269930513  0.1757494022 -0.0755615316  1.0000000000
-3.5676253228  2.5690344516 13.5836387511 -0.0956808338 -0.1244862084  1.0000000000
-2.5805056755  1.4175924373 14.6300189195 -0.0994367792 -0.0819172978  1.0000000000
-1.1359393572  1.0983142994 12.5978805300 0.0251616298 0.1267851777 1.0000000000
-1.8577728843  2.3756835449 11.2011085034 0.0432076782 0.2802926351 1.0000000000
-3.7646043976  2.7274478056 14.3729995862 -0.1801866210 -0.2074531985  1.0000000000
-2.4114763805  4.5395381023 12.5080671354 -0.2449838448  0.2083134484  1.0000000000
-3.9489621886  1.6470111612 10.3695417576 0.2924703581 0.0697932391 1.0000000000
-4.5712303100  2.3999510398 13.5689846083 -0.0798156426 -0.2230912177  1.0000000000
-3.1608535294  0.1690670624 11.8751435301  0.2013809512 -0.0260512780  1.0000000000
-2.0278226012  1.1199100774 14.7509766957 -0.0834888560 -0.0699569249  1.0000000000
-2.7537380494  3.6790342498 13.2671554126 -0.2145535644  0.0512258961  1.0000000000
-1.8047270597  2.3397974457 12.3925858082 -0.0685066253  0.1629927461  1.0000000000
-3.5050962309  2.9460400677 13.7429647212 -0.2000386417 -0.0730663177  1.0000000000
-2.6694093208  1.4033106788 10.2027662397 0.3036133212 0.2375571367 1.0000000000
-1.2880849537  3.0090701164 12.0414747864 -0.0759611365  0.2384601491  1.0000000000
-2.0720400261  2.5058323630 10.7166350062 0.1140647239 0.2629048787 1.0000000000
-0.7108738418  0.6984961358 11.8628023838 0.1560005515 0.2124593304 1.0000000000
-2.5159025801 -0.3726523449 13.4692226816  0.0916185205 -0.0592158640  1.0000000000
-4.1983088912  0.4034135546 12.0952656961  0.2551996993 -0.0943277500  1.0000000000
-2.3362825775  0.9887061112 13.3350805838 -0.0482962324 -0.0216017324  1.0000000000
-3.0857979058  2.3797695346 12.6121016962 -0.0248063844  0.0041536816  1.0000000000
-2.6436192411  2.7049053375 10.7594545973 0.1116453024 0.2141523405 1.0000000000
-3.9596072761  2.4334122496 14.7028929470 -0.1883055260 -0.2576119890  1.0000000000
-4.6480646655  1.8848455077 13.8212329061  0.0087572969 -0.2493816949  1.0000000000
-4.0529589553  1.5247298073 12.4847976124  0.0765467066 -0.1056241650  1.0000000000
-1.4820502614  3.9059793692 12.5642219342 -0.2262684299  0.2182925757  1.0000000000
50
-2.7136652443  3.0388443714 12.7105966766 -4.2511719421  2.2445997953 12.2326110220 -0.1079252905  0.0928297643  1.0000000000  0.0415221105 -0.0649527845  1.0000000000
-4.8817484498  1.6037248236 11.6584350405 -1.8645567311  2.5836491970 12.6967006065  0.2568299666 -0.1561310071  1.0000000000 -0.1141752701  0.1245600793  1.0000000000
-4.8185519461  1.1848660368 12.1799434508 -2.0358298716  1.3591364183 11.5479710130  0.1849968428 -0.1654360700  1.0000000000  0.1306033681  0.1509709850  1.0000000000
-1.4935614528  1.0694172453 11.3365013616 -4.7180606117  1.9183316622 11.6063185361  0.1694154679  0.1847408439  1.0000000000  0.1870874455 -0.0993005096  1.0000000000
-1.3047695182  3.8204277747 12.5264445778 -4.4746374847 -0.6147124961 12.7997835753 -0.2277365047  0.2981529166  1.0000000000  0.2278933812 -0.2587226450  1.0000000000
-2.5874731696 -0.0176032386 13.7240922575 -4.3407038616  1.0826147902 11.1564192387  0.0107160160 -0.0592068102  1.0000000000  0.3118181667 -0.0602810563  1.0000000000
-2.0501681590  1.7134222053 14.0572869818 -1.8107808542  0.5533114007 10.6393783814 -0.1096965312 -0.0459056679  1.0000000000  0.2843298748  0.1555114366  1.0000000000
-2.7433936634  1.2649015233 15.2511621734 -2.4719840306  0.0472991466 11.5711725655 -0.1088990646 -0.1483583155  1.0000000000  0.1742070648  0.0346369217  1.0000000000
-4.2899067213  0.6182719779 12.1362579231 -4.1023839907  3.1935116029 13.4138009587  0.2404671103 -0.1350492767  1.0000000000 -0.1706451640 -0.1427300015  1.0000000000
-1.2641204697  1.6177394978 14.1723515273 -2.3165768755  0.9715515543 15.1233567416 -0.1420303833  0.0433476150  1.0000000000 -0.0741951511 -0.1102508022  1.0000000000
-2.9019011387  0.0519418831 14.5740632606 -3.7048506157  0.0857639075 12.4079001252  0.0003342941 -0.1919231756  1.0000000000  0.1493452034 -0.0974591206  1.0000000000
-4.0358027137  1.4123035305 14.3722626485 -1.6971625128  1.6351078666 13.6745981506 -0.0500836271 -0.2292791121  1.0000000000 -0.0708087313  0.0283251374  1.0000000000
-2.3201747578  1.1685449326 13.6562739636 -2.6272888107  1.4386475884 15.7170920802 -0.0309996861 -0.0175032227  1.0000000000 -0.1740166475 -0.1612946238  1.0000000000
-1.8553999801  1.2669233842 14.1587944453 -2.0419443117  0.9656773435 12.9577103511 -0.0841309109 -0.0185337377  1.0000000000 -0.0288052608  0.0414027617  1.0000000000
-1.4918798956  1.4648495202 14.6956669802 -3.8113389475  2.9938095474 12.7223482383 -0.1922877936  0.0064232755  1.0000000000 -0.1315333272 -0.0222991442  1.0000000000
-3.6162863893  2.1050064288 12.9234132916 -1.0005204446  0.6673970064 11.7842632285 -0.0185107237 -0.0656185565  1.0000000000  0.0937001111  0.1703274547  1.0000000000
-2.6999589335  0.3980253510 12.6287564032 -4.5322057370  3.0137595135 13.0867476232  0.0989814421 -0.0544984040  1.0000000000 -0.1099061918 -0.1744884133  1.0000000000
-2.0320315061  1.8657425600 10.7391029881 -1.4842282846  0.4290377820 11.5070914166 0.1519775190 0.2860745249 1.0000000000 0.2005257354 0.1604851430 1.0000000000
-1.2862531380  1.7106470472 13.3635664702 -4.3918656209  1.7046365033 11.1029381771 -0.0835126800  0.0938177302  1.0000000000  0.2422730846 -0.0538697730  1.0000000000
-2.7511047163  1.7454107923 13.6957227223 -2.5116562451  0.3827264229 12.5964756043 -0.0118366483 -0.0297807818  1.0000000000  0.1318408084  0.0047839835  1.0000000000
-2.4727733221  4.2852423042 12.3300192188 -1.9537023781  3.1151384800 13.8377937098 -0.2429863265  0.1959378045  1.0000000000 -0.2589700674  0.0530943301  1.0000000000
-4.0209868888  2.2253280019 12.8213812552 -2.3579973668 -0.2677670968 13.5223906035 -0.0095406511 -0.1634878357  1.0000000000  0.0917107928 -0.0615713354  1.0000000000
-2.9271260411  1.9941850665 11.5788258558 -4.1850340584  2.7736222726 12.1092752091  0.0453587493  0.0860464928  1.0000000000  0.0341204514 -0.0872121895  1.0000000000
-2.6011202217  1.1432763145 14.9895133852 -4.5738490690  1.7963972527 12.3711635006 -0.1254841052 -0.1444092218  1.0000000000  0.1223071254 -0.1492098373  1.0000000000
-2.4560887430  4.5248166943 12.3821460241 -3.0522229426  1.9654594718 12.3358254083 -0.2550001103  0.1836791219  1.0000000000  0.0134427262  0.0516376697  1.0000000000
-3.3246030299  3.2656389638 12.2176170774 -5.2711158279  0.7795131489 11.9392125661 -0.0774134368  0.0317078236  1.0000000000  0.3163591060 -0.2534582097  1.0000000000
-3.8596682334  2.9639279279 13.3003684314 -3.2405544278  0.7156499455 13.3608974611 -0.1396433024 -0.0818149558  1.0000000000  0.0292097091 -0.1396516445  1.0000000000
-2.8182707534  2.7578383056 12.9906388794 -1.6447652333 -0.0611787765 13.0632145373 -0.1327086902  0.0145248596  1.0000000000  0.0865310448  0.0364078942  1.0000000000
-3.4373787121  0.5899773580 11.9611598451 -1.6847135233  2.3812299234 14.0275910128  0.2005680402 -0.0740174363  1.0000000000 -0.1820140302  0.0311037909  1.0000000000
-3.2716302836  1.0075849933 11.1483293140 -1.6504120989  2.5948306879 11.6238001603  0.2344847441  0.0421038862  1.0000000000 -0.0347486482  0.2401917102  1.0000000000
-2.7899429417  1.3512820607 15.8471624569 -3.9277359102  3.0099119915 13.9705495113 -0.1815006618 -0.2137806512  1.0000000000 -0.1865817633 -0.1757091033  1.0000000000
-3.8206324925  2.4656961451 12.6289111064 -4.5917781581  0.6768147329 13.2090685812  0.0079830331 -0.0664196334  1.0000000000  0.1168359796 -0.2543742810  1.0000000000
-4.0734464962  3.3926033055 12.8894697187 -4.0910016172  1.0708771170 11.9597477830 -0.1552700353 -0.0810828967  1.0000000000  0.1986123226 -0.0788014314  1.0000000000
-0.4532874345  1.4240453592 13.6520330116 -2.3510327360 -0.1956267788 12.5911851849 -0.0802774818  0.1335621834  1.0000000000  0.1679034198  0.0000496802  1.0000000000
-0.7107345872  1.0427135844 13.0314381309 -2.8052551517  0.7214155571 14.4596056296 -0.0514428395  0.1359692278  1.0000000000 -0.0247323225 -0.1455798335  1.0000000000
-4.4463185250  1.9587815965 13.5638634393 -3.8199655105  1.5375902718 12.5416568023 -0.0425640020 -0.2554349711  1.0000000000  0.1137781839 -0.0906367412  1.0000000000
-2.3030850232  3.1331349240 13.9888443697  0.0489097074  2.3606702345 13.7312532796 -0.2589637989  0.0356098753  1.0000000000 -0.1676550808  0.2033925489  1.0000000000
-0.9093776446  2.1350167791 12.1696194656 -2.7998348158 -0.2343511315 13.4002729438 -0.0280427969  0.2005808887  1.0000000000  0.1018796678 -0.0573155338  1.0000000000
-3.1075637151  0.7617648092 13.6241890770 -2.5111644651  1.3866099903 15.8185876647  0.0753469193 -0.1094239495  1.0000000000 -0.1774731928 -0.1394894782  1.0000000000
-3.9831248943 -0.5510588477 13.4793584820 -1.9399369535  4.1345135886 12.5934059841  0.1452178499 -0.2121542866  1.0000000000 -0.2786883082  0.2153041317  1.0000000000
-3.3072213207  2.0953958998 14.7301901132 -1.6480895308  0.4205136756 13.8658457090 -0.1700040611 -0.1504245129  1.0000000000 -0.0041860240 -0.0327416673  1.0000000000
-1.6568439501  0.4495349252 10.6976502800 -1.8879145076  0.4616768210 11.0434764143 0.2527135157 0.2441570781 1.0000000000 0.2449719662 0.1448638065 1.0000000000
-2.9619886058  0.0027017758 12.0390259866 -4.0589641941  3.4783135433 13.0998204212  0.1784692068 -0.0099407404  1.0000000000 -0.1892195397 -0.1094995842  1.0000000000
-3.5553797696  0.5071166337 14.5064221435 -1.8986009488  2.4772830368 11.2023300703  0.0189906799 -0.2048075781  1.0000000000  0.0027467900  0.2518485521  1.0000000000
-2.6097274258  2.0921577671 11.7489260243 -2.2604573318  3.0949018532 11.3862394712  0.0771439087  0.1074350141  1.0000000000 -0.0194166076  0.2872674942  1.0000000000
-3.6402420119  2.1126044710 12.0589593799 -2.8390922570  3.2321237157 13.7059483599  0.0348496815 -0.0279443152  1.0000000000 -0.2186286129 -0.0097081299  1.0000000000
-2.8807296617  1.7655876724 15.6353841989 -1.9043603509  0.0965155449 11.9178000240 -0.2085687883 -0.1868706646  1.0000000000  0.2020306628  0.0782467642  1.0000000000
-2.5852843783  1.3872394884 14.0333876280 -2.9883210174  0.6902470987 12.8928020886 -0.1099683027 -0.0528805894  1.0000000000  0.0973777030 -0.0609764137  1.0000000000
-3.2449402211 -0.1681094758 13.7436538709 -3.5527748215  1.6887604039 12.1330607909  0.1125150529 -0.1658804057  1.0000000000  0.0551814891 -0.0157065108  1.0000000000
-0.9576192493  1.3805192023 13.1697121915 -1.3403252557  2.9371480025 12.2335937892 -0.0175843168  0.1407364599  1.0000000000 -0.1026881222  0.2133277794  1.0000000000
