313.2000000000
50
-4.1642037847  8.6081644103 11.0691850425 -0.0188487039 -0.0095819221  1.0000000000
-4.4665878293 10.3624223494 13.1555479856 0.1712202224 0.0954646812 1.0000000000
-3.1705829593  9.2636356854 12.4209538918  0.1507320992 -0.0659610895  1.0000000000
-5.2500496828  7.3774530874 12.9619589858 -0.1682002078 -0.0307945664  1.0000000000
-6.4279659016  8.8795561940 11.7104898236 -0.1778180874  0.2269577492  1.0000000000
-4.8057761392  7.7210813312 14.2417899534 -0.1064101933 -0.0468329144  1.0000000000
-4.1420536945 10.7023103696 14.0442615506 0.2023543266 0.1036753221 1.0000000000
-4.1943761294  7.1248750801 11.9028005991 -0.1345698824 -0.1660548522  1.0000000000
-5.8650589807  9.5352635461 12.8503698612 -0.0135630809  0.2035759776  1.0000000000
-4.9183353832  8.2787228337 11.6336057033 -0.0987584101  0.0477096828  1.0000000000
-3.0403186919  7.6451028264 13.9178056081  0.0224075317 -0.1951832385  1.0000000000
-5.2282295534 10.1284322560 12.5666825364 0.0883010628 0.1982655665 1.0000000000
-5.3800950246  8.5466624899 13.8855423779 -0.0215738866  0.0309801193  1.0000000000
-4.3769883965 10.3668647182 12.0045884164 0.1627352816 0.1586959880 1.0000000000
-5.7629766230  9.8440250489 11.6610156028 0.0088809240 0.2439177101 1.0000000000
-2.7213076592  9.5580592103 13.7863243637  0.2261973522 -0.0789350013  1.0000000000
-2.4782619924  9.4919588044 12.5845810214  0.2018120649 -0.1320638900  1.0000000000
-3.4461582302  9.4992731516 13.5002070314  0.1309902318 -0.0510921611  1.0000000000
-6.2642174638  8.5356916133 12.6836598596 -0.1442007425  0.1915441113  1.0000000000
-2.2228212674  9.2337893435 11.6678831360  0.2772248814 -0.2133423271  1.0000000000
-5.3166323027  8.1779022856 11.3097119961 -0.1327120866  0.1119117355  1.0000000000
-4.5124408394  6.8999081059 10.9189998511 -0.2331161168 -0.1117850545  1.0000000000
-4.8197663091  9.5396667306 13.5634712967 0.0705742140 0.0609901366 1.0000000000
-4.2537552205  8.8801501245 12.6479748995  0.0138553567 -0.0008710039  1.0000000000
-1.7462772902  9.1030971661 12.9613127500  0.1755117134 -0.2446598901  1.0000000000
-6.3291278997  9.1100952455 13.2314533849 -0.0599483235  0.1993342517  1.0000000000
-6.0479331157  8.2698310611 10.1225499459 -0.2726533361  0.2449563011  1.0000000000
-4.6327569256  9.3659033704 11.9960590897 0.0302564689 0.0900205299 1.0000000000
-5.7727046140  8.9621112594 11.2463197452 -0.0856818183  0.1706377532  1.0000000000
-4.0135211664 10.8262594381 12.2502380308 0.2630506239 0.1300184707 1.0000000000
-6.1904081552  8.8360176195 10.4682023501 -0.1611659486  0.2901739896  1.0000000000
-2.6848849150  7.6006535703 12.3331182412  0.0061134262 -0.2374054736  1.0000000000
-4.1863881768  9.5806537396 10.8547435275 0.1078754204 0.0401287144 1.0000000000
-3.4480035894  7.8772531185 12.9664683013 -0.0099782547 -0.1567980067  1.0000000000
-4.2483354742  6.3191698983 12.8436806325 -0.1787987944 -0.1308130565  1.0000000000
-4.0737104090  8.8360038722 12.6964601357  0.0435609766 -0.0076887278  1.0000000000
-4.7826011875  8.3876571786 11.9928722613 -0.0727714589 -0.0002664242  1.0000000000
-3.1459656015  7.5219430173 10.8876554748 -0.0538639235 -0.2547094745  1.0000000000
-3.8107929936  9.5186008584 14.3380759597  0.1430054103 -0.0293117377  1.0000000000
-5.1416315820  7.0958345126 13.0017725716 -0.2384440904 -0.0352647437  1.0000000000
-4.8151357068  9.0404322050 12.9260358472 -0.0034622683  0.0534119954  1.0000000000
-2.9243207130  8.2363175685 13.2549468917  0.0552231725 -0.1924643519  1.0000000000
-6.0792199338  7.8610467163 11.2735287872 -0.2493978829  0.1508132678  1.0000000000
-4.1772856661  7.0043637029 12.3169493580 -0.1682904318 -0.1132392213  1.0000000000
-2.9773100838  9.0822570977 13.1081375666  0.1244591278 -0.0951388902  1.0000000000
-5.2949664659  9.1775727578 10.5343845123 -0.0274456474  0.2004838949  1.0000000000
-2.2807743008  9.5461322424 13.3036343445  0.2311972112 -0.1230939894  1.0000000000
-4.8477407656  8.4746174433 13.4125772155 -0.0214256891  0.0030876214  1.0000000000
-3.5885302018  8.3576643328 11.3890156122  0.0194935466 -0.0779016730  1.0000000000
-4.1613678672  8.3290068879 13.0039920978  0.0515549313 -0.0510708974  1.0000000000
50
-5.8901507880  8.9567127991 10.7186144204 -4.7791931884  8.4235047657 13.5385033575 -0.0812476226  0.2477852320  1.0000000000 -0.0313236181 -0.0106443416  1.0000000000
-5.2174149548  7.8073929315 12.0926900836 -5.4252651816  8.9051626961 13.3215279206 -0.1399249458 -0.0195876259  1.0000000000 -0.0206325090  0.0984316271  1.0000000000
-3.8050945584  9.2985609207 11.5318895052 -5.9320963910  9.5537996163 13.7278013606 0.1285729783 0.0185728176 1.0000000000 0.0180968194 0.1885533627 1.0000000000
-5.5204354972 10.0600538302 14.1429643875 -4.3446151390  7.2390797314 12.8155569420  0.0591534529  0.1115207347  1.0000000000 -0.1358892752 -0.1068185388  1.0000000000
-5.0952310089  9.4671128464 11.8543793684 -2.5882159990  9.5209482457 13.1965679082  0.0161433747  0.1452390907  1.0000000000  0.2328788761 -0.1087120672  1.0000000000
-3.0782190667  9.5854007696 11.7071100285 -3.6961427991  7.5339287853 12.7014912384  0.1759143112 -0.0763969393  1.0000000000 -0.1017732322 -0.1296215408  1.0000000000
-4.2528210189 10.4227471338 14.3216652375 -3.6047157371  9.0932327933 11.0551543778  0.2019338048  0.0537033444  1.0000000000  0.0852947741 -0.0799716587  1.0000000000
-5.8454016654  8.0133576998 12.3190994659 -5.4866105632  7.5024330565 11.0027058911 -0.1528225461  0.1018568997  1.0000000000 -0.2483541217  0.0415387620  1.0000000000
-3.7678338421 10.3173181865 13.3118569202 -3.8856370700  7.1294852895 11.8195146247  0.2083463310  0.0339382428  1.0000000000 -0.1314185724 -0.1195444556  1.0000000000
-3.5919389975 10.5849470886 12.7633396651 -3.7676932270  7.2693606507 10.7440792538  0.2499494454  0.0603518179  1.0000000000 -0.1425028546 -0.1542936073  1.0000000000
-3.7770641452  9.1938782997 10.4833414910 -2.4456926448  8.7779732486 14.0480890226  0.1075570139 -0.0184566687  1.0000000000  0.1268293853 -0.1540184026  1.0000000000
-2.6525973094  7.6768664933 11.3402047574 -2.0791643225  9.4850934902 11.1191717954 -0.0083368863 -0.2274018599  1.0000000000  0.2848186436 -0.2063969301  1.0000000000
-4.9241517373  9.7250225866 13.2417378347 -6.5860475066  8.9061686522 13.5121691377  0.0822012877  0.1049507334  1.0000000000 -0.1166763429  0.1911446470  1.0000000000
-4.3390338630 10.1581440017 14.0956120146 -3.9462554111  6.0865344257 13.7684846357  0.1444121736  0.0915642333  1.0000000000 -0.1456587385 -0.1849618883  1.0000000000
-3.9245569521  9.4093044969 10.6650141566 -3.6848825664 10.3686184950 10.7000578234 0.0728421674 0.0091395328 1.0000000000 0.2530061880 0.0973712932 1.0000000000
-4.9391617322  8.7577387273 11.3821564115 -4.6359059124  8.5834215937 13.9295141286 -0.0757992077  0.1055455500  1.0000000000 -0.0182584584 -0.0346967698  1.0000000000
-5.0242575145  9.1636149350 13.1269805396 -4.5918884479 10.0524142731 11.1247348109 0.0009243241 0.0961366458 1.0000000000 0.1289538518 0.2013481304 1.0000000000
-4.2462171273  8.5983438876 10.8596932327 -4.3330967654  8.1001483051 13.4462165599 -0.0631452622  0.0082978836  1.0000000000 -0.0268667078 -0.0365513705  1.0000000000
-4.3427184154  6.8513894384 10.3864580292 -4.3484802395  6.4612232327 13.7748954366 -0.3165287504 -0.1437760200  1.0000000000 -0.1644843471 -0.1496033144  1.0000000000
-3.3116974640  8.4653137392 14.1685204783 -4.0216506085  7.4707943764 12.5950001841  0.0788212248 -0.1255226803  1.0000000000 -0.1472339511 -0.1237825695  1.0000000000
-3.3954180464 10.3021380078 12.2754744220 -4.4171646387  8.3814249653 13.6482401752  0.2402517818  0.0132758852  1.0000000000  0.0035568016 -0.0200134428  1.0000000000
-3.8291898434  6.7437091302 11.5453363079 -3.0664261927  9.7131210037 13.8179114769 -0.2141155855 -0.1945557713  1.0000000000  0.1727343994 -0.0848202073  1.0000000000
-4.3568294990  8.4171734174 12.3582826792 -3.0336186810  9.1238084452 14.3742520461 -0.0367213081 -0.0256838289  1.0000000000  0.1238603335 -0.1011665407  1.0000000000
-4.2652498030  6.9265612053 11.6727709695 -3.5192702386  7.0939932482 12.0122983213 -0.2404333376 -0.1282246202  1.0000000000 -0.0949223073 -0.2170472200  1.0000000000
-2.7926191316  7.5512327009 12.4057071058 -3.7885375588  9.6788694870 10.8096953633  0.0109910785 -0.2368537335  1.0000000000  0.1405356247  0.0553913992  1.0000000000
-3.1277231361  6.8373445829 12.0057607147 -4.8157529276 10.1298231833 11.6047687835 -0.1332990430 -0.2772741236  1.0000000000  0.1700586895  0.1641744056  1.0000000000
-2.4513656890  8.9673370693 13.7781319166 -6.6099659101  8.5828386268 13.6343597558  0.1490389193 -0.1884114844  1.0000000000 -0.1089164792  0.1817400806  1.0000000000
-3.8880751857  9.0045029104 13.7422495434 -2.8035453091  9.7031353492 11.6197789555  0.0740023352 -0.0555396634  1.0000000000  0.2353973999 -0.1005554768  1.0000000000
-5.4245770205  8.0282661810 10.3945054993 -3.2367103003  7.0334022257 11.1896366418 -0.2160034930  0.1174000806  1.0000000000 -0.1470654088 -0.2730685586  1.0000000000
-4.8385060360  8.1076827810 12.0169797352 -4.1542764356 10.1536339185 14.0740558465 -0.0897126572  0.0285101235  1.0000000000  0.1390761158  0.0490437883  1.0000000000
-5.1921024181 11.0321759564 12.8121804669 -3.5322538292  8.8954689599 14.0930290846  0.1671003853  0.2212595853  1.0000000000  0.0669109594 -0.0784830565  1.0000000000
-2.3391912206  8.7781996221 13.0595449141 -5.3898270407 10.5408254810 11.9790790386  0.1498516235 -0.2280299546  1.0000000000  0.1156668510  0.2530190161  1.0000000000
-6.2171995690  8.1721603523 12.5417902995 -2.7550354526  7.6728729805 11.6849317208 -0.1971134492  0.1361305149  1.0000000000 -0.0166375825 -0.2940635695  1.0000000000
-3.5714843693  6.7900942803 11.0779718667 -4.0676254104  7.4252572895 11.6069585553 -0.2075178624 -0.2476514883  1.0000000000 -0.0997506959 -0.0823642401  1.0000000000
-4.4913446143 10.1385690874 12.6822463064 -5.2070360972  8.6341642210 13.6986310959  0.1565029947  0.0806948045  1.0000000000 -0.0100068520  0.0824832317  1.0000000000
-3.9238599889  7.7851619246 13.3286728987 -2.7898892694  8.5905428019 12.9882166785 -0.0539182815 -0.0930175751  1.0000000000  0.1513865661 -0.1578742320  1.0000000000
-4.3335906545 10.2273746566 11.5188609860 -2.3839092405  8.9325881912 10.9984490398  0.1739646012  0.1519059151  1.0000000000  0.1737593907 -0.2500726909  1.0000000000
-5.3009295563  9.6231090443 13.4352271973 -2.8880289356  8.1534516646 14.3009785461  0.0261798998  0.1577005157  1.0000000000  0.1027837834 -0.1245368669  1.0000000000
-2.8311315406  8.9500293660 12.2132778479 -5.5189932658  7.2839647025 12.4072966116  0.1581549854 -0.1821303952  1.0000000000 -0.2501463776  0.0301040720  1.0000000000
-2.6759958859  8.7014357664 13.8900114878 -6.1708565730  9.4495981122 12.4262508838  0.1301092243 -0.1907829061  1.0000000000 -0.0619456691  0.2172819123  1.0000000000
-4.9508230113  9.6516025542 14.2223477746 -2.8840692609  9.2927177677 12.0553912577  0.0931880302  0.1066790499  1.0000000000  0.1945697451 -0.1309917158  1.0000000000
-4.1803560380  9.1008092958 10.6175328246 -4.5613059881  9.7899168005 13.7443934709 0.0723925173 0.0479594574 1.0000000000 0.1180498883 0.1050077816 1.0000000000
-4.1949796821  8.6826411998 12.8446848251 -3.5102109609  8.7836690129 11.2431276820  0.0186965804 -0.0356110775  1.0000000000  0.0764637473 -0.0756058452  1.0000000000
-4.7045529251 10.3941779534 13.6468837032 -4.1315284116  7.9299152358 12.6468402564  0.1473437419  0.1123533272  1.0000000000 -0.0024151623 -0.0536413964  1.0000000000
-3.2685646585  7.8824884881 12.9292002792 -5.0654697761  9.1552233274 11.7043018827  0.0078165368 -0.1442370892  1.0000000000 -0.0084025869  0.1052386071  1.0000000000
-5.8881717317  8.0916342344 13.1366071162 -2.9163241862  7.6682002308 12.2017611909 -0.1310455764  0.0818785013  1.0000000000 -0.0149318617 -0.1886716020  1.0000000000
-3.9172338808  6.4273728808 11.2160451996 -5.5589544122 10.4508764306 13.2635760103 -0.2596683401 -0.2307578313  1.0000000000  0.0856890050  0.1908699650  1.0000000000
-5.3135494945  7.8068543540 12.1106309474 -4.7856864950  9.5278136556 10.2906551428 -0.1326765546  0.0608693618  1.0000000000  0.0294217496  0.2107204672  1.0000000000
-5.0658032375  8.3278476476 12.6088801502 -2.7715407534  8.4981757043 12.2738254597 -0.0971521503  0.0381371528  1.0000000000  0.1106754093 -0.1819510584  1.0000000000
-4.6350339436 10.3155784954 13.5048145067 -2.8060715410  8.0526251286 11.6554932956  0.1853874789  0.1081237543  1.0000000000  0.0286767764 -0.2382032076  1.0000000000
