748.9000000000
50
10.6295600878 -1.4235969103 11.2845471178  0.1437066304 -0.0152770458  1.0000000000
10.5379865492 -1.2290107605 14.4401084060  0.0188670425 -0.0291536413  1.0000000000
11.8335998732  0.0254369715 11.0898923351 0.2311891831 0.2532624082 1.0000000000
11.0742298018 -0.7647240155 13.8333578553 -0.0414094495  0.0424487871  1.0000000000
 9.3921097643 -2.4660678293 14.3240485850 -0.0468595035 -0.2118391946  1.0000000000
10.2568477986 -0.5895681232 12.5750677086 -0.0026930278  0.0499902918  1.0000000000
10.9047233407  0.5636913577 11.5471840203 0.0723715739 0.2938380494 1.0000000000
 8.7237477817 -1.0673530445 13.6399963968 -0.1854480073 -0.0911955619  1.0000000000
 8.8946865763 -0.1299314823 11.8844035255 -0.1724177572  0.0386987244  1.0000000000
 8.8340660059 -2.0841327942 11.3135603341 -0.0346387356 -0.1932361638  1.0000000000
 9.4818932418  1.2478784134 13.0720746522 -0.1812775246  0.2157629780  1.0000000000
10.0457542928 -1.1912802441 14.5931723747 -0.0697179471 -0.0957698137  1.0000000000
 9.5151960212 -1.5261849962 14.5676353467 -0.1087007599 -0.1040635434  1.0000000000
10.5480352125 -0.0418988921 12.1458020824 0.0288479985 0.1384109031 1.0000000000
 9.0888122645 -2.3878051970 12.9229428875 -0.0677419094 -0.2242066507  1.0000000000
 8.2632688471 -0.3597614082 11.4498951697 -0.2333558793  0.0532541211  1.0000000000
10.8980530435 -2.4827254046 14.5582941901  0.0484386796 -0.1496842394  1.0000000000
10.9433490956 -2.7177726204 11.5051653150  0.2614016467 -0.1640284669  1.0000000000
10.7151740061 -1.2323549037 14.2736742499  0.0081355053 -0.0478161610  1.0000000000
10.5558879116 -0.0370312099 10.7398444391 0.1473068212 0.2014547560 1.0000000000
10.6483055278  0.2127980161 10.3907845511 0.1254341520 0.2857597763 1.0000000000
 8.6422369828 -1.6306506818 12.8780641658 -0.1314294136 -0.1495522701  1.0000000000
 8.9834766001 -0.6687192225 13.6824995581 -0.1480519988 -0.0355598652  1.0000000000
12.1497911193 -0.0754574918 11.2045818664 0.2517102126 0.2024073448 1.0000000000
 9.3932503345 -1.5414124927 12.7857902380 -0.0785431571 -0.1261062380  1.0000000000
11.8565234719 -1.6477784697 14.0139531047  0.1424843928 -0.0356119127  1.0000000000
 9.9187948111 -3.2570235235 11.0830704662  0.2045242677 -0.3046731855  1.0000000000
11.4092999607  0.1810789998 11.2164321138 0.1731340996 0.2266152000 1.0000000000
 8.9365667630 -0.6463529713 14.1493145886 -0.2281690743 -0.0401973606  1.0000000000
11.2434052488 -3.3461923528 12.4581099948  0.2512437412 -0.2189402906  1.0000000000
 8.9208151215  0.5242135372 12.9943524262 -0.2097298517  0.1225038837  1.0000000000
 9.5945314966  1.2382666109 13.5674512121 -0.1777028347  0.2313232571  1.0000000000
 8.6818469574 -2.7134040836 11.5620532669  0.0141687585 -0.3000887217  1.0000000000
10.1114844843  1.5132711228 14.8815609125 -0.1471104489  0.1768889747  1.0000000000
 9.3003739654 -1.5058087710 12.2443463213 -0.0461681711 -0.1212681650  1.0000000000
11.1258710790 -2.9410157424 13.3088701193  0.1716342344 -0.1978951931  1.0000000000
12.0667174140  0.0344652908 12.8656662228 0.0899720903 0.1631775208 1.0000000000
11.9009779616 -0.9695452004 12.6740490531 0.1291715531 0.0409426664 1.0000000000
 8.5614262029  0.2141827987 11.5046815206 -0.2162133023  0.1303670146  1.0000000000
10.9260556427 -1.0290835079 10.6820296649 0.1861138077 0.0765500523 1.0000000000
10.5596687687 -0.0783070946 13.9818611361 -0.0594968100  0.0925353400  1.0000000000
11.9938332865 -0.5347802683 12.9834952694 0.1404957708 0.1190388427 1.0000000000
10.0525750283 -2.1042936855 13.9922861151 -0.0245776106 -0.1582184402  1.0000000000
10.2403613297 -2.1243229669 13.7483396470  0.0322479914 -0.1194133773  1.0000000000
 9.6290775939 -0.7956707265 10.9862690724 0.0204796887 0.0442972458 1.0000000000
10.5105973977 -1.9450697951 11.0272756801  0.1977578435 -0.0971080009  1.0000000000
 9.0146275307 -2.3944419123 11.1809934558  0.0310151722 -0.2601470094  1.0000000000
10.2829137018  1.2065902027 13.3015577727 -0.1114158083  0.2163396399  1.0000000000
10.8430583444 -3.0565298876 11.8177191254  0.2424501030 -0.1891658750  1.0000000000
13.2034021684 -0.0222374636 13.4433168288 0.2008191387 0.1735156504 1.0000000000
50
 9.7988746569 -2.0660922361 11.0341845827  9.9823357613 -2.3324583306 14.5973742905  0.1425008634 -0.1252848533  1.0000000000 -0.0073131807 -0.1606132144  1.0000000000
10.7024302912 -0.9992849749 13.1082515394 10.2717450514 -3.1570056180 12.3352377205  0.0495201343  0.0173471648  1.0000000000  0.1300836511 -0.2212011028  1.0000000000
 9.0262549739 -0.6829435225 11.6156791014 10.0882042103 -2.0143906086 11.3784856140 -0.1258905031 -0.0093458001  1.0000000000  0.1890273994 -0.0908222077  1.0000000000
11.4542572561 -0.3442224771 11.3045230070 10.3779282517 -3.1430660743 11.9453305654  0.2072607639  0.1496921115  1.0000000000  0.1798900981 -0.2222510519  1.0000000000
13.0256217123  0.0811149927 13.5177866002 11.6606680499 -0.0588573924 11.2495475522 0.1862832223 0.1758669605 1.0000000000 0.1998662376 0.2131199715 1.0000000000
 9.2882467244  1.2619770548 12.1791334573 10.4778771845  0.8250269554 14.5210566985 -0.2331090702  0.2610225763  1.0000000000 -0.1009704962  0.1583763101  1.0000000000
10.7235957183 -1.3728625266 11.7929668468 12.2140610094  0.1528455420 13.4866462194 0.1366797596 0.0000855396 1.0000000000 0.1072387454 0.1613501157 1.0000000000
 8.9604996749 -2.3651677108 13.8802738121 10.7286077742 -2.1577411424 14.4069083712 -0.0754375452 -0.2228167119  1.0000000000  0.0063369320 -0.1265533536  1.0000000000
 9.9677070264 -0.7671882168 13.2854908398 10.2441988742  0.3359950227 12.3083517371 -0.0147274152 -0.0178803158  1.0000000000 -0.0657909003  0.2040890071  1.0000000000
 9.6684162406  0.3196246471 11.6614122543  8.2405332626 -2.0496740393 11.9548690405 -0.0910982229  0.1672546260  1.0000000000 -0.1567728710 -0.2191543788  1.0000000000
 9.8773412773 -0.7875546105 14.8440914071  7.8625217354 -0.8545038732 11.8987862193 -0.1259478351 -0.0221823801  1.0000000000 -0.2625077858 -0.0402113236  1.0000000000
10.2988856881 -0.3295221978 11.6542793361 10.9435080024 -0.4905568461 14.4955169970  0.0579663294  0.1288997155  1.0000000000 -0.0273859403  0.0713934409  1.0000000000
10.0438291238 -1.9406464888 13.7476766231 10.9805456457 -2.4696432945 14.3967358369 -0.0118267828 -0.0927320935  1.0000000000  0.0128761739 -0.1704061666  1.0000000000
 9.3409590791  0.4725730151 13.0466319950 11.9254225463 -2.8845517144 13.5569471594 -0.1647365161  0.1270368693  1.0000000000  0.2084304119 -0.1490538233  1.0000000000
10.5358840221 -1.8676315492 11.5171548149 11.6425058034 -1.5849811128 12.4996336426  0.1399379454 -0.0856225881  1.0000000000  0.1716874232 -0.0440130124  1.0000000000
 9.9752765079 -0.8514963002 14.2615563810  9.9797543577 -1.2413033656 10.7386505475 -0.0524962157 -0.0104679513  1.0000000000  0.1185218168  0.0196663079  1.0000000000
 9.4036785575  0.2168288094 11.1556724158 12.2535752088 -0.6811621608 12.2514887639 -0.1013333654  0.1554624900  1.0000000000  0.2553072282  0.0989654125  1.0000000000
 8.2428375336 -0.6300250070 11.5349994027  9.3681593445 -0.9793047089 12.9771462587 -0.2438194436 -0.0164001830  1.0000000000 -0.1202553115 -0.0446263066  1.0000000000
 8.5495158297  1.1959281733 11.6509790943  9.1016378028  0.4157801327 11.9883516256 -0.2999690274  0.2773098775  1.0000000000 -0.1646426684  0.1335473006  1.0000000000
 9.2688914634 -2.9249752341 11.7943332339  9.5403455612  0.1337534366 14.8407475881  0.0194787053 -0.3281841159  1.0000000000 -0.1454610745  0.0340233270  1.0000000000
10.5510443011 -1.1866119115 13.8216294781 11.1002165054 -1.9647980846 10.4201237860 -0.0072753503 -0.0421975500  1.0000000000  0.3414820482 -0.0566823025  1.0000000000
11.4786778585 -1.2917689208 13.0346435602  9.0349087718 -2.4651404444 11.2793236037  0.1360236526  0.0282132821  1.0000000000  0.0485679397 -0.2532246294  1.0000000000
12.1731634736 -2.9527948863 13.9542688456  9.3966243061 -0.4234928487 11.3457720245  0.1765910781 -0.1271984006  1.0000000000 -0.0294415651  0.0905749182  1.0000000000
 9.6716273224  0.1246165186 12.4241745839  9.1877733372  1.3407282008 12.6904335703 -0.0796976834  0.1322807028  1.0000000000 -0.2380808823  0.2299219873  1.0000000000
 8.4051906270 -1.6962902719 13.9359588192  9.5914439387 -2.9551680335 11.4737311522 -0.1923366830 -0.1689314082  1.0000000000  0.1038529404 -0.2924062000  1.0000000000
 8.7524699793  0.8181103235 11.8860015927 11.1172408965  0.4115325429 12.8974511490 -0.2731865289  0.1905981420  1.0000000000  0.0006044358  0.1937650854  1.0000000000
 9.0245935581  0.0313712610 13.7457028001  9.0646413702 -0.0384732648 12.6308514267 -0.2053529316  0.0073130424  1.0000000000 -0.1891010774  0.1006284191  1.0000000000
10.3492866837 -0.3260051413 14.2814977585 12.5343752203 -0.8784244978 13.1816866824 -0.0744336169  0.0532729296  1.0000000000  0.1646439187  0.0976686617  1.0000000000
 9.7341800083 -2.8013415076 11.7960631006 10.5680197523 -1.1905608475 12.6322748611  0.1007701224 -0.2627858122  1.0000000000  0.0215366771 -0.0072923350  1.0000000000
10.4980352822 -2.9077378134 12.9208799376 10.9136804737 -2.4644644260 12.9539722700  0.1356758785 -0.2200656933  1.0000000000  0.1307056027 -0.1834397715  1.0000000000
 9.9813113200 -1.6046255203 11.8199966242  9.2347214871 -2.7401014995 12.5344951710  0.0416217633 -0.0174016955  1.0000000000 -0.0017362450 -0.2483287866  1.0000000000
 9.5072351859  0.2438438017 14.6110575848 12.1640390292  0.6625183908 13.5650438223 -0.2018113594  0.0768131502  1.0000000000  0.0956088247  0.2070816696  1.0000000000
 9.2023127991  0.7217300666 11.1949496557 11.8353328679 -0.8751476354 11.3910373129 -0.1693765306  0.2550333813  1.0000000000  0.2498085184  0.1298679441  1.0000000000
 8.8729067495  1.3548374616 12.3041151417 10.8953922624 -1.0968680205 14.2751991169 -0.2935025373  0.2413009168  1.0000000000  0.0259625061 -0.0061319526  1.0000000000
 9.8361981853 -2.8751639043 12.9872050114 10.8524528016 -0.9504662716 11.1745798530 -0.0114554654 -0.2759848902  1.0000000000  0.1663133190  0.0969744879  1.0000000000
10.3103082638  1.0767876640 14.6402272678  8.7758163751 -1.4277043510 13.5478467473 -0.1249814621  0.1921352634  1.0000000000 -0.1441903231 -0.0898206635  1.0000000000
11.4918518028 -2.8297879400 14.3810464274  9.7817314766 -3.3001118382 10.9538337102  0.1107859375 -0.1771606171  1.0000000000  0.1951781362 -0.2973845910  1.0000000000
10.5151015422 -2.8030877957 13.5032635201 10.4424751071 -0.9965839623 14.5547982980  0.0605188226 -0.1616681192  1.0000000000 -0.0282181139 -0.0274304515  1.0000000000
10.5189936329  0.1355227135 14.2081958594 11.9748016017 -0.8425353528 13.6416165813 -0.0650613557  0.0670543746  1.0000000000  0.1047784463  0.1006956229  1.0000000000
10.5215225376 -2.7489336834 12.1343051567 10.4525838870 -1.3254033963 14.5623341949  0.1741063673 -0.2089045573  1.0000000000 -0.0417630368 -0.0458515260  1.0000000000
 9.6288584318 -1.3304095573 13.8648754199 11.3484652179  0.3119739177 13.5971165197 -0.1002695120 -0.0926223859  1.0000000000  0.0423188808  0.1174971576  1.0000000000
11.9099075799  0.1576324519 13.9743920715 11.5943398293  0.2528401347 13.1230457498 0.0419873329 0.1434597180 1.0000000000 0.0639057524 0.1616941777 1.0000000000
11.0249204936 -1.0012603994 12.4279147716  8.4173741981 -0.3928346223 12.0302357138  0.1017732184  0.0081860830  1.0000000000 -0.2029772641 -0.0038210136  1.0000000000
11.2547161315 -1.8836279754 12.3865831054 10.3573186277 -1.6912686111 14.1109547522  0.1793259208 -0.0305376577  1.0000000000 -0.0280713226 -0.1083999149  1.0000000000
10.9398850023 -0.5143513936 12.7371684448 11.6688448827 -1.2980613914 11.4191878549 0.0840310369 0.0598184589 1.0000000000 0.2890343470 0.0444237872 1.0000000000
 9.5787380346 -1.3246300557 14.0940946254  7.6530151853 -1.8281733854 11.8391557010 -0.1290955212 -0.0696959107  1.0000000000 -0.2427010181 -0.2435071079  1.0000000000
11.3165910395 -3.1695206570 12.5023249591 11.2639276098 -0.2869644882 10.7449515259  0.1855691230 -0.1980378461  1.0000000000  0.1932521255  0.2238035451  1.0000000000
10.1769497281 -1.3504009112 13.9884822329 11.6026973563 -1.5708469453 11.9560647543 -0.0045759188 -0.0753483178  1.0000000000  0.2021820264 -0.0001208469  1.0000000000
 9.0666084905 -2.3903107288 13.6033609398 10.8209840082  0.2118177370 11.9278586110 -0.1146640806 -0.2358877656  1.0000000000  0.0742890531  0.2119386330  1.0000000000
 9.8543122017 -0.7693267687 14.3750831766 11.6901061719 -0.4449118462 11.7313653553 -0.0906097764 -0.0292103244  1.0000000000  0.1839887688  0.1830313029  1.0000000000
