216.6000000000
50
 -1.0885906512 -10.5584522372   7.5339760629 -0.1939217567  0.1104235247  1.0000000000
-0.7156853735 -7.1803289998  6.3782526807 0.0828913929 0.0662573724 1.0000000000
-0.8145249850 -8.1814246814  7.7954734355 -0.0598819207 -0.0126159295  1.0000000000
-2.3955149491 -8.1143262908  7.4320667977 0.1227782994 0.0862848676 1.0000000000
-0.0913572468 -7.8153243005  6.5374474329 -0.0162605554  0.0800575519  1.0000000000
 0.1855386092 -8.4781941558  8.0843625359 -0.1361955307 -0.0655821182  1.0000000000
-3.5505050673 -9.1715413587  6.9054797113 0.1450662223 0.1753988585 1.0000000000
-2.4651509535 -9.0233905115  6.5765712630 0.0296309452 0.1979435153 1.0000000000
 0.3696126601 -7.4169489979  6.1041281097 -0.0715204222  0.0990264002  1.0000000000
-1.6499893924 -7.1399043483  6.0660947818 0.1595637746 0.1418729621 1.0000000000
-1.5855918151 -6.2896884922  5.4937195191 0.2727826196 0.2041216637 1.0000000000
-2.3828769162 -7.5121849779  8.3405465491  0.0922443815 -0.0444603386  1.0000000000
-2.0571640971 -6.4219597624  5.8644574349 0.2662256612 0.1669973617 1.0000000000
-1.9872465921 -8.8420319517  8.4156916870 -0.0023723264  0.0232584769  1.0000000000
-0.7294448629 -9.3962358709  6.5720032297 -0.1558277739  0.2118414230  1.0000000000
-1.1223354499 -8.3459739373 10.1391966121 -0.0286237218 -0.1713111537  1.0000000000
-3.2445740505 -8.2339283735  7.4993702480 0.1475662370 0.0936768357 1.0000000000
-2.5119178850 -7.4574171880  8.9083052631  0.1206567854 -0.1028913333  1.0000000000
-1.3889559099 -7.9429450725  7.1029782655 0.0143326290 0.0631455266 1.0000000000
-0.6022377381 -7.0709873534  7.5417391835  0.0395323905 -0.0266463205  1.0000000000
-0.8536922818 -5.7496567264  7.4628651513  0.2225452125 -0.1142673840  1.0000000000
-1.8114198902 -6.1666945258  9.0372034833  0.1668783991 -0.2139681660  1.0000000000
-0.5241777695 -6.3794556668  8.8646933546  0.1155264484 -0.2601839474  1.0000000000
-2.9820889244 -7.7369226250  8.1927843484 0.1876445329 0.0335600223 1.0000000000
-2.5056764458 -8.0316523194  7.2802865805 0.0284457237 0.1045291507 1.0000000000
-0.4102122892 -8.3736151485  9.5645114907 -0.0814495201 -0.1803128857  1.0000000000
-0.4700928001 -9.3904287704  6.2341485515 -0.2027018051  0.2230019144  1.0000000000
 -0.5987913903 -10.1247762766   7.5474653270 -0.2204804589  0.0989418561  1.0000000000
-1.4660496241 -6.2532374735  8.1327301091  0.1802994874 -0.1244397679  1.0000000000
-1.7112654262 -9.5292682465  7.1823140833 -0.0811740319  0.1337909614  1.0000000000
-0.5667803422 -6.8021829760  6.2481741083 0.1090486068 0.1229372075 1.0000000000
-1.0069775856 -6.4813344611  6.7130392002 0.1732799625 0.0397532265 1.0000000000
 0.6631449542 -7.2786768661  8.1549947287 -0.1284914586 -0.2044105101  1.0000000000
-1.4228119815 -7.2746751946  9.6213756086  0.0799981182 -0.2272713227  1.0000000000
-1.1579595121 -8.1932933426  6.5537324253 0.0162102598 0.1852416224 1.0000000000
 0.4345201282 -8.0275012894  9.3488152742 -0.1867404169 -0.2319497458  1.0000000000
-1.5258751960 -6.0542370550  8.4439531363  0.2119503635 -0.1802351195  1.0000000000
 0.7678399665 -6.9570214548  7.9317767263 -0.0686986068 -0.1833310368  1.0000000000
 1.0636029853 -8.0345488285  9.0704927525 -0.2224336768 -0.2425911024  1.0000000000
 0.0358311909 -7.0570844379  7.4555158720 -0.0147740591 -0.0627661045  1.0000000000
 -1.7453745564 -10.1937420926   6.7102399605 -0.1082609429  0.1802558955  1.0000000000
-0.5151174859 -8.4922841087  6.6398718910 -0.1266455834  0.1445751343  1.0000000000
-0.5420670748 -7.3157960270  9.4337111701 -0.0066080714 -0.2012584060  1.0000000000
-2.0026251296 -7.8653357681  7.2964999908 0.0469627624 0.1046058072 1.0000000000
 0.0565744353 -7.2670874550  8.7033106558 -0.0613214191 -0.2035452495  1.0000000000
-1.4107501112 -6.4400637755  8.0482339104  0.1646527915 -0.1342599553  1.0000000000
-0.2753265178 -8.0639092283  8.9490712364 -0.0758996295 -0.1379870922  1.0000000000
-2.3178443833 -7.9238230531  8.1177072442  0.1158456282 -0.0094621981  1.0000000000
-2.7986138924 -7.8108930009  7.9410520636 0.1582596719 0.0021810196 1.0000000000
 1.3040965304 -7.1996893106  8.7219166451 -0.1739291692 -0.2592433917  1.0000000000
50
 0.6228982035 -8.0999147569  8.3442966644 -1.3895939248 -6.1397065707  6.7267493140 -0.1909825248 -0.0948416167  1.0000000000  0.2832503437 -0.0261674416  1.0000000000
-1.6861463602 -6.1121403685  9.2999188984 -0.4046201916 -7.1650201364  6.2029948539  0.1929018888 -0.2221963924  1.0000000000 -0.0040096462  0.1490535045  1.0000000000
-1.4574241214 -7.2367532496  9.4987950260 -1.6924181874 -6.2325721218  5.3742732059  0.0687721043 -0.2147329488  1.0000000000  0.3265560382  0.1957000396  1.0000000000
 0.5676949318 -8.3314589583  8.8039554359 -0.6342544373 -7.0543365068  5.3733344821 -0.2188980562 -0.1449060440  1.0000000000  0.0668217911  0.2124874156  1.0000000000
-1.0556305680 -9.7554693568  7.6984085434 -0.7824486672 -9.5368081473  6.6824372682 -0.1416200960  0.0659002791  1.0000000000 -0.1911180040  0.1761305104  1.0000000000
-1.0287132088 -8.2049370258  9.1689680020 -3.1463793416 -7.3104243822  8.7151652370 -0.0570048139 -0.1670851651  1.0000000000  0.1832650259 -0.0629381946  1.0000000000
-3.5421658224 -7.8686066554  6.5853800537 -1.2068003353 -7.0418659410  9.5183890694  0.2161336667  0.2153873067  1.0000000000  0.0666685559 -0.2252916982  1.0000000000
-1.0809001833 -6.8903469370  6.1398973393 -2.3944251171 -8.8864386122  7.2764850243 0.1736484402 0.1289097842 1.0000000000 0.0570305125 0.0935734339 1.0000000000
-1.9982358937 -7.3852738791  8.9736160700 -1.8970485653 -8.0411048360  9.1681292525  0.1047184382 -0.1251599287  1.0000000000  0.0713376593 -0.0758333435  1.0000000000
 0.3173880101 -7.6593707752  9.2164915886 -0.3807256430 -9.3994385410  7.6326933323 -0.1166870524 -0.2524364891  1.0000000000 -0.1283414295  0.0107290821  1.0000000000
-1.0333829636 -8.8091727963  8.8464954064 -0.4341826322 -6.1659682929  7.9555083590 -0.0575267246 -0.0640199788  1.0000000000  0.1364443225 -0.1971000145  1.0000000000
-1.0047278455 -7.4852774880  5.3008328235 -0.4813607852 -6.7293672676  6.4602341792 0.1094209298 0.2860338402 1.0000000000 0.1159838797 0.0352078085 1.0000000000
-1.4778855019 -9.2676559429  7.2796424804  0.1543445940 -8.8527175955  7.3907502599 -0.0905990561  0.1231302623  1.0000000000 -0.1667391738  0.0026800509  1.0000000000
-1.5884758542 -9.0903009631  9.3646344182 -1.4064216250 -7.4861917789  9.2663194050 -0.0608100394 -0.0710221231  1.0000000000  0.1148569615 -0.1537200902  1.0000000000
-1.0062787932 -7.1678870268  6.8881217115 -0.0223595153 -8.2717881460  8.8714893408  0.0787346379  0.0039687368  1.0000000000 -0.1270709339 -0.1862448377  1.0000000000
-2.2121284231 -8.8672746220  6.3232409015 -2.5278333604 -7.6861828316  9.6864007810  0.0123492827  0.2193843452  1.0000000000  0.1302528949 -0.1060031446  1.0000000000
-1.7432685584 -7.2710540051  8.5982290954  0.3503483823 -7.6134231230  7.5978245449  0.1142987440 -0.1424700313  1.0000000000 -0.1128049154 -0.0677215147  1.0000000000
-0.1133529126 -9.3034289954  9.8879367228 -0.5204370442 -6.8593387296  6.9501790071 -0.1742221143 -0.1670595555  1.0000000000  0.0470701063 -0.0293815046  1.0000000000
-1.5940280727 -6.2669668679  7.1852447757  0.3792938204 -9.0131340278  9.1671481903  0.2308851622 -0.0190381226  1.0000000000 -0.1970074795 -0.1534775286  1.0000000000
-0.6117615703 -6.9014021931  7.2029659213 -3.4027345565 -8.7164501807  6.5484056080  0.0750852407 -0.0471406928  1.0000000000  0.1440824670  0.2033024393  1.0000000000
-0.9098264965 -6.4053905084  6.1580447576 -2.6691847018 -7.1935213174  7.3804053008 0.1954254289 0.0884449643 1.0000000000 0.2427843067 0.0555468817 1.0000000000
 0.4559366401 -8.0293986457  8.3305631099 -0.1285025676 -6.6806694688  6.8457597197 -0.1472326944 -0.1692588278  1.0000000000  0.0675212161 -0.0148196244  1.0000000000
-0.8934536841 -6.8706397427  7.9623361812  0.2259079946 -8.6450180608  7.5902485559  0.0713866439 -0.1221469208  1.0000000000 -0.1943120920  0.0132245031  1.0000000000
-2.9517543248 -9.1655468626  7.6876173150 -2.6573101071 -7.8034011334  8.6673162762  0.0622994195  0.1069160958  1.0000000000  0.1360126862 -0.0580594922  1.0000000000
-1.4228043555 -9.7265533211  8.0771065694 -0.2020020110 -8.5219085725  7.7757681128 -0.1043060814  0.0753633611  1.0000000000 -0.1348800217 -0.0443395790  1.0000000000
-1.5865827692 -6.2899911461  6.9266279016  0.6416781038 -6.1736443988  7.8547862043  0.2293537921  0.0373495201  1.0000000000  0.0467436380 -0.2455212232  1.0000000000
-2.7839976167 -8.2093828922  8.3771860146  0.6797499700 -7.8968792754  6.6243447522  0.1099188457 -0.0042056420  1.0000000000 -0.1729132569  0.0330832581  1.0000000000
-2.0475903656 -8.9078494927  6.4263994258 -1.7367365952 -5.7222992500  7.6139049344  0.0323352390  0.2157831455  1.0000000000  0.2942772064 -0.0916375580  1.0000000000
-1.3840992844 -6.6675832069  7.9965905293  1.5073717020 -7.2158126410  7.8208040218  0.1420071295 -0.0826391372  1.0000000000 -0.1580377900 -0.1824295175  1.0000000000
-2.0363782566 -7.0999891057  9.6440734171  0.8374548155 -7.5519131751  6.6034292732  0.1363315952 -0.1758349906  1.0000000000 -0.1643910370  0.0291513156  1.0000000000
-1.5528379397 -7.0121703278  6.0519184325 -1.6520185184 -6.3339362969  5.7520395432 0.1601685929 0.1639023424 1.0000000000 0.2846370721 0.1545998677 1.0000000000
-1.3579541191 -8.7065250238  7.1995992244 -2.4342701253 -6.6044919333  6.1659938260 -0.0263985601  0.0477534739  1.0000000000  0.2804815931  0.1257608459  1.0000000000
-2.3105278995 -6.6704696099  7.8063469858  0.4555204395 -7.8371703615  6.0307608958  0.2583599764 -0.0385904745  1.0000000000 -0.1680647226  0.1400934365  1.0000000000
 0.3057300453 -5.9632696911  7.9401710843 -2.1480033727 -7.2446474783  9.3782263815  0.0802097392 -0.2869755631  1.0000000000  0.1226269679 -0.1327804229  1.0000000000
-3.7058225985 -8.6999845614  6.9640144092 -1.8195978461 -9.4863412520  6.5694548523  0.1377619057  0.1757493675  1.0000000000 -0.0654579056  0.2192505170  1.0000000000
-0.8380551330 -9.3975169546  9.7033609406 -2.6311788799 -6.8159549387  8.5852900162 -0.1285751639 -0.1297362587  1.0000000000  0.2045485637 -0.0713579806  1.0000000000
-2.2913845951 -8.4186619283  6.3923715380  0.6310740085 -6.5388344483  7.5272309073  0.0917104058  0.2445520324  1.0000000000 -0.0257083872 -0.1008776505  1.0000000000
-1.2489436124 -6.1534701278  5.5460606952 -2.8240795644 -9.1909122261  7.3589230267 0.2835695116 0.1872310484 1.0000000000 0.0605226943 0.1321163242 1.0000000000
-1.3730239538 -7.1519107692  5.6898865963 -2.9841197942 -7.7769461390  7.5444427479 0.1178271264 0.2288835877 1.0000000000 0.1750793800 0.0917612339 1.0000000000
-2.1374348579 -7.3292422266  7.2812722526 -1.2017649596 -6.6127015729  7.9378893015  0.1462849660  0.0529634586  1.0000000000  0.1550058313 -0.0843324334  1.0000000000
 -2.5900661654  -6.8503184699   8.8206956718  -1.9022761397 -10.2894911195   6.9051501652  0.1931345305 -0.1203354743  1.0000000000 -0.1328568856  0.1813680805  1.0000000000
-1.0186658570 -9.7554312477  8.1574483928 -0.8424706485 -8.2366199044  7.2950611290 -0.1314081817  0.0480906114  1.0000000000 -0.0635287990  0.0259721943  1.0000000000
-1.3147705053 -9.8571004338  8.2208600459 -0.3976298035 -9.9065326433  8.2429579580 -0.0978660153  0.0348060172  1.0000000000 -0.2170773626 -0.0273874075  1.0000000000
-2.0387391933 -6.8083015004  6.5058934633 -0.0454287660 -6.7134756192  6.8029812474  0.2279345753  0.1169014231  1.0000000000  0.0287282731 -0.0272015822  1.0000000000
-0.4779598160 -9.0846774184 10.2462339321 -1.3013510792 -8.3034098561  8.4625432858 -0.1437072919 -0.2115882677  1.0000000000  0.0239542708 -0.0972884989  1.0000000000
-1.0340151096 -6.5250136822  8.7636394608 -0.5988236835 -6.2647903379  9.0108467289  0.1281225197 -0.1895489259  1.0000000000  0.1107864423 -0.2541351339  1.0000000000
-1.0178291580 -9.3598072329  6.7656104710 -2.3902134082 -7.1966507707  8.7293661681 -0.1295065284  0.1756117947  1.0000000000  0.1173221177 -0.1258723463  1.0000000000
 0.4123561669 -6.7630018356  7.9659367609 -2.4882813314 -6.9761398102  5.5728778338 -0.0114564111 -0.1846492978  1.0000000000  0.2220308028  0.2609774426  1.0000000000
-0.8550725668 -6.7594326229  7.9191030717  0.8768332566 -8.0247086763  7.6158692940  0.1082051550 -0.0935024592  1.0000000000 -0.1942059279 -0.0735286896  1.0000000000
-0.3865586916 -9.0939646691  9.0018105079 -2.6895873997 -9.4747773703  6.7716527317 -0.1053089467 -0.1231366289  1.0000000000  0.0217800978  0.2006965393  1.0000000000
