896.5000000000
50
-2.0424057243  8.1654129967  1.2996348416 -0.2397235108  0.1782881101  1.0000000000
1.3587652108 8.8831660265 3.2522093350 0.2165848916 0.1770263068 1.0000000000
0.9700216886 6.6477075698 1.2202009566  0.1698472963 -0.0985897379  1.0000000000
1.0632666860 6.7436566601 1.5965599830  0.1775321107 -0.0344103536  1.0000000000
-1.2017842655  5.0894021604  0.6056721455 -0.1077189364 -0.2836789528  1.0000000000
-0.5302582098  5.7529269854  2.0198907663 -0.0309347323 -0.1405454230  1.0000000000
-0.7892349275  5.4654955502  3.3266550057 -0.0609112388 -0.1533382832  1.0000000000
0.5118964139 5.2132278342 0.7213995412  0.1364250308 -0.2478664839  1.0000000000
1.5341605917 8.1364107603 1.9322346699 0.2765216882 0.1462140475 1.0000000000
0.9482628831 8.3104050727 0.8452407632 0.1976438466 0.1940489112 1.0000000000
-1.9562735243  8.3494418198  0.0363811184 -0.2769135584  0.2198224576  1.0000000000
-0.5041018268  8.1095037091  3.7362408279 0.0033294719 0.1253021614 1.0000000000
-1.0817379040  7.1168548379  1.3461315917 -0.0883245154  0.0083893557  1.0000000000
0.2454157740 6.4450767901 3.0058584101  0.0633171703 -0.0393105453  1.0000000000
-2.1096096582  7.2961831811  3.0905633565 -0.2283273471  0.0189103442  1.0000000000
-1.5621165428  8.9333077175  3.6983996170 -0.1455555401  0.1851616730  1.0000000000
0.5202840297 6.1532366937 0.1418248249  0.1107432256 -0.1344975059  1.0000000000
-0.2292027991  8.7690669278  0.2041296245 0.0047300938 0.3005019895 1.0000000000
0.5318665783 8.6462764979 3.2095262976 0.1283117053 0.1314170833 1.0000000000
-1.3796133029  7.7164477588  2.5075424276 -0.1305456393  0.0781932382  1.0000000000
-0.4080564984  7.9844093400  1.8882685229 0.0046225323 0.1062387046 1.0000000000
-0.1955715387  5.6183903916  0.9482628472  0.0025691778 -0.1962720134  1.0000000000
-0.3570985089  6.7904319695  2.9908696725  0.0015460264 -0.0180920179  1.0000000000
1.0824586413 5.0979583362 0.3556184517  0.2087490500 -0.3093257469  1.0000000000
0.1599356208 5.2135263900 2.5863959373  0.0197545720 -0.1834244869  1.0000000000
-0.7029855224  5.8178387975  2.3863262309 -0.0847848343 -0.1655267577  1.0000000000
-0.9330991946  8.5318863573  3.4036168509 -0.0270515801  0.1846544550  1.0000000000
-0.6887493578  6.5315427652  3.2484041308 -0.1029800563 -0.0431930676  1.0000000000
-0.3018490989  5.2492880343  2.7884412121 -0.0180431290 -0.1890770450  1.0000000000
-0.9797740870  5.9683796121  1.4103762842 -0.1122438768 -0.1570228178  1.0000000000
1.5552296128 7.7784540150 0.2213326704 0.3237532417 0.1367354406 1.0000000000
-0.3755245989  5.6816799354  0.9120161031 -0.0444631085 -0.1933615619  1.0000000000
0.5490831426 7.5652988087 2.4966696253 0.0782688125 0.0525416937 1.0000000000
-0.3738429556  6.7433482975  2.5903652784 -0.0309251046 -0.0687605054  1.0000000000
-0.0800880988  9.0160309083  2.5895804897 0.0227308628 0.1850166472 1.0000000000
-1.4096742761  6.4274596665  3.4493743613 -0.1259827830 -0.0701371247  1.0000000000
0.9498758522 7.7292635671 2.7824095100 0.1735330800 0.0506615746 1.0000000000
0.5364098770 5.0532682566 0.3102120246  0.1125624606 -0.3218186865  1.0000000000
-0.2202101794  6.8342996230  0.3810368328 -0.0160802953 -0.0410577782  1.0000000000
-1.4606980533  7.9930536866  1.2803057612 -0.1840417791  0.1181397758  1.0000000000
-0.0332411482  7.7368025515 -0.0044990679 0.0504532005 0.1303093915 1.0000000000
0.3846667900 5.5347511117 0.7393283687  0.1183515387 -0.1718956429  1.0000000000
1.2532354368 8.3825233159 3.0517465373 0.2066173612 0.0913819161 1.0000000000
-0.1011649418  6.0162070530  0.8051362381  0.0315459286 -0.1715372090  1.0000000000
-1.5151529592  8.1024771671  0.6322112733 -0.1996181766  0.1316282030  1.0000000000
1.2228736981 8.9577124357 1.8933542900 0.2114114379 0.2057886280 1.0000000000
0.7216252926 8.0057516662 0.5163743210 0.1275665144 0.1481071524 1.0000000000
-0.3414103206  6.6321764018  0.6084753060 -0.0480578734 -0.0590977721  1.0000000000
-0.0748687272  8.6679728070  2.3429661716 0.0122743962 0.1537132487 1.0000000000
0.4612248212 5.3786504345 1.4556224274  0.1031496833 -0.2059086018  1.0000000000
50
-1.9583789005  7.5811946549  3.8835581690 -1.4589101756  5.9458548943  0.0480909100 -0.1786736962  0.0488798251  1.0000000000 -0.1763546416 -0.1535449064  1.0000000000
 1.7742154410  5.5157579817  0.7937138340 -1.3092224335  7.4319324722 -0.0647891254  0.2924697209 -0.2453910329  1.0000000000 -0.1431267435  0.0982725661  1.0000000000
-2.2052212208  8.1328218949  0.7523424030  1.6518430323  7.7191844659  1.4765144203 -0.2534453177  0.1673510411  1.0000000000  0.2479093917  0.0479443507  1.0000000000
 0.6613649262  6.7039859684  3.5935007741 -1.8085482387  8.3103268065  0.1862724613  0.1179574525 -0.0574834641  1.0000000000 -0.2195866944  0.2203347273  1.0000000000
 1.8175734829  6.5769420342  0.8931658309 -1.8128500714  5.1544767743  3.4770813696  0.3063219554 -0.0897887724  1.0000000000 -0.1783198140 -0.2293894583  1.0000000000
0.6355141263 5.0826191184 0.9211559850 1.6207843418 5.1863719593 1.1077904181  0.1270071928 -0.2976268388  1.0000000000  0.2673293587 -0.2840985225  1.0000000000
-1.9675893553  5.9318270200  1.8004251741  0.5000452366  6.0186375696  1.6759689974 -0.2424401069 -0.1692113827  1.0000000000  0.0785293707 -0.1464284951  1.0000000000
-0.3545890113  6.8866936879  2.5331111858 -1.7982761645  8.4408168731  2.4821476209  0.0071701281 -0.0277452436  1.0000000000 -0.1771981427  0.1632139297  1.0000000000
-0.2607620680  8.1394704322  2.3182594582 -0.9286964125  8.3704731027  1.1089049993  0.0192545982  0.1128942196  1.0000000000 -0.1387874194  0.2229616748  1.0000000000
0.6474193213 5.4031383829 1.6310824987 0.6049167911 8.8542814025 1.4598239616  0.1038473648 -0.2138443987  1.0000000000  0.1258160770  0.2027063465  1.0000000000
0.7237807974 5.7918699021 1.8676354816 0.7692688306 6.8605559440 0.5701704532  0.1293750019 -0.1493324851  1.0000000000  0.1733136228 -0.0452549664  1.0000000000
 1.6251781948  8.6854442709  0.2198662832 -1.3723258259  6.3186221905  0.5122067663  0.3122363941  0.2515722067  1.0000000000 -0.1559257466 -0.0974259201  1.0000000000
 0.3604981179  9.0791748074  3.0151469431 -0.2328882765  7.5702141125  0.8793443054 0.0872538805 0.1997593131 1.0000000000 0.0166824406 0.0843485136 1.0000000000
-1.1373900280  5.9998771366  1.3548665555 -1.8097879503  7.2953747496  3.2370799154 -0.1377700005 -0.1654994327  1.0000000000 -0.1543385992 -0.0369241099  1.0000000000
-1.5700624575  8.8304971698  0.4480986509 -1.7044812748  6.5640961623  3.3122842106 -0.1660189969  0.2793069492  1.0000000000 -0.1672135539 -0.0427467487  1.0000000000
-1.0824704429  8.4293151587  2.0506613176  0.8170156739  5.0853882461  1.0237530322 -0.0938816434  0.1711467214  1.0000000000  0.1854017736 -0.2772616361  1.0000000000
0.4549893553 5.5818132049 3.9481895812 1.7725791532 6.1607894455 3.7637263578  0.0585325346 -0.1698619509  1.0000000000  0.2218181647 -0.1231319765  1.0000000000
1.7027058039 5.2035869072 0.5856993337 0.2339885146 6.2457979354 3.1280298288  0.3083794453 -0.2976778032  1.0000000000  0.0605473379 -0.1039066750  1.0000000000
 1.1485468240  7.5626228196  1.0170740132 -0.6115177209  6.8598554348  2.0643414939  0.2290017570  0.0856778635  1.0000000000 -0.0340831062 -0.0217117705  1.0000000000
-0.7727795945  7.4572713923  2.3874003037  0.7244778543  6.8811501936  3.0595413685 -0.0587454618  0.0461267316  1.0000000000  0.1143739115 -0.0214715313  1.0000000000
0.0336729046 9.0541336891 3.4032476305 0.1134885084 5.9610814226 0.6511782934 -0.0132258805  0.1898148571  1.0000000000  0.0445026333 -0.1470968156  1.0000000000
0.5412680670 6.0624338449 3.5758629035 1.4796987315 5.8460338014 2.1275683845  0.0673854381 -0.1146560151  1.0000000000  0.1733701761 -0.1694992952  1.0000000000
 1.5879864083  6.4449085360  1.9893267754 -1.2829513485  5.5246636046  1.8781745533  0.2133637905 -0.0789738163  1.0000000000 -0.1349118678 -0.2028889974  1.0000000000
 1.1486262073  6.6535198469  0.1658709805 -1.0953495159  8.8548004382  3.4303682764  0.2257990516 -0.0599935264  1.0000000000 -0.0775944230  0.1881748054  1.0000000000
 1.3024069801  7.2962780313  1.0163071909 -0.9305931170  6.4246225618  2.4721390709  0.1959810184  0.0339984979  1.0000000000 -0.0668873101 -0.0657664612  1.0000000000
-1.0244767535  5.9385120281  1.3620455032 -0.0963024623  6.7442060104  3.5607250127 -0.1270297585 -0.1823280999  1.0000000000  0.0013432375 -0.0194442030  1.0000000000
0.7920685463 6.3107467099 1.8260735365 1.4249751352 8.4379680795 0.3850203991  0.1575932070 -0.0809973385  1.0000000000  0.2545212025  0.2295096045  1.0000000000
-1.2081462453  6.3992031709  0.0991593293 -0.7478062148  8.4481278072  3.7418707802 -0.1672009709 -0.0872648464  1.0000000000 -0.0511404053  0.1034721878  1.0000000000
 0.8249594074  8.5983901493  0.5532866023  0.5685578677  8.1346826185 -0.1084638017 0.1793816133 0.2276927237 1.0000000000 0.1540701662 0.1771593185 1.0000000000
-1.1232490672  5.2492469961  1.1359408429  0.1418307995  7.7766558626  0.4966328971 -0.1212865576 -0.2304610465  1.0000000000  0.0907010376  0.0969294917  1.0000000000
 1.1406975797  5.2410896376  1.8045453914 -1.3624699274  8.8346551601  2.7864793543  0.1919260916 -0.2737866253  1.0000000000 -0.0888418268  0.1957239507  1.0000000000
-0.1098249677  6.6683096665  0.9052689680 -0.7244988790  7.3095540829  3.8193270664  0.0283713115 -0.0365158349  1.0000000000 -0.0834425027  0.0237605565  1.0000000000
 0.6963639946  7.4751936744  3.4422217570 -0.0200496331  7.1948242540  0.4121995415 0.0966647229 0.0288093396 1.0000000000 0.0137221817 0.0275541612 1.0000000000
-0.4825474241  7.9465886064  1.8226693578 -1.3737125971  7.9015958087  0.8784307087 -0.0013788148  0.1016515810  1.0000000000 -0.1164854891  0.1505076346  1.0000000000
-1.0282399450  5.1574195388  3.7784660607  1.6721292292  5.7166002190  0.7214937443 -0.0591004662 -0.2340435480  1.0000000000  0.2564374524 -0.2260438059  1.0000000000
1.7692460108 7.6325215545 2.9812637689 1.5466789114 6.5207064535 2.2801273741  0.2532595342  0.0515562393  1.0000000000  0.2394228936 -0.1095110977  1.0000000000
-0.8425419933  7.4512526211  3.1070640352  1.3078076226  7.3309904942  1.1422942812 -0.0382767225  0.0655917691  1.0000000000  0.2477709637  0.0726113207  1.0000000000
-0.3594991413  6.8844332214  2.6038174019  1.7888612776  7.3955125349  1.4160559349 0.0446979063 0.0112335829 1.0000000000 0.2867020783 0.0435900101 1.0000000000
 0.7506741572  5.3906999460  3.6751932683 -0.3977593992  6.2392099403  1.3546182155  0.0947355027 -0.1549106763  1.0000000000 -0.0358697749 -0.1040253432  1.0000000000
-0.3553468728  6.0389345893  2.1886018868  0.2662061735  6.8596903964  3.2081149031 -0.0278031112 -0.1560398707  1.0000000000  0.0752388378  0.0161692365  1.0000000000
-1.2581868118  5.9050117858  3.0692216303  0.0459886765  8.2879117994  2.8922010838 -0.1197456854 -0.1661304691  1.0000000000  0.0670673676  0.1072472819  1.0000000000
-1.5904873019  7.4189265403  2.6326493592  0.5868084535  8.6128781257 -0.1213262971 -0.1430820592  0.0361317771  1.0000000000  0.1528595085  0.2247578375  1.0000000000
-1.5581997384  7.3673863768  3.4404489445  0.6534664723  8.8628338295  1.1450845798 -0.1359727164  0.0110217686  1.0000000000  0.0931037658  0.2374754609  1.0000000000
 0.8743566016  8.5545295933  1.1217220853 -1.8650633776  5.8197756816  0.1075733528  0.1546927959  0.1923719163  1.0000000000 -0.2968413985 -0.2158160363  1.0000000000
-0.9606077305  8.1381813303  1.7486079040  0.7896001436  7.5432787970  3.5339537307 -0.0944790415  0.1152139500  1.0000000000  0.1347221617  0.0326662014  1.0000000000
1.6132785035 6.5852624109 1.9749071639 0.8102855985 5.6196114895 2.8830766346  0.2218214298 -0.1186385701  1.0000000000  0.1127756873 -0.1752434421  1.0000000000
-0.9345544962  8.2020492237  1.0217211910 -1.3346247140  8.2439769210  1.6000126389 -0.0447991877  0.2229209775  1.0000000000 -0.1338688021  0.1595717994  1.0000000000
0.9328700726 7.7760166913 0.4140577370 0.8083938724 5.1047445144 1.1278872714  0.1851443668  0.1106950114  1.0000000000  0.1466828767 -0.2821418271  1.0000000000
 0.2362085587  6.3111048822 -0.0425815779  1.1302087381  6.5847780383  3.0292233811  0.0653820665 -0.1026851035  1.0000000000  0.1710610100 -0.0708526794  1.0000000000
 0.1659326681  8.4304726568  3.2401964849 -1.4813098829  7.9024753078  0.5110451536  0.0464917224  0.1118086051  1.0000000000 -0.1708670306  0.1371608078  1.0000000000
