891.1000000000
50
-1.6343618034 -0.3955635659 -7.0659068474  0.0595264767 -0.0918904121  1.0000000000
-0.8389833835 -0.2254994331 -5.4771375228 -0.1463623432 -0.1007100120  1.0000000000
-1.0184768180  1.3992925278 -8.3891006229 0.2026348467 0.1767613483 1.0000000000
-1.8434382430 -0.7863064700 -5.2193459360 -0.1788338354 -0.2577784336  1.0000000000
-2.7013613296 -0.2118000515 -8.3610549029  0.2736531109 -0.1218691004  1.0000000000
-3.2616120750 -0.3465244308 -6.9258056610  0.0879192449 -0.2194581155  1.0000000000
-2.5057807417  0.4038596332 -4.7747907881 -0.2465914120 -0.1052374490  1.0000000000
-1.4448537721 -0.0669553725 -5.5848470176 -0.1348125355 -0.1040239618  1.0000000000
-2.3424085304 -0.7484514615 -5.6059792477 -0.1456284473 -0.1954984226  1.0000000000
-1.4027636594 -0.0023197016 -5.1173071446 -0.1327002152 -0.1218849196  1.0000000000
 0.3881457131  1.6719179765 -7.3750261240 0.0868465484 0.2271842865 1.0000000000
-3.1652498401 -0.1372084690 -4.7877595192 -0.3137684790 -0.2213081460  1.0000000000
 0.9259128196  1.8009619492 -7.6926399563 0.0645293308 0.1728696107 1.0000000000
 0.3987726521 -0.9337016949 -4.8677072323 -0.1508391846 -0.1340705934  1.0000000000
-2.2351292088 -0.9814378395 -6.7531685056  0.0311248723 -0.1798695220  1.0000000000
-0.9146071515  0.8771880053 -7.6453735900 0.1212838369 0.0560459757 1.0000000000
 0.3117196674  0.5801623736 -7.6887563894 0.0999791915 0.0861022278 1.0000000000
-2.1062116973  1.9653740898 -8.9617791299 0.2917384306 0.2379052907 1.0000000000
-2.5536787660 -0.4648861647 -6.3703272639 -0.0202671692 -0.1890650320  1.0000000000
-1.2210515074 -0.5430024000 -7.5755565955  0.1717608116 -0.1382647644  1.0000000000
-1.0037327107  2.2331563528 -6.1201878572 -0.1443304136  0.2065618611  1.0000000000
-0.4393690227  2.3943027051 -5.2778890738 -0.2240941632  0.2073936447  1.0000000000
-0.7553655575  1.1008851604 -5.3926438022 -0.1894602064  0.1017569058  1.0000000000
 0.0562479815  1.4769822129 -5.0607360782 -0.2001726461  0.1189280621  1.0000000000
-0.0059614305 -0.2656535958 -4.6958896089 -0.1782798046 -0.0820146899  1.0000000000
-1.5711075186 -1.3561063944 -5.8540620692 -0.0653286860 -0.2446452742  1.0000000000
-2.0483764633  1.3253054322 -8.5470412216 0.2301536511 0.1381294237 1.0000000000
-2.4700261027  1.3799788275 -7.8787231288 0.1331712859 0.1232437634 1.0000000000
-2.3085509768 -1.0217400713 -7.9269714540  0.2411605239 -0.2011520087  1.0000000000
-0.4951590827  2.1849056420 -5.3727190658 -0.1745060320  0.1527952338  1.0000000000
-1.5308388281 -0.9864787931 -6.9027286047  0.0959369447 -0.2475231968  1.0000000000
-1.7981774765 -0.2980055272 -4.7937054044 -0.2288649096 -0.1443379344  1.0000000000
-3.0621965467  0.1031519825 -7.3399182772  0.1467967964 -0.1254736763  1.0000000000
-0.2040211269 -0.0927629371 -5.5185898767 -0.0920856009 -0.0833961529  1.0000000000
-2.8773185911  0.9214179050 -4.8841112074 -0.3041913399 -0.0499995905  1.0000000000
-2.3708180888  1.6107481895 -8.5521087748 0.2398323971 0.1797253919 1.0000000000
 0.3194410457  0.8672946989 -6.3701345360 -0.0413902372  0.0702578025  1.0000000000
-1.1147384488 -0.0808298158 -7.0267522266  0.0668561064 -0.0332677453  1.0000000000
-0.7133907734 -0.8545054505 -7.2826525880  0.1045041696 -0.1387865015  1.0000000000
-1.0216292409 -0.6824087014 -8.4992592605  0.2157852512 -0.0774563940  1.0000000000
 0.0908230742  1.8268564193 -7.3033473715 0.0360152413 0.1996837995 1.0000000000
 0.8186059110  2.2684093871 -5.2993526456 -0.1781993997  0.2100980984  1.0000000000
-2.0702017314  1.2032355734 -6.9428311397 0.0273065423 0.1055615681 1.0000000000
-0.3809010819  1.6999533310 -7.1899143850 0.0224963602 0.1686602233 1.0000000000
-2.6563828391  2.4416300214 -6.5679851362 -0.1100689897  0.2457225664  1.0000000000
 0.2808559685  1.1236815385 -6.5847835036 -0.0266656032  0.0811855730  1.0000000000
-1.5614887852 -0.9383539240 -6.6330064519  0.0584965701 -0.1887196623  1.0000000000
 0.5285227363  1.0800480143 -6.3402714914 -0.0281421573  0.1158974886  1.0000000000
-2.6160067246  0.2168166254 -8.4683742128  0.2811024932 -0.0475656441  1.0000000000
-1.4127904019  0.1253684667 -7.0805265933 0.0556010619 0.0081208933 1.0000000000
50
-2.9941065336 -1.0397798926 -6.0345900541 -0.1748530134 -1.4428434973 -5.8024648608 -0.0429240952 -0.3001493365  1.0000000000 -0.0450729855 -0.1624748815  1.0000000000
-0.1031442435  0.8519016593 -4.7838239352 -3.4048087700 -0.8438283047 -8.0943253460 -0.1778245956  0.0318350849  1.0000000000  0.2508875894 -0.2771127362  1.0000000000
-0.7343288135 -0.0216985315 -7.6561242177 -0.2369387296  1.8253397209 -6.9797694840  0.1626146801 -0.0136721000  1.0000000000  0.0128063009  0.1656394044  1.0000000000
-1.3982026179  0.1348737871 -7.2465834210  0.8387604136  1.3372592359 -6.3473328807  0.0952918040 -0.0523088566  1.0000000000 -0.0205371334  0.1069903474  1.0000000000
 0.3583276250  0.7846758561 -8.0405689347  0.3689075501 -0.4008554547 -5.4408815350  0.1675122534  0.0736268941  1.0000000000 -0.1035860804 -0.0754853721  1.0000000000
-1.5909083508  0.7278643054 -5.7478104935 -0.2153004243 -0.1822719229 -5.7913185211 -0.0725226928  0.0076697293  1.0000000000 -0.0495382030 -0.0403290332  1.0000000000
-2.7870619341 -0.9142706788 -8.0569086382 -2.7351366099 -0.9941011321 -8.5275484306  0.2398140399 -0.2236778384  1.0000000000  0.2648233570 -0.2029826486  1.0000000000
-2.6782302080  1.8968807698 -6.9244006258 -0.1509243213 -0.1019815370 -5.9963330862  0.0201967843  0.1569738665  1.0000000000 -0.0488502996 -0.0028532424  1.0000000000
-1.6034122722  1.7365069822 -8.2174880415  0.7734326387  1.0591013570 -7.2486453995 0.1953950738 0.1811568938 1.0000000000 0.1011963138 0.1309051653 1.0000000000
-1.8674806001  1.1928093598 -6.2961240957 -2.6039297716  0.9044221021 -7.6230704196 -0.0667640628  0.0930157806  1.0000000000  0.1016075720  0.0449241740  1.0000000000
-1.3575292011  2.6213283793 -5.8696111547 -0.6021972854  1.2891223085 -7.0574077484 -0.1778614357  0.2855354501  1.0000000000  0.0480809942  0.1385128769  1.0000000000
 0.7619106264  1.4966488194 -7.6242509834 -0.5270154645 -1.6634631288 -7.6036439091  0.0703287155  0.2049154902  1.0000000000  0.1819062234 -0.2078659243  1.0000000000
-0.5334382073 -1.2921039468 -6.6989445486 -1.7977864268  1.9125120979 -9.0439957227  0.0868707131 -0.1331251563  1.0000000000  0.2644693177  0.2469258872  1.0000000000
-1.1627004548 -1.0056903685 -7.7961443431 -2.0853555407 -0.9274201770 -6.9898275530  0.1401701021 -0.1237716249  1.0000000000  0.0964457458 -0.2084366532  1.0000000000
 0.5063998110 -0.0618814004 -5.4987644815 -1.8477604343  0.5030038227 -7.9975884780 -0.1073202053 -0.0326802779  1.0000000000  0.1701123111  0.0008416878  1.0000000000
 1.1131995931  1.1946255404 -7.8905988614 -2.5464899931  0.5899729172 -6.8720612063  0.1125306119  0.1435574906  1.0000000000 -0.0008328825 -0.0217173532  1.0000000000
-0.5936494249 -0.2786570772 -6.2620293762 -2.0730862997 -0.9425937247 -6.5040028293 -0.0435317113 -0.0614569915  1.0000000000  0.0003738419 -0.2208989240  1.0000000000
-1.9893892146  1.9986966787 -7.6311680288 -0.5300481964 -1.4776289152 -6.5200649863  0.0942747295  0.2034831832  1.0000000000  0.0271534499 -0.1778192869  1.0000000000
-0.0156845436  0.5177580630 -7.7655666378 -0.3022614843  1.9168736186 -8.5976895941 0.1405327893 0.0628612174 1.0000000000 0.2070699301 0.2175005984 1.0000000000
-1.8851576065  2.6000463500 -6.4438415826 -1.5963380548 -0.6957811901 -7.9157464173 -0.1077018600  0.2519410368  1.0000000000  0.1942775025 -0.0758425733  1.0000000000
-2.4180456886 -0.4626000862 -7.4816673957  0.6042637324 -0.1463386222 -5.2145934811  0.1722526774 -0.1231818672  1.0000000000 -0.1402612008 -0.0440335090  1.0000000000
-1.5503399399 -1.1340807909 -6.4778708615  0.4670468892 -0.2217945461 -7.0212928875  0.0675904509 -0.1979079374  1.0000000000  0.0820471149 -0.0290364705  1.0000000000
-1.2846303740  1.0871287538 -6.7861070988 -2.9381493433  0.5157772916 -7.0218925950  0.0026735986  0.0978461269  1.0000000000  0.0258854482 -0.0503511410  1.0000000000
-1.1113937581 -0.6441147829 -5.2344504429 -1.4822596526  1.8113748895 -5.7303373428 -0.1508519848 -0.1742162289  1.0000000000 -0.1389108790  0.1399625402  1.0000000000
-1.7350750034  2.7384898875 -5.7416318832 -1.0636468026  0.1038873898 -6.2232608892 -0.1812993691  0.2488348065  1.0000000000 -0.0119702102  0.0193515729  1.0000000000
-1.4152426237  0.9516323329 -7.4044044279 -2.6051522784  1.7001953133 -5.1381068417  0.0904378414  0.0879283334  1.0000000000 -0.2858503018  0.0871483184  1.0000000000
-2.4258658264 -0.4090346692 -5.0529307612 -0.4542110398 -1.5380526980 -6.6162194145 -0.2191364316 -0.2049375930  1.0000000000  0.0611560209 -0.2131143036  1.0000000000
-1.5637543942  0.7602557407 -5.6959810748  0.3935521183  0.1984129789 -7.2286909098 -0.0897803012 -0.0047451605  1.0000000000  0.0578269980  0.0236471211  1.0000000000
-1.7220295368 -0.9987779805 -7.7596916056 -0.6729796449  0.4073545029 -7.0239886247  0.1886434324 -0.1382119357  1.0000000000  0.0449920677  0.0245692403  1.0000000000
 0.2572408730  1.2108784868 -7.0038365173  0.3769264528 -0.9285991956 -8.1904267596  0.0486812407  0.1749619226  1.0000000000  0.1663112265 -0.0032150552  1.0000000000
-1.6410547647  1.4531492412 -7.2751053267  0.8665488073  1.5786700116 -5.7106321549  0.0614928120  0.1362205782  1.0000000000 -0.0759131324  0.1545503213  1.0000000000
 0.2833628131 -1.2929353209 -5.6951197080 -2.3321993772  2.4976057333 -6.8597244075 -0.1004998604 -0.1439362090  1.0000000000 -0.0096535283  0.2581321648  1.0000000000
-0.6267936809 -0.7103070199 -8.1739684913  0.0590402770 -1.0091125275 -6.2964017517  0.1958401833 -0.0638432366  1.0000000000 -0.0159864712 -0.0965386458  1.0000000000
-0.8714168557  0.8217541320 -7.4148857141 -2.0276438584 -0.0812256285 -5.3660680622  0.1127139648  0.0650945369  1.0000000000 -0.1601793766 -0.1484197795  1.0000000000
 0.0932056153 -2.0506247631 -8.0818106628 -0.8766106761  2.4457618444 -6.3579673192  0.1723755119 -0.1747573252  1.0000000000 -0.0736345289  0.2616833608  1.0000000000
-1.8427457656  0.1202058202 -4.8217802669  0.4366300620 -1.3211849018 -7.9027718291 -0.2363458190 -0.1197733984  1.0000000000  0.1781310217 -0.1067391200  1.0000000000
-2.7839836797  0.0567635064 -4.7381545696 -1.2341938811 -0.6679194033 -8.2974273967 -0.3190455578 -0.2043742100  1.0000000000  0.2165409640 -0.1028938818  1.0000000000
 0.9344280896  2.0367117215 -6.0415432653  0.5158131281  1.5378248773 -6.8107231676 -0.0804759893  0.1719034041  1.0000000000 -0.0063469299  0.1983973499  1.0000000000
-2.0311811480  0.5664941688 -5.2239755361  0.8543389181  1.0798045658 -6.2793162243 -0.2226829759 -0.0584636925  1.0000000000 -0.0757010741  0.1165283214  1.0000000000
-2.3829838970  1.5291944087 -6.6913885546 -3.0609930174 -0.4682794166 -6.1933786167 -0.0070789365  0.0973704048  1.0000000000 -0.0789170465 -0.1983927129  1.0000000000
-1.4506394272  0.5093321860 -7.5270090900 -1.2967053490  0.1584441772 -8.4137418528  0.1104920038  0.0185880629  1.0000000000  0.2349642018 -0.0018675308  1.0000000000
-1.6713024770  1.5729675551 -5.5011517344 -2.0545557852 -0.5254467831 -6.3256765177 -0.1831908516  0.0905261807  1.0000000000 -0.0588603324 -0.1560410224  1.0000000000
-2.3800477365 -0.7136275760 -6.1972931191 -0.5424585189  2.3408154738 -6.2338027419 -0.0475363619 -0.2093034921  1.0000000000 -0.0674998361  0.2234104781  1.0000000000
-3.2089215786 -0.0911494755 -7.4639127580 -2.8418793026 -0.1440705335 -6.4368411459  0.1381823492 -0.1530904311  1.0000000000  0.0504746542 -0.1122607231  1.0000000000
-1.3124167149  0.3108950354 -5.1690035250  0.4386016781  0.2061139560 -5.6566634103 -0.1741343584 -0.0102806779  1.0000000000 -0.0985744893 -0.0118930755  1.0000000000
-1.4224150553  1.9019835419 -8.2669640690 -3.2585369305  0.5227359688 -6.0124676086  0.1619889381  0.2038007098  1.0000000000 -0.0966952033 -0.0867358716  1.0000000000
 0.7333269120  0.3743002797 -8.6133480045 -3.3804045189 -0.6053927206 -5.2579509157  0.1997131069  0.1233799141  1.0000000000 -0.1715186919 -0.2870692770  1.0000000000
-1.3800515927 -0.0343995042 -5.8146697780  0.7656404031  1.6892638162 -5.9588200523 -0.0949841448 -0.0886826820  1.0000000000 -0.0737204838  0.1869264746  1.0000000000
-1.9541726192  2.2256133605 -7.3128547447 -0.1297095574 -1.9034486147 -7.3708616326  0.0509398304  0.2288819422  1.0000000000  0.1561929497 -0.1967584477  1.0000000000
-1.8801094460  1.0540626552 -5.5352843477 -1.4260810499  0.2538619541 -7.3624467684 -0.1731614153  0.0453593374  1.0000000000  0.0862766387 -0.0285174221  1.0000000000
