735.0000000000
50
-18.4364807678  -0.6421198815   6.4800092033  0.1238501750 -0.0548915366  1.0000000000
-16.1381123299  -1.1852724301   2.8096328151 -0.1794646512  0.2887847881  1.0000000000
-18.2993817372  -1.8962553950   3.7176451484 -0.1024935273  0.1658996888  1.0000000000
-17.0932753594  -2.2072651653   6.1153756272 -0.0711857000 -0.1211631233  1.0000000000
-16.0047731958   1.3541352244   4.1856040991 0.2251438432 0.2287062452 1.0000000000
-14.6410098988  -0.7577653404   5.2530882619 -0.0643271207 -0.0704119465  1.0000000000
-15.9158115148   0.6236728264   5.8035729498  0.1865727369 -0.0203824120  1.0000000000
-14.7764763163  -1.1024421477   4.9764038016 -0.1303857355 -0.0831844288  1.0000000000
-15.0983218380   0.3363414549   5.2451627758  0.1177156447 -0.0393126097  1.0000000000
-16.3803283451  -1.5478356106   4.2532483704 -0.0843952573  0.0739864126  1.0000000000
-17.6142466510  -1.8530188050   5.7045412858 -0.0707974660 -0.0234154232  1.0000000000
-17.8061645796  -1.7179670134   5.0369069070 -0.0766811177  0.0497147176  1.0000000000
-18.1558661311  -0.3801951696   4.5256594709 0.0753941717 0.1122220315 1.0000000000
-14.3902388156  -0.4713171155   6.1682271658  0.0433426064 -0.2450259777  1.0000000000
-18.3750142113  -1.5026702161   3.6184290236 -0.0789977886  0.2118397986  1.0000000000
-15.2288133670  -0.7636974427   5.2954044514 -0.0046028439 -0.0269060037  1.0000000000
-16.5219397198  -1.2825127743   6.4042089616  0.0136561060 -0.1652327056  1.0000000000
-18.5962160424  -0.5731200490   6.0883140811 0.1065572258 0.0002530008 1.0000000000
-16.2228810649   0.2418980439   6.8681656596  0.2239409049 -0.1662253775  1.0000000000
-15.4017447321   1.1927792035   5.7702539023  0.2642528890 -0.0584345148  1.0000000000
-16.9085764622  -0.9876875941   4.1134459128 -0.0610219035  0.1093791187  1.0000000000
-14.4114572714  -1.6007809489   5.8342702310 -0.1255971196 -0.2000095215  1.0000000000
-18.1400350967  -2.6867721711   4.1774334315 -0.1506242000  0.1210168820  1.0000000000
-15.0745798668   0.8512330102   6.0920672834  0.2805213337 -0.1521609305  1.0000000000
-15.4946616440   1.3240233521   4.9913915307 0.3108746942 0.0582119222 1.0000000000
-15.9088311988  -0.2632893005   7.2372938317  0.1536627813 -0.2466804354  1.0000000000
-17.5393974148   0.6498952020   5.9491367525  0.2431345225 -0.0042500473  1.0000000000
-15.0061472278  -0.3376795593   5.7800688997  0.0262492456 -0.1087968978  1.0000000000
-15.4094050606  -0.7568574051   6.4554671076  0.0639977885 -0.2199153593  1.0000000000
-17.1998010775   0.1668448045   7.7442203257  0.2311893543 -0.2317624261  1.0000000000
-16.0191206014  -2.4067575483   4.8743698595 -0.1933171966 -0.0577968413  1.0000000000
-17.3387833213  -0.4734721443   4.8730175682 0.0408877983 0.1207759362 1.0000000000
-16.7158417279   0.3692821794   4.5034662774 0.1053826754 0.1069832004 1.0000000000
-17.4805669941  -0.3546148598   5.2436724207 0.0884377406 0.0719803133 1.0000000000
-15.9480956380   0.3568201126   5.3215082954  0.1676948106 -0.0062097394  1.0000000000
-15.7599653425   0.2708733101   6.3093584949  0.1729727767 -0.1435856829  1.0000000000
-16.9928220135  -2.5618517634   6.2191370623 -0.0979693226 -0.1593915088  1.0000000000
-15.7863630573   1.3046548032   4.3603043023 0.2345716916 0.1612705368 1.0000000000
-15.7529330325   1.1727954509   6.3306085399  0.3540074879 -0.1416356722  1.0000000000
-15.2253612908  -1.4175016669   5.5060836200 -0.1244125042 -0.1256168920  1.0000000000
-16.6168903535  -2.9808485069   5.2936798809 -0.2086159132 -0.0763577879  1.0000000000
-16.7636280302  -0.1610153344   3.5104352785 0.0088980547 0.2262972917 1.0000000000
-15.0918075490  -1.4833334180   3.7748814480 -0.1990597905  0.0919570930  1.0000000000
-17.1969805256  -1.2934519976   6.1582850143 -0.0053895020 -0.1078676008  1.0000000000
-14.6871974499  -2.0796167367   6.1545884394 -0.2145101847 -0.2576198080  1.0000000000
-16.9850578109  -0.7038474943   3.9476878018 -0.0114476043  0.1931520269  1.0000000000
-16.9267972694  -0.7315441312   7.3962378810  0.0874248605 -0.1918686421  1.0000000000
-17.0824056686  -0.2389881652   3.8191290727 0.0072779803 0.2043369685 1.0000000000
-18.2654458786  -0.3818090960   4.2811763735 0.0443449058 0.1876262214 1.0000000000
-14.9186353792   0.6780511196   6.3696514294  0.1793705628 -0.1953421692  1.0000000000
50
-14.6360085572  -0.7979153401   5.7757001139 -17.8331488601  -1.4492405915   4.5915156548 -0.0064000504 -0.1805918358  1.0000000000 -0.0875975676  0.0767869807  1.0000000000
-15.4204332933  -1.6782622137   3.0235992469 -15.5237845694  -1.1954561868   5.3734827138 -0.2889362222  0.1914397950  1.0000000000 -0.1121297743 -0.0524377822  1.0000000000
-14.8862312084  -0.4753441131   4.5515633790 -16.2154650222  -0.9665794494   2.9967521002 -0.0735335842  0.0173633403  1.0000000000 -0.1428237153  0.2607633993  1.0000000000
-17.6918894463  -1.7489055702   4.5651567521 -15.8976012631  -2.1573337805   5.8070694219 -0.0875640323  0.0609165170  1.0000000000 -0.1502426125 -0.1279972549  1.0000000000
-18.3734567551  -2.5803622908   3.9113906761 -17.5476695223  -1.7412530736   4.5747651958 -0.1281387221  0.1588388918  1.0000000000 -0.1193328115  0.0518146543  1.0000000000
-18.1447302861  -0.9744220890   4.5943447030 -15.5148069989  -1.3914938223   4.3477904847  0.0468831307  0.1204306861  1.0000000000 -0.1160343960  0.0555166422  1.0000000000
-16.9687064916  -2.2970829856   3.8907374059 -16.4861973894  -1.7592876287   6.9326936116 -0.1515659949  0.1186372521  1.0000000000 -0.0307809554 -0.2206329209  1.0000000000
-14.7681166307   1.0982204611   6.8502434331 -16.6203768548   0.6992559530   6.1766478096  0.2921901357 -0.2774904792  1.0000000000  0.2278899263 -0.0168814252  1.0000000000
-16.9089398641  -0.9577571831   6.7568158639 -18.9232269652  -0.0378520461   5.5758754208  0.0922543713 -0.1287396928  1.0000000000  0.1625501069  0.0467860119  1.0000000000
-15.8600469951   0.5063210863   4.6421476736 -15.5485710442  -1.0266677871   5.1672365806  0.1387482186  0.0715571590  1.0000000000 -0.0767562357 -0.0592199540  1.0000000000
-16.1360271932  -2.4159414986   5.7763797163 -15.2828019799   0.6051717662   5.1516599144 -0.1171501300 -0.1215077143  1.0000000000  0.1719305335 -0.0184556179  1.0000000000
-15.3229636965  -0.9836358422   6.3559065540 -16.5766611754  -0.2163052614   4.0831178608 -0.0040034274 -0.2026264071  1.0000000000  0.0138856861  0.1569709557  1.0000000000
-18.2591326726  -0.4203414417   4.5531491466 -16.7053357655  -3.1272868039   5.6853528230  0.0643869830  0.1604160092  1.0000000000 -0.1981015106 -0.0887387468  1.0000000000
-17.5792149657  -1.6831478669   3.3889488287 -16.8661272999   1.2949050029   4.0089710314 -0.1663763847  0.2023260263  1.0000000000  0.2208903611  0.2490583887  1.0000000000
-14.8376921955  -0.5501468369   6.3148034655 -18.1777325863   0.2582773037   6.5864965533  0.0587667014 -0.2290756576  1.0000000000  0.2229390567 -0.0542182517  1.0000000000
-15.9917118502  -1.0376262036   2.8233066410 -15.7596057474  -0.3785739327   6.9958411076 -0.1668179711  0.2500284948  1.0000000000  0.1024176938 -0.2202011096  1.0000000000
-15.3459174248   0.7719095376   5.8051412771 -17.4030981018  -0.2395207551   4.6630723928  0.2160054401 -0.1009337278  1.0000000000  0.0713247507  0.0906768533  1.0000000000
-15.2700221945  -0.4003947356   4.6637086546 -17.4863812470  -0.5523902812   6.5505497065 -0.0351040097  0.0536718197  1.0000000000  0.1093966297 -0.0501683692  1.0000000000
-18.4874766961  -0.0659268451   4.0394536321 -18.1825448123  -1.2724194467   6.6720780979  0.0988322518  0.2549203249  1.0000000000  0.0734838766 -0.0827418735  1.0000000000
-18.1124904202  -0.5112043430   6.1716594653 -15.6649638724  -2.1630239651   5.4047439235  0.1238845138 -0.0217130737  1.0000000000 -0.1942335532 -0.0778164564  1.0000000000
-15.8273201739  -1.9345854519   4.4917038212 -17.1652545159  -1.5993687516   3.3739445575 -0.1863383163  0.0116889251  1.0000000000 -0.1422888414  0.2137061601  1.0000000000
-15.2097922322  -0.7361592813   6.7478028209 -15.1788184326  -0.8310266249   4.0466521642  0.0542726929 -0.2692511452  1.0000000000 -0.1326380110  0.0535236392  1.0000000000
-18.1846733779   0.3886429631   4.9649829832 -15.2112606323  -1.6089471505   4.2853633269  0.1619810511  0.1767970125  1.0000000000 -0.2071983533  0.0483566648  1.0000000000
-17.5344421237  -2.8777862278   5.7697679513 -16.6750943375  -1.3855758835   5.8742588109 -0.1547385425 -0.0612077537  1.0000000000  0.0003526283 -0.0751133823  1.0000000000
-15.5853089334   0.6368784043   6.5416319199 -18.1666439653  -2.5027175572   4.7993299483  0.2469093285 -0.1610075224  1.0000000000 -0.1246310365  0.0619264061  1.0000000000
-14.7721387075  -0.0043549071   6.9101972508 -16.0007738164   0.1261585621   4.8395788045  0.1258297190 -0.3134901629  1.0000000000  0.1201297563  0.0683967216  1.0000000000
-17.1515696084   0.3067030227   4.0876807244 -15.3752259890  -0.2440929488   2.7493754437  0.0938247049  0.1952341868  1.0000000000 -0.0666096731  0.3494748185  1.0000000000
-15.8871933645  -1.7162950786   3.6879520088 -16.1684655635   0.6790037330   3.5690562336 -0.1944005021  0.1095262174  1.0000000000  0.1149021980  0.2457349789  1.0000000000
-15.9512183080  -1.9915253007   3.0515708526 -16.2417056858  -1.3708222720   5.0516774515 -0.2623247285  0.2098581583  1.0000000000 -0.0787481000 -0.0048947606  1.0000000000
-18.3396662604  -0.9687018784   4.9437821587 -17.5037571308  -2.1343688153   4.3897491352  0.0430250856  0.1050406612  1.0000000000 -0.1027591444  0.1152515740  1.0000000000
-18.3493716252  -2.1880883919   4.1282914046 -16.8844399314  -0.3547784050   7.3312618051 -0.0917423011  0.1376253166  1.0000000000  0.2012728770 -0.2481370884  1.0000000000
-16.1157216737   0.1849120692   5.1437469134 -18.6211522011  -0.7721901784   5.7591539987 0.1071288348 0.0297935031 1.0000000000 0.0731591495 0.0793966571 1.0000000000
-16.4157662337  -0.4755503316   3.5398015440 -15.6095036909  -1.6945414457   6.5575240980 -0.0026382045  0.2201642922  1.0000000000 -0.0462949880 -0.2368441922  1.0000000000
-14.7221248434  -1.3827492495   4.8657877210 -15.8652245209   0.8127122432   3.8724521432 -0.1817064294 -0.0540852072  1.0000000000  0.1603803198  0.1966237882  1.0000000000
-16.6402876967  -0.7927228183   4.2032654758 -17.9895657439  -2.8949058123   5.1622437546 -0.0550378790  0.1273058073  1.0000000000 -0.1322100739 -0.0266373378  1.0000000000
-15.8019084270   1.1654763822   5.6600182585 -15.1452507260  -2.7530833670   5.8081518313  0.2706030866 -0.0439410523  1.0000000000 -0.2379796642 -0.1755172204  1.0000000000
-15.4127825313  -0.2014396355   5.2732577555 -17.4470110876  -2.7287778054   5.4031379776  0.1038127196  0.0303672863  1.0000000000 -0.1437493165 -0.0088268923  1.0000000000
-16.6506407237  -2.3437874161   3.7503320165 -17.4383380022  -3.2459967985   6.2746981679 -0.2538850080  0.1179397582  1.0000000000 -0.1398720815 -0.0909171824  1.0000000000
-15.6499960159  -0.8337822806   5.7660016123 -16.4568213806  -1.5717791030   5.3807907966 -0.0006613091 -0.1243879349  1.0000000000 -0.0683171316 -0.0239984366  1.0000000000
-15.7557695884  -1.6363146086   3.1058212025 -17.7709388047  -0.3642708602   4.2628959291 -0.2336499563  0.2032325040  1.0000000000  0.0623027879  0.1624941580  1.0000000000
-16.4800133650  -3.2766162440   6.5851550410 -16.9083600711  -2.3405151762   5.3122133111 -0.1899006942 -0.1728018469  1.0000000000 -0.0949200353 -0.0648531174  1.0000000000
-17.6788461320  -0.6240848070   5.2586649587 -15.3619813175  -2.2327685199   4.4658607168  0.0483861180  0.0476980306  1.0000000000 -0.2546385134  0.0082320790  1.0000000000
-15.9758303325  -0.1582426411   7.2501285873 -16.2332980085   0.4723736275   7.6449957724  0.1634972638 -0.2086946026  1.0000000000  0.2215325308 -0.2335717817  1.0000000000
-16.3317146069  -1.8548694173   5.5864391036 -15.6493375598   0.9087106979   3.6532621893 -0.0834243263 -0.0734637617  1.0000000000  0.1197242780  0.2341261984  1.0000000000
-15.6558409970  -0.8089681328   6.4986271073 -16.7262949463  -0.7647146904   3.9626230529  0.0550409766 -0.2174430242  1.0000000000 -0.0357688397  0.1711573246  1.0000000000
-14.9739035689  -0.2815116604   4.3916401807 -15.1856992339   0.8740099537   6.0661863605  0.0170934739  0.0696135475  1.0000000000  0.2642589478 -0.1581490190  1.0000000000
-15.0718333407  -1.0637523763   6.6630985957 -18.1877130482   0.1246593489   6.8717309521  0.0118104827 -0.2460187257  1.0000000000  0.1744004524 -0.0638895741  1.0000000000
-18.9655309251   0.6488041236   5.3850475419 -16.4431465943  -3.1611440945   5.7178653228  0.1983425593  0.1012611637  1.0000000000 -0.2124698237 -0.1260686307  1.0000000000
-17.4853165864  -1.3494477208   4.1505165993 -18.4342343917  -2.1062202594   4.1304138200 -0.0454038364  0.1358126943  1.0000000000 -0.1189489346  0.1313075423  1.0000000000
-16.5781141762  -1.8047187867   6.2704605124 -15.3996509445  -1.4279749946   3.9246531186 -0.0636975627 -0.1187830238  1.0000000000 -0.1792929521  0.1255899545  1.0000000000
