316.9000000000
50
2.4355300409 9.0822551523 1.1439954619 -0.1798855068  0.2455312555  1.0000000000
6.5998256620 8.0059080751 2.5726419951 -0.0205387010 -0.1652365513  1.0000000000
5.6988079803 8.4625253311 0.8534538609  0.0799220928 -0.0620672461  1.0000000000
6.7037056204 7.9755274354 0.8159492552  0.0940174819 -0.1896214353  1.0000000000
8.0431867986 8.6261803438 0.9873841665  0.2350940068 -0.1923530057  1.0000000000
 6.7627385368  7.7125866870 -0.1040383465  0.1721153151 -0.2500946817  1.0000000000
 4.6282483067  6.5514329465 -0.0375701373 -0.2075346029 -0.2162444151  1.0000000000
3.7072098063 6.5715046107 0.4352503481 -0.2968488029 -0.1198388634  1.0000000000
4.1038171523 6.1881662343 0.4146094464 -0.2629943689 -0.2354457588  1.0000000000
4.9212028463 7.8246543789 1.2381242621 -0.0693876806 -0.0474991745  1.0000000000
4.3709784999 7.5752671689 1.3535567483 -0.1617398198 -0.0846502934  1.0000000000
4.3981974940 9.8793056482 1.1532558056 0.0340705716 0.1527440852 1.0000000000
5.8544349039 8.7938086957 2.4556564296  0.0146936228 -0.0559677349  1.0000000000
 6.7338989105  7.8575381176 -1.7104459634  0.3416562940 -0.3057487419  1.0000000000
 5.6396077278  6.9949156893 -0.7937603612  0.0444767442 -0.2760446553  1.0000000000
 3.3045643845  9.1099212135 -0.2725488716 -0.1076501171  0.1842459312  1.0000000000
 6.3511989345  7.5387050692 -0.5381725932  0.1346680075 -0.2607609428  1.0000000000
6.9902458464 8.0894934159 0.1947005703  0.1876560024 -0.1932701506  1.0000000000
7.4150752036 8.5969300407 0.4166792830  0.2099628712 -0.1900055227  1.0000000000
4.7237218165 8.1196085402 3.2638278331 -0.1771519066 -0.0862582393  1.0000000000
4.7969449670 8.9257777538 0.0831348915 0.0543797818 0.0364397276 1.0000000000
4.1953686455 5.9182228552 0.5250438140 -0.3240826966 -0.2887223560  1.0000000000
5.3741017862 8.9845908188 0.8016054433 0.0134321847 0.0034948453 1.0000000000
5.3253438264 8.8315061867 1.2180613239 -0.0333141921  0.0188666579  1.0000000000
6.5267746940 7.5339461107 1.3986744917  0.0095887622 -0.2183333590  1.0000000000
5.5970753872 8.6225979425 0.6949615392  0.1026049949 -0.0525982194  1.0000000000
6.6305267868 8.0259479004 0.7429540134  0.1082238163 -0.1892836822  1.0000000000
 5.4433603005 11.2432462713  0.6006603856 0.1938233345 0.1776048963 1.0000000000
 4.3074316925 10.1174988641  2.0175401292 -0.0624993839  0.2143354934  1.0000000000
2.1681616665 8.8456104716 0.7263638700 -0.3043797587  0.2651266587  1.0000000000
 6.7792644878 10.0206742314  0.9592858427  0.2055963822 -0.0056236055  1.0000000000
4.8837238265 8.6789828514 2.4787339900 -0.1197778516 -0.0032693418  1.0000000000
5.4936560133 7.0399241352 0.4760751733 -0.0399097012 -0.1905618670  1.0000000000
 6.5329399725 10.2949893584  1.1472015651 0.1575292199 0.0366445826 1.0000000000
6.5776941003 7.9870300327 2.0481610328  0.0130425945 -0.1298601453  1.0000000000
3.3147309910 8.5004662179 0.5555843606 -0.1642543231  0.0985026380  1.0000000000
5.6580726787 8.6614700941 0.0433916648  0.1559693950 -0.0160473416  1.0000000000
4.5559420419 7.4098064306 0.6891972517 -0.1633064893 -0.1454353652  1.0000000000
 5.2979081696  9.8941333680 -0.9502297948 0.2053735921 0.1173728166 1.0000000000
 4.5615916370  9.3686218523 -0.7007396654 0.1315087860 0.1507364591 1.0000000000
 6.0081022553 10.1644593274  0.7033525421 0.1699541449 0.0233012806 1.0000000000
 4.0007767946  9.9521914420 -0.5780477501 0.0955521077 0.2594762502 1.0000000000
5.0890962488 7.7247093418 0.0862737239 -0.0287499867 -0.1441914881  1.0000000000
7.1323747275 8.8053944666 1.5550740320  0.1363386705 -0.1188638671  1.0000000000
 5.5457391220 10.2114497841  2.3469456695 0.0485650414 0.0720624161 1.0000000000
 4.2275052182 10.1450366155  1.6155848346 -0.0539713534  0.1919977736  1.0000000000
 4.7409454615  8.9233218099 -0.9641007851 0.1343882842 0.0495803742 1.0000000000
2.8198774113 8.7433559201 1.3181964283 -0.2242189359  0.1520495285  1.0000000000
 3.4930632368  8.7024847953 -0.3347040665 -0.0817327122  0.1339853951  1.0000000000
5.9194501784 8.8273169893 1.7562112420  0.0417039255 -0.0744696085  1.0000000000
50
5.7779294401 8.0197949686 1.6790386221 3.4792670524 9.4392101036 0.6235926203 -0.0199872209 -0.0717395507  1.0000000000 -0.0645789109  0.2077615949  1.0000000000
5.8422920569 8.4543129547 0.6400041295 7.3313684341 8.4571503940 1.1374863073  0.1080802257 -0.0728697550  1.0000000000  0.1427265701 -0.1928344532  1.0000000000
4.9253899140 9.6021879805 1.1199707268 5.9516203777 7.5307738383 1.2007998004  0.0622444014  0.0683477426  1.0000000000 -0.0202501475 -0.1785213111  1.0000000000
 2.6925522939  8.4705221885  0.8489792207  5.0814054156 10.3826043685 -0.4766806722 -0.2177379082  0.1713634788  1.0000000000  0.2652117508  0.1708111009  1.0000000000
 6.4195001861  8.1265460124  1.3881741227  6.3575000227 10.7739101877  0.9071541294  0.0273409533 -0.1726639060  1.0000000000  0.2084664822  0.1066106766  1.0000000000
4.6093836515 7.9570244989 1.5619390277 4.1005635807 9.2658488506 3.2871384521 -0.1407058170 -0.0255687313  1.0000000000 -0.1858928418  0.0976781354  1.0000000000
 5.1788403105  7.5519429065  0.2968869076  4.6524416785 10.8903779603  2.2457109981 -0.0492088467 -0.1500534604  1.0000000000 -0.0114897195  0.2197106456  1.0000000000
4.4555357788 8.7479647089 2.2058579557 5.1309467178 7.0823934035 0.3712354037 -0.0663990490  0.0499418134  1.0000000000 -0.0833374356 -0.1735178541  1.0000000000
 4.6566210845  7.9492982997  2.3357063806  6.3143221673 10.7219851347  0.8664546480 -0.1366041950 -0.0498714805  1.0000000000  0.2233214577  0.1495181721  1.0000000000
 4.4778701794  7.8673897079  1.9603933587  6.4264947162  8.1414955838 -0.8612518224 -0.1600897880 -0.0386231444  1.0000000000  0.2108109346 -0.1768340581  1.0000000000
3.4099834165 8.6503754359 0.1727776192 3.0931275882 8.2768689869 1.4393542477 -0.1275207489  0.1424111608  1.0000000000 -0.2462104830  0.1379070521  1.0000000000
 3.2309678182  9.8374480322  1.3080067154  4.0660382870 10.0059020938  2.8054925895 -0.1260141945  0.2322460623  1.0000000000 -0.0976330396  0.1919442773  1.0000000000
 5.6530028492  9.8159486673  0.0253911138  5.7835007531 11.2669598657  0.5006495795 0.1887768070 0.0334117777 1.0000000000 0.2289743646 0.1996339862 1.0000000000
 3.7236634278  8.3729505707 -0.6581306333  3.7016058517  7.1392829953  0.3719414572 -0.0429767309  0.0883422830  1.0000000000 -0.2076249896 -0.1108262609  1.0000000000
 3.3536535613  9.9315609082 -0.5364381698  5.9582609393  7.8793969038 -0.3752620151  0.0347212396  0.3034587039  1.0000000000  0.1598776031 -0.1574908094  1.0000000000
 4.5415462207  7.7157260702 -0.3565220811  3.1401469017  8.6675890133  1.1462768128 -0.0132871520 -0.0854779481  1.0000000000 -0.2260996272  0.1100966151  1.0000000000
4.3219694770 7.0177676699 1.2013899765 7.4655072390 8.8851545682 0.3685700657 -0.2498873396 -0.1242316563  1.0000000000  0.2501714091 -0.1556396502  1.0000000000
5.7409042824 9.8159444905 1.9203837466 6.0046422834 8.3265177100 1.5154225363  0.0670984042  0.0653553719  1.0000000000 -0.0177364741 -0.0898380899  1.0000000000
 4.9020905368  7.5416071824  2.1802766589  4.6956396834  8.0745943572 -0.7113078918 -0.1261771314 -0.0829663932  1.0000000000  0.0121871799 -0.1125507641  1.0000000000
 4.5718205922  8.5090951487 -0.3598235388  5.3162660638 10.2725613407  1.0398584937 0.0076746130 0.0249419856 1.0000000000 0.1163171716 0.1096603290 1.0000000000
2.7976354861 8.9348941664 1.1211369302 7.1002472346 8.9366115197 1.0979714332 -0.2454212099  0.1976024555  1.0000000000  0.1715989199 -0.1104965793  1.0000000000
4.2708651132 8.7262667725 2.8620789177 5.7931955365 7.9756224231 2.8595730617 -0.1169957786  0.0490550639  1.0000000000 -0.1018113386 -0.1376909391  1.0000000000
7.8433604840 8.8053417439 1.6591614218 3.5581237150 9.1230542917 1.6957404132  0.1437837299 -0.1709951002  1.0000000000 -0.1302184459  0.1194178857  1.0000000000
 4.3732980530  8.1309730583 -0.5102277875  5.6392534988  9.3723554578 -0.7972463723 -0.0235253092 -0.0616760439  1.0000000000  0.2120658395  0.0217431018  1.0000000000
4.7127936159 9.5001845029 1.9440317818 4.1103048994 7.3897023341 0.6821189186 -0.0344385917  0.0596360571  1.0000000000 -0.1674714957 -0.1025417471  1.0000000000
 4.0146750410  9.0463773126  3.4148494137  3.8618828402  7.6941430448 -0.2736321948 -0.1360774359  0.1026146015  1.0000000000 -0.0889494188 -0.0260082217  1.0000000000
 7.2364766225  9.4508016157  1.5395745397  3.8179395073  6.6797784411 -0.1445748459  0.1586182895 -0.0622291216  1.0000000000 -0.2440109922 -0.1310300297  1.0000000000
4.6785665393 7.0054758399 0.6480807633 2.6212665155 8.2685004933 0.6553230554 -0.1123245318 -0.1657783814  1.0000000000 -0.2843794354  0.1349420062  1.0000000000
4.0495016634 9.7143909338 0.3391121871 5.2607388290 6.7821024426 2.8008578883 -0.0103198684  0.1543337015  1.0000000000 -0.2168776435 -0.1829716427  1.0000000000
 5.2851142978 10.5103986554  0.9896644341  4.2913929679  6.1402238154  0.0762379695  0.0803284589  0.1479583330  1.0000000000 -0.2354773723 -0.2682569111  1.0000000000
 6.6290102717  7.7204691318 -0.7042249330  5.0395415025  6.8272380884  0.4406880252  0.1558722789 -0.2528337915  1.0000000000 -0.0899694887 -0.2194368185  1.0000000000
 6.6067462578  7.4766062633  0.7926264141  7.1762743151  7.9166266336 -0.1240232339  0.0657395423 -0.2274608536  1.0000000000  0.2286422181 -0.2676501824  1.0000000000
4.4261829211 7.3271254496 1.8049954918 6.5096670248 9.7375269307 1.1187912087 -0.2250546403 -0.0776765823  1.0000000000  0.1755764560 -0.0289310183  1.0000000000
 5.2701445727 10.5633931706  1.4678668146  5.1795444475  9.4891906206 -0.4427342630 0.1108425380 0.1527889508 1.0000000000 0.1290479588 0.0682228737 1.0000000000
 5.5198306925  8.0898126104  0.0319724142  5.2289565159  8.1752600637 -1.0508820371  0.0757596111 -0.1185375013  1.0000000000  0.1215048285 -0.0951386237  1.0000000000
 5.0394437218  9.1547194924 -0.7979406626  6.0076358570 11.1703306988  1.8593900269 0.1414085829 0.0515750834 1.0000000000 0.1530485210 0.1366202758 1.0000000000
 6.0560698052  8.8903098804 -0.6773637301  6.0544559737 10.9755170478  1.4069212785  0.1930481533 -0.0641752068  1.0000000000  0.2035291756  0.1376225324  1.0000000000
4.9795329640 7.9045123344 2.2892269343 7.0533148133 8.2178375196 1.6424212819 -0.1431446283 -0.0988984868  1.0000000000  0.0996858233 -0.1535905244  1.0000000000
 4.5151532148 10.1982117460  1.3912831939  4.7195611056  6.7265197667  1.0007494770  0.0210459099  0.1848280592  1.0000000000 -0.2038832562 -0.1836672898  1.0000000000
 4.4807398072  8.0683635846 -0.4205317365  6.2889920889  9.6318859047  0.9388238161 -0.0279630764 -0.0090501520  1.0000000000  0.1362441412 -0.0061193397  1.0000000000
 4.2469811169  8.9020675407  0.5672837225  3.4705423131  8.2031519027 -0.0788879446 -0.0509277294  0.0398751152  1.0000000000 -0.1227440228  0.0785686453  1.0000000000
 5.2503351897 10.8002014732  2.1769270455  4.8026737080  9.8050020820  2.0838999389  0.0586867151  0.1372784170  1.0000000000 -0.0066543568  0.1204283713  1.0000000000
6.2167263665 9.5388720712 1.0416644149 7.2260620359 9.3725794201 1.5379456815  0.1248994054 -0.0033494717  1.0000000000  0.1318196836 -0.0484664452  1.0000000000
 4.8180798496 10.8755304005  0.6450214480  6.0234963520  8.5120276363 -1.3228315018  0.1221028845  0.1906219438  1.0000000000  0.2618830674 -0.0590670366  1.0000000000
4.4355458792 7.8867996547 0.2471811252 7.2704344858 8.4244374068 0.8833445567 -0.0815346059 -0.0134545127  1.0000000000  0.1551558903 -0.1567471828  1.0000000000
5.1395297095 8.6534965272 0.8770811993 4.4618719130 8.6366986130 2.9882705672 -0.0143370231 -0.0247378018  1.0000000000 -0.1720967848  0.0349620324  1.0000000000
 5.9542655014  9.4378011574 -1.3481344466  6.6561984836  9.0274753029  1.3455165893  0.3443775093  0.0490084777  1.0000000000  0.1480418963 -0.0792015447  1.0000000000
 5.0474337348  6.3532397952  0.3288593270  4.9954517865 10.7474337878  2.4538916506 -0.1227032139 -0.2629489269  1.0000000000  0.0077280497  0.1031254538  1.0000000000
5.7122638216 9.1512344815 2.0767095126 6.0042156465 9.7926146255 0.5849282485 -0.0093603363 -0.0180036640  1.0000000000  0.1702732994 -0.0004847444  1.0000000000
3.6246551306 9.2267695492 1.2953539577 5.1945733476 8.8213779611 2.2813737108 -0.1446386851  0.1601623831  1.0000000000 -0.0404086923  0.0074215703  1.0000000000
