982.8000000000
50
  0.2824951892   7.0330518887 -15.0958237541 -0.1938019050 -0.0506496787  1.0000000000
 -0.0543122400   5.8723113402 -14.1773437572 -0.1043294975 -0.0485352836  1.0000000000
 -1.1168927175   5.3304670760 -13.2422295209  0.0529694081 -0.0687090669  1.0000000000
  2.0218827572   4.1062673504 -13.2044245342 -0.2520617226  0.0326096880  1.0000000000
 -0.1456228198   3.6066897079 -13.8664776794 -0.0077540045 -0.2340137469  1.0000000000
 -1.6976386062   5.6583471486 -14.4655595871  0.0292860222 -0.1610498909  1.0000000000
 -1.5100380271   7.0176775645 -12.3283992263 0.1337818372 0.0773177383 1.0000000000
  0.1258206428   4.7788518485 -12.6168260524 0.0697040316 0.0576159333 1.0000000000
 -0.7727641443   7.1965114513 -11.7286770238 0.1002221801 0.1816673584 1.0000000000
 -1.2794672761   5.8723003346 -13.5590516853  0.0717021849 -0.0656130586  1.0000000000
 -0.6720776436   3.7677582716 -12.2963307387  0.1810230800 -0.0663725038  1.0000000000
 -0.8367048849   5.6176314649 -12.0584422404 0.1302331874 0.0762347419 1.0000000000
 -1.1483724998   6.3431918716 -14.3012242042 -0.0681210570 -0.0802025994  1.0000000000
  1.0907285966   5.3793599479 -14.1982424954 -0.1862422694 -0.0832536462  1.0000000000
  1.5994956793   6.7700017340 -12.9620419706 -0.2197015276  0.1675907250  1.0000000000
 -0.0213829017   6.0597982193 -13.9078047479 -0.0664041907 -0.0336055092  1.0000000000
  0.5347991110   4.7853453256 -14.5442209220 -0.1619189089 -0.1528201218  1.0000000000
  0.5177264452   7.7169785683 -13.7986148241 -0.1633642559  0.0888882856  1.0000000000
 -0.8362644965   6.5749060487 -13.8549955533 -0.0406426156 -0.0591880585  1.0000000000
  0.2314929635   3.8104272989 -14.5511553047 -0.0945843987 -0.2406713964  1.0000000000
  1.4269305738   6.9344037568 -13.2021389406 -0.2206723409  0.1671298689  1.0000000000
  1.1202581510   5.1187882025 -13.0491786833 -0.1025033811  0.0660763879  1.0000000000
 -2.1053032130   4.4158925032 -13.7884910475  0.1741740447 -0.2293132076  1.0000000000
 -0.6435643287   2.7644709265 -12.9568642368  0.1524620125 -0.2365605282  1.0000000000
 -0.5260313806   6.3124092717 -15.1579025086 -0.1215575430 -0.1067104576  1.0000000000
 -0.7880305941   4.6667301278 -12.2065270984  0.1540759093 -0.0089472393  1.0000000000
 -0.0183078382   6.0138604832 -12.6875580017 0.0068076068 0.1124131484 1.0000000000
 -0.6953203542   5.0712362588 -11.0062052687 0.2263963992 0.1328551863 1.0000000000
 -2.3640040550   5.3551639142 -13.3506047298  0.2044258216 -0.1362312390  1.0000000000
 -1.7177881015   6.2378755359 -12.8181710125 0.1317069850 0.0028268933 1.0000000000
  0.9651739719   6.5531363259 -14.1151662390 -0.1508126213  0.0439713644  1.0000000000
  0.1193354880   5.2228598752 -11.3149109540 0.1435524495 0.1894403093 1.0000000000
  1.9014144281   5.6001667883 -13.5506343420 -0.2656606402  0.0909827816  1.0000000000
 -0.6535237909   4.9043858417 -13.0420627140  0.0758991800 -0.0720137083  1.0000000000
 -0.8274338315   5.9771631715 -12.6456176997 0.0676585931 0.0330223050 1.0000000000
  0.0185512383   3.9590802165 -12.8481558995 -0.0041336512 -0.1117467432  1.0000000000
 -1.6760276907   6.8469517663 -11.4428769760 0.2016549367 0.1449002294 1.0000000000
 -0.1512843443   6.3411393715 -12.3843909832 0.0184210575 0.1181900842 1.0000000000
 -1.8646788952   6.5051939110 -12.2430647819 0.1696201987 0.0643865695 1.0000000000
 -0.6427063173   4.6205987745 -12.7274168047  0.0857873059 -0.0507510242  1.0000000000
 -1.2304507228   6.7439528708 -13.6890333402  0.0264297211 -0.0004279501  1.0000000000
 -0.4713845657   5.8283868650 -15.0650927368 -0.0989027331 -0.1250678740  1.0000000000
 -0.7413781017   4.4277119094 -13.8880467343  0.0403877816 -0.1795599541  1.0000000000
 -1.6103052313   6.7208991093 -11.7721228330 0.1213979112 0.1133003734 1.0000000000
  0.2383715020   5.1185117391 -13.5213056649 -0.0308807702 -0.0345770851  1.0000000000
  1.4236632991   7.8294196235 -13.0862834813 -0.1872755314  0.2116838033  1.0000000000
  1.0323321366   7.0450247668 -12.6416093642 -0.1123359861  0.2014723083  1.0000000000
  1.1776757311   5.3864517237 -14.0445075346 -0.2008088816 -0.0400701900  1.0000000000
 -0.3529573609   3.3591403167 -12.4100834077  0.1401341403 -0.0652286947  1.0000000000
 -1.3024653946   4.1192063096 -14.2102241594  0.0619660423 -0.2221050649  1.0000000000
50
 -0.5833122670   3.3706615845 -11.2047016784   0.5246495683   7.7718375589 -13.7568861865  0.3216574945  0.0540624243  1.0000000000 -0.1591573786  0.1046741201  1.0000000000
 -0.3671372722   5.9902859864 -14.4949322196   1.1776552026   4.1764150941 -14.6395384577 -0.1149832656 -0.0939706532  1.0000000000 -0.1968006697 -0.1616254638  1.0000000000
  0.7080854908   4.0890088702 -12.3907570730  -0.0644435023   5.6413912460 -12.8953143377 -0.0023860161  0.0382795035  1.0000000000 -0.0593925259  0.0604277250  1.0000000000
  0.8649409400   5.6086558338 -12.1679352310   0.1998886277   4.3128504814 -10.4172574878 -0.0319670778  0.1783943493  1.0000000000  0.3092687743  0.2879885143  1.0000000000
  1.0113310034   5.7493614698 -13.3324171025   0.2261440555   5.1438045524 -14.5530796596 -0.1316585424  0.0298714756  1.0000000000 -0.1552922667 -0.1292994951  1.0000000000
 -0.4586122326   3.0079868274 -12.6152437223  -1.6158768940   6.2615439589 -14.4974635536  0.1577787849 -0.1549113758  1.0000000000  0.0444396512 -0.0879386612  1.0000000000
  0.3924148195   4.8070865725 -10.3179021357  -1.9551730919   3.9222643598 -12.5205143423  0.2424561269  0.3163126863  1.0000000000  0.2718611389 -0.1857121284  1.0000000000
 -0.5088423564   4.7384846825 -13.4042227547   0.7204422755   7.8701802770 -13.4259143177  0.0426607318 -0.1276523352  1.0000000000 -0.1420785632  0.1455405912  1.0000000000
 -1.8068502816   4.0803067716 -12.7475985085  -2.1839655027   5.5755464852 -13.4411274992  0.2480953255 -0.1287585929  1.0000000000  0.1248222372 -0.1025994818  1.0000000000
  0.0059560211   6.4856008701 -12.7542983424  -1.8495411400   5.9329952370 -13.8247063656 -0.0473120127  0.1169083838  1.0000000000  0.0772348223 -0.1079822044  1.0000000000
 -1.0202835504   3.2113054550 -12.1307214727  -0.0229983616   6.3078610390 -14.9980082895  0.2761329979 -0.1310891791  1.0000000000 -0.1499116125 -0.0561896181  1.0000000000
  1.1074156191   4.9545316619 -14.0646733972   1.3725783260   4.9796119949 -12.1295490945 -0.2107984178 -0.0351859702  1.0000000000 -0.0486711497  0.1669614842  1.0000000000
 -0.5024061695   3.5088535921 -12.9997198529  -1.2072654091   5.2698143133 -14.2087149851  0.0980636076 -0.1679945440  1.0000000000  0.0308822116 -0.1395794514  1.0000000000
 -1.4670319077   6.3765188003 -12.5979282441   0.7060255480   6.4376051832 -14.7475576474  0.1354705630  0.0395786621  1.0000000000 -0.1958502748 -0.0021308403  1.0000000000
 -1.7028190784   4.5213778870 -13.7149795323   1.4826908758   3.1208565156 -15.0051054575  0.1250117218 -0.1806116334  1.0000000000 -0.2904407443 -0.3563325431  1.0000000000
 -0.5926066679   5.2565363784 -14.8978900763   0.0370415346   6.5382200652 -11.6129819444 -0.0910487818 -0.1818977499  1.0000000000  0.0657746859  0.2109110135  1.0000000000
 -2.4512693327   5.2114176271 -12.7759603323  -1.7141338027   6.1624135248 -12.9464465937  0.2298445313 -0.0772987955  1.0000000000  0.1261528078 -0.0432926351  1.0000000000
 -0.9070708950   4.2019150396 -11.0453643024  -0.0815318055   6.4963785360 -14.7174123751  0.2998425174  0.0991989049  1.0000000000 -0.1024679628 -0.0643260650  1.0000000000
 -1.2970989723   4.0798191849 -13.1983517246   2.1985436362   5.4439900362 -11.9656335826  0.1852015908 -0.1836113977  1.0000000000 -0.1815555831  0.2699545556  1.0000000000
  1.1400662880   4.4758145177 -12.9662147215  -0.2799050765   6.9146023952 -13.8806210139 -0.1090675571  0.0113233092  1.0000000000 -0.1159766444  0.0457646519  1.0000000000
 -1.1242851826   6.1899310683 -14.5637859268   1.3296086748   5.2997356613 -11.9790619512 -0.0211878857 -0.1410066833  1.0000000000 -0.0701074149  0.1687863441  1.0000000000
 -1.2053099092   6.3815205776 -12.8462363031   0.2124393922   6.4815133939 -14.4981579977  0.0703245925  0.0204001263  1.0000000000 -0.1243045255 -0.0350523481  1.0000000000
 -1.0291458624   5.5585586093 -12.0903570764   0.7721221901   5.8319501685 -13.9829417183  0.1753896633  0.0528666053  1.0000000000 -0.1614412507  0.0270314638  1.0000000000
  0.4886439609   7.0607300519 -12.5793230315  -0.2694094632   4.5041267953 -14.8903605675 -0.0512864139  0.1724025723  1.0000000000 -0.0922104613 -0.2043123232  1.0000000000
 -2.0195762832   4.9822046994 -13.4014022662  -1.3388791080   6.1594863973 -15.1300075178  0.1432395741 -0.1489002295  1.0000000000 -0.0505366752 -0.1635131945  1.0000000000
 -0.8807855026   3.5093094891 -13.8988481660  -0.8223193639   5.4745959853 -14.1276930018  0.1178561394 -0.2445664218  1.0000000000  0.0014639052 -0.0995693362  1.0000000000
  1.4509136252   3.4008608859 -14.7978790129   0.1393931430   6.9296228272 -12.2812509879 -0.2895346467 -0.2592422768  1.0000000000 -0.0136444820  0.1972951573  1.0000000000
  0.3563740128   6.8171276193 -14.6169884820  -1.4545829521   4.7629780548 -14.4749325221 -0.1362217879 -0.0313286779  1.0000000000  0.0686440562 -0.2087292471  1.0000000000
 -0.2017842429   6.9265362941 -12.7509006599   0.1530867752   3.6617558535 -13.2744640059 -0.0118959605  0.1056942037  1.0000000000  0.0074901651 -0.1531852755  1.0000000000
  0.0560314870   5.8988786188 -11.1559257578   0.0300396721   5.1904858064 -10.7160075855 0.0996792096 0.2574075911 1.0000000000 0.1914479478 0.2292394560 1.0000000000
 -1.9078146336   4.8417325049 -13.2523495522   2.2868561046   5.7570346804 -12.4090057605  0.1553728475 -0.1556457480  1.0000000000 -0.2478295743  0.2595566935  1.0000000000
  1.2594235992   7.2968042317 -12.6471825455   1.1076840271   6.9115997892 -13.7577871195 -0.1341840946  0.2120755088  1.0000000000 -0.2193102674  0.0949605179  1.0000000000
  0.5047896733   4.4518956737 -12.3427504671  -0.2894155776   3.9489355337 -13.3828536219  0.0310196985  0.0632115751  1.0000000000  0.0513136865 -0.1576081024  1.0000000000
 -0.9691774394   5.5871586983 -15.2509933521  -0.5178573324   3.8863262665 -13.4824806618 -0.0411050664 -0.1702442316  1.0000000000  0.0762402489 -0.1853088974  1.0000000000
 -0.6141122807   6.4682762172 -12.9578971750   0.5930652204   6.0945959148 -11.9453114239  0.0291757327  0.0843536712  1.0000000000 -0.0109731683  0.2075380788  1.0000000000
 -0.3181916152   4.4618983764 -12.2642484473   0.6355784305   4.5019440819 -11.5080778365 0.1126066123 0.0465439440 1.0000000000 0.0756670580 0.1600182095 1.0000000000
  0.0392259852   4.1423102486 -12.5596600914   0.1923912072   4.3521778011 -14.2597097064  0.0756976084 -0.0111877801  1.0000000000 -0.0858724811 -0.1734267757  1.0000000000
 -1.4228643980   4.4015213845 -12.4228752690   0.3753435249   7.3297088730 -14.0953992812  0.2128490657 -0.0563897778  1.0000000000 -0.1546150918  0.0436758673  1.0000000000
  0.8347504298   5.4552641838 -13.8840896722   0.0960474177   6.9228154926 -12.9997978798 -0.1473008440 -0.0577782753  1.0000000000 -0.0299227678  0.1319634929  1.0000000000
 -1.3992337597   4.5222624388 -11.6347382794  -2.9009582665   5.2193073911 -14.1608353444  0.2471210272 -0.0031770581  1.0000000000  0.1393731626 -0.2227301142  1.0000000000
  0.0949801415   4.5194288330 -13.7616362354   1.6393827861   3.9620657617 -13.5934182543 -0.0265542077 -0.0912115637  1.0000000000 -0.2128197592 -0.0607712680  1.0000000000
 -0.6292350687   5.9579938492 -12.7578839010   0.1714417297   5.2476154392 -10.7288652684  0.0389685735 -0.0010503153  1.0000000000  0.1650177333  0.2623458858  1.0000000000
  0.6272607924   5.5361133514 -14.3489308070  -1.2241979342   4.4355270862 -12.9291461530 -0.1641375951 -0.0598974884  1.0000000000  0.1516525851 -0.0816549603  1.0000000000
  0.9763091565   6.3438130250 -12.9354347239  -2.0266367203   5.7680310375 -12.0259830265 -0.0880262068  0.1671243084  1.0000000000  0.2089982646  0.0046739574  1.0000000000
  1.2631255715   4.9109654826 -11.1828263289   1.1127540287   4.6478558737 -11.4452202495 0.0085872940 0.3049162132 1.0000000000 0.0180242318 0.2108407996 1.0000000000
 -2.4720094082   5.8507981861 -13.8070702002   0.6793339329   4.5067161084 -14.2522529783  0.1409804162 -0.1338852591  1.0000000000 -0.1349889321 -0.1504079780  1.0000000000
 -0.3765524355   5.8516936223 -11.0877409865  -0.6395684146   2.9591687695 -12.8703472358  0.1666061340  0.2290502124  1.0000000000  0.1535459346 -0.2105854299  1.0000000000
  0.7379458571   7.2333780454 -13.7206043946  -1.3515353827   6.2040522901 -14.8739119958 -0.1322360698  0.1183233219  1.0000000000 -0.0392677934 -0.1271042961  1.0000000000
  0.7043275439   6.8638439479 -13.4353317046  -1.9260648289   6.5281537287 -13.2206616238 -0.1466287440  0.1075381250  1.0000000000  0.0970473150 -0.0124455447  1.0000000000
 -1.5351594496   6.7247368544 -13.0809598792   0.0474211524   5.4557612753 -12.5945025605 0.0820108435 0.0037727339 1.0000000000 0.0397794332 0.0477238404 1.0000000000
