921.0000000000
50
4.9547888202 9.9260388711 7.0156969854 0.1740144473 0.0914752219 1.0000000000
 4.6659134818 10.2400790598  7.9313810868 0.0969574294 0.1403199042 1.0000000000
3.9096023860 8.2534065747 8.1580484395 -0.1676175020  0.2328617168  1.0000000000
6.9078642902 7.7580086724 7.7660445844 -0.1949611059 -0.2429648710  1.0000000000
5.6126818851 7.5237550822 8.8240657034 -0.3013214904  0.0019217778  1.0000000000
7.4295984480 8.0627473154 8.6930146866 -0.1900427019 -0.2480153451  1.0000000000
 6.0024564041 11.0396960627  7.4516763829  0.2287466866 -0.0485487037  1.0000000000
 5.8873580714 10.1185597568  8.1408370430  0.0697254698 -0.0240306208  1.0000000000
 4.1167459806  9.6499090949 11.5226072439 -0.1646674279  0.1806556247  1.0000000000
6.8549250637 8.8621756684 8.9263022653 -0.0973587145 -0.1373364950  1.0000000000
 3.7069625209 10.5174087417  6.6532014410 0.2819700432 0.2767877020 1.0000000000
 5.4071569202  9.1495024070 10.9630967468 -0.1854476845  0.0914080088  1.0000000000
 4.4168596927 10.0527613294  9.9565634129 -0.0551135897  0.1715641747  1.0000000000
 7.6055782376 10.1119411656  9.7942716033 -0.0334621827 -0.1936703753  1.0000000000
7.2162913485 9.0184272143 7.9769922751 -0.0527663839 -0.2240894601  1.0000000000
6.6875725180 9.6731442279 7.7681000928  0.1213059325 -0.1405603029  1.0000000000
 7.3293399219 11.5527498707  8.4336661396  0.2026309112 -0.1886905485  1.0000000000
4.3941097663 8.6583871035 8.3866517185 -0.0643255508  0.1469731551  1.0000000000
4.2741101230 9.9495228727 7.4178762712 0.1428321193 0.1827312880 1.0000000000
7.2877035466 9.8490951378 7.8251242543  0.0751776620 -0.2205374102  1.0000000000
7.5281106331 7.8245807377 8.9552485188 -0.2389867680 -0.2958721481  1.0000000000
 7.8856668499  9.4749329874 10.8547726298 -0.1609823863 -0.2161071309  1.0000000000
 6.5033409308 11.9970599098  8.7369482498  0.2301519188 -0.0421872969  1.0000000000
 4.9479980133 11.3803065243  9.9197781522 0.0570936244 0.1161772531 1.0000000000
 7.1934848114 10.6832969692 10.3434850789 -0.0479327326 -0.0763820803  1.0000000000
 4.3111406039 10.1153385358  7.5420251190 0.1514880709 0.1522414629 1.0000000000
4.7775376318 8.1183631533 9.5882510696 -0.2530984680  0.1196042429  1.0000000000
7.4859925253 9.6545329475 6.8317058347  0.1664055730 -0.2591152323  1.0000000000
 5.3527433498 12.4329115315  9.4156575970 0.1554804419 0.0689916683 1.0000000000
6.0780159270 7.4560722134 8.2286594608 -0.2489121388 -0.0857870993  1.0000000000
5.8906003084 8.6761689938 7.4331576439 -0.0313145140 -0.0534102975  1.0000000000
5.4652780715 9.8226242850 6.8605514193  0.1092748747 -0.0018130783  1.0000000000
 5.9894287752 10.4651680919  8.1623627475  0.1405741287 -0.0453541682  1.0000000000
7.2846941568 9.1811658174 7.6814443743 -0.0069761225 -0.2501036234  1.0000000000
5.7096178039 9.5558533678 8.8496119297 -0.0241936840 -0.0300607438  1.0000000000
6.7250510035 8.9512902142 8.1551396330 -0.0852589588 -0.1983941149  1.0000000000
 7.2112715058 11.2574509008  9.9568132161  0.0832440466 -0.0954043339  1.0000000000
 4.3451716793 12.7973773688  9.5072705732 0.1975496074 0.1955262698 1.0000000000
 4.3756824323  9.2733382269 10.4623428223 -0.1672751001  0.1447146298  1.0000000000
3.5875056357 7.6654311328 8.4191393230 -0.2488396258  0.2757873466  1.0000000000
6.0624824606 8.4314624568 9.2439907942 -0.1604643993 -0.0473457023  1.0000000000
 7.3874614253  9.6381665712 10.6109477656 -0.1025993275 -0.1623885386  1.0000000000
4.2400587143 8.9786793989 8.9686195039 -0.1238259749  0.2372646043  1.0000000000
 6.2323335344 10.3903717227  7.8569572998  0.1360187190 -0.0366246281  1.0000000000
 4.9774900129 12.5058192311  9.1322734320 0.1960117525 0.1188173466 1.0000000000
6.7385155740 8.6554861227 7.5313301008 -0.0239869989 -0.2127118151  1.0000000000
 4.5190053102 10.3516657020  7.9130328240 0.1073546300 0.1590236542 1.0000000000
 4.5989719194 10.1988571843  7.7862666615 0.0620336981 0.1382600168 1.0000000000
4.0538844920 9.9310407031 7.4629710060 0.1248937534 0.1988368168 1.0000000000
3.6793192334 8.8273900741 8.0811630029 -0.0830049444  0.2678410197  1.0000000000
50
 7.3022089633  9.4546239969  8.1598333926  6.8603843672 10.9188766147  9.1808205885  0.0421048858 -0.2222486697  1.0000000000  0.1142567581 -0.1198661495  1.0000000000
 5.7080112021 10.3257423811  9.3427016290  6.3318848714  9.8797229611  6.2158824882  0.0394744339 -0.0348210426  1.0000000000  0.2426408933 -0.1470363269  1.0000000000
 6.7095432726 10.0516911385  7.9955186372  4.9718538837 10.6120072700  7.4853201645  0.0885507736 -0.1336872360  1.0000000000  0.2145816750  0.0472619747  1.0000000000
 6.1905231732 10.0256972676  8.1786883757  7.6095425137  9.8373457094  9.6372050853  0.0516926613 -0.0854038919  1.0000000000 -0.0438203448 -0.1938130806  1.0000000000
4.4108162868 8.1408347061 7.9828883146 7.0177976042 8.0398419394 8.2716757506 -0.1236720471  0.1719712570  1.0000000000 -0.1666817361 -0.1890588742  1.0000000000
 5.6286274176  8.7444806947  8.6284662288  6.9222803696 10.6521906302  9.5027589839 -0.0701232761  0.0168809356  1.0000000000  0.0311527502 -0.0957851106  1.0000000000
 4.0111133619  8.6876644425  9.7894891500  4.3861194291 10.7076467383 10.7699340249 -0.2017037561  0.1833831288  1.0000000000 -0.0477305259  0.2288599164  1.0000000000
 6.6756006599 10.9006373239  9.4630644694  5.2120124383  9.1664706615  9.2403244677  0.0600024882 -0.0752218592  1.0000000000 -0.0870896800  0.0989743034  1.0000000000
 7.4436330820  9.7009520869  7.4938591484  4.9685663097 11.6634743840  9.6867996140  0.1112221949 -0.2571852883  1.0000000000  0.1036043874  0.1140035150  1.0000000000
 4.3987695916  9.4290962753  8.2495127607  3.8560585419 10.4434294306  8.8655890451 0.0001284191 0.1310758237 1.0000000000 0.0012675394 0.2461568629 1.0000000000
 6.7221406874  8.8813057663 10.3158120402  7.7404590124 10.2572467357 10.5186971474 -0.2100813752 -0.1181528588  1.0000000000 -0.0464995456 -0.1406038152  1.0000000000
5.6487859287 9.2058165618 9.4836014769 5.9070433717 9.1399253330 9.9270235034 -0.1124517761  0.0436785507  1.0000000000 -0.1913743329  0.0210118906  1.0000000000
 6.9258650952 10.9293478978 10.2496086861  4.8039067935  9.0332082017 10.0883605090  0.0315960278 -0.0853647629  1.0000000000 -0.2271331494  0.1458202013  1.0000000000
 7.8283677853  9.4216912664 10.5215032230  4.1453255481 11.5879883086  8.0675948197 -0.1370441914 -0.2133072439  1.0000000000  0.2576633564  0.1970904785  1.0000000000
 6.8355414186  9.9388040236  7.2388579599  5.1766513974 11.1925107463  9.0433558727  0.1961753024 -0.1790162706  1.0000000000  0.1453877836  0.0809629186  1.0000000000
 6.0820125366 11.0099716983  6.8955308588  6.1124665030  8.1524628236  9.2518853393  0.2547937941 -0.0387295896  1.0000000000 -0.2512991689 -0.0698207350  1.0000000000
 4.2963535539 10.8690492970  9.3677420182  5.9017844014  9.5429149546 11.1963580099  0.0220908433  0.2010028722  1.0000000000 -0.1593795154  0.0243805136  1.0000000000
5.3964464517 8.6093381209 7.8641627048 7.3262258248 8.7213327513 9.8420397565 -0.1049067486 -0.0108702640  1.0000000000 -0.1716994009 -0.1928430129  1.0000000000
 3.9973056121  9.5201940775 10.6214176457  5.9939351774  9.3899614187 11.0599340366 -0.1687501799  0.2277237475  1.0000000000 -0.2058644947  0.0728095668  1.0000000000
 5.0293062194  9.9489026538 10.5413856982  6.0678544589 11.4421366260  7.9327570350 -0.0924100298  0.1333541800  1.0000000000  0.2176420220 -0.0247773622  1.0000000000
4.6805601740 8.9501774671 8.5825052489 7.2417168089 9.8423652992 7.3722946781 -0.0845880907  0.1443851630  1.0000000000  0.1271429999 -0.2344412566  1.0000000000
 4.5852073255 10.0312376315  8.1823739705  5.2118945700  9.8230886044 11.1657325757  0.0798958366  0.1623001183  1.0000000000 -0.1433344158  0.1060559253  1.0000000000
 4.1689304995  9.4635063576  7.0424804739  5.9682586209 10.4544510289  7.7510471530  0.0783053528  0.2043274784  1.0000000000  0.1766311462 -0.0224844361  1.0000000000
 7.0923506338 10.5060267997  8.0172696029  7.5701756476  9.1344911448  9.5757436381  0.1408023502 -0.1404024713  1.0000000000 -0.1047542795 -0.1828374938  1.0000000000
 4.4422325655 12.0732193644  8.5032199833  6.3089705722 10.5890745000 10.3590586688  0.1829396720  0.1851225504  1.0000000000  0.0076156202 -0.0342662105  1.0000000000
 5.1622507460  9.6810413468 10.9193956407  3.6362531222  8.5543845001  8.6848472458 -0.1187030541  0.0651323106  1.0000000000 -0.1537358220  0.2791220062  1.0000000000
 6.7943761215 12.3222690409  8.7986900959  6.7222382592 10.4332444490  8.1616443801  0.2305526813 -0.0611118528  1.0000000000  0.1670610097 -0.1378165671  1.0000000000
 6.7458456124 10.1434420441  9.0098640771  5.0615225389 10.9258432410  7.0784703944  0.0041746505 -0.1122552108  1.0000000000  0.2235890816  0.0925298045  1.0000000000
 6.8347486715  7.3973651004  7.9708179127  4.8950376032  9.5471760935 10.5439911342 -0.2356770223 -0.2504439460  1.0000000000 -0.1393150141  0.1210978190  1.0000000000
 6.2745177150  9.5293594283 11.4202080066  6.5539596948 10.8439666045 10.2842099576 -0.1881616066 -0.0096393259  1.0000000000 -0.0087292778 -0.0538966081  1.0000000000
6.6300076941 8.4868919156 8.9950551464 5.9714836035 8.8096798438 9.5934496856 -0.1499530633 -0.1357032168  1.0000000000 -0.1703313288 -0.0100577131  1.0000000000
 6.6028932725 10.2887520471  9.5160832226  4.7004762519 11.3424834482  9.1515468633 -0.0344433997 -0.0493864902  1.0000000000  0.1408720094  0.1174528545  1.0000000000
 6.0141863465 11.3520933906  7.3604071333  5.2951260083 11.4938595843  9.9880467741 0.2893621663 0.0068502079 1.0000000000 0.0425582598 0.0558802293 1.0000000000
 5.1721336792 11.8073814963  9.5259732829  6.1639810514 11.1425041477 10.3157451769  0.1269862124  0.0505868659  1.0000000000  0.0170343217 -0.0475092705  1.0000000000
 5.6310858607 10.6931101183  6.5873600259  5.7336471438  8.7434451190  8.1376809693  0.3213687312  0.0025334396  1.0000000000 -0.0708621821 -0.0002054195  1.0000000000
 4.6114519473 10.8055466929  9.2894161510  6.6011832527  9.1473214078 10.9201773158  0.0480991953  0.1414379660  1.0000000000 -0.1561693621 -0.0801522533  1.0000000000
7.0803604088 8.1666899230 7.3128060427 4.5344035310 8.9818671312 9.6456371095 -0.0972044225 -0.3209651825  1.0000000000 -0.1698978749  0.1922493467  1.0000000000
6.6446298774 9.4969197051 7.4727916707 6.8386026582 8.4820059485 8.1334192277  0.0349357374 -0.1529607306  1.0000000000 -0.0763670849 -0.1760284923  1.0000000000
 7.7020698683  8.9815154783 10.7832588168  7.5978414065 10.0451086120  8.9250925639 -0.1440626614 -0.2341910851  1.0000000000  0.0033150250 -0.1671630457  1.0000000000
 6.6814289474 10.6225818830  6.3754007704  5.8205078409  8.8565179578  7.6729932872  0.2967856382 -0.1598519116  1.0000000000 -0.0184929958 -0.0363419109  1.0000000000
7.3321113014 8.9202378050 9.0462840980 3.7128192886 9.5240707380 7.4207771572 -0.1322866658 -0.2154252040  1.0000000000  0.0612003372  0.2662464717  1.0000000000
3.6980611380 9.8467230666 7.3801565775 5.9620989687 9.7597894643 8.7439615426  0.1300299093  0.2773143182  1.0000000000 -0.0302951471 -0.0393495657  1.0000000000
 5.2669502797 10.9917820996  8.8998323273  4.1744767356 10.7498142012  7.3578863039 0.1186198425 0.0317627359 1.0000000000 0.2046258303 0.2256585430 1.0000000000
 4.9731169827 11.5553597148  8.1366223181  6.4735289888 11.6153970116  7.9122583833  0.2437239113  0.1021339637  1.0000000000  0.1850223598 -0.0912735315  1.0000000000
5.4506363545 8.0264278187 8.2496347203 4.9884927654 9.4283254360 7.3427532447 -0.1785232008 -0.0096098288  1.0000000000  0.0412870043  0.0692147001  1.0000000000
 7.3610506696 10.4684400130  8.2915261976  7.2380970042 10.9289311837  9.3170046157  0.1037648863 -0.2177859839  1.0000000000  0.1049647439 -0.1557288696  1.0000000000
6.5031547192 9.9434376217 8.1974424956 4.3444531141 7.6160167632 8.6896597208  0.0619323350 -0.1136828302  1.0000000000 -0.2716014037  0.1762320943  1.0000000000
 6.1121111674 10.6537238413  8.5138502611  4.8665745457  9.6570772794  7.9828765333  0.1552943729 -0.0122254893  1.0000000000  0.0490921071  0.0714233819  1.0000000000
6.4565886890 8.2242208053 7.9688814044 4.0940665170 9.4578036334 7.2238340460 -0.1126669503 -0.1254112677  1.0000000000  0.0664940561  0.2270200476  1.0000000000
3.5991118865 7.8180590109 8.3585861297 7.3163233351 9.8483232846 7.0497405775 -0.2438405418  0.3271961535  1.0000000000  0.1642311495 -0.2364186392  1.0000000000
