988.8000000000
50
 11.6615539910 -13.7544151953   2.3016742493 -0.0826150141  0.2406006090  1.0000000000
 11.5044953031 -11.8407985559   3.6441112073 0.1904678683 0.0706417025 1.0000000000
 13.4731333074 -12.8878036416   2.2799417948 -0.1464507724  0.0459807305  1.0000000000
 12.8672989315 -12.8447997639   5.3781605615 0.1781578341 0.1778943975 1.0000000000
 11.4716621795 -11.3893885326   3.7842362844  0.2183171078 -0.0393431546  1.0000000000
 12.4966062827 -12.3020178905   5.4273635587 0.2492250647 0.1571873920 1.0000000000
 11.7308795793 -10.3489316335   3.8229869585  0.2835365199 -0.1106842447  1.0000000000
 11.6022984672 -13.2755660138   2.9874099893 0.0075848938 0.2599803035 1.0000000000
 11.7463305270 -12.3618902509   4.4764098133 0.1844338081 0.1377945739 1.0000000000
 14.9886717563 -12.5151005120   1.9860062838 -0.1691010502 -0.0145222440  1.0000000000
 12.9877159197 -12.0729170032   5.1756068557 0.2017623551 0.0842109965 1.0000000000
 13.1537392231 -12.4876385387   1.4182907444 -0.1977160938  0.0010106608  1.0000000000
 14.6841861278 -12.9991285069   3.6218038581 -0.0722644266  0.0370377080  1.0000000000
 13.5307431411 -11.6907462105   5.0723176486  0.1734216514 -0.0002743399  1.0000000000
 12.3447429876 -11.3700312163   3.2392185851  0.1295398767 -0.0170168230  1.0000000000
 11.2204080626 -10.8867734312   3.6674078311  0.2951161284 -0.0955758647  1.0000000000
 12.7201415589 -11.2916737580   3.0613936196  0.0746244185 -0.0785535272  1.0000000000
 11.3086308204 -12.5436303793   4.4039665511 0.1965948834 0.1844093158 1.0000000000
 11.8860265187 -13.2661166865   1.2728599141 -0.2421188423  0.1192770772  1.0000000000
 12.6093790049 -12.8152471910   3.3955772698 0.0342266974 0.1492592679 1.0000000000
 11.8483428066 -12.6891915532   2.1746423112 -0.0936761846  0.0633645938  1.0000000000
 13.7707268273 -13.5731886650   2.3688724568 -0.2262255693  0.1598005238  1.0000000000
 12.6858071002 -10.4571189346   2.0804589006  0.0098878185 -0.2418108357  1.0000000000
 13.7615596681 -13.9162251778   4.1795058454 -0.0281827865  0.1816356365  1.0000000000
 12.2734195002 -12.7054447704   2.1733065102 -0.0774179617  0.0830377894  1.0000000000
 13.2207567545 -11.8970288603   4.0598622245  0.0597753959 -0.0166487912  1.0000000000
11.1101295653 -9.9203244444  2.8826123046  0.2832033231 -0.2344660209  1.0000000000
 15.0885610026 -10.7014803023   2.4465144950 -0.0695570747 -0.2077889260  1.0000000000
 13.4751360789 -10.4818108567   3.0693161503  0.0291115102 -0.1293927931  1.0000000000
 11.8640850652 -12.1273714211   3.5381113888 0.1361038750 0.0507492500 1.0000000000
 14.6237247452 -14.4871806198   3.5322636639 -0.1294438161  0.1859562140  1.0000000000
 14.3944210314 -10.8991958357   2.4741370441 -0.1007470338 -0.1661341770  1.0000000000
 13.1933273223 -11.6346776782   5.3592994826 0.2232251835 0.0083346090 1.0000000000
 14.7899581910 -10.7848406279   2.2846775696 -0.0794067013 -0.2069202382  1.0000000000
 13.4057213788 -12.0262559592   1.5228976988 -0.2024635189 -0.0787563164  1.0000000000
 15.2188352189 -10.6435840014   3.0000978917 -0.0507029356 -0.2096267055  1.0000000000
 11.7869483327 -13.9837704880   1.4369619972 -0.2608252804  0.2838140611  1.0000000000
 12.5338999373 -11.3684480496   0.6519083907 -0.2487043494 -0.2164156210  1.0000000000
 10.9504142618 -12.1743616367   4.5398929695 0.2602750416 0.1761660363 1.0000000000
 14.1827149954 -11.9492588302   3.9716114223  0.0438588411 -0.0152045477  1.0000000000
 13.4700708085 -12.0575651608   5.2502347875 0.2092797797 0.0273527605 1.0000000000
14.5688248033 -9.7562426611  4.5373532233  0.1517523404 -0.1982471665  1.0000000000
 12.5211419672 -13.6341088126   4.1588033839 0.0557803423 0.2684709199 1.0000000000
 13.7112017106 -11.3355222935   2.6962122761 -0.0555727851 -0.1043725148  1.0000000000
 15.1409644012 -12.2880181177   2.8401347839 -0.0844242479 -0.0276729522  1.0000000000
 10.6683018994 -12.7145771147   2.9635593887 0.1339533548 0.2159288984 1.0000000000
 13.7959362410 -13.3603251962   4.6220952454 0.0891002677 0.1728560175 1.0000000000
 10.6672224728 -13.3100100448   3.5800751090 0.1474987899 0.2979998807 1.0000000000
 13.2903139261 -13.3300046556   5.4189755334 0.1740580642 0.1901367845 1.0000000000
 13.1264370155 -12.8281485673   1.3895078955 -0.2765279783  0.0187110093  1.0000000000
50
 15.2845036999 -12.6774624776   2.2088422293  14.9667957707 -12.1559241232   1.8241545633 -0.2022516520 -0.0732309711  1.0000000000 -0.1731975353 -0.0741141272  1.0000000000
 14.2934320270 -14.3447191252   2.5386108555  12.9703212742 -11.6312325824   1.8692378675 -0.2264619574  0.2040444329  1.0000000000 -0.0608785816 -0.0927359847  1.0000000000
 14.2719654420 -11.9327397205   4.6155806135  14.8456957072 -10.8986024656   3.4290359846  0.0862024995 -0.0149476739  1.0000000000 -0.0206972895 -0.1564755424  1.0000000000
 14.4245776299 -13.2613111303   3.8259877953  14.4072840263 -12.1410743018   3.2144773033 -0.0664940463  0.1002902220  1.0000000000 -0.0595514312 -0.0362587434  1.0000000000
 14.9608036041 -11.5386246570   3.0491855346  13.6316317290 -10.8027573186   4.6782272681 -0.0731829741 -0.1106311802  1.0000000000  0.1634279097 -0.0690359800  1.0000000000
 12.3640275595 -11.2624191709   1.5371843977  12.1677813291 -10.0675067100   2.3259731091 -0.0853766770 -0.1494466733  1.0000000000  0.1007867485 -0.2891250955  1.0000000000
 11.5952903118 -13.1004779794   3.0873377582  11.8255962373 -10.2602917909   3.3378562050  0.0402551955  0.1967795606  1.0000000000  0.1682826306 -0.1994739429  1.0000000000
 13.6213336422 -11.0402631382   2.2831149724  12.3598887150 -10.4561578230   2.1481084279 -0.0704080125 -0.1518958243  1.0000000000  0.0714369395 -0.2368105480  1.0000000000
 14.5662669473 -10.8288884296   2.1948948841  10.7882178221 -12.9463366352   3.6196518775 -0.1039506450 -0.1846969882  1.0000000000  0.1693062193  0.2627510369  1.0000000000
 11.7474375125 -12.4037228684   5.0938051722  14.2347525649 -12.9711341844   3.2467377196  0.2315421189  0.1614802240  1.0000000000 -0.0818731516  0.0466724839  1.0000000000
 13.2511365189 -13.1803763458   4.0837980425  11.6020801452  -9.9602172015   1.9501985362  0.0340512227  0.1885418020  1.0000000000  0.0958559842 -0.2698604532  1.0000000000
 13.7996710642 -11.2761812928   2.8934787045  11.5459746316 -11.6890912156   2.9981744344 -0.0133947758 -0.0932777311  1.0000000000  0.1220018798 -0.0071570670  1.0000000000
 11.2028263307  -9.6721980052   2.6856333350  12.0797053089 -10.4593187306   4.0578118926  0.2412070920 -0.2650806801  1.0000000000  0.2564757583 -0.0918561191  1.0000000000
 15.7052997918 -11.2078241222   1.5962104515  11.6228304352  -9.8907790344   3.3702897672 -0.1868370705 -0.1595418107  1.0000000000  0.2758810979 -0.1787956734  1.0000000000
 13.9441902181 -12.1696174047   4.8281455595  14.6526688939 -12.1115156589   3.4505103333  0.1345157085  0.0842231108  1.0000000000 -0.0138479496  0.0365574943  1.0000000000
 12.7884421065 -11.1064958437   1.2401691830  14.6628292168 -11.3592774989   2.4419522529 -0.0796800763 -0.1822493101  1.0000000000 -0.0768266909 -0.1423651756  1.0000000000
 12.1865599145 -13.1656953034   3.4495629974  15.4080968955 -11.1319426115   1.6411252581  0.0592179412  0.1651973076  1.0000000000 -0.2101846631 -0.1925933289  1.0000000000
 14.0826752961 -11.0079844537   1.2161217319  12.6196217625 -11.9087932857   2.3678137618 -0.1881106767 -0.2074862618  1.0000000000 -0.0156235924 -0.0464221116  1.0000000000
 12.4812727738 -11.5683676766   2.2363083073  12.0775807500 -12.0816025638   2.9503615692  0.0153660625 -0.0828393605  1.0000000000  0.0694990261  0.0185975409  1.0000000000
 12.4324704878 -12.4249683577   1.4355218279  14.4300493541 -11.6819002860   4.1996614521 -0.2221436818 -0.0327165246  1.0000000000  0.0727226289 -0.0269791077  1.0000000000
 11.8114659272 -12.0662859460   3.9119392532  12.5367583764 -11.0808406352   4.7097485483 0.1280765174 0.0722787255 1.0000000000 0.2802294558 0.0057864160 1.0000000000
 13.2933997766 -12.8960623022   5.2349109274  11.7590042569 -12.1784176002   4.2727550499 0.1580286038 0.1359124211 1.0000000000 0.1748170628 0.1051963692 1.0000000000
 12.3687751806 -10.3510652516   3.9078163581  13.2637379343 -12.5572596289   2.7390583092  0.2119034547 -0.1634892477  1.0000000000 -0.0841071652  0.0235284696  1.0000000000
 13.7755595076 -13.1641715632   5.0708874154  13.1492186478 -11.1248588246   1.6533511057  0.0920209195  0.1334923585  1.0000000000 -0.1069862806 -0.1697038678  1.0000000000
 14.0892032951 -11.2579394421   4.6003963567  12.1322083074 -11.7462812963   1.1026737000  0.1493510460 -0.0165052257  1.0000000000 -0.1626841354 -0.0825739232  1.0000000000
 12.8949394155 -12.1638925354   4.8881358836  13.4177904813 -11.4702945151   2.1374263027  0.1427777590  0.0576798379  1.0000000000 -0.0957682422 -0.1400740239  1.0000000000
 13.6983913335 -11.1511492059   1.4284288451  11.5217878276 -11.3162217067   3.9573906189 -0.1762928979 -0.2030629278  1.0000000000  0.2001909089 -0.0184733451  1.0000000000
 11.7368987305 -14.1080556918   1.7215494339  10.9355371800 -11.4742523139   2.8521453904 -0.1915178382  0.2746163448  1.0000000000  0.2136177786 -0.0020956812  1.0000000000
 12.4034035992 -11.5951778908   3.0108312615  10.7276606639 -12.5297938636   3.5192848255  0.0630988763 -0.0481163375  1.0000000000  0.1786677377  0.1768357977  1.0000000000
 12.7720119192 -13.3335584907   1.9027776623  11.3625104741 -13.0272264929   2.7149226534 -0.1547495211  0.0909465414  1.0000000000 -0.0115848868  0.1853950973  1.0000000000
 12.8719778932 -12.5401561277   1.6946021905  12.4914396068 -10.1768171838   1.6740625361 -0.1205371159  0.0297930607  1.0000000000 -0.0234079282 -0.2510094232  1.0000000000
 12.9241370093 -11.7463150215   3.2777141804  14.0217453013 -13.6159434874   2.3638023461  0.0264785001 -0.0023612145  1.0000000000 -0.1698048018  0.0600877530  1.0000000000
 13.5949447011 -14.1156191375   2.1655293723  13.2325057316 -13.4337468639   4.0683951503 -0.2219842484  0.1721730843  1.0000000000  0.0476921011  0.1750384048  1.0000000000
 12.1706909272 -10.3145160557   4.1512844172  10.9311852382 -10.7761222516   2.8329637194  0.2401124423 -0.1408904599  1.0000000000  0.2058889037 -0.1407656470  1.0000000000
 13.6668595885 -12.7936275183   3.7973937891  14.3233133388 -13.6449498247   3.6138663497  0.0006967468  0.0742494536  1.0000000000 -0.0654989675  0.1532064519  1.0000000000
 12.3644451454 -10.2117757011   3.4824225091  12.7456450153 -10.9926654488   4.0747608350  0.2136305627 -0.1353323492  1.0000000000  0.1939727630 -0.0602632320  1.0000000000
 14.6203120959 -13.9038558097   3.8117008519  13.8434495438 -13.0605611318   1.7595346313 -0.0553465675  0.1324222812  1.0000000000 -0.1927221886  0.0450187751  1.0000000000
 13.2008772821 -10.1684560828   4.2270051390  12.7466451613 -12.9528168732   4.8591598622  0.2102112284 -0.1443166493  1.0000000000  0.1345727185  0.1986602575  1.0000000000
 12.8752894486 -11.9030942473   0.7906592584  12.2371988984 -11.3620679047   1.8534663333 -0.2093095493 -0.1378570718  1.0000000000 -0.0563935990 -0.0998881338  1.0000000000
 15.7017448317 -11.2724392663   1.9893042466  11.6707984829 -13.0302460321   4.9598156767 -0.1679878654 -0.1442500949  1.0000000000  0.2608102796  0.2316771150  1.0000000000
 14.7179021956 -12.2613000773   1.9951797117  12.9401177810 -13.6126165275   3.6030857386 -0.2021335322 -0.0738614996  1.0000000000  0.0053400791  0.1841433934  1.0000000000
 12.5238629056 -13.7385349249   2.9069433654  13.0908326640 -11.3350150490   4.7938682738 -0.0973425519  0.2041898978  1.0000000000  0.1713081757  0.0171308529  1.0000000000
 14.8965640717 -11.4586920035   1.6560934588  12.4356766888 -12.4912123279   5.2524725455 -0.1808960765 -0.1537659130  1.0000000000  0.2350241704  0.1120054601  1.0000000000
 13.6263923235 -10.7282955266   1.5401281182  13.1156778451 -10.9419153333   2.8826644610 -0.0944996295 -0.2375255498  1.0000000000  0.0430041741 -0.1313366148  1.0000000000
 14.3998211010 -10.8459106399   3.7853496996  14.2362088010 -12.6074237479   4.4537299042  0.0617445332 -0.1040621795  1.0000000000  0.0813277301  0.0648531358  1.0000000000
 13.5903956738 -11.1665064537   5.1673283824  14.4232463060  -9.8793451860   4.5008168085  0.1775576146 -0.0253414298  1.0000000000  0.1302017517 -0.2431921406  1.0000000000
 12.1631005808 -11.3901385010   3.7334148767  14.4406516606 -11.3404732160   2.2847385014  0.1378494145 -0.0119627981  1.0000000000 -0.1043902806 -0.1406466777  1.0000000000
 13.1110332235 -13.8312277031   3.5464461114  14.0035002024 -12.8926587016   2.6569702997 -0.0248672734  0.2072601288  1.0000000000 -0.1289061732  0.0415338310  1.0000000000
 14.3359331215 -10.7920968822   1.9874746253  14.3194350860 -12.2938861668   3.8717017408 -0.1219291955 -0.2305018076  1.0000000000  0.0553658107  0.0292486887  1.0000000000
 12.5503066180 -11.3757473466   3.5512975877  11.7842939985 -11.6473382378   1.7037254414  0.0996254168  0.0054911183  1.0000000000 -0.0706543523 -0.0862549711  1.0000000000
