490.8000000000
50
-4.8101493620 -4.2111487541 -0.4459557224 0.1498980237 0.2450202419 1.0000000000
-5.3994207160 -4.2700503052 -1.3168249042 0.0535601274 0.1800227735 1.0000000000
-5.1805715582 -5.0125130837  0.5711006021 -0.0170479855  0.2214052552  1.0000000000
-4.5700760549 -5.3783945618  1.2711525916 -0.0514615827  0.1698422077  1.0000000000
-5.4344575916 -6.7034697330 -0.6713045476 -0.1634113663 -0.0600924544  1.0000000000
-3.4127293522 -5.6129646935 -2.4712625433  0.2283978792 -0.1419355803  1.0000000000
-3.4241490507 -7.5412274639 -0.9939438867  0.0107857489 -0.1754331833  1.0000000000
-6.6729836230 -5.0690403484 -1.8394951058 -0.1667150393  0.2361140581  1.0000000000
-3.8476921539 -6.4367974368 -1.8978369352  0.0268163036 -0.1676564407  1.0000000000
-6.3933038381 -4.3543272473 -1.3729610858 -0.0823819425  0.2971810495  1.0000000000
-5.8171763433 -5.4215950043 -2.2877484051 -0.0609942481  0.0844901826  1.0000000000
-1.8384761818 -6.3992933067 -0.6194320591  0.1664758029 -0.1168810874  1.0000000000
-4.9155164043 -6.8435523414  0.6390184576 -0.1430524710  0.0049086533  1.0000000000
-3.6137054437 -3.8908647695 -0.0418316654 0.1559460715 0.1846480524 1.0000000000
-3.3826768457 -6.1868221086 -3.2153582244  0.2341319989 -0.2470314125  1.0000000000
-5.7546789927 -4.8049397573 -0.1831881711 -0.0436194625  0.2306500279  1.0000000000
-3.7770005152 -5.8514000190 -1.2738616604  0.0895310048 -0.0363271499  1.0000000000
-5.4154377693 -5.4897541909 -1.1841990124 -0.0850972464  0.0906502851  1.0000000000
-4.2372883674 -6.8711411976 -1.1171570742 -0.0406702827 -0.1053212873  1.0000000000
-3.6032009656 -4.6903532409 -1.0987302445 0.1591421547 0.0664730688 1.0000000000
-3.0107484454 -5.9895114118 -3.6626024298  0.2921172650 -0.2885536695  1.0000000000
-7.1132935103 -5.3627256370 -0.4004199331 -0.2504452112  0.2618864199  1.0000000000
-1.7814423040 -6.3916567248 -1.1747926021  0.1821683470 -0.1445224091  1.0000000000
-3.8343406598 -3.8443364376  0.2127782276 0.1638467830 0.2069994630 1.0000000000
-4.2554743990 -5.0915230884  0.5580804351 0.0177398826 0.0764628063 1.0000000000
-2.6917407770 -6.7140652480 -1.0164421095  0.1019690866 -0.1672642780  1.0000000000
-6.5473121229 -5.2917958220 -1.2721649357 -0.1645445357  0.1576054858  1.0000000000
-2.5953838480 -6.5923928166 -0.7396373509  0.0969165102 -0.0595379726  1.0000000000
-6.7329084294 -6.1405268563 -1.7275193832 -0.2805441063  0.0654418689  1.0000000000
-3.4808170138 -5.8991892509 -0.5104294943 0.0617631822 0.0049448366 1.0000000000
-4.7750161295 -7.0906297721  0.1203487824 -0.0865671778 -0.0116435479  1.0000000000
-4.5108606690 -6.6920119616 -0.1898098278 -0.0512826493 -0.0196567169  1.0000000000
-3.3362601059 -6.2427719612 -0.2719083626  0.0717736730 -0.0367147451  1.0000000000
-3.6122010720 -7.1893618652 -0.4704489577  0.0039311266 -0.1605560711  1.0000000000
-5.6722089374 -5.8936891970  0.1040321007 -0.1377130542  0.1078540681  1.0000000000
-5.4529125863 -7.2756645211  0.3376468602 -0.2109021925 -0.0195234550  1.0000000000
-3.7951665379 -4.7330249771 -0.8913965438 0.1101388739 0.0943564204 1.0000000000
-2.4532502110 -5.3280693907 -0.8939744259  0.2356319575 -0.0275959862  1.0000000000
-3.8635965438 -5.1133510768 -1.8912707732  0.1363177852 -0.0154613895  1.0000000000
-2.1088185145 -6.3788146124 -1.0911217642  0.1695486654 -0.1514872112  1.0000000000
-4.3592372082 -5.8785389066 -2.4523562564  0.1048981940 -0.0907398231  1.0000000000
-4.7350234748 -5.7227129335 -0.1712972978 -0.0065374452  0.0642244892  1.0000000000
-6.1189212076 -7.0736753478 -2.5858288863 -0.2723842054 -0.1794581659  1.0000000000
-3.9090777297 -3.9789590706 -2.1018583890 0.2584895609 0.0983241028 1.0000000000
-3.3982209286 -4.4654794517  0.9865116427 0.1002908169 0.1640376623 1.0000000000
-5.6644032861 -4.8681247304 -0.3191904943 -0.0879106189  0.1859712290  1.0000000000
-6.6972246159 -5.8449818093 -1.5121522152 -0.2281947384  0.0961986441  1.0000000000
-4.1052084320 -5.0664104989 -0.8464994615 0.1284939694 0.0779086586 1.0000000000
-5.4977755083 -5.8723426937 -2.6262128741 -0.0614208823 -0.0418671870  1.0000000000
-3.9301692773 -5.5366406925 -2.7445349155  0.1801998274 -0.0982806533  1.0000000000
50
-5.0065712622 -4.4359071670  0.0095864559 -4.6767421356 -7.2964077302  0.1491154413  0.0399965986  0.1852347341  1.0000000000 -0.1223000064 -0.0431683079  1.0000000000
-4.7626437467 -5.9864673419 -1.1254638924 -5.5255718393 -6.8208396450 -0.7070091589  0.0098898895  0.0108870118  1.0000000000 -0.1569613692 -0.0351219897  1.0000000000
-4.9853222327 -8.0588659867 -0.1488781710 -2.8219371619 -4.8656423817 -0.6301490295 -0.1896969789 -0.1177250088  1.0000000000  0.2343415051  0.0279632867  1.0000000000
-5.0215268690 -4.7600899186 -1.8856823101 -5.3168334329 -6.7217948849 -1.5662902740  0.0655867616  0.0985600080  1.0000000000 -0.1318506549 -0.1028878275  1.0000000000
-3.6255190476 -4.8437103189  0.5144907112 -5.2568851002 -7.0943730032  1.0956766472  0.0978483350  0.0974072808  1.0000000000 -0.1841845660  0.0654754105  1.0000000000
-3.1909515621 -5.5820151927 -3.5131780238 -5.4810237644 -4.8675608183  0.4286219429  0.3379761806 -0.2399462275  1.0000000000 -0.0887814363  0.1982474219  1.0000000000
-2.7081446947 -5.6276141351 -0.5112693137 -6.3022431796 -4.7907110425 -0.9085808162  0.1609517325 -0.0491227095  1.0000000000 -0.1268570402  0.2665652221  1.0000000000
-4.9528922286 -5.2422066644 -1.1170234563 -5.7752003529 -7.0635209318 -0.9550141332  0.0310049790  0.1033459869  1.0000000000 -0.2083994137  0.0057097917  1.0000000000
-4.1224810396 -4.8166290748 -1.6601968798 -5.4593226079 -5.6991355705  1.7869014593  0.1724793678  0.0995352360  1.0000000000 -0.1652074222  0.1713092596  1.0000000000
-4.2756823441 -3.6844517603 -1.8684651988 -4.1457856883 -5.4681228384  0.8888065423  0.2848552596  0.1506963369  1.0000000000 -0.0228091280  0.1106257653  1.0000000000
-3.8219882458 -4.7527087583  0.9773018728 -3.3847678282 -5.9555333422  0.3214153220 0.0374756034 0.1218123338 1.0000000000 0.0032536507 0.0440508479 1.0000000000
-6.1367418234 -7.2893931052 -1.5445355672 -4.0395052334 -4.2645900600 -2.7542870714 -0.2508593179 -0.1415465249  1.0000000000  0.3025358278  0.0437016973  1.0000000000
-5.1613437654 -3.9871409471 -0.6689055767 -5.0638196469 -7.5765039523  0.7711322637  0.0751475426  0.2525842618  1.0000000000 -0.1889156260 -0.0244617485  1.0000000000
-3.6419882498 -5.1228684449  0.9355542901 -4.2348828567 -5.1275359853  0.1695368127 0.0573337474 0.0754332200 1.0000000000 0.0537961532 0.1287778146 1.0000000000
-4.9224785353 -4.8605043311  1.2192668741 -5.7388404170 -5.5511564116  1.0956751659 -0.0491380141  0.2159874073  1.0000000000 -0.1694202058  0.1736665909  1.0000000000
-7.0581804723 -5.5471260049 -0.6052015767 -4.1219907927 -5.1374674201  0.8162238614 -0.2693693937  0.2169140396  1.0000000000  0.0036053848  0.1395166825  1.0000000000
-2.6512812212 -6.3816337355 -2.2093850132 -4.0546096481 -6.9734439249 -1.4579265071  0.2357381854 -0.2112945449  1.0000000000 -0.0246581693 -0.1083469440  1.0000000000
-4.8746797630 -5.6643055888 -0.9465039260 -4.1955872609 -4.6953381970 -2.9368438839 0.0019625342 0.0297037576 1.0000000000 0.2868462906 0.0390156871 1.0000000000
-4.8340755220 -5.2545149752 -2.6448682799 -3.9785185620 -7.1196261574 -0.6676832639  0.1321286731  0.0019440474  1.0000000000 -0.0484295752 -0.0705093484  1.0000000000
-4.6411254439 -7.1605327590 -2.3546925918 -5.4286535068 -5.1270372498  0.4270004713 -0.1020506859 -0.2291315329  1.0000000000 -0.0714809388  0.1640376214  1.0000000000
-4.2993359281 -7.8578003170 -0.2035195927 -4.6866405826 -8.6080014401 -0.0801302572 -0.1189158793 -0.1614451154  1.0000000000 -0.1994027287 -0.1806434650  1.0000000000
-6.1703646971 -6.4274549203 -0.8870580224 -5.0424658694 -7.4119012453 -2.3809099002 -0.1890196178  0.0236711181  1.0000000000 -0.1214716958 -0.1972492412  1.0000000000
-3.1013861284 -4.9722707365 -0.7193714263 -5.8293248553 -5.3996882776 -1.8704072488  0.2093663817  0.0452760335  1.0000000000 -0.0901943292  0.0888468106  1.0000000000
-4.7377958560 -3.9087103745 -2.7623625931 -5.3610521534 -7.0887229903 -0.1751210633  0.2321981709  0.1873328764  1.0000000000 -0.1348813834 -0.0010932035  1.0000000000
-6.6224350819 -5.4481099459 -1.9008106935 -5.5992288624 -7.0620285439 -1.0531394721 -0.1719143052  0.2060089197  1.0000000000 -0.2014256222 -0.0389128074  1.0000000000
-4.1325948209 -7.5466677567 -0.5264143396 -3.2249362752 -8.0886753463 -0.2589361558 -0.1034335460 -0.1318632294  1.0000000000 -0.0398899243 -0.1828983410  1.0000000000
-2.0244703665 -5.6270976217 -0.3109784813 -6.9299956060 -6.1369522198 -1.9454339105  0.1457938568 -0.0294375720  1.0000000000 -0.2378102760  0.1039976109  1.0000000000
-4.1207285106 -6.0680521253 -2.2196555733 -5.6983133153 -6.3106609947 -1.9939254057  0.0955111581 -0.1282873149  1.0000000000 -0.0682978960 -0.0384121183  1.0000000000
-5.8117751976 -7.2072975668 -0.4057806941 -4.1338021910 -7.2276369364 -2.0339401890 -0.2007998556 -0.0093948144  1.0000000000  0.0156680258 -0.2128937664  1.0000000000
-4.8940833710 -7.8215459357 -1.2946399475 -4.0322291250 -5.7800968494 -0.2787072431 -0.1481763199 -0.1899576387  1.0000000000 -0.0020035399  0.0386931961  1.0000000000
-2.8028190927 -6.2871256146 -0.5372292059 -4.0274830588 -5.8732712008 -3.0570962950  0.0728545760 -0.0881565148  1.0000000000  0.1287989297 -0.1666407579  1.0000000000
-5.1447742570 -7.7808336948 -1.1348381859 -3.4197079283 -6.2878274419 -1.9601990756 -0.2041545048 -0.1506544145  1.0000000000  0.1225335934 -0.1464221549  1.0000000000
-5.9833415556 -6.9417127390 -0.3796326368 -5.6458451378 -5.0856776034 -1.8469826474 -0.2411590563  0.0077442182  1.0000000000 -0.0237428241  0.1237909510  1.0000000000
-3.0010099880 -5.7715784277 -2.2146008251 -3.3926784047 -4.2903881608 -1.5806390605  0.2216822346 -0.1723632624  1.0000000000  0.2481984842  0.0617495754  1.0000000000
-4.3831818536 -8.2298593154  0.1418816840 -5.4750898920 -3.9977386970 -2.1170169529 -0.1349639619 -0.2038505283  1.0000000000  0.0938328922  0.2264127784  1.0000000000
-3.2339820545 -4.3105096126 -0.9067368533 -6.3328136824 -5.3915366918 -0.6869304222  0.2055397047  0.1583012334  1.0000000000 -0.1554587152  0.1815781120  1.0000000000
-5.4617892815 -6.3631506352 -2.6436431724 -5.3691140061 -4.5247111657 -1.7157921369 -0.0636478516 -0.1077687123  1.0000000000  0.0448926216  0.1626414206  1.0000000000
-4.6810666308 -7.7562458846  0.4703750862 -2.7774431550 -5.7276656197 -0.0537125541 -0.1549060953 -0.0733989975  1.0000000000  0.1165488034 -0.0148723223  1.0000000000
-6.8993404154 -5.6114155396 -0.2781490327 -4.1915160189 -5.8647226253 -2.4009471542 -0.2216080149  0.2506407058  1.0000000000  0.0829502263 -0.1090065854  1.0000000000
-3.6064305091 -5.8644533685 -2.8532658943 -3.9333661125 -6.0764180256 -2.2473397844  0.1865560458 -0.1449537159  1.0000000000  0.0599544641 -0.1356474677  1.0000000000
-4.6030746847 -5.3816049375  1.3834274199 -4.1141749793 -7.8722290252  0.2671887758 -0.0712672784  0.1686440758  1.0000000000 -0.1287146374 -0.0701717951  1.0000000000
-4.7844042858 -6.2229975640 -2.7743616283 -5.0364370215 -6.4175263745 -0.9677101049 -0.0076447430 -0.1360119012  1.0000000000 -0.0736748865  0.0057461472  1.0000000000
-4.7493269610 -5.6878887956 -2.9698093121 -6.1066825158 -7.2599146330 -2.1846630934  0.1125763115 -0.0990415860  1.0000000000 -0.2344631468 -0.1130815278  1.0000000000
-2.4750567721 -4.7598536229  0.0190474515 -4.9418495472 -5.4968665608  1.3130057059  0.1818148717  0.0613256848  1.0000000000 -0.0699756057  0.1754730266  1.0000000000
-3.6444269529 -7.2129196433 -1.4426437737 -3.7193886692 -5.4027230931 -1.8632403889 -0.0291287651 -0.1477112795  1.0000000000  0.1683502446 -0.0409970123  1.0000000000
-4.7147030455 -5.4790532821 -2.8742536773 -3.2647121729 -5.5479956210 -1.9931771271  0.1378242483 -0.0720166807  1.0000000000  0.2142934539 -0.0707747519  1.0000000000
-5.3236316435 -6.9697053273 -0.2643045011 -5.6364018073 -4.0051580038 -1.5986542782 -0.1417993053 -0.0268659910  1.0000000000  0.0943826696  0.2742831995  1.0000000000
-4.0209346430 -3.2986992930 -0.8719333660 -5.5729130978 -7.3905341071 -2.7808017331  0.2429615362  0.2152627488  1.0000000000 -0.2115250817 -0.2649346620  1.0000000000
-3.3391716153 -6.3186351082 -3.4144135639 -5.3290943310 -3.5931502625 -1.7773214428  0.2309013711 -0.2813427026  1.0000000000  0.1348746465  0.2525839342  1.0000000000
-3.7728550912 -4.9196490824 -1.6239073967 -5.2280783798 -5.3657083362  1.4655862093  0.2152586012  0.0547092548  1.0000000000 -0.1171355402  0.1962561410  1.0000000000
