60.0000000000
50
 0.1314203729 -4.8469199636 -1.4111515411 -0.1523844476  0.0888922690  1.0000000000
-1.2942299507 -5.2141826069 -2.7712813953 -0.0645353955 -0.1277442487  1.0000000000
 1.1121903101 -5.8729235756 -1.5077318647 -0.0535729026  0.2408633799  1.0000000000
-1.7210521409 -5.7842229348 -0.8060718924 -0.0531230997 -0.1161538076  1.0000000000
-1.1933616832 -4.5629972958 -2.0582178839 -0.1753629347 -0.0884950586  1.0000000000
-2.3192687051 -5.9853600468 -1.8416622132  0.0667656405 -0.1547669465  1.0000000000
-1.4217332404 -5.7841576691 -1.4837385879 -0.0210696540 -0.1008542917  1.0000000000
-3.2137504108 -7.5309238286 -1.4602477386  0.2370038274 -0.2032393399  1.0000000000
 0.6970197358 -6.6831809686 -0.5130676045 0.0016163802 0.2148912274 1.0000000000
-1.6261528978 -6.4440053572 -3.3211365374  0.1084790047 -0.1780296584  1.0000000000
-1.3207935467 -4.8714967092 -0.5984265603 -0.1258990046 -0.0453048790  1.0000000000
 0.0391657238 -7.2939371730 -3.4022669886 0.1854442184 0.0950016912 1.0000000000
 1.9515385226 -4.9440929878 -3.1894785109 -0.2447891307  0.2758225021  1.0000000000
-0.8764679445 -6.2336359422 -2.6755833470  0.0191522479 -0.0738004754  1.0000000000
-0.3936359388 -5.6910944329 -1.4341152983 -0.0294574702  0.0248803452  1.0000000000
-2.6432532137 -7.0584614483 -1.5414226530  0.1561012535 -0.1891535484  1.0000000000
 0.0547066832 -5.9244105795 -3.6303407481 -0.0364462633  0.0464733405  1.0000000000
 0.3155254402 -4.4822284872 -3.4383941679 -0.2160405509  0.0261741773  1.0000000000
-3.1658018589 -6.9336692640 -0.4584575211  0.1302167774 -0.1680987822  1.0000000000
 0.2637398337 -6.5890056259 -2.8232545184 0.0635594150 0.1052132048 1.0000000000
 0.4926011676 -7.5989337513 -1.3814859739 0.1680232806 0.2213527246 1.0000000000
 0.0453857538 -6.6855516573 -2.8472234048 0.0368795134 0.1046049226 1.0000000000
 0.2203046670 -7.0874887786 -2.9284434911 0.0891377115 0.1550614707 1.0000000000
-1.9124970118 -6.7002830294 -1.7014710608  0.0792057096 -0.1221310262  1.0000000000
 0.5194601178 -4.3889650880 -2.8518368406 -0.2809618511  0.0748134290  1.0000000000
-0.8249792179 -6.4699999859 -2.7100776719  0.0557745855 -0.0603425313  1.0000000000
 0.5566551522 -5.7874483769 -0.0326915641 -0.0858471036  0.1735660077  1.0000000000
 1.1815679337 -5.9103376193 -1.7623393141 -0.1186267659  0.2030176667  1.0000000000
 0.3703166327 -5.9045881663 -1.7440895879 -0.0199968769  0.1470071047  1.0000000000
-1.0001359330 -5.3738016499 -3.2815390625 -0.0556109054 -0.1273399834  1.0000000000
-2.0281721770 -5.9302697229 -3.9362823282  0.0670399948 -0.2533094052  1.0000000000
 0.0443573302 -4.8845186764 -0.7109201878 -0.1864073533  0.0546211874  1.0000000000
-1.1038177351 -5.3761677381 -2.1460133005 -0.0835190686 -0.0472851827  1.0000000000
-2.6690955930 -5.8179841074 -1.4523795232  0.0379820528 -0.2521835703  1.0000000000
-1.8751641591 -4.3053224537 -2.8042665430 -0.1705032514 -0.2191652622  1.0000000000
-0.2344871323 -5.6581935504 -0.5978995622 -0.0384873935  0.0901054491  1.0000000000
 0.6740854515 -7.1216566931 -0.9262076628 0.0931725132 0.2195718454 1.0000000000
-1.7013961520 -5.8920433999 -1.7474697587  0.0051023147 -0.1462557674  1.0000000000
-0.5040013417 -7.8490964153 -2.5530246410 0.2027152620 0.1079852332 1.0000000000
 1.0813842973 -6.1781531494 -0.8961106477 -0.0582952777  0.2253602821  1.0000000000
-0.7768045315 -6.3763253591 -1.0956892444 0.0405944923 0.0201188902 1.0000000000
-0.0803691798 -6.7539112641 -2.3469084455 0.0671072832 0.0832329182 1.0000000000
 1.1443219858 -6.0932591785 -0.6382123016 -0.0509045860  0.2206006664  1.0000000000
-1.1135504672 -7.3401360096 -1.0399953244  0.1501349481 -0.0151577439  1.0000000000
-0.3415231348 -6.3846315827 -0.6187383805 -0.0084441320  0.0797188944  1.0000000000
 0.8613556469 -7.9709467326 -1.8063816977 0.1757377072 0.2255091276 1.0000000000
-0.2731270989 -6.7111318254 -2.3014275916 0.0422221471 0.0791233826 1.0000000000
-2.0687923791 -4.8517886921 -1.6431267351 -0.0622049536 -0.2211196965  1.0000000000
-2.6585815967 -6.9796847031 -3.3846071537  0.1739337786 -0.2919935466  1.0000000000
-0.5710540732 -4.7749255994 -2.9408542962 -0.1873104667 -0.0206688075  1.0000000000
50
 0.3144652805 -7.6564231606 -0.3863301501 -0.5191008036 -5.9124149789 -1.8223557034 0.1077772498 0.2115931002 1.0000000000 0.0066350031 0.0057746201 1.0000000000
 0.4344991428 -6.2918469413 -0.1666213624 -0.5917780019 -8.0867506909 -1.7285739890 -0.0509885684  0.1943470125  1.0000000000  0.2214147399  0.0838187022  1.0000000000
-1.8723146672 -6.2709822085 -3.1151154126  1.4738306631 -7.0973614890 -3.2237281296  0.0864695729 -0.2493282316  1.0000000000  0.1218205048  0.3153442365  1.0000000000
-0.0018971709 -5.2348332651 -1.7705304107  0.5304944659 -5.9529767493 -0.1317470131 -0.1239387039  0.0604948125  1.0000000000 -0.0711118942  0.1598261008  1.0000000000
 0.2939704720 -5.8121402391 -1.7221411016  0.3380610924 -7.4907197787 -0.7237561795 -0.0646386546  0.1389173106  1.0000000000  0.1227089611  0.1534413791  1.0000000000
-0.5193011519 -6.9971708646 -0.0012357306 -1.7149794524 -4.6409062820 -1.2123139301  0.0417298674  0.1110712950  1.0000000000 -0.1233368798 -0.1593176436  1.0000000000
-1.6258451239 -3.9379269551 -3.5446629515 -0.6773990430 -7.0867052062 -1.6361764744 -0.2864492485 -0.2532904814  1.0000000000  0.1521965726  0.0543083291  1.0000000000
 0.1941318996 -7.9989333975 -1.6431778174  0.7218507519 -8.0162644404 -3.0729385558 0.2069115741 0.1884357728 1.0000000000 0.2460709860 0.2489601724 1.0000000000
-1.4261657763 -6.0105842678 -1.0279811719 -2.0856728062 -5.3786181997 -0.2372970880 -0.0101545427 -0.0965807375  1.0000000000 -0.0775056804 -0.1110898302  1.0000000000
 0.5975271280 -4.7487615628 -2.3162240410 -1.6732131022 -7.9422530450 -1.4956697896 -0.2269129944  0.0877546380  1.0000000000  0.2408237542 -0.0326368864  1.0000000000
-1.3268566948 -6.7168365819 -2.5009805763 -2.2916496819 -7.1574657244 -4.1814492014  0.1425388106 -0.1166396761  1.0000000000  0.3090039394 -0.2571337135  1.0000000000
-2.0029108205 -7.4908284230 -3.3736692262  0.4643935998 -6.4651101447 -2.5454220035  0.2569595410 -0.1640221034  1.0000000000  0.0175839385  0.1443875630  1.0000000000
-1.8914031035 -5.4070869751 -0.1530568715 -1.1769900343 -5.1172140594 -0.4715804970 -0.0647639162 -0.0868567854  1.0000000000 -0.1011446758 -0.0277173876  1.0000000000
-2.3952124696 -6.2597261055 -1.2855711981 -2.2403139972 -7.0225769840 -3.3637761466  0.0646491591 -0.1434111041  1.0000000000  0.1998597718 -0.2297455670  1.0000000000
-1.1151334639 -6.1741776519 -1.5833325397 -2.9064273427 -7.4040291595 -1.6941609529  0.0115519389 -0.0178008699  1.0000000000  0.2167506901 -0.2226168168  1.0000000000
-0.7996469259 -5.3235217129 -1.2281781460 -0.4426848888 -5.5907523864 -2.4526302681 -0.0895275403 -0.0164679978  1.0000000000 -0.0554997905  0.0125721860  1.0000000000
 0.2720870159 -6.5817424894 -2.7813222802  1.5842690181 -5.9242755093 -2.7437791410  0.0856953236  0.1158720548  1.0000000000 -0.0897764516  0.2754240434  1.0000000000
 0.7666098664 -6.9758609101 -0.8605758339  0.4441591233 -8.3186126339 -3.6150035669 0.0571475695 0.1606455974 1.0000000000 0.3666843262 0.2319767296 1.0000000000
 0.0951525159 -4.7559556815 -2.6111435985  0.2639692905 -5.4858471269 -0.0517208601 -0.2008209622  0.0282199448  1.0000000000 -0.0683253176  0.1378305848  1.0000000000
-1.5354229756 -6.6695304901 -1.2028403012 -2.3823247557 -6.5827523354 -3.3780922837  0.0764501054 -0.0716891528  1.0000000000  0.1460794415 -0.2816991542  1.0000000000
 0.6880540942 -5.1798387720 -2.8926822464 -2.5628910896 -6.4082021005 -2.5118529876 -0.1897031356  0.1728588063  1.0000000000  0.1340468415 -0.2344219776  1.0000000000
-1.7689452644 -5.5403976744 -0.8440881570 -0.7613659555 -5.5674588458 -2.4318756367 -0.0000498538 -0.0936526274  1.0000000000 -0.0610747390 -0.0336851464  1.0000000000
-2.2830862929 -5.0645019627 -1.4975689623 -1.6426101529 -4.3415921609 -3.0525217444 -0.0829347715 -0.2520662574  1.0000000000 -0.1788009777 -0.2372059665  1.0000000000
-1.1888776121 -6.7619899441 -3.0733102651 -1.5376966266 -5.8136312067 -2.6333586276  0.0899283635 -0.0416204303  1.0000000000 -0.0049295488 -0.1298927795  1.0000000000
 0.5337387149 -8.0311055125 -1.2016067076 -2.0858344902 -7.3962460097 -3.2233642814  0.1951070565  0.2766814487  1.0000000000  0.2164512926 -0.1688750849  1.0000000000
-1.8643267641 -6.4940143301 -0.1312049883  0.5418847115 -7.0832939389 -2.8832002053  0.0878628807 -0.0731000125  1.0000000000  0.0977730184  0.1391032905  1.0000000000
-1.0950190056 -7.9624362928 -0.4702496558  1.4169353735 -6.0500118099 -2.3220098943  0.2218430709  0.0349445993  1.0000000000 -0.0838751338  0.2562183632  1.0000000000
-0.2261692659 -6.0415164448 -1.1997291177  0.3385737537 -6.7066013850  0.2584510781 -0.0337917565  0.0714050364  1.0000000000  0.0000488385  0.1492065578  1.0000000000
-2.0876092277 -7.2293323907 -3.8708684025 -0.6246889492 -4.7297965242 -0.6043386752  0.2692935773 -0.2339485532  1.0000000000 -0.1446911214 -0.0365638316  1.0000000000
-1.6047021889 -4.0797700931 -2.9633784225 -0.6944253873 -5.0447068587 -3.3513151006 -0.2426923477 -0.2604028121  1.0000000000 -0.1299717229 -0.0947931759  1.0000000000
-0.9951848047 -6.3645725270 -3.8252132639 -0.6798983156 -5.8264951376 -1.2047003138  0.0771226083 -0.1032087114  1.0000000000 -0.0639076485  0.0666026825  1.0000000000
-0.4560888792 -4.1395112593 -2.5111340508 -0.3707714947 -8.1423768511 -2.8638440749 -0.2684968698 -0.0432074992  1.0000000000  0.3054913774  0.0546362453  1.0000000000
-1.7163257237 -6.4029389386 -1.7293195972 -1.2392909545 -5.9253600177 -3.9712335745  0.0356982995 -0.1215568491  1.0000000000  0.0086170355 -0.1615864764  1.0000000000
-1.4963597421 -6.5929011569 -1.9024033683 -1.6519608978 -4.4212172934 -2.3852394433  0.0798270250 -0.0852688349  1.0000000000 -0.1462995606 -0.1917494944  1.0000000000
-0.8259095614 -5.0769317315 -1.6978332459 -0.7485276280 -6.5655115115 -1.4059286754 -0.1320776890 -0.0168120696  1.0000000000  0.0749467464 -0.0177766271  1.0000000000
-1.1754108005 -7.9333152954 -0.4790672762 -1.6134039012 -5.6961184065 -2.1728348904  0.1855555507  0.0067119001  1.0000000000  0.0065875986 -0.1092152972  1.0000000000
-1.1875544789 -7.5705688987 -0.4540007567  0.0788676107 -6.4981787774 -0.1004592306 0.1560508257 0.0079033771 1.0000000000 0.0288961405 0.1272369043 1.0000000000
-1.7162335706 -7.1757505810 -0.6535476084 -0.5316953821 -4.2480028623 -1.8900956460  0.1385084797 -0.0418355900  1.0000000000 -0.2064153145 -0.0119127295  1.0000000000
 0.6655132693 -6.1721261819  0.4819069295 -1.3247553742 -6.0597923280 -1.4277474175 -0.0484748113  0.1906846098  1.0000000000  0.0404829082 -0.0247315692  1.0000000000
 0.1598478955 -8.2259260219 -0.5067818308 -0.1151539061 -5.9998821412 -3.6567913563  0.1724815919  0.1905944554  1.0000000000 -0.0611793274  0.0316635396  1.0000000000
-0.7278125745 -4.3040050233 -1.3502325959  0.8849701970 -5.7257883605 -1.2923102618 -0.1952493563 -0.0461347202  1.0000000000 -0.0806411621  0.2093788189  1.0000000000
-0.5574005257 -7.7855047549  0.1645073065 -0.6473227826 -6.8981373045 -0.5007446764 0.1678199208 0.1048613724 1.0000000000 0.0900934947 0.0662757209 1.0000000000
-0.1033344429 -4.3844565942 -2.4020770974  1.4646107984 -6.4667552460 -2.9655896640 -0.2414464526 -0.0038064853  1.0000000000 -0.0035849380  0.2903616577  1.0000000000
 1.4484989613 -6.2775537846 -2.8613653030 -0.6178068686 -7.3683758572 -1.8691823372 -0.0150256887  0.2870282118  1.0000000000  0.1706582703  0.0464241121  1.0000000000
-0.8616314186 -6.7801497217 -3.9615552371 -1.1368397348 -5.0673113144 -0.2340458151  0.1783674719 -0.0731167030  1.0000000000 -0.1237577719 -0.0230232866  1.0000000000
-2.4726344322 -6.1751993053 -2.8125206321 -0.3459041396 -6.2773146924 -2.1363639417  0.1047332632 -0.2214543989  1.0000000000  0.0201213577  0.0207853690  1.0000000000
-0.3936483861 -5.3432416098 -0.9737313911 -1.5204228942 -7.6170301983 -1.9504908866 -0.0838166422  0.0270967922  1.0000000000  0.1917226895 -0.0433228611  1.0000000000
 0.5402433794 -5.9874937842 -2.8870144308  0.9312947233 -5.9869150046 -2.6220832837 -0.0811279909  0.1361387926  1.0000000000 -0.0600212783  0.2320158971  1.0000000000
 1.0401692346 -6.0042602042 -0.7183802753 -0.8943308966 -7.7507147170 -3.6470363034 -0.0592913898  0.2004765596  1.0000000000  0.2810748002  0.0133878337  1.0000000000
-1.0058703929 -5.4564243112 -0.4074618013 -1.4603927845 -6.9575374547 -1.7895021405 -0.0524708029 -0.0427127652  1.0000000000  0.1169276149 -0.0757433375  1.0000000000
