609.7000000000
50
-0.5787959394 -7.0795865086  9.1242349525 -0.0783379963 -0.0595879616  1.0000000000
 0.8587891003 -5.7818012946  8.3664766310  0.1840195028 -0.2994669218  1.0000000000
 1.2999306183 -5.5052842445  9.0307126463  0.2049935891 -0.2907662775  1.0000000000
-0.1705447432 -6.7437258177  9.9689020907  0.0082240703 -0.0788454102  1.0000000000
-1.3852872585 -8.2014541260  9.5983559932 -0.2259115991  0.0646627395  1.0000000000
-1.4161988309 -7.0920886363  8.8408103853 -0.0965907433  0.0329311571  1.0000000000
-1.1923415590 -6.3048502804  8.7238387095 0.0751597447 0.0222846092 1.0000000000
 1.3591709934 -8.5445240073 11.3096497089 -0.1232046988 -0.1550466178  1.0000000000
-1.1350006412 -7.9029537038  9.9432832122 -0.1592733314  0.0032154609  1.0000000000
-0.2642979878 -5.7930292861 10.3977861776  0.1480835337 -0.0211098576  1.0000000000
-1.0998974785 -5.0961160648 12.5359533488 0.1706560807 0.1192359906 1.0000000000
-0.6874494378 -8.3463474349 11.9201987096 -0.0757441375  0.0520339301  1.0000000000
-0.0955715528 -8.1441779912 11.8066539874 -0.0997648362 -0.0138291103  1.0000000000
-2.5991144083 -6.4248826163 10.3407248634 0.0396381702 0.2826351857 1.0000000000
 1.7914371107 -5.7427869966 11.6349617137  0.1653981207 -0.2032365513  1.0000000000
-0.4963334382 -7.8937445381 10.0882076411 -0.1463342930 -0.0313374117  1.0000000000
-2.9933238536 -6.9368542120  9.1119701031 -0.1126909897  0.3090243536  1.0000000000
 0.0931958374 -7.2986495870  8.3935782844 -0.0719468474 -0.1541891735  1.0000000000
-0.0126994519 -7.9059495783 10.7505179778 -0.1008122753 -0.0618402004  1.0000000000
 0.5405918676 -6.0654410744  8.7181457248  0.1476706288 -0.2104059382  1.0000000000
 0.0785270745 -8.0542255419  7.8746358605 -0.2371353430 -0.2765378619  1.0000000000
 0.0253373411 -8.9591783730 10.3277660357 -0.2052782842 -0.0694492706  1.0000000000
-0.8679462549 -4.8517784944  9.2241417583 0.2931345785 0.0957503471 1.0000000000
 0.9386565943 -5.4120598317  8.5176305618  0.2313888965 -0.2677868551  1.0000000000
-2.9095955678 -7.6871958925  9.6651201880 -0.1711776556  0.3338783207  1.0000000000
 0.4051680355 -8.8106166312 10.2400468396 -0.2342098012 -0.1163717625  1.0000000000
-0.4437055145 -6.7626996801 10.8240553727 0.0297905938 0.0290553714 1.0000000000
-1.5045273626 -6.6513221444 11.9512198488 0.0134696323 0.1491355009 1.0000000000
 0.5354387289 -6.1579912759  8.7355508748  0.1373691599 -0.2441705189  1.0000000000
-2.0760332733 -7.1964610604  9.9481347445 -0.0851869979  0.1787788957  1.0000000000
-2.3561828929 -6.6500699829 10.6482451775 -0.0131192389  0.2339752754  1.0000000000
-2.0243740419 -6.8332491319 11.7783233286 -0.0246814059  0.1818303618  1.0000000000
-2.5469077136 -7.9706015677  9.7854624973 -0.1875004746  0.2434691500  1.0000000000
-1.8318132354 -7.7088604418  9.8424605130 -0.1264233487  0.1353467411  1.0000000000
-2.3747254426 -7.2345533379  9.9988361345 -0.1043908946  0.2314059926  1.0000000000
-2.2067785225 -6.6239317950 10.9587150282 -0.0114703337  0.2099304631  1.0000000000
-1.3226262689 -7.9372775323  8.3447982730 -0.2516652067 -0.0043437760  1.0000000000
 1.8100378518 -6.5274940593 11.3468887439  0.0881772041 -0.1851107810  1.0000000000
-1.8229926709 -6.3658258993  8.8549207346 0.0131023496 0.1520974782 1.0000000000
 1.7923571384 -6.7714967352 11.1195532403  0.0929769060 -0.2119982951  1.0000000000
 0.2043846822 -5.3454693821 11.7414619751 0.1891373845 0.0219485060 1.0000000000
-2.0821911330 -7.3549255848 11.8910651034 -0.0722470210  0.2232989913  1.0000000000
 0.9095322510 -8.8689202216 10.1443049401 -0.2228022423 -0.2198507842  1.0000000000
 0.0137088300 -7.5382119420  9.5721935314 -0.0650382704 -0.1266403266  1.0000000000
-1.0160735113 -6.0733105664  9.7362099981 0.0853024477 0.0633544626 1.0000000000
 1.0331673773 -5.1851961749  9.0532067483  0.2832915582 -0.2552202332  1.0000000000
 0.7778949478 -7.4770665670 10.7283235990 -0.0467764795 -0.1666522760  1.0000000000
-1.8574977900 -7.0830920808 11.8280002359 -0.0167788016  0.1548190835  1.0000000000
-0.4271127036 -7.5875495060  9.9665692004 -0.0568447998 -0.0528184497  1.0000000000
 0.9172335570 -7.7204032059  9.5977700928 -0.0752484355 -0.2117051979  1.0000000000
50
 1.2299023835 -5.0773198101  8.7620888941  0.8098169914 -5.6304196454 12.1639616212  0.3128524239 -0.3076722807  1.0000000000  0.1873988849 -0.0867711588  1.0000000000
 0.3378828277 -5.0977581680 11.3822867381 -1.8347183615 -7.4209804589 10.0566072571  0.2333303577 -0.0231217154  1.0000000000 -0.1214955204  0.1487462775  1.0000000000
 0.4084288828 -5.6253225102 11.3471485990  1.0688806110 -5.5582526435 12.3001953556  0.1915297158 -0.0603743671  1.0000000000  0.1942288636 -0.0794003188  1.0000000000
-2.0211751892 -7.8164421847  9.4465145449  0.8857807757 -8.9753400201 11.2859322306 -0.1854407672  0.1172714447  1.0000000000 -0.1706178880 -0.1405614943  1.0000000000
-0.2522922361 -6.9827455627 10.9752896752 -2.0755588854 -6.0968199472  9.3460719946 -0.0486028017 -0.0053437980  1.0000000000  0.0444960390  0.1813018167  1.0000000000
-2.1086883013 -6.3168576229 11.2813940994 -1.6971977222 -4.8575442205 11.2446255310 0.0183754688 0.1959673305 1.0000000000 0.2125349388 0.2107042916 1.0000000000
-1.1063850679 -7.1377929720 10.2331331410 -2.5940481962 -7.8795272904 10.5430427302 -0.0269495386  0.0960452846  1.0000000000 -0.1832099430  0.2470921277  1.0000000000
-0.9377234036 -6.6933143834 11.4880225872 -0.8301997943 -5.3318148005 11.1982600920 0.0171890360 0.0829769905 1.0000000000 0.1985370989 0.0950134909 1.0000000000
-1.8717632206 -6.1837565983 11.1550229055 -1.2357801687 -5.6797191140 11.7346834549 0.0461522390 0.1867945877 1.0000000000 0.1721605733 0.1814795379 1.0000000000
-0.2538451986 -7.9417588435 11.2841662671 -1.3682414674 -8.2543008618  9.4252110346 -0.0570431385 -0.0194477559  1.0000000000 -0.2172614986  0.0803074189  1.0000000000
 0.9241409858 -9.0854777434 10.9579793620 -0.7974420114 -4.9526591002 10.6021669067 -0.1600077323 -0.1530981767  1.0000000000  0.2689139987  0.0679667714  1.0000000000
 0.9980380430 -6.7148565121  9.4761258597 -0.1706563523 -6.9415540498 11.4848583904  0.0236150737 -0.2497977139  1.0000000000  0.0361756599  0.0060771781  1.0000000000
 0.8548866858 -8.4129332849 11.5142055305 -1.3553710757 -5.0806562368 11.0190545313 -0.1298099705 -0.0881828532  1.0000000000  0.2145062065  0.1657437771  1.0000000000
 0.1455707389 -5.6149969285  9.9197843080  1.8723371525 -6.9864366600 11.7514917978  0.1525122976 -0.0759947463  1.0000000000  0.0675692543 -0.1936643196  1.0000000000
-1.6792209399 -8.4601173606 11.6957096208  0.6008687677 -6.0375715308  8.3917602832 -0.1920580439  0.1595508655  1.0000000000  0.1260207643 -0.2358949439  1.0000000000
-2.3738748324 -5.1357639267  9.8721949990 -0.4587340498 -6.8509900701  9.0835414082  0.2079006163  0.2854672170  1.0000000000  0.0007631658 -0.0062069682  1.0000000000
-1.9141663445 -6.3202502662  9.4541191904 -0.7976725076 -8.8123683679 11.0006798957  0.0154621951  0.1479375721  1.0000000000 -0.2101597669  0.0124955182  1.0000000000
-0.9574112923 -7.6282068351  9.2954368004 -2.6890855810 -8.3054140415 10.6550447994 -0.1125160258 -0.0274302099  1.0000000000 -0.2425171453  0.2380857913  1.0000000000
-0.1920708006 -7.2183457417  9.7115638738 -0.3747452467 -6.8928973810  9.0284407475 -0.0477745113 -0.0618458099  1.0000000000 -0.0194146199 -0.0860570631  1.0000000000
 1.0028249261 -8.1792063903 10.9973773253  0.9268211754 -7.8253388170 11.5229798544 -0.0836389120 -0.1608351733  1.0000000000 -0.0507834700 -0.1423298192  1.0000000000
-0.0722482206 -7.6883504955 10.4708005613 -0.7489184963 -5.9598964629 10.2280032181 -0.0647823586 -0.0977795795  1.0000000000  0.0521955871  0.0407373113  1.0000000000
-0.9424061205 -7.1431953061 11.9724041457 -0.7739873340 -8.6667517956  9.5677270821  0.0183389961  0.1116156923  1.0000000000 -0.2100928858 -0.0284890604  1.0000000000
-1.2975843643 -6.6661036451 10.2853893863  0.9691736477 -7.2135881146 10.5102889232 -0.0321411375  0.1246769519  1.0000000000 -0.0014318018 -0.1606778205  1.0000000000
-0.1275524124 -5.6729919801 11.4063178683 -2.0394315008 -7.6070947168  9.0253744043  0.2253606532  0.0334971697  1.0000000000 -0.1802357137  0.1266063431  1.0000000000
-0.7154826853 -7.4770171739 10.5317906405  0.0808366228 -6.8752771596 11.5527599748 -0.0893532075  0.0448603021  1.0000000000  0.0404579829 -0.0567671284  1.0000000000
 1.1509159023 -5.1389301392  8.8816735795 -0.2837848470 -6.8549499232 10.3310325292  0.2674423188 -0.3040543813  1.0000000000  0.0548723193 -0.0303414629  1.0000000000
-0.2889636724 -7.7920987232  8.8348683555 -0.8211776069 -6.2812906397 11.3101180784 -0.1445604558 -0.1236833407  1.0000000000  0.0877700500  0.0870467225  1.0000000000
 1.1844891375 -7.8510597933 10.4009258266 -1.7392652980 -6.5354816474  9.4721446323 -0.0362296126 -0.2207584435  1.0000000000  0.0176739378  0.1287119336  1.0000000000
-0.4120383461 -8.9037122459 10.6161574026 -0.4483348006 -5.9252392064 10.5670804359 -0.1970845921 -0.0175354912  1.0000000000  0.1072342941  0.0316945374  1.0000000000
 1.1340778309 -8.1176120355 10.4233068750 -2.3560110087 -5.4100003045  9.2811677711 -0.0629914769 -0.1765700784  1.0000000000  0.1925100438  0.2337741027  1.0000000000
 1.4025632065 -6.1205181578 10.3433413247 -0.9669568403 -7.9849058518 10.4225016109  0.1195333911 -0.2345379485  1.0000000000 -0.1321291124  0.0470351835  1.0000000000
-2.0744310830 -6.3689037037  8.9955231857 -0.7915224939 -8.0304791557  9.1873055594  0.0321037370  0.1788937073  1.0000000000 -0.1812320321 -0.0664552957  1.0000000000
 1.2551781440 -8.4539253852 11.2517241858  0.3467332353 -5.0327697122  9.4135324363 -0.1563872883 -0.1631340832  1.0000000000  0.2372114830 -0.1267054564  1.0000000000
-1.9789173117 -7.3021861612 11.7361449710  0.3140714910 -5.5257466242 11.4355691774 -0.0562840735  0.2040980551  1.0000000000  0.2000089982 -0.0393800003  1.0000000000
 1.2156653746 -5.1912402246 10.0708885374  1.3362072038 -5.8272794504 11.0439760267  0.2770661892 -0.2137331378  1.0000000000  0.1599858877 -0.1756273872  1.0000000000
-1.1590081521 -5.0245235975 10.8071280708  0.0104733788 -6.7569503692  9.0518994878  0.2367728911  0.1131998896  1.0000000000 -0.0355079026 -0.1130844952  1.0000000000
-0.0433838928 -7.8084710087  9.7095151198 -0.0933551389 -6.4050354256 12.1205592451 -0.1512634028 -0.1155070108  1.0000000000  0.1061904748  0.0346620278  1.0000000000
-0.6764047788 -5.3895456933  8.8970601059 -1.8616409056 -8.2470356473  9.6177923642  0.2450103405 -0.0465882417  1.0000000000 -0.2265350495  0.0947198500  1.0000000000
-0.9466951337 -8.5963667184  9.0099249883  0.8003121511 -7.3453754629 10.2979820501 -0.3066931919 -0.0679250742  1.0000000000 -0.0137627176 -0.1416087014  1.0000000000
-0.9851406468 -6.5439583686 10.5879546214  0.0822519918 -6.0693213311 10.2186770442  0.0228505491  0.0394796886  1.0000000000  0.1387388593 -0.0446965227  1.0000000000
-1.9883985397 -6.7141519686 10.1222519339  1.0546118651 -6.0175691417  8.9873965699 -0.0293677415  0.1675650174  1.0000000000  0.1304161460 -0.2803606963  1.0000000000
-0.4544257916 -8.9040232004 10.9745121874 -0.5765593969 -6.2108390203  8.4229106581 -0.1967042333 -0.0081527969  1.0000000000  0.0412390464 -0.0700596665  1.0000000000
-0.4006621120 -8.8091143905 10.7635164503 -1.1921214046 -5.7523098206 10.7615613145 -0.2232810658 -0.0643603920  1.0000000000  0.1525099727  0.0942667179  1.0000000000
-2.3957851119 -7.8990626132 10.9736807636 -0.7578888093 -7.4649626612 10.5567912275 -0.1686044063  0.1930416908  1.0000000000 -0.0470732604  0.0481172350  1.0000000000
 2.1326647304 -5.6100937469 11.8961793434 -0.5943799264 -7.4628740279 10.4706156466  0.2152021159 -0.2041170902  1.0000000000 -0.0706815302  0.0161656673  1.0000000000
-2.2616375486 -7.7400968670  9.6921905900  1.1395222300 -8.3225163084 10.4237257294 -0.1603804074  0.2164250394  1.0000000000 -0.1302236227 -0.2240777841  1.0000000000
-1.6126540058 -5.9095760577 10.6144911932 -2.0568236994 -8.3586796223 10.3333385487  0.1265793726  0.1835295757  1.0000000000 -0.2221541406  0.1519592854  1.0000000000
-1.0653417083 -6.4867924914  8.6070583498 -3.0183189055 -7.3427317876  9.2180175181  0.0314267243 -0.0135019262  1.0000000000 -0.1357270762  0.3342937013  1.0000000000
-0.4682338527 -8.3594559523 11.3867921902  1.8444698349 -6.6044716259 11.7788439092 -0.1199994206 -0.0227001469  1.0000000000  0.0988388646 -0.1999261873  1.0000000000
 1.1606876405 -5.9317656801  9.3240690759 -1.2599609131 -7.5594657246  9.6491519682  0.1790329801 -0.2318020438  1.0000000000 -0.1265240611  0.0314957278  1.0000000000
