240.6000000000
50
-2.5723710849 -8.6064482254 -2.0282696100 -0.3147672839  0.1329726767  1.0000000000
-0.7664396375 -9.3505403844  2.0633112562 0.0521071683 0.0281523517 1.0000000000
 0.5973465559 -8.2740691256  1.1695525950 0.2536369652 0.0740096130 1.0000000000
-1.3041722211 -9.3925765804 -0.6110061135 -0.0746753968 -0.0022005929  1.0000000000
-2.4159728395 -9.1724432173  1.4714164486 -0.1019043760  0.0800262537  1.0000000000
 -1.8488050661 -10.1947276751  -0.5229082213 -0.1661196195 -0.1539097478  1.0000000000
 1.0438672294 -7.7153835371 -1.0611483676 0.3615170345 0.1411054336 1.0000000000
 -2.8560917408 -10.2522377399   1.5197874901 -0.1883677859 -0.0026904756  1.0000000000
 0.8578461989 -7.7951743182  0.4702092050 0.2646840825 0.1309987901 1.0000000000
-1.5333261995 -9.9153661378  0.4001576960 -0.1425289801 -0.0332991332  1.0000000000
 0.9824566413 -9.2162400956 -0.3726414426  0.2250913341 -0.0300441300  1.0000000000
  1.0403521465 -11.0860223473   1.5800830732  0.2087788583 -0.2259288124  1.0000000000
 0.3774589176 -7.1786721642  1.1280820499 0.2121374141 0.2135933323 1.0000000000
-0.0451575385 -9.4561923657 -1.6779059665  0.0828147855 -0.0767597873  1.0000000000
 0.6939738091 -8.9676431806  1.3606232227 0.2040568942 0.0058597905 1.0000000000
 0.6795068086 -7.6990744603 -1.2499525224 0.2461974581 0.1719814118 1.0000000000
-1.9170802694 -8.8328583705  1.0371797732 -0.0681548165  0.0795838952  1.0000000000
-1.3172354792 -8.0718539794 -1.0369676261 -0.0923185614  0.1382546478  1.0000000000
-1.9144488966 -8.7471574806  1.9724316936 -0.0495203296  0.1215438723  1.0000000000
  0.7849978951 -10.5083193710  -0.4119539932  0.1905437886 -0.2093814497  1.0000000000
 -0.7987939848 -11.3870513515   0.7586179890 -0.0330432398 -0.2606799150  1.0000000000
-0.4442777285 -7.4894786556  1.8254360912 0.1746150129 0.2507629345 1.0000000000
-0.8723757909 -7.7699307553  1.6284155088 0.0409761640 0.1699611975 1.0000000000
-1.6260348393 -9.0527021660 -1.5518207487 -0.1460724139  0.0054366426  1.0000000000
-1.7820470739 -9.6389644396  0.5827462185 -0.0621724551  0.0160742729  1.0000000000
 -2.5364854558 -10.1256819380  -0.7399285646 -0.2617322289 -0.0939140270  1.0000000000
-2.4662142040 -8.6196996195 -1.6191982947 -0.2600539015  0.0583601045  1.0000000000
  0.4078106616 -11.1382290150   1.5722795916  0.1355003084 -0.1962569303  1.0000000000
 -2.8298192262 -10.0350091879   0.2236475731 -0.2513266886 -0.0031263859  1.0000000000
  1.0148900766 -10.1556625114   1.3435981136  0.2154514477 -0.1382905370  1.0000000000
-1.7814856314 -8.8026399580  1.1931731780 -0.0650451628  0.1033315387  1.0000000000
-2.4349407581 -9.8083357496  0.7857752239 -0.1286880698  0.0206965237  1.0000000000
  1.0212138284 -10.5530293533   1.0009643262  0.1576606871 -0.1347509363  1.0000000000
 0.3935904314 -9.3712673378 -0.8356616278  0.1822058260 -0.0594111706  1.0000000000
 0.3187661117 -8.5607983561  1.3514211191 0.1770336789 0.0790993946 1.0000000000
-0.4170488654 -8.1468511836 -1.4068286022 0.0698148435 0.1083181354 1.0000000000
-3.1375376715 -8.9085516424  0.6980686618 -0.2147113545  0.1131751443  1.0000000000
-2.4913645934 -9.5887090650  0.8896210485 -0.1425617075  0.0192794423  1.0000000000
-2.4427802785 -9.1462130560 -1.3828696422 -0.2667233665  0.0110768313  1.0000000000
-0.0344769157 -8.9583227951  0.1506011602  0.1195455763 -0.0164279426  1.0000000000
-1.0132249938 -7.4724160531 -0.9054086687 0.0192373030 0.2450517529 1.0000000000
 -1.4587688386 -11.3360575233   0.1830421016 -0.0985688068 -0.1995948244  1.0000000000
-3.2179251878 -7.9426491896  1.1668093114 -0.1985857311  0.2091847847  1.0000000000
 0.1732433410 -7.8975612416 -0.7826269378 0.1546764128 0.1641628030 1.0000000000
 0.6737883319 -8.7459700325  1.9079587333 0.2456386942 0.0356002559 1.0000000000
  0.1798666937 -10.3083042991   0.1587319330  0.1079950747 -0.1250829944  1.0000000000
  0.6321094223 -10.0164836285  -0.7872518100  0.1678946826 -0.1350449938  1.0000000000
 -0.8923875230 -10.1108110156   1.1818685136 -0.0108318745 -0.0519243246  1.0000000000
-1.4033911371 -9.6905662342 -0.6862182112 -0.0968386802 -0.0390896143  1.0000000000
 -0.7158887039 -11.0849916212   1.3807150680  0.0220926202 -0.1767122950  1.0000000000
50
 0.6036810252 -8.2495453629 -1.5178238515  0.4015340322 -7.3068871036 -0.5958338185 0.1938752847 0.0610400862 1.0000000000 0.1839239055 0.2012926035 1.0000000000
-0.1587845907 -7.6753970835  1.9976322911 -0.8039641746 -8.6024415670  0.8507357814 0.1408070635 0.1708808094 1.0000000000 0.0390007688 0.1011880033 1.0000000000
-2.3570209193 -9.0265401667  1.2000712895 -1.2235492158 -9.8629082889  0.5874836350 -0.1378552690  0.1173826913  1.0000000000 -0.0371456677 -0.0419910004  1.0000000000
  0.1046546624 -10.1647007669  -1.1770785995   0.8183573616  -8.1522764081   0.5249279343  0.1122445694 -0.1959824710  1.0000000000  0.2559942376  0.0945923779  1.0000000000
 -0.7828296334 -11.0512455407  -1.1926040041  -1.0560213376  -9.2366155220   0.6953178379 -0.0424517112 -0.2796605287  1.0000000000  0.0000722570  0.0314488151  1.0000000000
-2.5122235181 -9.4248327596 -0.0118998574  0.8594983762 -7.9704275145  0.1602469193 -0.2216831886  0.0166439653  1.0000000000  0.2916425924  0.1155798276  1.0000000000
 0.8412376977 -8.4728125880 -0.5748101094  0.0743613782 -9.8864054183 -1.6821603777  0.2447742553 -0.0003098940  1.0000000000  0.1011916359 -0.2006201798  1.0000000000
 -1.4091378789 -11.2513994686   0.1781757458  -0.5897046801  -8.5633467152   1.8309503702 -0.0777270642 -0.2204303432  1.0000000000  0.0916919557  0.1181664142  1.0000000000
 0.3692230107 -7.1472314428 -0.0948199454 -0.7897589997 -9.9008527723  1.6850071542  0.2394342272  0.2658557033  1.0000000000  0.0710696191 -0.0499848191  1.0000000000
-0.9562495347 -8.7497879464  1.8153164218 -1.9455611487 -9.8314803439 -1.2179158432  0.0585600489  0.0677758834  1.0000000000 -0.1816669820 -0.0958455912  1.0000000000
 -0.6740347936  -7.6936014252   1.5478201069  -1.2590586684 -10.3577051084   1.2383572314  0.1114588523  0.2365225250  1.0000000000 -0.0379741571 -0.0887770239  1.0000000000
-3.0527229920 -9.7461979391  0.9259509040 -2.1624706583 -9.2339113025  0.8294850294 -0.1786581794 -0.0091329533  1.0000000000 -0.1050623535  0.0645963152  1.0000000000
 -1.3546815794 -10.1658082520  -0.8757558937  -2.4820486911 -11.0739065805  -0.0739281385 -0.1081916430 -0.1545025177  1.0000000000 -0.2422138855 -0.1913160027  1.0000000000
 1.1162622060 -9.0447573230 -0.2068281208 -0.9640893993 -9.6401842274 -1.2463652937  0.2860742918 -0.0176732275  1.0000000000 -0.0378460900 -0.0791979330  1.0000000000
 -2.4248507248 -10.7238372073   0.6587147727  -0.9400961311  -9.0775863629  -0.3677165340 -0.1721445637 -0.1037827535  1.0000000000 -0.0289212596 -0.0285010072  1.0000000000
 -1.0938402613 -10.1496586013  -0.0245200727   0.4507266827 -10.2193383679  -1.0132708738 -0.0259016706 -0.1032196533  1.0000000000  0.1481002509 -0.2238960350  1.0000000000
-2.3263124328 -7.6801834658  0.7897362796  0.2416888123 -8.2565834549  1.1670993111 -0.0671129642  0.2323027498  1.0000000000  0.1868087335  0.1194547065  1.0000000000
 -2.1759703062 -11.4630103661   0.9639789180  -1.6229417176  -8.3011251138  -1.1750027059 -0.1192787633 -0.1843860376  1.0000000000 -0.1167760847  0.1251270568  1.0000000000
  0.6120741462 -10.5913131053  -1.1357264547  -1.9923894845 -10.1833602932  -1.6660657421  0.1418477296 -0.2761560693  1.0000000000 -0.2341368235 -0.1044067340  1.0000000000
 -1.1028862458 -11.1324018719  -0.0861550742   0.5512579020  -9.3470955120   1.0341285451 -0.0555653921 -0.2193699554  1.0000000000  0.2118304894 -0.0454899071  1.0000000000
 -2.1970875380  -7.2968611285  -1.2603299333  -1.2397716957 -10.4840305033  -0.1013786815 -0.1762227220  0.3132595216  1.0000000000 -0.0470590990 -0.1172492554  1.0000000000
-1.6074153333 -7.7125633113 -0.7379452151 -2.5239319693 -9.4127492610 -0.2182041711 -0.0961556357  0.1784769566  1.0000000000 -0.2170985672  0.0342123749  1.0000000000
-2.0201688787 -9.6514931136 -0.7148544181  0.4918625377 -8.5614864407  0.6049082247 -0.1642920456 -0.0600953370  1.0000000000  0.1967154055  0.0904265331  1.0000000000
  0.3113484418  -7.9388803482   1.9216012413  -1.6239722125 -11.3360376199  -0.3165063898  0.2045307281  0.1541283788  1.0000000000 -0.1059821251 -0.2198674285  1.0000000000
-1.9421191191 -9.1597108685  0.5033808144  0.5435138436 -9.5625060933 -1.7919241082 -0.1051766517  0.0461640378  1.0000000000  0.1935602582 -0.1551203259  1.0000000000
-0.2671376735 -9.7879748401  1.7175288561  0.7313646027 -6.8540382790 -0.8125429136  0.0824843189 -0.0466182021  1.0000000000  0.2727603579  0.3121702955  1.0000000000
  0.6404710727 -10.0781919256  -0.0855544061  -1.8000850415  -8.6863403054   1.1887398654  0.1825549241 -0.1295868480  1.0000000000 -0.0450269894  0.1313410594  1.0000000000
  0.3366543175 -10.8129402209   1.4631701815  -0.9301138561  -8.3088851064  -1.7088141674  0.1516213857 -0.1452483652  1.0000000000 -0.0455504154  0.1134242792  1.0000000000
 -2.0393538359  -9.8540463765   1.4305554785  -1.5109577388 -11.4967271750   0.9272060685 -0.0697915043 -0.0271956727  1.0000000000 -0.0344170137 -0.1903707865  1.0000000000
 0.8497740926 -7.9091640966 -1.1173865602 -2.1267853834 -8.6003445213 -0.7113939830  0.2997918970  0.1162749373  1.0000000000 -0.1595405976  0.0998126053  1.0000000000
-0.2290258869 -8.4722152904 -1.4711945186 -0.9722388396 -8.7611057104  1.2982308014 0.0734232969 0.0847357053 1.0000000000 0.0734313440 0.0803752561 1.0000000000
  0.4017709227 -10.7137799389   0.8682676068  -1.1158076507  -7.7193866006   0.4897587997  0.1333465132 -0.1712855639  1.0000000000  0.0067403670  0.1792133230  1.0000000000
-0.7711470005 -8.4635204570  1.9047940496 -1.9507114684 -8.4150509837  0.8616996579  0.0845244182  0.0847318149  1.0000000000 -0.0599551083  0.1500042374  1.0000000000
 0.3993088062 -7.9287223474 -0.9663768285  0.4695368053 -8.6825183546  0.0043771731  0.2422352138  0.1218442607  1.0000000000  0.1804919795 -0.0114056158  1.0000000000
-0.9992881866 -8.8895383775  0.9241447396 -2.3769236437 -7.7119233678  0.5230196124  0.0554662269  0.0787685642  1.0000000000 -0.1538920426  0.2234420659  1.0000000000
  0.5616896601 -11.0765404106   1.1033333902  -1.0066572425  -7.9653358211  -0.1660386761  0.1130059251 -0.2036595573  1.0000000000  0.0348596266  0.1070124980  1.0000000000
 -0.7043119108  -9.4659916473   1.9136292202  -0.5108462931 -11.1461700443   0.6955265556  0.0538005971  0.0260047090  1.0000000000 -0.0208373563 -0.1768643441  1.0000000000
-1.7914033061 -7.4506726405 -0.6907097169 -2.7900153659 -9.3115568795  1.4534359642 -0.0933896279  0.2616188470  1.0000000000 -0.1459572249  0.0685611680  1.0000000000
  0.3519759928  -7.7677025043  -0.4344259008  -0.6401447773 -10.2200528189  -1.9863149266  0.2003469379  0.1468904115  1.0000000000 -0.0234991020 -0.1959947885  1.0000000000
-3.2286105857 -8.5105452899  1.4090508257 -2.6353949227 -9.6732430248 -0.6850963257 -0.1983190796  0.1628780715  1.0000000000 -0.2315331405  0.0118579293  1.0000000000
 -2.4714871514 -10.6827233182   0.0771853689   0.4651061173  -8.5051470679   0.3912939650 -0.1948342138 -0.1231281228  1.0000000000  0.1947558467  0.0804199059  1.0000000000
 -1.6803145057  -9.4566155100   1.8910656980  -0.9568592073 -10.1165938409   0.3555498671 -0.0585199158  0.0121755720  1.0000000000 -0.0111521522 -0.0756679336  1.0000000000
-1.0087742308 -8.7296272565 -1.2586197320 -2.5052290281 -9.5161006035 -0.4135916812 -0.0369240700  0.0408350353  1.0000000000 -0.2234378783 -0.0376753628  1.0000000000
 0.1980789896 -8.1377252788  0.8848031752 -2.8906008485 -8.3582648397 -0.4700470790  0.1619617517  0.1628070295  1.0000000000 -0.2659995671  0.1827021428  1.0000000000
  0.2387632257  -8.5250002016   1.7638955813  -1.3577392030 -11.1337254286   1.0453426902  0.1431240550  0.0927594282  1.0000000000 -0.0273584479 -0.1658691085  1.0000000000
 -0.9655291145  -8.4630118305   1.7842104092  -1.9840689948 -10.7679115870   1.3108255637  0.0275513318  0.0893235259  1.0000000000 -0.1046514617 -0.0829551041  1.0000000000
  0.3504813384 -10.3131169615   1.3196149726  -2.3508414495  -7.8728853373  -1.1651084619  0.1389617566 -0.0958774107  1.0000000000 -0.2293291298  0.2705756020  1.0000000000
  0.2548668022 -11.0933420731   0.5332530517  -1.5989454287  -9.0968995497  -1.8147949952  0.1099017119 -0.2273010456  1.0000000000 -0.1466634223  0.0348661129  1.0000000000
  1.5957221973 -10.2253475087  -1.1607139478  -0.1268954815  -9.4701990291   2.2167569674  0.3135161651 -0.2405660185  1.0000000000  0.1396385235  0.0173532853  1.0000000000
 -0.4154534599  -9.5390849710  -1.9249408765  -0.4801203186 -10.7574948820   1.5081045494  0.0098608821 -0.1008715899  1.0000000000  0.0694342956 -0.1046141643  1.0000000000
