18.6000000000
50
-9.9181619006 -7.0719563649 12.0251249592  0.0997268743 -0.1440739196  1.0000000000
-8.5522131425 -6.3949111783 13.9394212940 -0.0868526054  0.0719553827  1.0000000000
-10.4423037152  -6.8225533284  12.1866381892  0.0773760827 -0.1625898081  1.0000000000
-8.1843137636 -7.0919735269 11.9801142951 0.0621858227 0.0464544563 1.0000000000
-9.1278044909 -5.4468990801 10.9976551667 -0.0546665868 -0.2202189185  1.0000000000
-8.5694008752 -6.1600492012 11.8713987501 -0.0442035982 -0.0334025635  1.0000000000
-8.2382781329 -8.1762503801 11.2521696575 0.1899086669 0.0827632478 1.0000000000
-8.0587260890 -8.7241969811 12.9126049388 0.1919168157 0.2147214649 1.0000000000
-6.9897575588 -7.3355178982 11.6773656096 0.0215298383 0.2180696638 1.0000000000
-7.7360837355 -6.3615252743 13.8331730901 -0.0862387954  0.1368903488  1.0000000000
-9.8994951870 -7.9566555519 13.7013849878  0.1747601165 -0.0141398121  1.0000000000
-7.5697071059 -6.6822525552 13.0267702192 -0.0630359947  0.1694928961  1.0000000000
-8.6465820786 -5.5775035246 12.9865210376 -0.1507266108 -0.0478735029  1.0000000000
-6.9660952477 -8.6467988231 11.6774700934 0.1535194457 0.2812430696 1.0000000000
-8.7300707149 -5.2271342910 11.6642436546 -0.1654507722 -0.1516251122  1.0000000000
-8.3853178408 -6.6442183525 13.4419443628 -0.0354013230  0.0033046995  1.0000000000
-8.8185327971 -7.6389823532 11.4671553975  0.1853164420 -0.0322178572  1.0000000000
-9.3276957767 -8.1808310598 10.5140044195  0.2990520965 -0.1236776918  1.0000000000
-8.3281444093 -7.6163317763 14.5827335392 0.0582982574 0.1285259215 1.0000000000
-10.7664327470  -7.0494894381  12.5095796220  0.1272653489 -0.1821920398  1.0000000000
-6.7856027636 -7.1867045588 11.7832485177 -0.0613705284  0.2203237772  1.0000000000
-10.1421487511  -6.0999351578  13.6913602397 -0.0062153913 -0.1152831887  1.0000000000
-9.3123997211 -8.2325753699 11.3787697560  0.2328926094 -0.0553816679  1.0000000000
-9.3730882728 -6.5291610530 11.2643493071 -0.0007336267 -0.1605531430  1.0000000000
-9.4314131721 -7.5584189547 12.2672857266  0.1138111457 -0.0354988595  1.0000000000
-6.5933111222 -5.5657061787 11.9256596003 -0.2504036298  0.1305299087  1.0000000000
-9.1244836824 -7.8848987064 12.6459089496  0.1091264709 -0.0321670257  1.0000000000
-8.8212798171 -5.3650663395 14.2612973565 -0.1719568812 -0.0375078580  1.0000000000
-10.2934088665  -5.1905723291  12.8467504697 -0.0793656569 -0.2135791031  1.0000000000
-7.8968825198 -6.2477403339 14.1037052288 -0.1135974049  0.1029855992  1.0000000000
-10.5347842476  -8.0979575969  12.2630162737  0.2165097382 -0.1580858385  1.0000000000
-8.4159255382 -5.7290605420 14.2237907567 -0.1496608808  0.0355880741  1.0000000000
-7.6037968560 -5.2543592514 11.9426670539 -0.2340790519 -0.0060241640  1.0000000000
-9.9428053487 -5.8893982882 11.7795023267 -0.0377524636 -0.1914259817  1.0000000000
-8.4291664186 -8.2501872161 13.9470930060 0.0981892925 0.1746118827 1.0000000000
-7.2504593771 -6.6633973929 13.5030183822 -0.1018601328  0.1396434009  1.0000000000
-7.4834828549 -6.8383131495 11.2415154522 -0.0048126466  0.1024817286  1.0000000000
-7.4224102420 -5.6617933676 13.3802991653 -0.1772023815  0.0927271461  1.0000000000
-6.5288708645 -5.7597563987 13.8247635147 -0.2533900394  0.2392510971  1.0000000000
-9.7857273161 -7.2383966994 11.1856000040  0.1353846649 -0.1771687227  1.0000000000
-9.9818788240 -6.5094144141 11.9867182613  0.0314055054 -0.1995127114  1.0000000000
-8.4197238112 -5.4311864618 10.9222923291 -0.1435094135 -0.1341304985  1.0000000000
-8.8332387252 -5.2132514385 13.0090657459 -0.1746805524 -0.0405246490  1.0000000000
-7.8559511543 -6.8829221574 13.6172679396 -0.0250769699  0.0973993358  1.0000000000
-9.1008532025 -8.1752912711 12.1500212162 0.2043820267 0.0198591270 1.0000000000
-7.6970392562 -8.0500506714 12.1699794511 0.1483798407 0.1169718490 1.0000000000
-8.4358101550 -5.7135737112 10.3866848130 -0.0991440466 -0.1821531686  1.0000000000
-9.4680525808 -6.4283046274 13.0391046911  0.0042962933 -0.0801838709  1.0000000000
-8.8319491910 -4.9120303903 13.2186851937 -0.1861994852 -0.0751463530  1.0000000000
-10.7789998788  -6.7822299907  13.0400787743  0.0512012922 -0.1536359433  1.0000000000
50
-9.5377663020 -8.9814452282 13.9719123837 -7.0243055079 -6.5569893315 13.1652655110  0.1948292209  0.0645314626  1.0000000000 -0.0950930910  0.1604753805  1.0000000000
-7.2913480522 -8.0188508428 13.4963354553 -8.5010578051 -6.1282502509 11.4986268644  0.0700266984  0.2281465886  1.0000000000 -0.0810461571 -0.0760080224  1.0000000000
-10.7627233980  -7.8890769206  13.4825578397  -7.2591059960  -8.1026659298  12.8311626426  0.1356661917 -0.1257119764  1.0000000000  0.1275294794  0.2388030521  1.0000000000
-10.4859680432  -8.0469832178  13.0508300861  -8.0671228760  -6.2587208152  14.2170890285  0.1666334303 -0.0715542303  1.0000000000 -0.1101755010  0.0936620446  1.0000000000
-7.9607425009 -7.4748175272 12.9864828171 -8.8070728205 -7.1461933318 11.2491786813  0.0473960725  0.1077097096  1.0000000000  0.0843898791 -0.0829403654  1.0000000000
-8.1756578321 -5.7572426439 10.9827759196 -6.2437956351 -6.0772912790 11.7663101654 -0.0799317294 -0.0637227944  1.0000000000 -0.1737863591  0.2580511275  1.0000000000
-7.8949148569 -5.5104648810 12.2295848023 -8.4298879605 -7.4204527091 14.5302308394 -0.1747684082 -0.0787838703  1.0000000000  0.0025838216  0.1151802210  1.0000000000
-7.8357435019 -8.0958297789 12.0020772553 -9.3307116094 -7.0498158547 10.8379256182  0.1940800624  0.1172690994  1.0000000000  0.1825403580 -0.1754112701  1.0000000000
-11.2485290587  -7.9361166362  12.8142122774  -7.7956121558  -8.1752435553  13.8695073455  0.1701069209 -0.1784359452  1.0000000000  0.0651193341  0.1968023856  1.0000000000
-7.6807453318 -6.4206884700 10.6561932378 -8.2081173038 -8.3428807772 12.7689622973 -0.0413802329 -0.0240332684  1.0000000000  0.1864463932  0.1032028160  1.0000000000
-6.3853452854 -6.0879679365 12.1283111723 -6.2947356096 -5.8379346367 13.4188453653 -0.1918611699  0.2357652043  1.0000000000 -0.2414880864  0.2027238177  1.0000000000
-9.3726636565 -6.7502719539 12.7140877331 -9.3788349582 -5.9102930601 13.3757877775  0.0237467475 -0.0638811873  1.0000000000 -0.0311958911 -0.0611343557  1.0000000000
-7.0829308425 -5.4113014193 12.2679076798 -6.2482295512 -6.5176891872 11.4427583026 -0.2388695452  0.0877278611  1.0000000000 -0.1382408159  0.2570900834  1.0000000000
-7.8851889050 -6.7265752053 13.7131533262 -8.4938560461 -6.0868367980 13.2797466058 -0.0665985043  0.1595854121  1.0000000000 -0.0906584689 -0.0012230758  1.0000000000
 -8.6363602776  -7.8613658812  11.6548997450 -10.4603332000  -6.3766174834  12.7420240699  0.1354606101  0.0211229608  1.0000000000  0.0446880778 -0.1961280263  1.0000000000
-9.2623413525 -6.1830255448 12.3672807192 -7.8110901612 -6.8984170471 13.6191536249 -0.0366770286 -0.0872095918  1.0000000000 -0.0418479315  0.1365725523  1.0000000000
-9.5368681351 -7.6419363233 12.9305061027 -8.6126745118 -4.7259996066 11.4317627247  0.0933053550 -0.0396819001  1.0000000000 -0.2060035477 -0.1854550184  1.0000000000
-8.9802950671 -7.7189965642 12.4177903740 -8.7667318986 -7.3645773019 12.7409148982  0.1388956081  0.0029408801  1.0000000000  0.0916347036 -0.0080789410  1.0000000000
-9.8082383091 -6.0841722282 13.5565441725 -7.1617701230 -8.9226617755 11.6901360052 -0.0069106152 -0.0838649868  1.0000000000  0.2609870849  0.2497443938  1.0000000000
-9.1982186581 -6.2051114934 12.1515667100 -9.7955223713 -6.0866188544 10.9096205119  0.0392713263 -0.1034832604  1.0000000000 -0.0347417764 -0.2383499482  1.0000000000
-9.1628575198 -8.1063684198 13.3866950648 -8.9485347207 -6.6928535503 10.9597623280  0.0987066951  0.0219763682  1.0000000000  0.0467156133 -0.1264109982  1.0000000000
-11.0779914359  -7.8896437699  11.6494268887  -8.7406716714  -5.2922477950  11.6536345796  0.1993310328 -0.2127197029  1.0000000000 -0.1616798519 -0.1236801563  1.0000000000
-7.6360270532 -8.0046482709 12.2422088291 -7.9671595465 -5.6376817981 11.0618036568  0.1114320957  0.1803858358  1.0000000000 -0.1593025862 -0.1146072555  1.0000000000
-9.7433428253 -6.5470088383 12.9298303520 -7.9205130636 -6.5452683081 10.9631341310 -0.0275741189 -0.1220305706  1.0000000000 -0.0154299711 -0.0043161206  1.0000000000
-8.0456737944 -8.5435113553 14.6869237471 -9.6851011005 -7.4251556134 11.4858603840  0.0987945855  0.1761990253  1.0000000000  0.1466043130 -0.1331144501  1.0000000000
-10.6201800296  -5.6826825680  13.3587727408  -9.9853672794  -6.9881642538  12.6344347234 -0.0406367901 -0.1772667584  1.0000000000  0.0905532783 -0.0857114557  1.0000000000
-7.3063375890 -7.8159170611 11.8482632471 -9.9488596507 -7.6868894996 10.6476719389  0.0544439947  0.1990069157  1.0000000000  0.2532887214 -0.1704501026  1.0000000000
-8.6877123311 -7.5834985923 12.0320500444 -7.0118094713 -5.4792007634 11.5369030494  0.1195644123  0.0153292870  1.0000000000 -0.2245845029  0.0802020258  1.0000000000
-8.6798581436 -6.1013539653 11.8026362590 -9.8049066177 -8.1524815217 13.3841657953 -0.0548150203 -0.0955031274  1.0000000000  0.1434064222 -0.0585055337  1.0000000000
-8.9375059973 -7.9387588705 11.3463536353 -6.1161199944 -5.7145431240 11.5173184998  0.2132448810 -0.0249204701  1.0000000000 -0.3101706161  0.2401499703  1.0000000000
-7.7244372957 -5.8575989757 14.1710033682 -8.0784145471 -6.1098569759 11.1849955825 -0.1535145293  0.1143700151  1.0000000000 -0.0503194747 -0.0513121405  1.0000000000
-7.9783673803 -5.9712469611 14.0173958257 -6.7769451325 -6.7769050675 12.9257711682 -0.1036936664  0.1068655859  1.0000000000 -0.0868070569  0.2169488023  1.0000000000
-9.2510916581 -7.7801169400 11.3318576534 -7.8467954824 -6.5415324532 10.6784541076  0.2120325167 -0.1001572488  1.0000000000 -0.0502589062  0.0043704018  1.0000000000
-7.2541439866 -8.4268761229 11.2383943402 -7.5789843975 -6.2657976400 12.8113923046  0.2144818332  0.2349411054  1.0000000000 -0.1023296990  0.1111366577  1.0000000000
-6.9033625563 -8.3216723601 12.3446941626 -9.7261858014 -6.2055228756 10.5078451582  0.1195004030  0.3079044488  1.0000000000  0.0413352242 -0.2852088104  1.0000000000
-6.7562928975 -6.5150842119 12.0983883743 -6.9784820917 -8.3707918699 12.3796973492 -0.1346966377  0.2064464549  1.0000000000  0.1304004584  0.2478454410  1.0000000000
-7.8100613264 -6.9675863453 13.6113516138 -9.9030895814 -5.8534422543 13.4922145324 -0.0425004878  0.1275481002  1.0000000000 -0.0519721380 -0.1488303913  1.0000000000
-8.1563483418 -7.5270261625 11.1162765031 -8.6807974097 -5.8159405531 14.5751810609  0.1164813448 -0.0015246559  1.0000000000 -0.0999106036  0.0225810039  1.0000000000
-8.5358361622 -8.9639204181 12.0640595259 -9.5904522299 -6.9981124472 10.8796945265  0.2806534333  0.0872612973  1.0000000000  0.1107993706 -0.1758561590  1.0000000000
-8.8565987048 -7.5611080006 12.2989777784 -7.8526021685 -7.8676691523 11.4030290610 0.1240276948 0.0250220758 1.0000000000 0.1117748285 0.0859681265 1.0000000000
-7.6656671574 -7.7359427459 13.8509277337 -8.7317549002 -6.5418111670 10.3285075019  0.0378368642  0.1994626167  1.0000000000  0.0187802951 -0.1390104092  1.0000000000
-7.1935426914 -6.9711272977 14.0909888232 -7.0050647772 -7.4368321675 11.5318572367 -0.0923958086  0.2028406125  1.0000000000  0.0175909067  0.2147684735  1.0000000000
-6.3422403713 -6.0930332579 13.3209773982 -6.6418932192 -8.1073332587 11.6908620867 -0.1949507763  0.2305845709  1.0000000000  0.1278797296  0.2964644841  1.0000000000
-8.3876857764 -6.1214535150 11.7530403076 -7.7637941824 -7.1255494877 11.9581778187 -0.0824405875 -0.0746256534  1.0000000000 -0.0029138021  0.0730977749  1.0000000000
-8.2886916947 -4.4694922484 10.5426908561 -9.5784463756 -7.3978852775 12.8324187301 -0.2937079408 -0.2352995156  1.0000000000  0.0368905362 -0.0658364214  1.0000000000
 -9.8756228273  -6.6141396898  11.5312022934 -10.9991781373  -7.7336111467  13.3986112515  0.0651252535 -0.1852534489  1.0000000000  0.1775010930 -0.1729880101  1.0000000000
 -7.6682641834  -8.6335831884  12.7956758955 -10.8574331440  -6.7164129677  12.9479266981  0.1763098863  0.2200186727  1.0000000000  0.0756654589 -0.1888788079  1.0000000000
-8.4986602054 -7.3049906913 11.9466818897 -8.0770559151 -7.4762486814 12.5151794240 0.0857888158 0.0028839639 1.0000000000 0.0390174802 0.0999052481 1.0000000000
-5.6672751214 -5.7476675136 12.1736362078 -9.4498970603 -7.2077041531 11.9671742440 -0.2477189907  0.3094367094  1.0000000000  0.1288072570 -0.0817093677  1.0000000000
-8.8824775498 -7.7552879946 10.0664661997 -9.1023980405 -5.0089067876 10.2075865416  0.2301017839 -0.1545337431  1.0000000000 -0.1948916644 -0.2988671920  1.0000000000
