518.2000000000
50
12.3717449370 -5.7320752831  6.2542896937 -0.0754086965  0.2145645886  1.0000000000
10.8928958215 -5.4182183421  4.3768084846 -0.1063535881  0.2185599202  1.0000000000
13.5733250366 -6.1507465237  4.2129689045  0.0036800467 -0.0438924571  1.0000000000
11.2980235326 -6.2379973660  3.9491562091 -0.1879026575  0.0009259305  1.0000000000
12.8922690608 -7.4804662561  3.1148262043 -0.1303891341 -0.2149768780  1.0000000000
11.0045754973 -6.4276807557  5.1158417780 -0.2357493022  0.1686263594  1.0000000000
11.1496861859 -5.4649066095  4.0457704676 -0.0967184111  0.0883441296  1.0000000000
12.6129021286 -6.1779420578  2.9318168467 -0.0125638741 -0.1411089873  1.0000000000
12.8022263766 -5.8025979345  2.0385018038  0.0695760203 -0.2617069399  1.0000000000
12.2752329507 -4.2601594249  3.3474697322 0.1740033717 0.0576153361 1.0000000000
10.6001452617 -5.0436918303  4.4522599079 -0.1055438990  0.2536093060  1.0000000000
13.5510736202 -8.3446794882  4.7367176976 -0.1943213039 -0.1305286489  1.0000000000
10.9344770449 -6.4354871691  4.4373087739 -0.2468183961  0.0807589212  1.0000000000
13.3877077842 -4.6346766263  5.8609344248 0.0266082696 0.2068871211 1.0000000000
15.3557922617 -5.8555843019  3.5570309087  0.1630395566 -0.1678837704  1.0000000000
13.3698468647 -7.5973169692  3.7852966540 -0.1462993686 -0.1468094580  1.0000000000
12.4257955451 -5.6692332541  3.6974193379  0.0180713365 -0.0156051013  1.0000000000
12.4378054337 -4.7387388568  5.4979261982 0.0490542603 0.2166582982 1.0000000000
13.8825147921 -4.9294472593  4.3603093802 0.1452586184 0.0117560656 1.0000000000
13.2721459511 -4.7049262112  2.5592875937  0.2159214111 -0.1319274252  1.0000000000
12.5237831249 -3.5984820926  3.1227152118 0.3083681783 0.0505012091 1.0000000000
13.0774978409 -3.7119768090  3.5586668253 0.2604637012 0.0531222579 1.0000000000
14.4788700870 -4.8432565168  5.6992542044 0.1233701437 0.0506800794 1.0000000000
15.0298057495 -4.8222190990  4.2559611050  0.2516575762 -0.0443731633  1.0000000000
15.0133453268 -6.1667982897  4.1692776986  0.0662645713 -0.1689906598  1.0000000000
14.5882185839 -6.5821076109  5.2419503762  0.0042971774 -0.0043808533  1.0000000000
11.2650492529 -6.4737396102  5.6704074888 -0.2655186344  0.1748671052  1.0000000000
12.3390363986 -6.3729204512  3.8550522712 -0.1018907107 -0.0411494730  1.0000000000
15.2335510498 -5.6783944031  3.9645204881  0.1200774423 -0.1347350672  1.0000000000
12.5669697693 -6.5825980141  2.0926640712 -0.0518439329 -0.3127630087  1.0000000000
12.9184489298 -4.6568879213  6.2196605582 0.0177852032 0.1886814215 1.0000000000
11.9455283546 -4.0933892325  5.0571094363 0.1178730466 0.2651139293 1.0000000000
14.8465664904 -4.4157734760  5.9233768734 0.1880781719 0.1202342865 1.0000000000
12.9131047907 -4.1808903798  4.2266933030 0.1001561168 0.1249643436 1.0000000000
13.6044889047 -5.7501727037  3.9451220396  0.1268532351 -0.0851438552  1.0000000000
13.5195671416 -5.6886924856  6.3964013186 -0.0349557689  0.1682826338  1.0000000000
12.9370727132 -5.5626828767  6.1613332143 0.0061159217 0.1723755965 1.0000000000
13.3393313239 -4.9585757439  2.2137311450  0.2103311131 -0.2130643408  1.0000000000
10.9875680086 -5.7336975683  5.7135671799 -0.1984306832  0.2667000598  1.0000000000
13.8451057970 -4.2363301722  3.2399243797  0.2356649526 -0.0533222059  1.0000000000
10.8900797931 -6.0159130467  5.8297240795 -0.2019993308  0.2749053869  1.0000000000
12.8136129308 -4.3573516242  4.0203752933 0.1494087213 0.1064917156 1.0000000000
10.8267389061 -6.6062072366  3.7691004414 -0.2638700994 -0.0015922146  1.0000000000
13.1419950297 -7.7095966704  4.9799548618 -0.1803806765 -0.0664273580  1.0000000000
10.8653055051 -4.7082997560  4.7091345144 -0.0118044112  0.2472007878  1.0000000000
15.3541044723 -4.9047437490  4.6357910595  0.2317131975 -0.0649527070  1.0000000000
13.9847362382 -4.2663844159  5.5657838407 0.1892973110 0.1117277395 1.0000000000
14.2858366535 -5.6029175399  5.7623566415 0.0405561476 0.0912171985 1.0000000000
14.2576498902 -4.7556699630  6.0136971170 0.1099199566 0.1150901765 1.0000000000
11.1699095143 -6.3855098497  5.0694539787 -0.2188559550  0.1381660727  1.0000000000
50
11.8516090601 -5.7160169376  5.4684205885 14.5730161436 -4.4185450228  5.0768109978 -0.0666391349  0.1731777202  1.0000000000  0.1927512033  0.0220711168  1.0000000000
11.4848646812 -5.1034081278  4.0099720970 12.2107234560 -3.8664041669  3.9735821274 0.0046935483 0.1301487223 1.0000000000 0.1985394911 0.1181915712 1.0000000000
15.3154017525 -5.9692464408  4.1976828229 14.4296072223 -8.2043916246  4.8794502576  0.1098956721 -0.1235633040  1.0000000000 -0.1117283014 -0.2092798436  1.0000000000
14.1812455302 -3.7833900230  6.3047283008 13.4888805810 -5.6044815422  4.9022620691 0.1970894973 0.2243220539 1.0000000000 0.0500676724 0.0653922016 1.0000000000
13.3166109010 -6.7661107934  4.2294845666 12.4334882729 -7.3000735571  4.5019422953 -0.0848046807 -0.1060283723  1.0000000000 -0.1816580717 -0.0730899483  1.0000000000
14.1772539032 -3.9212163402  5.7488809052 11.6816385419 -4.8711634882  3.7346590280 0.2256759828 0.1322009080 1.0000000000 0.0422715281 0.1276088407 1.0000000000
10.6186049142 -5.5744899727  4.1668974524 13.1752696269 -3.1950290514  5.0389572760 -0.1998819652  0.1888478933  1.0000000000  0.2756831483  0.1931458597  1.0000000000
11.1377244536 -5.9410404695  5.0669063607 10.6756826327 -5.3302384428  4.2518078359 -0.1623681965  0.1943816496  1.0000000000 -0.1418784161  0.1908310296  1.0000000000
11.1970916725 -5.8040453691  4.2950025576 12.7509970594 -4.5780333805  2.5233939339 -0.1126586904  0.1481350037  1.0000000000  0.2171399492 -0.1015060812  1.0000000000
11.8747093488 -6.2209298625  6.3220113348 14.5570809571 -6.2464163294  5.3126726543 -0.1744804974  0.1997671463  1.0000000000 -0.0141525043 -0.0573274388  1.0000000000
11.9566889728 -6.2315914280  2.5848516965 13.7929101565 -8.1363561740  5.5728113945 -0.0256439195 -0.1430385253  1.0000000000 -0.1682368772 -0.1127083247  1.0000000000
13.9893733701 -5.1388415464  3.6760372730 13.6728951827 -4.6846673392  5.7185815401  0.1832169028 -0.0453934991  1.0000000000  0.0907986794  0.1454407883  1.0000000000
14.6596037120 -6.7471163688  3.7712364883 14.7308020259 -7.5338361422  4.4640146450  0.0308140698 -0.2053101047  1.0000000000 -0.0852940197 -0.1390800051  1.0000000000
11.7645783416 -7.5450189733  3.4064765518 13.0659928026 -6.5209344752  3.9330783489 -0.2708069102 -0.2019008590  1.0000000000 -0.0307421077 -0.0750009436  1.0000000000
11.2334475948 -5.3182768426  5.3531047051 12.5648094917 -4.1217672117  5.1089358913 -0.1002999122  0.2608761860  1.0000000000  0.1137283333  0.2058492284  1.0000000000
14.4932067255 -3.7771134520  6.3330698170 11.3586655579 -5.4253729815  5.3269700985  0.2169971689  0.2001871250  1.0000000000 -0.0652593273  0.2446524757  1.0000000000
12.9967226773 -5.3021457954  3.6400585309 12.4236020488 -6.2242787149  2.5842971232  0.1076374480 -0.0381507868  1.0000000000 -0.0477199393 -0.1950734637  1.0000000000
13.2411484579 -5.1626740281  6.5243936079 12.1946990538 -4.5286457931  5.0279911830 0.0380780455 0.2101521095 1.0000000000 0.0581920457 0.1569779437 1.0000000000
15.1049823865 -5.6310837535  3.3656657081 12.9144024889 -6.9478793573  5.5063539020  0.1667702396 -0.1883604474  1.0000000000 -0.1366335160  0.0024928745  1.0000000000
10.4015373810 -5.9166411864  4.8114138988 14.1299787812 -4.4259603613  2.9888052912 -0.2615121456  0.2104752565  1.0000000000  0.2483850457 -0.0755347046  1.0000000000
13.2943734658 -4.4704118580  2.2046787913 12.4046148580 -4.0927372787  3.1359582514  0.2666428840 -0.1600863115  1.0000000000  0.2111735798  0.0730241490  1.0000000000
11.4594412952 -5.5910507250  5.4512098824 15.2814964271 -7.3739242750  4.3268592786 -0.0995657384  0.2314498791  1.0000000000 -0.0085115139 -0.1370244156  1.0000000000
11.9513488946 -5.3129062011  5.3787227131 14.3356237286 -7.5264189818  4.9646619079 -0.0315001109  0.1779425935  1.0000000000 -0.1413541927 -0.1034025114  1.0000000000
12.0463820271 -5.4103695696  5.9016152369 13.2394152543 -3.9272480665  4.1377591271 -0.0514632334  0.2516377092  1.0000000000  0.2028105813  0.1329962371  1.0000000000
13.2555615676 -4.3514994150  4.9615600766 13.2436880271 -8.0426058707  4.1599897179  0.1497334921  0.1181291212  1.0000000000 -0.1897536935 -0.1853694647  1.0000000000
13.4829945635 -7.0261641890  4.2427685075 14.2472699459 -4.9607164123  3.7286553237 -0.1362365811 -0.1459274801  1.0000000000  0.1742153898 -0.0708144268  1.0000000000
12.8763233439 -4.3906320527  4.4865872420 13.6921676478 -4.5762779193  5.1206444880 0.0971663664 0.1004935460 1.0000000000 0.1881055347 0.0653875951 1.0000000000
12.8561152426 -5.6273618253  2.1824516282 14.5630316818 -5.3775160554  2.7470213349  0.1118667724 -0.2399813486  1.0000000000  0.1831985979 -0.2175363056  1.0000000000
14.1762767094 -4.7676350248  5.0240618585 10.8787268894 -4.4633078981  4.7976606270 0.1473159263 0.0553359993 1.0000000000 0.0109802931 0.3391674799 1.0000000000
10.9833558404 -6.1079494771  3.4793710144 14.2003911939 -7.1233796572  4.2629912569 -0.1728264780  0.0671001719  1.0000000000 -0.0729502152 -0.1484013741  1.0000000000
13.7272001550 -5.0384239227  6.0031508507 13.1714669237 -4.0921556823  2.5910935625  0.0371883678  0.1367026629  1.0000000000  0.3254581865 -0.0525029665  1.0000000000
14.3259204727 -5.1028442592  6.2138619767 13.6327585990 -6.5092777062  4.8756107714  0.0594598336  0.0841498977  1.0000000000 -0.0609626270 -0.0257987015  1.0000000000
13.0508451921 -5.6222506554  4.4644132542 13.0799466965 -6.0484148830  1.9754875567  0.0064966567  0.0293244591  1.0000000000  0.0215633325 -0.2753113579  1.0000000000
10.5201429897 -5.7074023875  4.1960331997 12.6649154638 -6.3698043847  6.5071082643 -0.1619001864  0.1409003938  1.0000000000 -0.1068097189  0.1404658706  1.0000000000
12.1624227522 -4.0841780814  4.6044639551 13.5599846257 -4.1960254159  4.3342855005 0.1566466355 0.1907338773 1.0000000000 0.2081132281 0.0842076703 1.0000000000
14.5344788794 -5.5393200893  4.9815038770 11.9271779868 -6.9924873014  5.0469235562  0.0899518336  0.0137970348  1.0000000000 -0.1988127493  0.0699392605  1.0000000000
13.4052173511 -4.4653193027  4.1391135891 11.7997173137 -6.5857130712  3.1044874186  0.1793301436 -0.0005912652  1.0000000000 -0.1206457626 -0.0756132259  1.0000000000
13.0441742989 -4.2023030225  5.0115199754 11.4186741684 -3.3764433950  4.1651906491 0.1469100328 0.1693429554 1.0000000000 0.2393113524 0.3005951871 1.0000000000
12.6499619780 -4.7390512905  5.9212869527 13.2883766844 -5.8201114037  6.0086029245  0.0644808939  0.2291090835  1.0000000000 -0.0507671590  0.0996783112  1.0000000000
14.8904333368 -7.9738224122  4.4988048675 14.4182727530 -4.6362895104  4.5563648939 -0.0754947451 -0.1637369687  1.0000000000  0.1756980243  0.0026480604  1.0000000000
13.2730025168 -6.6004767456  4.3683935474 12.6752758931 -3.3663033752  4.3688429118 -0.0514071830 -0.0416365358  1.0000000000  0.2806998824  0.2237300594  1.0000000000
13.0142426613 -5.9502693418  3.3193533700 12.8883451393 -4.5221871234  2.9035599688  0.0228495001 -0.1154490146  1.0000000000  0.2258941574 -0.0774387682  1.0000000000
12.2913110458 -4.3907106093  5.1818786012 11.4975538461 -4.3037718137  4.7143717726 0.0789564400 0.2090979014 1.0000000000 0.0495140434 0.2485617483 1.0000000000
14.4456868307 -6.0488102673  5.6450506532 13.0302031250 -6.7995642034  4.1932386301  0.0155761180 -0.0239118187  1.0000000000 -0.1294189057 -0.0439321018  1.0000000000
14.2911517340 -7.1427769120  5.1855034315 13.7158454268 -5.3060129946  1.9283948746 -0.0570907053 -0.0649645777  1.0000000000  0.2162881373 -0.3063360561  1.0000000000
11.0088577868 -6.1100187337  4.0004088551 11.1870864098 -6.4263450943  5.8637922914 -0.1945712063  0.0359900812  1.0000000000 -0.2177403586  0.1955297034  1.0000000000
12.8247567161 -6.7731432996  3.4931138487 14.8531700011 -5.6442438159  4.8614438422 -0.1005892237 -0.1181632129  1.0000000000  0.0810535896 -0.0605661843  1.0000000000
13.3935020653 -4.9739648272  5.6774360717 11.8292376236 -4.5060822447  5.3335467411 0.0383741501 0.1073956791 1.0000000000 0.0448734807 0.2449373337 1.0000000000
12.6159049764 -6.6989344299  7.2022532438 12.7931437659 -6.0741135350  4.3009033475 -0.1575870094  0.1402291217  1.0000000000 -0.0763467455 -0.0298247138  1.0000000000
14.4014510594 -5.4113474211  4.5335951518 12.0916668158 -4.2198546465  3.3378356380  0.0917988124 -0.0446320090  1.0000000000  0.2040502446  0.0843418185  1.0000000000
