308.1000000000
50
  6.7364624845 -10.1019990885 -12.9900322239  0.0806189779 -0.0094827914  1.0000000000
  6.3472575969 -11.2360656386 -12.8382150307  0.2004777377 -0.1167570437  1.0000000000
  7.7511689134  -8.1528782797 -10.4617276350 0.0839401354 0.0596979982 1.0000000000
  8.6142224183 -10.7335843403 -12.3742241321 -0.0150517517 -0.1900175999  1.0000000000
 10.1354778119  -8.6150869992 -11.1130362135 -0.2933178096 -0.1160725861  1.0000000000
  8.6575900389  -7.7758391798 -12.4426127656 -0.1924004047  0.1134591228  1.0000000000
  8.2246934666  -6.9440152943 -12.5640516832 -0.0848635909  0.2493691888  1.0000000000
  8.0239922051 -10.3037852813 -13.2635246383  0.0108853202 -0.0883639082  1.0000000000
  7.5903142825 -11.1812527366 -11.5763145716  0.1720385031 -0.2702986226  1.0000000000
  8.5113846234  -8.2726507467 -14.4531693580 -0.1629048024  0.1124606732  1.0000000000
  9.5967073892  -8.3749592861 -12.1688284127 -0.1908948428 -0.0182687916  1.0000000000
  6.3620213426  -9.9872122073 -11.5581261247  0.1893987609 -0.0282062515  1.0000000000
  7.4915753333 -10.8872514213  -9.8925795696  0.2898695578 -0.3228503360  1.0000000000
  9.8791637175  -8.2080185183 -11.7581774994 -0.2527660145 -0.0194006334  1.0000000000
  7.0770365422  -9.2816566799 -11.9397141311  0.1179190783 -0.0085449601  1.0000000000
  6.6091682235  -8.3845615693 -10.8638520139 0.1999387391 0.1145153580 1.0000000000
  8.2218546709  -6.8708008251 -11.6259102697 -0.1227061244  0.2348404737  1.0000000000
  7.2829359367  -9.6927110332 -11.4828926318  0.1402064144 -0.0793353894  1.0000000000
  8.0146087949 -10.3660404508 -11.5370492940  0.0385480145 -0.1515273172  1.0000000000
  9.5552562244  -9.1927186086 -11.1487265181 -0.1436089165 -0.1751734692  1.0000000000
  9.1016456832  -9.5398149110 -12.9585540172 -0.1210439425 -0.1005644175  1.0000000000
  8.4408336287  -9.4348855242 -10.2206484477  0.0719736218 -0.1371252651  1.0000000000
 10.0151046638  -9.1685585352 -10.8047568785 -0.1826668172 -0.2162969517  1.0000000000
  8.8014876005  -9.9417385979 -12.1950574268 -0.0578385611 -0.1416714448  1.0000000000
  7.2428482358  -7.1308210703 -10.6196525316 0.0759924512 0.2743961500 1.0000000000
  8.3157168589  -8.0834507133 -13.6861260050 -0.1562567723  0.1300192103  1.0000000000
  8.5894245742 -10.8615790274 -12.4115908725 -0.0111193074 -0.1973612877  1.0000000000
  7.2352746622  -7.7303910757 -10.4123388083 0.1659809489 0.1700001362 1.0000000000
  9.5086140787  -8.6079951769 -11.4246252986 -0.2182266555 -0.0956544402  1.0000000000
  7.1349847011  -8.7548361768 -11.7598890142 0.0947421053 0.0462279435 1.0000000000
  5.7462283080  -8.7453672885 -12.6922739477 0.2118222181 0.1532962197 1.0000000000
  8.2984862032  -8.8960670619 -10.0772366615  0.0477354843 -0.0995506623  1.0000000000
  7.5124073211  -8.7053220089 -10.7197542805 0.1196776124 0.0301774449 1.0000000000
  6.3349474140  -7.8355736914 -11.5903842077 0.1459251124 0.2023022022 1.0000000000
  8.5761157376  -8.5299697266 -11.5721803465 -0.0672307929  0.0226672238  1.0000000000
  8.2647843050  -7.6540968213 -10.6607031570 -0.0316631047  0.1497553302  1.0000000000
  9.8657992267  -9.3487775992 -10.6448236640 -0.1419937800 -0.2803206690  1.0000000000
  5.4972481730  -8.8085270551 -12.9711178003 0.1391684802 0.1448755950 1.0000000000
  9.0698335848  -6.2503371664 -12.2008170017 -0.2370068455  0.2917022812  1.0000000000
  8.1509520877  -8.5397270040 -13.8327615925 -0.1032612980  0.0682719124  1.0000000000
  6.8601978861  -9.3084066129 -12.3481167806 0.1138815101 0.0278507579 1.0000000000
  8.9661732300  -9.7359823764 -10.0679461747  0.0044885111 -0.2353624264  1.0000000000
  7.2042908032  -8.0719873785 -12.5171379979 0.0330360187 0.1148202753 1.0000000000
  6.9211659656  -8.9784888452 -11.6477192173 0.1443093979 0.0598573629 1.0000000000
  7.8732428914  -7.6425635199 -14.6254618412 -0.1474600765  0.1840076176  1.0000000000
  7.9848199203  -9.6872091896 -12.5678625676 -0.0169996509 -0.0304561344  1.0000000000
  7.2462348451  -9.1927829979 -13.1872003371 0.0418737405 0.0640654479 1.0000000000
  7.2066012730  -9.3832480442 -12.3714058346 0.1313779360 0.0067730947 1.0000000000
  7.6853887861  -9.1956261171 -12.5615838299 0.0251937953 0.0025738492 1.0000000000
  6.7537426889  -8.2284472476 -11.1687579128 0.1102249537 0.1737314647 1.0000000000
50
  6.5032087906  -9.7712451671 -11.8832228531   9.0901950258  -6.4581458912 -12.3578233060  0.2067362329 -0.0382225022  1.0000000000 -0.2696429719  0.2390336252  1.0000000000
  7.0062181081  -9.2328366703 -11.0272744362   8.2880728373 -10.3818625294 -13.5733140200  0.1551082673 -0.0227715143  1.0000000000 -0.0396507049 -0.1081582951  1.0000000000
  8.7959876620  -9.0651623434 -11.9191980791   6.7449232471  -7.8028807937 -11.7619151264 -0.0650508524 -0.0465755116  1.0000000000  0.0939100098  0.2207460786  1.0000000000
  9.2829243678  -8.4579427459 -10.8505747740   7.2603102624 -11.4346097591 -12.8749922720 -0.1421781622 -0.0548059389  1.0000000000  0.0950814947 -0.2005204154  1.0000000000
  8.5176404673  -8.5461869905 -12.7775130836   6.6551959121  -9.9096666924 -10.2808499810 -0.1238188783  0.0400175978  1.0000000000  0.2812726379 -0.1126722878  1.0000000000
  7.1848274775  -7.3995645196 -12.7500186683   8.6023845608  -9.6641978835 -11.7964710308 -0.0011212667  0.2493774994  1.0000000000 -0.0558980379 -0.1718279824  1.0000000000
  6.3147074731  -9.0129524701 -11.3870952542   9.3118503900  -7.9432336346 -11.7277930057  0.2001340865  0.0914197559  1.0000000000 -0.2127829727  0.0309089520  1.0000000000
  8.4997009848 -10.9493911189 -12.1057370832   7.9456114975  -9.6673194732 -13.7824101118 -0.0337631336 -0.1976778925  1.0000000000 -0.0598582552 -0.0692481859  1.0000000000
  6.6395944151  -9.3918392429 -12.0886015268   6.2559290915 -10.0125327445 -12.8772504690  0.1312308958  0.0043914717  1.0000000000  0.1852335055 -0.0063399169  1.0000000000
  8.6543880559 -10.5530873855 -12.2777464787   6.7909426618 -10.3668109770 -12.9424108721 -0.0380694726 -0.1770713827  1.0000000000  0.1066161679 -0.0844361923  1.0000000000
  5.9604540580  -8.2123154272 -13.4641924095   6.4593516899  -9.7516890523 -10.6766328800  0.0816754530  0.1533300569  1.0000000000  0.2262178355 -0.0397508611  1.0000000000
  6.5912841972  -8.1448581958 -13.1072477112   9.3928254091 -10.0814898873 -12.7696281374  0.0455733923  0.1523256130  1.0000000000 -0.1831448342 -0.1540466462  1.0000000000
  8.1851569257  -7.9500152228 -13.7489814160   7.2359668767  -8.0133569792 -11.3197104047 -0.0883495177  0.1115494494  1.0000000000  0.0561554548  0.1242483238  1.0000000000
  9.0494088348  -9.2124863260 -13.0728246762   7.7478044397  -9.9575158927 -11.5492643997 -0.1520756326 -0.0578454618  1.0000000000  0.0807823027 -0.0653788069  1.0000000000
  6.5355029932  -7.5925384162 -11.4319925647   8.5289019980  -7.6763700325 -13.8575072077  0.1305182551  0.1972240058  1.0000000000 -0.1514461304  0.1349052611  1.0000000000
  9.1395569903  -7.6632804092 -13.0010195757   9.0425716215 -10.1291618118 -10.8979877236 -0.2043811580  0.1089053156  1.0000000000 -0.0177110856 -0.2353897966  1.0000000000
  8.2293133516  -7.2161345369 -11.6704240355   7.6447284549  -9.3656176944 -13.4450518540 -0.0698235434  0.1722674824  1.0000000000 -0.0181541846  0.0086916128  1.0000000000
  9.5497381401  -8.7581967662 -10.6291579840   6.2213015243  -8.8600377837 -10.5052986750 -0.1739102572 -0.1384414137  1.0000000000  0.2957162858  0.0830508196  1.0000000000
  8.2432681393  -9.9773958663 -13.4199067153   7.3358513935  -7.5118084812 -10.3784378503 -0.0282031069 -0.0885459671  1.0000000000  0.1011182161  0.1695361476  1.0000000000
  8.0227227797 -10.5697738142 -12.3297858870   7.6551208088  -7.2191281168 -12.2505812223  0.0048462899 -0.1561211082  1.0000000000 -0.0416745912  0.2547689021  1.0000000000
  9.3069666964  -8.5899416855 -12.6053605883   8.5842632176  -7.7539322794 -12.8240938832 -0.1975507272 -0.0126213790  1.0000000000 -0.1569801621  0.1232298890  1.0000000000
  9.8966510059 -10.7402812261 -14.0495103997   7.3685435951  -7.3786740696 -11.5112281327 -0.1866530494 -0.1535674122  1.0000000000  0.0373327103  0.1926386854  1.0000000000
  5.7066247050  -8.1278318687 -12.7641322710   7.9949129216 -10.5912888603 -13.5853611737  0.1418957952  0.1545800559  1.0000000000  0.0118413622 -0.1044316409  1.0000000000
  7.0963059249 -11.3917804026 -12.9964437723   8.3500740849 -10.1474463719 -11.0356437774  0.1427740411 -0.1727237585  1.0000000000  0.0407530483 -0.1979564155  1.0000000000
  6.0208990452  -8.6934767319 -13.7409968106   7.6421008658 -10.0626908563 -11.8062913206  0.1197125187  0.1478974365  1.0000000000  0.1315632750 -0.0753823677  1.0000000000
  8.2465414577  -8.0406216012 -14.3875096276   7.3011898613  -9.4461780272  -9.6772443380 -0.1194442348  0.1143335250  1.0000000000  0.2721610369 -0.0823012420  1.0000000000
  7.1265644790  -9.7386659317 -10.2847931041   7.0297392046  -8.5606856227 -10.7419955571  0.2490608322 -0.0947209855  1.0000000000  0.1804361460  0.0630161499  1.0000000000
  7.0715451935 -10.0816367341 -12.5298826211   6.5175678564 -10.1889402553 -11.6280045721  0.1337375278 -0.0698398057  1.0000000000  0.1920187660 -0.0549364513  1.0000000000
 10.2795580465  -8.4173376108 -10.9491394300   8.4078989182  -8.3684976461 -13.8452321950 -0.2826826658 -0.1069182017  1.0000000000 -0.1123734124  0.0543780598  1.0000000000
  9.3978548219  -7.6360692497 -12.5283985886   9.4290425127  -9.1955844030 -10.7854393933 -0.2395597403  0.1143614662  1.0000000000 -0.1078064388 -0.1764691372  1.0000000000
  9.5668976368  -9.9677238907 -13.4320739550   8.1628777687 -10.3967728839 -13.4530813561 -0.1342044502 -0.1294887482  1.0000000000 -0.0104915506 -0.1122800066  1.0000000000
  6.7960881771  -9.8562039456 -12.7046614603   7.8677370732  -8.3667987111 -13.0094735026  0.1226670557 -0.0440842746  1.0000000000 -0.0732161047  0.0896222459  1.0000000000
  7.2105615155  -9.3702634498 -11.4397342760  10.4147224073  -9.5858430343 -11.0236463192  0.1322145863 -0.0422302543  1.0000000000 -0.2603173522 -0.2985068488  1.0000000000
  9.2302766896  -9.6844112955 -10.3430556143   8.9648072422  -6.3093283871 -11.5735080023 -0.0467027757 -0.2086513473  1.0000000000 -0.2823407926  0.2850431401  1.0000000000
  7.3890045093  -9.4642478772 -10.7520578207   6.3191835855  -9.2642351745 -10.5760839604  0.1535307441 -0.0707165117  1.0000000000  0.3335712823  0.0092560983  1.0000000000
  9.2177213516  -9.2934018403 -12.6424259072   8.4403427810  -9.9407044404 -12.5487537060 -0.1361294184 -0.1385785723  1.0000000000 -0.0296388645 -0.1762377565  1.0000000000
  7.7670979282 -10.4696385359  -9.6279910120   6.9719182572  -8.5995435751 -13.3372427328  0.2231854458 -0.2897722713  1.0000000000  0.0313577657  0.1086536144  1.0000000000
 10.4337514632  -9.0324246155 -11.3569696132   9.2087216140  -9.4535182130 -14.0614714481 -0.2751263632 -0.2140739101  1.0000000000 -0.1804899010 -0.0408045859  1.0000000000
  9.5592044030  -8.0784250556 -10.6147228892   9.0702554464  -8.1334039348 -12.2581907110 -0.1811415012 -0.0380965089  1.0000000000 -0.1947381272  0.0132164253  1.0000000000
  7.1723773157  -7.7033069884 -12.2580875518  10.2215062225  -9.2682479240 -11.4990954688  0.0127986996  0.1867218107  1.0000000000 -0.2537933148 -0.1551332887  1.0000000000
  8.1177760225  -7.5810809591 -11.4760069677   7.5742374376  -9.3126636658 -11.4732075669 -0.0368171502  0.1747422554  1.0000000000  0.0806065680 -0.0051001025  1.0000000000
  6.7932527612  -9.5931484782 -12.9321306836   8.0971733119  -9.6707646078 -12.6463991907  0.0657316234 -0.0038785991  1.0000000000 -0.0249934365 -0.1339343469  1.0000000000
  7.5483828267  -8.6337710803 -10.8753883690   9.8942104708  -8.0851890820 -11.7420484570  0.0654831065  0.0720455105  1.0000000000 -0.2829762814 -0.0148169341  1.0000000000
  8.2048714970  -8.7297110947 -11.3075259021   8.8003467132  -6.9457228389 -12.9200046915  0.0016519246 -0.0182132973  1.0000000000 -0.2311977577  0.2228288194  1.0000000000
  6.4080157415 -10.0214095272 -11.8050725991   9.3585760472  -7.4152057051 -11.4935766959  0.2082203738 -0.0644463842  1.0000000000 -0.2384764585  0.1049962930  1.0000000000
  6.2135165587  -7.5554772850 -10.8032673426   8.7432999821  -9.3529861408 -12.5567130920  0.2391393279  0.2370626917  1.0000000000 -0.0928419181 -0.0653364056  1.0000000000
  7.5480931316 -10.1480998729 -10.3618762708   7.9444040827  -7.7698917021 -14.4067007424  0.1908109209 -0.1779291077  1.0000000000 -0.1232856400  0.1873748416  1.0000000000
  7.8025957780 -10.4750166213 -10.9882277872   9.5829272087  -8.4859346620 -10.6414279658  0.1031637922 -0.1983825142  1.0000000000 -0.1991789444 -0.1012286658  1.0000000000
  7.3603482951  -8.0429239017 -10.2196855482   8.0409197035 -10.3517800872 -11.6591237636  0.1511058914  0.1023937798  1.0000000000  0.0710797641 -0.1516215312  1.0000000000
  9.0106239723  -7.3939848448 -13.2132018484   6.4579434481  -7.5652947898 -12.0985710515 -0.2227582429  0.1491343425  1.0000000000  0.0600654713  0.2408953720  1.0000000000
