54.6000000000
0
50
12.3562735201  5.5849317912 -0.6752037033 11.0420117470  3.2503284373 -0.4795992526  0.1640355172 -0.1307614642  1.0000000000  0.1519093701  0.0056438205  1.0000000000
 9.0782150642  1.6192586632 -1.3136578697 13.0533832684  2.5291111171 -1.7234816217 -0.1185829891  0.2158565632  1.0000000000  0.1959885964  0.1732743131  1.0000000000
11.5708947684  5.2274855399 -1.2676075605 11.5517858455  2.4669303995 -0.8781029311  0.0623913566 -0.1909830383  1.0000000000  0.1481092016  0.0695912687  1.0000000000
12.1286940028  2.5506110069 -1.9265306559 11.6305873762  4.0227335552 -1.1656431246  0.0654179598  0.1702108987  1.0000000000  0.1026442206 -0.0193577808  1.0000000000
 8.4902970501  1.3114446408 -1.8783339491 10.2334821357  4.7015417622  0.0262034566 -0.2309212504  0.2599623292  1.0000000000  0.0869142834 -0.2497033784  1.0000000000
 9.7484597933  4.3692313057  0.7630813085  8.5295606273  2.5706091811 -1.0773891332  0.1051851862 -0.2991721972  1.0000000000 -0.1265112993 -0.0179379468  1.0000000000
10.2246905128  3.5049386065 -3.4649099706 10.5338475140  2.2274695931  0.8824254649 -0.1910164218  0.0688409927  1.0000000000  0.2769272141  0.0276785383  1.0000000000
10.5965844764  4.3168639638 -3.5005669002 11.0707477177  5.0771083935  0.1424303364 -0.1760531720 -0.0195020915  1.0000000000  0.1564663711 -0.2452968712  1.0000000000
10.8185075113  1.7896687663 -0.8710338290  8.0928929878  2.3040541552 -1.5318215760  0.0994445047  0.1774311393  1.0000000000 -0.2754790142  0.0722100236  1.0000000000
12.4509112127  2.9626170790 -0.5159473714  9.7089080919  5.5847706450 -2.7351245979  0.2153426647  0.0559455003  1.0000000000 -0.2069314903 -0.1942061803  1.0000000000
 9.1118774156  4.3280721620 -2.0486655900  9.8478519490  3.4831605368  0.1128169671 -0.1767270503 -0.1417325994  1.0000000000  0.0842626614 -0.0872360970  1.0000000000
 9.3321810969  4.7229282024 -1.2316358168 11.0907598238  4.2345192321  0.2841553493 -0.1146260141 -0.2184403737  1.0000000000  0.2023154648 -0.1520252803  1.0000000000
 9.4726704477  4.4919509104 -1.0525676407 10.3677654049  2.4760131952 -1.9222216053 -0.0645821326 -0.1598287708  1.0000000000 -0.0490061592  0.1173900119  1.0000000000
 8.8035113913  4.5856009951 -1.0987369138 12.3237450313  5.3701807850 -0.8241461354 -0.1373397764 -0.1919390075  1.0000000000  0.1861979282 -0.1972033708  1.0000000000
 9.5109393951  1.4117809052 -0.6749983992  9.4301686364  2.0216953004 -0.1510675142  0.0179051881  0.1841032189  1.0000000000 -0.0165211331  0.0926921792  1.0000000000
 9.7305397007  3.8918782815  1.2141009005  8.4409882769  3.5364837733 -1.3378332312  0.1916189505 -0.2450033228  1.0000000000 -0.2018708181 -0.0772382046  1.0000000000
11.0275043722  2.9426618715 -3.0714413844  9.0437100724  3.5762374504 -0.0959705286 -0.1079333347  0.1530558383  1.0000000000  0.0015303502 -0.1556921966  1.0000000000
12.3512644589  3.4125712141 -2.1670349886  9.3338647086  4.2718296948 -0.7275348964  0.1064205769  0.0893919686  1.0000000000 -0.0603008619 -0.1714159168  1.0000000000
10.9932791934  3.7033925025 -1.7062574250 11.9336089406  4.1044368550 -1.8253223329 -0.0207619848 -0.0393768161  1.0000000000  0.0893134377 -0.0440429049  1.0000000000
11.0972570288  3.6991470846 -2.0200771396  8.7567920506  2.8995898699 -1.9352764785 -0.0339872911  0.0094854895  1.0000000000 -0.1989193928 -0.0223735089  1.0000000000
10.7618231736  3.4988425937 -2.9532693502 11.3413235845  2.4406447318 -1.7705305833 -0.0809864695  0.0562142597  1.0000000000  0.0199758137  0.1399063486  1.0000000000
10.9967210430  3.3869704829 -2.5224667145  9.7166328894  1.6896658717 -0.1706469256 -0.0282986473  0.0627310099  1.0000000000  0.0950605138  0.1792422439  1.0000000000
10.1963693596  2.6583085008 -2.1822598855  8.9625862628  4.4657561586  0.0876000762 -0.0542657051  0.0923757068  1.0000000000  0.0087286635 -0.2567765040  1.0000000000
12.0655580051  2.3723951973 -0.2726046576  9.1549392204  2.0142899906 -0.5789619652  0.2256081911  0.1288761119  1.0000000000 -0.0153161486  0.1097023292  1.0000000000
12.0544656708  3.6863721772 -0.1190972228  9.5808462238  2.0264251436 -0.5212625943  0.2180025810 -0.0566562276  1.0000000000  0.0451968423  0.0981179705  1.0000000000
 8.6982695349  2.9829838042 -1.6157031620 11.1138421540  4.3579703505  0.7421080122 -0.1494088797 -0.0091300403  1.0000000000  0.2548723538 -0.1702947811  1.0000000000
 9.7063714820  0.9275678286 -0.3995969405 10.0607659976  1.4144977271 -2.0355908035  0.0339759541  0.2619954186  1.0000000000 -0.0588047559  0.2394190558  1.0000000000
10.5796012275  4.2547300602 -3.6514226249  8.8603209122  2.5148945093 -2.1097512314 -0.1659766221 -0.0616963019  1.0000000000 -0.1954950372  0.1106600068  1.0000000000
11.7130134300  4.6615405460 -0.3875319244 10.7825500321  4.5825486874 -1.3564897260  0.1572600533 -0.1350478899  1.0000000000  0.0058725074 -0.0660771762  1.0000000000
10.9879048832  1.1219497455  0.3524217573  9.1650714289  4.4187480667  0.6887052841  0.2874908316  0.2849364737  1.0000000000  0.0774454667 -0.2782303517  1.0000000000
 9.5341493972  4.6871739190 -2.2610778844 10.7766477239  3.2927850112 -2.7390992680 -0.1576797615 -0.1590815132  1.0000000000 -0.1086600471  0.0766677247  1.0000000000
10.4741195112  3.2364875229 -2.8310612408  8.6050383630  4.9346227501 -1.0646776074 -0.0796912857  0.0984619220  1.0000000000 -0.1341146648 -0.3148429566  1.0000000000
11.8343477542  1.7829057276 -1.6084383891 10.3419060844  4.6763322939 -1.7424491055  0.0950466943  0.2113427103  1.0000000000 -0.0364158492 -0.1046341320  1.0000000000
11.8957690578  2.0794377205 -2.3071509346 11.7933720130  2.8051523495 -0.7825551520 0.0386897064 0.2047057225 1.0000000000 0.1683135942 0.0645424606 1.0000000000
10.2826927800  1.5233347948 -0.0956720014 10.2432599246  1.0337541735 -0.0329993073 0.1768021425 0.2217708266 1.0000000000 0.1894109979 0.2691201392 1.0000000000
12.2141370402  3.3366223900 -0.2962342279 11.4376606957  4.5052902094 -1.2982022471  0.2466567282 -0.0002016616  1.0000000000  0.0357880382 -0.1262919630  1.0000000000
 8.2061237052  4.4540817845 -0.2657063670  9.1323741483  3.6615032236 -1.1297657631 -0.1534273207 -0.2881049748  1.0000000000 -0.1289917990 -0.1296624653  1.0000000000
10.2423074319  1.6547001967 -2.4987482421  9.6807089635  2.2016896501 -0.6792025943 -0.0740204408  0.2259579919  1.0000000000  0.0039755939  0.0950820329  1.0000000000
10.3871385075  3.5875347234 -1.3055131812  7.9051142772  4.3951678027 -0.7778572763 -0.0041568591  0.0041181292  1.0000000000 -0.1955824795 -0.2819451509  1.0000000000
12.4787115483  4.9935567355 -0.4124491090 11.5256404658  4.3802690302 -0.1087071767  0.2323547203 -0.1693968157  1.0000000000  0.1959542339 -0.1078891771  1.0000000000
10.2428742845  1.6732654530 -1.7964465373 10.7501076109  2.2283804887 -0.5443590552 -0.0558869073  0.2723603131  1.0000000000  0.1248619137  0.1047732127  1.0000000000
12.6651470780  2.9597492336 -2.0036213570  8.1697711944  4.6415057236 -1.3694194856  0.1123997934  0.0970524397  1.0000000000 -0.2760415099 -0.2260053719  1.0000000000
 9.4164351966  3.4067965255 -2.7465800188 12.1018540561  2.9931175328 -1.6006662258 -0.2017935133  0.0347889995  1.0000000000  0.0947219601  0.0947439884  1.0000000000
 8.7539044869  4.1166434321 -1.4605986781 10.3459868507  4.5306209946 -2.4729968163 -0.2098241985 -0.1779082712  1.0000000000 -0.1211717699 -0.0681148286  1.0000000000
11.1386113915  5.0281360970 -2.1219229802 12.2628010005  2.5595318718 -2.1348080774 -0.0164330632 -0.1216531209  1.0000000000  0.0725794937  0.1183754556  1.0000000000
11.0216387483  4.6440078183 -1.2388324478  8.9079028173  2.5343302166 -1.1472969422  0.0548476298 -0.1155655187  1.0000000000 -0.0893594560  0.0502475115  1.0000000000
10.3092615977  3.8868777410 -3.3438862592  9.9907524004  2.5219030980 -2.8276210472 -0.1836165554  0.0476615181  1.0000000000 -0.1407602800  0.1451893000  1.0000000000
11.1709874363  4.1015936830 -0.7397478598 10.3544234482  4.9741063756 -1.4398579447  0.0969577340 -0.1017114027  1.0000000000  0.0087534370 -0.1619386165  1.0000000000
10.4781956516  3.2896235001 -0.4772078788 11.5760847462  4.2280342055  0.4251657734  0.0765225603 -0.0412555974  1.0000000000  0.1967359551 -0.1220351422  1.0000000000
10.1115717317  5.1597420000 -2.2664449960  7.9600253349  4.7179607226 -1.1225361473 -0.1324353063 -0.1655407454  1.0000000000 -0.2326293084 -0.3074578363  1.0000000000
