755.8000000000
0
50
-3.7384192956  8.3820783874  7.3495742775 -4.8838191957  8.0987663963  7.0955243847 -0.1099997672 -0.2100039085  1.0000000000 -0.1807360797 -0.2024488492  1.0000000000
-2.9687892761 11.9991005962  5.6653283504 -3.1746397407  9.8828683601  4.6707235230 0.1186119762 0.1765691598 1.0000000000 0.1272583746 0.0077110276 1.0000000000
-4.2375687867  9.4434057410  7.7753399520 -4.2191418139  8.6070567658  7.7405370730 -0.1136581467 -0.0986461600  1.0000000000 -0.1389244336 -0.1329883042  1.0000000000
-4.1171442039 11.9211577113  5.6481794773 -5.7052220996 10.8105497439  6.7905163463  0.0290886107  0.1914117368  1.0000000000 -0.1947025676  0.1476698892  1.0000000000
-2.7637334747  9.4499519359  4.6862035827 -2.1462081388  9.6312048381  5.6478483781  0.1890239316 -0.0596523168  1.0000000000  0.1577734352 -0.1038736826  1.0000000000
-2.7010998692  8.2456259357  3.8139187856 -2.8593609466 10.9693435164  4.1261442161  0.2354804035 -0.2119801618  1.0000000000  0.2103310180  0.1170461902  1.0000000000
-2.9546183510 10.2253879659  4.5965280602 -5.6225116363 11.0823924845  4.4816306297  0.1330507596  0.0009509996  1.0000000000 -0.1052099668  0.2405971260  1.0000000000
-3.4136435249 12.0500355919  6.6662631229 -4.2207360451 10.5736664736  3.6950201485 0.0732950882 0.1367111304 1.0000000000 0.0848344212 0.1929217968 1.0000000000
-3.7859862452  9.5609456757  4.4763762364 -3.4431087762  8.9573297684  7.0216178211  0.0739088832 -0.0427299009  1.0000000000 -0.0367730714 -0.1719025697  1.0000000000
-2.7472250699 10.7556102598  6.1152114768 -5.1579494252  8.8817878512  7.0641637060  0.1185939946  0.0397653339  1.0000000000 -0.2001269211 -0.1099384723  1.0000000000
-5.1864589971  9.2798763028  6.3098732449 -3.3034319384 11.1642786367  4.2757469558 -0.1616920064 -0.0127036268  1.0000000000  0.1867728371  0.0892750431  1.0000000000
-4.3473112681  8.6564433365  5.3711468551 -5.0826973418  9.2501956054  4.7046960763 -0.0275904319 -0.1278545000  1.0000000000 -0.0832545420 -0.0210498641  1.0000000000
-5.0150466766  9.5078574754  5.9642447224 -3.1700448020 10.0864910516  3.0330759590 -0.1325525659  0.0084268073  1.0000000000  0.3004636779  0.0712164154  1.0000000000
-4.4177748132 11.5827557058  6.1231168169 -4.2288467557 10.5477664088  4.7351625474 -0.0862983962  0.1862857731  1.0000000000  0.0497537810  0.1345514479  1.0000000000
-4.9527951659 10.0994152100  7.0398403450 -4.0425229685  8.6765106960  5.9315653043 -0.1593166027  0.0389697149  1.0000000000 -0.0452025425 -0.1661733955  1.0000000000
-3.2758149725 10.9281305711  4.8354505074 -3.1138623383  8.7210398024  6.0755008151  0.1254138450  0.0891203991  1.0000000000  0.0307089410 -0.1783721386  1.0000000000
-2.9643674955  9.9823863355  4.7899669545 -4.5066881294 10.7397689654  6.8867131960  0.1432503313 -0.0279895936  1.0000000000 -0.1190195870  0.1000075850  1.0000000000
-3.3497120110  8.2664831508  4.1144542975 -4.5312115354  8.4723872873  5.4558012368  0.1590674240 -0.2248768998  1.0000000000 -0.0593371273 -0.1988361012  1.0000000000
-5.9058595290 11.0772605799  4.8917642146 -2.0960650677  9.7629771904  5.5689449333 -0.1303231427  0.2416634687  1.0000000000  0.1333385860 -0.0731170583  1.0000000000
-4.1498950714  7.9933342583  5.0532624550 -3.9239728167 10.1442114221  4.7032618034 -0.0276950454 -0.2072464384  1.0000000000  0.0803437139  0.0067699209  1.0000000000
-3.7892885830  8.6042432987  6.9320378363 -4.4728357523 10.7201805808  5.3870515835 -0.0163360329 -0.1554992248  1.0000000000 -0.0223627057  0.1254591018  1.0000000000
-2.8412504203  8.4948264358  3.4836853892 -2.6493545469  8.6200214861  7.0257383470  0.2942360191 -0.1660989060  1.0000000000 -0.0053640795 -0.2031464672  1.0000000000
-3.4681215335  8.2975168927  4.0955428781 -2.0926085431 10.5975354331  5.9281428965  0.1404747199 -0.2001198110  1.0000000000  0.1441404181 -0.0125340631  1.0000000000
-3.6960339399 10.7585886571  3.4008921423 -5.4457976063  9.3618094259  5.5589476406  0.2088829930  0.1554650999  1.0000000000 -0.1417664167 -0.0113838317  1.0000000000
-5.6218223076 10.1995452975  4.8268822272 -2.1798912440  8.7831615256  5.7716273982 -0.1504905384  0.0869691855  1.0000000000  0.1700048480 -0.1634795701  1.0000000000
-3.3200713641 11.0972454988  3.6044155617 -3.2198728029  9.4534583911  5.6108316342  0.2675052477  0.2031306091  1.0000000000  0.0748408305 -0.1018731850  1.0000000000
-3.5215517648  9.1238398263  3.2603934839 -1.9538331559  9.7850203297  6.4930287537  0.2206820579 -0.0948072816  1.0000000000  0.1537861370 -0.1013111556  1.0000000000
-2.2511693373  9.8015927254  4.5674331045 -4.3242343630  8.4305332552  4.5393426068  0.2603841388 -0.0311422189  1.0000000000 -0.0309805357 -0.1662372658  1.0000000000
-5.4521868466  8.6859354567  4.4277011212 -2.9606324363 11.3558621778  6.1790114746 -0.1597157668 -0.0649852792  1.0000000000  0.1236439844  0.1225456825  1.0000000000
-5.5329104825 10.9256681062  3.5015857080 -4.4992092345  9.9694692360  4.4224131573 -0.0324188453  0.3003379839  1.0000000000  0.0059858856  0.0696702526  1.0000000000
-5.7428862080 10.5442804506  3.8576459379 -2.7320904908 10.3323125432  6.7809281179 -0.1267446884  0.2444424704  1.0000000000  0.0469856634 -0.0472588786  1.0000000000
-5.4377429773  9.4367842825  6.5658737877 -4.7158179833  9.0437143674  5.5123094495 -0.1800861058 -0.0314384924  1.0000000000 -0.0887948596 -0.0638172253  1.0000000000
-4.1983414645 10.8221490281  3.8063426633 -3.6448665451 11.5166217584  3.1766296362 0.0832311571 0.1757508394 1.0000000000 0.2067397851 0.2840765941 1.0000000000
-3.9964458672  8.0775701896  6.6931735155 -2.1808119194 12.1378932501  5.4996489587 -0.1222281811 -0.2065090180  1.0000000000  0.2060098154  0.1795767262  1.0000000000
-2.8195392080 11.7684457663  4.5585813897 -2.6574228808  9.1612329060  7.3863906060  0.2539459677  0.1854229385  1.0000000000  0.0290293581 -0.1445604043  1.0000000000
-3.9572600230  8.5682270776  5.8801093227 -1.9019563119  9.0700471409  6.2724508266 -0.0532710178 -0.1574503665  1.0000000000  0.1381275022 -0.1795005554  1.0000000000
-5.1059093415 10.3178257264  5.5633875237 -3.1006933736  8.2877262814  5.5839824637 -0.1269953841  0.0715228266  1.0000000000  0.0451738216 -0.2308182875  1.0000000000
-3.5655770169  9.2463814539  6.7751480381 -4.3907263765  9.4255468550  5.5785236949 -0.0149514272 -0.1190952653  1.0000000000 -0.0718792726 -0.0245633162  1.0000000000
-4.0785911061  7.9008082602  5.5364542412 -5.1376122153 11.3533953590  5.9889975123 -0.0092215000 -0.2632601625  1.0000000000 -0.1108133577  0.1777556522  1.0000000000
-5.0330659219  9.6347656089  6.5162339393 -4.6971713238  9.5943621359  6.0933955391 -0.1892899702 -0.0405827777  1.0000000000 -0.1295993572 -0.0149418196  1.0000000000
-5.4351574944 10.9446237328  3.7915040723 -4.2614401910 10.8096193182  5.1439845617 -0.0157269275  0.2274619745  1.0000000000  0.0379707124  0.1631134084  1.0000000000
-5.0354437796  8.3010161273  5.5837735618 -5.0749030810 10.4636202387  5.9969037900 -0.1150614872 -0.1545909169  1.0000000000 -0.0969992427  0.0874357925  1.0000000000
-4.5706368573  9.2960701384  4.3735451429 -3.0720077764 11.7936680058  4.6975858535 -0.0311539762 -0.0225388929  1.0000000000  0.1862558144  0.1731908335  1.0000000000
-1.6260220724  9.8716336735  6.4827991114 -3.7107600990 11.3170273501  3.9904282789  0.1443701704 -0.0797590119  1.0000000000  0.1938237795  0.2172809686  1.0000000000
-4.7799157090  9.7902392911  6.1660123997 -2.4877166559  8.6007284619  6.2288997451 -0.0981727643 -0.0366286160  1.0000000000  0.0973577823 -0.2296274562  1.0000000000
-2.4465065429  9.1910529904  7.1690031710 -4.8212161477 10.0397320452  5.1900651889  0.0733302816 -0.1547390632  1.0000000000 -0.0915342902  0.0326814644  1.0000000000
-3.7375530585 11.9554537312  6.3736893663 -5.5857425729  9.0398474138  4.4680830869  0.0373185469  0.1775742838  1.0000000000 -0.1782936556  0.0036526271  1.0000000000
-3.8615617149 10.2559189277  4.2976685666 -2.9881340970  9.1832470821  6.4340349513  0.0848146872  0.0829531797  1.0000000000  0.0368997077 -0.1583091268  1.0000000000
-2.2336538101  8.9949876970  5.5623903398 -3.2056908131  9.9690566525  5.1525920475  0.1756817533 -0.1453361678  1.0000000000  0.0963025076 -0.0057420346  1.0000000000
-4.8078288938  7.7280337707  5.6787196147 -5.1700040548 10.6902626517  5.8477042228 -0.1623391014 -0.2320977849  1.0000000000 -0.1213777905  0.0773747112  1.0000000000
