449.3000000000
0
50
-12.2229870318   7.0706023456  -0.7818806515 -11.7947025339   5.7977044863  -0.6550568962 -0.1723554988  0.1903152423  1.0000000000 -0.1070475175  0.1350156658  1.0000000000
-13.9416428911   7.3632230780   1.0015778370 -11.5869914500   5.3883662980   2.1538545605 -0.1285071863  0.0124943560  1.0000000000  0.2103493369 -0.0441049098  1.0000000000
-12.5213603274   5.7034170425  -1.7134148985 -13.0314937786   6.1048951618   0.3527937220 -0.3221010239  0.1499203643  1.0000000000 -0.0862222639 -0.0298542293  1.0000000000
-12.3007100063   5.8180150678  -0.6117783173 -14.2477182641   6.2079415215   2.6683451665 -0.1156467479  0.0713594358  1.0000000000  0.0610995741 -0.1487980011  1.0000000000
-13.8996114903   5.7150360823   0.1747446494 -11.5900978430   5.1032073045  -0.4588488847 -0.1537177235 -0.1060689374  1.0000000000  0.0052042858  0.0773174089  1.0000000000
-12.2848921831   8.1680708218   0.5867300598 -15.5748255463   6.3866344733   1.3285118447 -0.0448857713  0.1658334682  1.0000000000 -0.1954358171 -0.1922643083  1.0000000000
-11.0053423943   6.4742388905  -0.0012872927 -11.5254470069   4.9584386426   2.3965300252  0.0324590720  0.2166109788  1.0000000000  0.2351863394 -0.0770537406  1.0000000000
-12.2303701010   5.0280563611   1.1736591394 -12.5227055706   6.8954895640  -0.7884329075  0.0954300188 -0.0605094987  1.0000000000 -0.2241003621  0.1166827230  1.0000000000
-10.9314788106   7.4949143121   1.4976876612 -11.1819921317   7.9066607667   2.5514302073 0.1684079152 0.1654097512 1.0000000000 0.1438375097 0.1902925538 1.0000000000
-13.6202039673   5.7274339479   0.0216469615 -12.2758040087   5.4864711001   2.0848412364 -0.1921108727 -0.0867580841  1.0000000000  0.1381805879 -0.0339643809  1.0000000000
-13.8100156595   6.0152791977   3.3801021208 -12.7972948785   3.8936215969   1.9593009972  0.1289257798 -0.1455825036  1.0000000000  0.1794284500 -0.3065936526  1.0000000000
-12.5102768979   4.7495536817   1.4274639480 -14.0457849157   8.0091497116   0.3824540890  0.1458098372 -0.1221120961  1.0000000000 -0.2059836355  0.0948135024  1.0000000000
-12.2956554051   8.4443594597   0.9175994133 -13.8914257795   5.8491831512   0.2977084837 -0.0734091353  0.2064982733  1.0000000000 -0.1762275191 -0.0890565246  1.0000000000
-12.5787447054   7.9885181159  -0.3319196869 -12.6660001895   7.1125567981  -1.0693387386 -0.2009898822  0.2036111797  1.0000000000 -0.2544289929  0.2082196785  1.0000000000
-13.0711700249   4.6839757825   0.4006786768 -11.0688886825   6.2392955770   1.1023613133 -0.0217495558 -0.2015144915  1.0000000000  0.1366203684  0.1356722050  1.0000000000
-10.4741959836   5.4527219112   0.8093335560 -13.4064961684   5.3674563548   3.4892571119  0.2503870319  0.1632474779  1.0000000000  0.1283584151 -0.1731896796  1.0000000000
-14.1613430420   6.4397854298   0.2913880717 -12.2075946847   4.4760746601   1.4632178869 -0.1816436100 -0.0527961754  1.0000000000  0.1614572633 -0.1243333249  1.0000000000
-12.7122432810   4.0910579953   1.5856354716 -11.2894326227   6.0809129538   2.7270639263  0.0991423902 -0.2319704136  1.0000000000  0.2466134652  0.0422019874  1.0000000000
-12.7095732268   5.4393374486   3.4763899327 -12.4598448610   6.9186169397   2.8522849106  0.2171813896 -0.1165700770  1.0000000000  0.1372602898  0.0176877725  1.0000000000
-11.3769601899   7.3902020233   3.2852005495 -12.5713294204   4.2660396571   1.8732871054  0.2223639150  0.0921331695  1.0000000000  0.1806981027 -0.1830568324  1.0000000000
-12.4732315605   4.2381526021   0.2818633537 -14.1383826186   5.9845577176   2.6661711447 -0.0105964000 -0.1184756899  1.0000000000  0.0403343183 -0.1599183532  1.0000000000
-11.3669436927   6.8625246431   2.5040183043 -12.8324010402   8.5775869660   0.1789454232  0.1978541235  0.0740174636  1.0000000000 -0.1743955435  0.1881515031  1.0000000000
-14.0273917495   5.7182906096   0.6882899601 -10.4624419790   6.0884722391   0.6847725327 -0.1439115065 -0.1276707653  1.0000000000  0.1838821024  0.1813745701  1.0000000000
-10.5810034642   5.3188611260   1.4224584597 -11.9972357074   5.4093905735   0.0097536582 0.2320158075 0.0850907980 1.0000000000 0.0019855387 0.0385004066 1.0000000000
-14.1358366466   7.5847754965   1.2539127761 -13.0241752253   8.3895219720   1.1322840237 -0.0960481705 -0.0138072751  1.0000000000 -0.0871803120  0.1402784393  1.0000000000
-11.8025655718   7.6615570423   1.1468321619 -10.9637040434   5.9211788958   0.2883775726 0.0237308001 0.1661984985 1.0000000000 0.0801000624 0.1600612594 1.0000000000
-13.2949890172   6.8761182651   1.1143753471 -13.7138623709   6.0930009573   1.0079906839 -0.0675702348 -0.0028053077  1.0000000000 -0.1010637865 -0.0837966542  1.0000000000
-11.9806968011   7.7071389528   1.2948147630 -14.6581824715   6.2435863475   2.4412273014  0.0418907081  0.1546149004  1.0000000000 -0.0118305776 -0.1666641701  1.0000000000
-14.6423854988   6.6393597257   0.5689812544 -12.6610700947   6.3595214430   1.7533696374 -0.2045525387 -0.0521800634  1.0000000000  0.0494183411 -0.0023357192  1.0000000000
-13.2128394855   5.2469409652  -0.9902415919 -11.4935542464   4.6994978301   1.8530830753 -0.2451169896 -0.0363216447  1.0000000000  0.2631249625 -0.0986066054  1.0000000000
-13.0265104105   4.7202020739   2.6317087379 -12.3467803417   4.2333928029   0.6043881216  0.1615982201 -0.2013156635  1.0000000000  0.0253026924 -0.1478803385  1.0000000000
-12.8509637137   8.4206355104  -0.1414675629 -11.8882888631   5.2346246476  -0.3884113046 -0.1732614109  0.1919095311  1.0000000000 -0.0409229584  0.0599345526  1.0000000000
-13.4038516779   5.4615989950   0.2672585409 -14.1707718157   6.6642337452   1.8605966153 -0.1132809112 -0.0529083392  1.0000000000 -0.0797683301 -0.0735976313  1.0000000000
-13.0355692139   3.9658076509   1.5483545311 -12.7916068972   6.4612772085  -0.7463119436  0.1192446244 -0.2697481982  1.0000000000 -0.1732595207  0.1230889259  1.0000000000
-12.3940378313   7.8912585270   1.7423768861 -13.3987138382   5.7217212214   3.8906083410  0.0076454289  0.1081482659  1.0000000000  0.1591613684 -0.1389368679  1.0000000000
-11.6571203918   6.9944852477   3.0507310069 -13.0351171960   7.4910510376   0.2344191160  0.1836362292  0.0990974534  1.0000000000 -0.1182441859  0.0940116653  1.0000000000
-13.1101589303   5.6341917086  -0.6040361047 -11.5855813878   5.4459959697   1.1438198256 -0.1838733679 -0.0055623188  1.0000000000  0.1241026586 -0.0100757075  1.0000000000
-13.1263886425   8.2343634516  -0.2583629744 -13.1053582104   8.3142902548   1.3172137994 -0.1918861812  0.1612154312  1.0000000000 -0.0637668465  0.1316902701  1.0000000000
-13.8175351070   4.5045612863   0.6400273760 -12.3378153621   6.3673982026   3.7504217935 -0.0740425366 -0.2740003115  1.0000000000  0.2058186434 -0.0350587018  1.0000000000
-11.7167329312   3.9253059816   1.0681069176 -12.4903307343   5.1649107406   2.6162693634  0.1980121014 -0.1762501094  1.0000000000  0.1956791383 -0.1536810487  1.0000000000
-13.5861599044   4.8635551781   1.4631629226 -12.5213737995   6.8089586073  -0.3012431518  0.0410728465 -0.2060981997  1.0000000000 -0.1085687730  0.1347155047  1.0000000000
-11.0305002849   7.4322459547   1.1799405004 -14.2411314144   6.3398481533   1.1057939228  0.0804443377  0.2386159309  1.0000000000 -0.1538913021 -0.0978109994  1.0000000000
-12.2499655770   7.6791978000  -0.8529468184 -10.3366414217   6.8592717615   1.4797321786 -0.1903460317  0.2380593207  1.0000000000  0.2112267616  0.2563004858  1.0000000000
-12.4638264318   5.6620771704   3.3170755591 -13.1529530601   4.3521539946  -0.1289215233  0.1484234320 -0.1206141910  1.0000000000 -0.1266846777 -0.1929296154  1.0000000000
-12.3397042910   4.2282211058   0.4833538454 -11.5733117099   7.6967835333   2.2680962462  0.0585626729 -0.1217959656  1.0000000000  0.1029383415  0.1589210756  1.0000000000
-12.4325348971   5.6915967867   2.8207637929 -11.2240403187   5.7086432421   0.2521267018  0.1796328838 -0.0816825799  1.0000000000  0.0484466108  0.1484992188  1.0000000000
-12.7191435453   5.1458068075   1.2288028040 -12.1759732677   3.2407951158   1.5650257860  0.0352981308 -0.1466252181  1.0000000000  0.2049777852 -0.3496167945  1.0000000000
-11.4729218491   5.0423419527   1.4705384396 -10.6028353695   6.6755553882   0.9747058274  0.1821299223 -0.0414991247  1.0000000000  0.1977754826  0.2352157777  1.0000000000
-12.9472843614   6.5015800423  -1.1384698313 -12.1065034818   6.3870921564  -0.8514833492 -0.2680173399  0.1070613239  1.0000000000 -0.1285325073  0.1678727497  1.0000000000
-11.7366097477   7.1448248872   0.5064768570 -11.7887283041   5.7084025595  -0.8925246416 -0.0284774439  0.1738657044  1.0000000000 -0.1170367936  0.1711395416  1.0000000000
