19.8000000000
0
50
-2.6939110152 -9.2044497986  3.2498803146 -0.4279633308 -9.1158218319  7.1785505501  0.1332327493  0.0051937260  1.0000000000 -0.1955499135 -0.2448055344  1.0000000000
-1.2172217421 -9.3441219672  4.0880508734 -0.5367733971 -7.2166346955  5.0822279487 -0.0038812541  0.0142514032  1.0000000000 -0.0243902354  0.1395170871  1.0000000000
 0.0156139254 -9.8014329839  5.2485919296 -1.6665671687 -8.7927887563  5.2993870763 -0.2126623843 -0.0543293049  1.0000000000  0.0461981154 -0.0666790581  1.0000000000
-0.3553099275 -7.2506538576  4.8573085926 -0.4271236913 -9.3702147236  7.1361671699 -0.0439346724  0.2030659845  1.0000000000 -0.1854579497 -0.2914913554  1.0000000000
-2.3818223313 -7.4469261363  5.1180717493 -0.5296430667 -8.2063379326  4.0517760874  0.2418821954  0.0496703565  1.0000000000 -0.0269031333  0.1415199644  1.0000000000
-2.7493815677 -7.1598236271  4.6181051230  0.8354443252 -7.8033600197  5.3609690195  0.2435208507  0.1270668651  1.0000000000 -0.2290564097  0.1289983890  1.0000000000
-1.7573566324 -8.2816259670  5.5533069482 -1.0782576338 -9.5314397553  4.1782366906  0.0466252525 -0.0314978964  1.0000000000 -0.0417032492 -0.0064511553  1.0000000000
-2.6282620572 -8.7024077754  7.0558448697  0.1194252444 -8.8265862014  5.9691421536  0.1639358535 -0.3192236160  1.0000000000 -0.2422090887 -0.0726122069  1.0000000000
-3.1302758478 -8.7465510057  3.7549214254 -2.7112489894 -6.7265606937  5.0856257908 0.1753471327 0.0092900169 1.0000000000 0.2976097414 0.0873898991 1.0000000000
-0.9331504002 -7.2464400106  4.1117149181 -0.7242737303 -8.4939785320  6.1833545393  0.0264781323  0.2394473181  1.0000000000 -0.0803948295 -0.1063016234  1.0000000000
 0.5729291154 -9.2729191897  4.4394988120 -1.9661760931 -7.8622567525  4.0315450944 -0.2544651773  0.0835576400  1.0000000000  0.1814287541  0.1145481808  1.0000000000
 0.5182812318 -8.2567372602  3.3010850593 -1.4442119535 -7.1802607542  5.0900229182 -0.1922665230  0.2218412300  1.0000000000  0.0931183013  0.1105191998  1.0000000000
 -1.6010861340  -7.8567087178   3.7050049384  -0.2271780197 -10.0487526699   6.9596899682  0.0861754260  0.1990046690  1.0000000000 -0.2417370675 -0.2782375408  1.0000000000
-1.3625531227 -7.7075657736  4.3390894732  0.1568918928 -7.6758562600  4.2908723619  0.0703923330  0.1272086989  1.0000000000 -0.1358786346  0.2462393569  1.0000000000
 -0.3472063407  -9.5414451556   6.3569713473  -1.9069371435 -10.1677808238   4.2909018423 -0.1929253156 -0.1796092043  1.0000000000  0.0035948250 -0.0607287662  1.0000000000
 0.6466654325 -7.6241028133  4.8141796644 -2.7161662547 -7.8357958287  6.0320876485 -0.2253908110  0.2423571536  1.0000000000  0.2719994876 -0.1125724260  1.0000000000
-2.6308998087 -8.5062941639  2.4640188689 -0.5483827071 -6.2569511979  4.5588507028 0.1521632079 0.1196494685 1.0000000000 0.0408359361 0.3394946105 1.0000000000
-1.0619102177 -9.5376660800  4.1991006005 -0.4706136369 -7.9664181498  4.4513213061 -0.0871350175 -0.0082214853  1.0000000000 -0.0645665389  0.1479994117  1.0000000000
 -0.4113744964 -10.0934281639   6.1972635751  -3.8016138986  -9.6891118178   3.3922586843 -0.2162175025 -0.1856240917  1.0000000000  0.1908559144 -0.0607743261  1.0000000000
 0.1976606980 -8.2092538816  4.9906342972 -1.3625722401 -8.5570598398  4.9692763558 -0.1409236450  0.1193999088  1.0000000000 -0.0090458836  0.0322799420  1.0000000000
-0.9771821132 -9.7597821146  3.2015331198 -1.1777476642 -6.5080687374  5.0332284619 -0.0632895745  0.0816676540  1.0000000000  0.1031936263  0.2099181285  1.0000000000
-1.5025753004 -9.3567927298  2.9891014900 -1.3300603839 -8.8910214328  3.2880418610 -0.0019725231  0.1006965621  1.0000000000 -0.0365615153  0.0730397901  1.0000000000
 0.4523835359 -9.1722435741  5.6285138974 -2.2004817149 -8.1631167772  3.3788993019 -0.2593694665 -0.0274261598  1.0000000000  0.1242346003  0.0871462199  1.0000000000
-2.8921792979 -7.7444437617  6.8106420419 -0.8044189086 -8.9595224777  6.7181615354  0.2716495158 -0.1752607370  1.0000000000 -0.0744670790 -0.2038716156  1.0000000000
-2.9682827845 -7.2879774827  5.7658358934 -0.7605349691 -7.5427948555  4.3125688325  0.2970762662 -0.0642420462  1.0000000000 -0.0088245022  0.1692084607  1.0000000000
-0.0801473809 -9.7115050025  3.3349813666 -2.5128657041 -6.5927079509  4.7891885821 -0.1306294507  0.0839731433  1.0000000000  0.2891369517  0.1609556193  1.0000000000
-2.1782095592 -9.0961825389  3.3829526719 -1.1680010812 -8.7507538745  5.5670827179  0.1107748268  0.0376386200  1.0000000000  0.0052961542 -0.0561354034  1.0000000000
-2.8218156520 -8.7425641342  3.1697550960 -2.4636878093 -9.9825385532  4.1982765571  0.1811273003  0.0407184475  1.0000000000  0.0392381912 -0.0769289233  1.0000000000
-2.8829067515 -9.0391916395  4.7103597494 -3.2511815174 -8.1501381385  4.5653217830  0.1307540492 -0.0618991520  1.0000000000  0.2517853814 -0.0084192647  1.0000000000
-1.2207761304 -9.5212832794  3.5742626518 -0.1524366736 -8.9602410663  2.8252841327 -0.0357748587  0.0780922973  1.0000000000 -0.1252931981  0.1928511841  1.0000000000
-2.5901624023 -6.9061047353  4.5515209712 -1.5622440989 -7.2848676105  3.8177533015 0.2596066309 0.1511113921 1.0000000000 0.0958953760 0.1772309272 1.0000000000
-0.4219101297 -8.2036379318  4.5983016737 -2.4371224153 -8.4400222797  7.2994178638 -0.0665947601  0.1355902065  1.0000000000  0.1593856226 -0.2855223520  1.0000000000
-0.5249263780 -8.0659673397  3.8829311452 -1.8247875469 -7.6055050891  4.6074240880 -0.0509460214  0.1873799023  1.0000000000  0.1215255511  0.0911846368  1.0000000000
 -0.4822757777 -11.3269441841   4.1748184650  -1.4439180015  -8.8442500643   3.0878916537 -0.1425386811 -0.0710196823  1.0000000000  0.0178696768  0.1294506800  1.0000000000
-0.2612352636 -9.8999756290  3.8337130301  0.2498933896 -8.9695436104  6.1340473157 -0.1287462759  0.0430591296  1.0000000000 -0.2399148563 -0.0673273194  1.0000000000
-2.3136027667 -7.8754072597  4.4818101766 -2.6518542525 -9.4315652120  6.3808365437  0.1377580413  0.0617867531  1.0000000000  0.1162287858 -0.3017566672  1.0000000000
-0.8219487752 -8.1840965884  6.3258581386 -1.1246821906 -8.9884895635  5.3103454048 -0.0729035803 -0.1150545349  1.0000000000 -0.0193448462 -0.0117985523  1.0000000000
 0.3167525871 -7.2979435026  4.8659176384 -3.3811175342 -9.0056368838  5.4764912584 -0.1355791134  0.1953539767  1.0000000000  0.2504498389 -0.1000642334  1.0000000000
-0.5400710303 -9.3864664916  6.6438822714 -2.4583279555 -6.4137724115  3.9754108636 -0.1815802562 -0.1948766604  1.0000000000  0.2756134328  0.2369842586  1.0000000000
-1.6902143654 -9.1005182026  3.2840492646 -2.9112592869 -8.5139551789  2.2191418987 0.0207316957 0.0858216890 1.0000000000 0.1567922446 0.0815781809 1.0000000000
-1.4598110324 -7.9915827229  6.6100735611 -1.6878580381 -9.2456436941  3.3188765979  0.0564023605 -0.1440650321  1.0000000000  0.0684057863  0.0612774161  1.0000000000
 -2.6591206119  -7.6643260054   3.8590466747  -1.5330580326 -11.1325977233   4.7117588253  0.2047466626  0.1143811723  1.0000000000 -0.0546176270 -0.2006399333  1.0000000000
-0.3300526787 -9.4399985432  6.1130901512 -0.5359410603 -8.5996295787  3.9675375316 -0.1702708531 -0.1169303977  1.0000000000 -0.0652042514  0.1070471486  1.0000000000
 -0.7138370198  -7.6431023356   3.5645768592  -1.5558032280 -10.1396574243   5.1347955148 -0.0095251934  0.2167419420  1.0000000000 -0.0129773329 -0.1281035832  1.0000000000
 -0.6547251683 -11.0552039067   5.8539849762  -2.2449187149  -6.1771939101   4.0275383223 -0.1693447629 -0.2429984425  1.0000000000  0.2583726180  0.2677555140  1.0000000000
 0.4649788049 -7.0062046038  4.4231722747 -2.6663708293 -7.9367490339  3.1745718009 -0.1154527654  0.2943515785  1.0000000000  0.1864235513  0.1560451474  1.0000000000
-1.9350954829 -8.3392648563  5.9176506971 -2.4863749050 -8.1645348714  6.4108693677  0.1331077089 -0.0990433851  1.0000000000  0.1900727144 -0.1700972726  1.0000000000
 0.4225772104 -9.4139838587  4.9897319932 -3.0420633992 -9.8752894971  5.6000633573 -0.2134223816 -0.0025613546  1.0000000000  0.0832394226 -0.2498368590  1.0000000000
-2.5361109183 -9.7467129017  3.4012325549 -3.3131029375 -8.8546691301  5.7799181186  0.0476009857 -0.0464301478  1.0000000000  0.2162287484 -0.1833003476  1.0000000000
-2.8683913027 -8.3401551928  2.8635096951 -2.5517019554 -8.1208661391  2.0610609630 0.1881257919 0.1117743402 1.0000000000 0.1745483652 0.2266929975 1.0000000000
