281.5000000000
0
50
4.4812878510 5.3336037444 4.9280484228 7.7264148835 4.0580300152 4.0498751861 -0.2705947369  0.1720881685  1.0000000000  0.1312280315 -0.0738620464  1.0000000000
8.5528030821 4.8384343869 3.5734366424 6.8342714202 2.1266875683 3.9954106069  0.2372567359 -0.0843611577  1.0000000000 -0.0752149275 -0.1499896541  1.0000000000
7.2961755313 5.5299856033 4.7787528291 8.2996385713 3.6094026895 3.3234102707  0.1229322987  0.1077536477  1.0000000000  0.2128231319 -0.1677966322  1.0000000000
7.4481314404 5.6970404580 3.6502747095 7.7801153159 4.1513623837 5.4459279111  0.1891447131 -0.0506172414  1.0000000000  0.1121064626  0.0656832608  1.0000000000
6.5695637930 5.3276612851 4.4707959559 5.9433958254 2.1901550820 3.6203721718 -0.0058105629  0.0630624113  1.0000000000 -0.1601476842 -0.1848036786  1.0000000000
8.8739977464 3.3031234907 4.4832628139 5.9507764154 3.5942017853 6.3625294723  0.1828576044 -0.0890835945  1.0000000000 -0.0924701850  0.1335299821  1.0000000000
7.1297926251 3.7871695037 3.6136484983 7.6178801385 3.9458794072 3.1847249620  0.0174756737 -0.1318202690  1.0000000000  0.0868668780 -0.1523032078  1.0000000000
6.4791939656 2.9699303538 4.8974817626 6.8103032027 3.3656796420 2.8860544340 -0.0425224114 -0.0164583579  1.0000000000  0.0167600053 -0.2299217062  1.0000000000
8.2303486900 4.7792822474 3.0354679707 6.1900661054 6.5939512772 4.9569012725  0.2436250856 -0.2272727387  1.0000000000  0.0563793434  0.2358452605  1.0000000000
5.7497106391 2.3916233246 3.7539284929 5.1560670746 5.6346953725 5.5977147335 -0.1605027199 -0.1552490878  1.0000000000 -0.1483752126  0.2655140674  1.0000000000
6.5046044187 5.1674144959 5.2911852190 5.9386657000 4.9559630495 4.5357124642  0.0020016724  0.1610572183  1.0000000000 -0.0955447209  0.0422491182  1.0000000000
7.2960625031 3.4773815125 3.3706119022 7.0930113198 6.0664929935 4.1105938121  0.0454758204 -0.1617315611  1.0000000000  0.0951815038  0.0203085478  1.0000000000
5.6002966196 2.9050502224 4.6768933268 4.7975156814 6.1528791363 5.1618863811 -0.1405543878 -0.0465481858  1.0000000000 -0.2331326953  0.3064701644  1.0000000000
6.2310092994 3.6343949742 3.5565470627 5.5899561655 4.0560844044 3.4083465027 -0.0734767659 -0.1409209174  1.0000000000 -0.1822390299 -0.1266970288  1.0000000000
6.7277435223 2.0819559396 3.5423596809 6.4392480565 2.1467246955 4.6586408094 -0.0651887015 -0.2230989633  1.0000000000 -0.0835717861 -0.0917829426  1.0000000000
4.5953740675 5.3871900331 4.4735528859 7.7450163798 3.1549950896 3.0803017367 -0.2584622631  0.1073929699  1.0000000000  0.0707762901 -0.2053708476  1.0000000000
8.1853582718 3.2339673852 5.7185313673 6.1561511211 4.5185424889 5.1574894697  0.1045255021  0.0571414399  1.0000000000 -0.0370081926  0.1303259175  1.0000000000
7.5922198546 5.6061266648 3.7102175461 7.3275618677 5.2998237162 4.1927637527  0.1499431815 -0.0402001434  1.0000000000  0.0925475705 -0.0041806870  1.0000000000
8.6102048135 4.1673455144 2.7215166707 5.8332988961 3.0152918859 4.4877684074  0.1766275738 -0.2417622379  1.0000000000 -0.1519736872 -0.0252935163  1.0000000000
6.1723954908 2.1827600585 4.3201483044 6.6984004970 4.7262948361 2.8927075064 -0.1174549121 -0.1088382431  1.0000000000 -0.0123365510 -0.1880562677  1.0000000000
5.6374991217 3.7851378463 3.8840440294 5.3285514574 4.8470614183 6.1466357414 -0.1206574313 -0.1056377260  1.0000000000 -0.1380640098  0.2089635018  1.0000000000
7.2635261009 6.6281353471 5.3322683562 7.0007611754 2.7987488531 5.0193710212  0.1813660254  0.2684082931  1.0000000000  0.0023797219 -0.0742065823  1.0000000000
7.9937163177 5.7816366660 4.4315656928 5.7429340877 6.5935076824 4.9273927120  0.2171182742  0.0195176617  1.0000000000 -0.0804777238  0.2453517136  1.0000000000
6.7520742915 3.2343190775 4.2068153378 8.2693009902 3.4385762655 3.0847934761 -0.0128455953 -0.0546330900  1.0000000000  0.1443058248 -0.2571173023  1.0000000000
4.9132257912 3.6834502401 6.4830090537 6.2760423705 1.7777248339 4.1278151130 -0.1954293687  0.1659634100  1.0000000000 -0.1302587644 -0.1344135560  1.0000000000
6.8295537156 4.7578612756 4.8276257147 7.1395629155 3.2310370983 3.4206857113  0.0692405856  0.0536124488  1.0000000000  0.0011570279 -0.1590244388  1.0000000000
6.9075185623 2.7844068722 4.2431300175 8.3778722422 3.8536612937 3.4585488452 -0.0383585955 -0.1206322314  1.0000000000  0.1805459639 -0.1461563844  1.0000000000
6.1814571350 5.7784115508 3.2148313335 6.5026501001 2.7080869148 4.9302649573 -0.0579821398 -0.0804440852  1.0000000000 -0.0803604335 -0.0350408025  1.0000000000
7.3059086264 4.5336726718 2.7047437622 7.4029519383 4.2851930272 5.5842480407  0.0604636764 -0.2156562948  1.0000000000  0.1130892711  0.1057582446  1.0000000000
7.0342047371 4.5304988847 4.3388952161 7.5809170806 4.5928392152 4.2389527423  0.0651025292 -0.0051105472  1.0000000000  0.1115365851 -0.0127493484  1.0000000000
5.9836791294 4.3478222336 6.1463166191 6.2333010114 5.3703728208 3.9172411654 -0.0837850036  0.1772917028  1.0000000000 -0.0513363627  0.0407822957  1.0000000000
7.7647853922 3.6010137781 4.1939760262 7.4833853741 6.7823929831 5.0433371107  0.0722016408 -0.0928857917  1.0000000000  0.2540736992  0.2155278941  1.0000000000
5.9043712884 3.3193586456 6.6010809168 7.0483455804 5.4584515847 5.1125999109 -0.1019361679  0.1574839523  1.0000000000  0.0909585755  0.1227377055  1.0000000000
8.1549423544 3.1563755742 3.1592017504 6.2593786998 5.3721404723 4.7456171128  0.0811518310 -0.2358149895  1.0000000000 -0.0583010233  0.0803154313  1.0000000000
8.9646399423 2.6925348671 4.0935644154 6.1231663302 4.4160148118 4.7854754580  0.1620759307 -0.1218950096  1.0000000000 -0.1070271032  0.0592871079  1.0000000000
5.6102416958 4.6768130192 2.9517298233 7.7168716939 4.5013603681 4.2042793170 -0.1118755262 -0.1807916919  1.0000000000  0.1298570986 -0.0384567377  1.0000000000
5.6043121935 1.7268526239 3.7921255426 8.6001630491 3.9079091512 3.5311276126 -0.1994084510 -0.2042346722  1.0000000000  0.2124874635 -0.1696030912  1.0000000000
7.9815665077 4.2140889980 2.8807846226 6.9885485160 3.8318806966 4.4968479650  0.1523195690 -0.2558732535  1.0000000000  0.0258066405 -0.0507642868  1.0000000000
6.9052353380 4.4766599437 2.5959665963 6.1736875523 2.1682735296 4.9469037644  0.0349035801 -0.2551471837  1.0000000000 -0.1331561257 -0.0534414696  1.0000000000
6.2301479561 4.0834038735 3.5724606057 8.1248756025 5.9204545952 5.1073172055 -0.0887303999 -0.1310150808  1.0000000000  0.2528625909  0.1457390939  1.0000000000
5.3738141824 4.2837260448 6.2853766109 7.4633942568 3.0211223446 4.9141332218 -0.1860557179  0.1827139948  1.0000000000  0.0552930665 -0.0088339115  1.0000000000
7.5874738708 3.8631384446 4.0278048255 7.8998812114 4.9990330858 6.0937071411  0.0938044404 -0.0913172561  1.0000000000  0.1552954122  0.1788817561  1.0000000000
8.4654368173 4.3384687392 3.7662000703 5.6720573770 5.6717243264 5.3982996004  0.1932675351 -0.1042614531  1.0000000000 -0.0963371856  0.2129371152  1.0000000000
6.9013557804 2.6682819551 3.7267353736 7.8842529352 4.6534786355 2.7394651582 -0.0155867326 -0.1962157504  1.0000000000  0.1685476755 -0.2194936031  1.0000000000
5.0450493723 3.9592859433 4.4817955764 8.0748266747 4.2062456075 6.2724905331 -0.1965911316 -0.0179449022  1.0000000000  0.1204825620  0.1441786746  1.0000000000
7.9401593611 3.7479055265 4.8631455165 5.8710361859 2.3369398009 4.6242628481  0.0766314552 -0.0117578752  1.0000000000 -0.1275541649 -0.0650092453  1.0000000000
6.3105880303 5.2043384348 5.8632292638 5.7470283383 5.5513510675 3.8038719785 -0.0105072659  0.2226184813  1.0000000000 -0.1156540952 -0.0071078144  1.0000000000
7.8007757465 2.1753240607 3.6411991287 7.0960963748 2.9042965481 4.3245761798  0.0609988783 -0.1965536304  1.0000000000 -0.0305150247 -0.1115247617  1.0000000000
7.1132516165 4.9286896424 2.1833446072 7.6971701147 4.1904066335 3.9386540679  0.0873340377 -0.3093626178  1.0000000000  0.0954242967 -0.0936259265  1.0000000000
5.3106521310 5.3439288245 5.1081694749 4.7574503269 4.6502017820 4.5059188804 -0.1703119123  0.1599873674  1.0000000000 -0.2505277524  0.0642921909  1.0000000000
