398.6000000000
0
50
-0.0905638172  5.5960526495 -8.1385225649 -3.4735796918  7.2924674854 -8.0623497249  0.2906301855  0.0094347216  1.0000000000 -0.0986135057  0.0719164262  1.0000000000
-1.7162125213  6.7204157459 -5.7561461216 -2.5849325246  6.1111566710 -9.8680248233  0.1164777294 -0.1129001308  1.0000000000 -0.1376331831  0.1864257948  1.0000000000
-0.7972082312  7.8897175486 -7.5822423619 -0.5873318567  7.4920922728 -6.3440070336  0.1706483815  0.1129521007  1.0000000000  0.2131844115 -0.0138167746  1.0000000000
-0.9770362145  5.9012581786 -7.1510661403 -2.8454399249  4.7555260176 -8.2383590704  0.1769369098 -0.0843720496  1.0000000000 -0.0564661882 -0.1182916408  1.0000000000
-1.5611346125  3.9934702691 -8.1248510236 -2.1539371902  3.3864833659 -7.7985900715  0.0522687039 -0.2260378285  1.0000000000  0.0198608264 -0.3138333417  1.0000000000
-0.5349361390  6.8155904484 -6.1818968412 -2.0809858039  6.1755217271 -5.8992281289  0.2080116206 -0.0696478850  1.0000000000  0.0657239219 -0.1258027697  1.0000000000
-0.8755846626  3.5844852688 -7.7106869024 -1.9132501603  6.4044099703 -6.7755234984  0.2040139841 -0.2679012692  1.0000000000  0.0567433220 -0.0996482275  1.0000000000
-2.5347221778  3.8494792588 -8.3957345886 -1.3193062243  6.4448641771 -5.7767064394 -0.0756930409 -0.2193874740  1.0000000000  0.1271430455 -0.1244098301  1.0000000000
-3.5514951810  7.7515893072 -8.1101234460 -2.1872477818  7.8836923398 -9.0439021330 -0.0670429124  0.1095593596  1.0000000000 -0.0291365954  0.1821720510  1.0000000000
-2.2221232419  6.4172650176 -5.3380298026 -1.9394104339  5.3209317293 -6.3778026454  0.0891106536 -0.1853756092  1.0000000000  0.1354979197 -0.2249806809  1.0000000000
  0.1651694976   6.0341900668  -9.9867105638  -3.4157995546   5.5440872557 -10.3644054889  0.2889993437  0.2823255376  1.0000000000 -0.2761809384  0.1651423528  1.0000000000
-3.5288162670  7.5336311859 -8.8203244929 -2.3426267150  6.3310178738 -8.3021024178 -0.1780964291  0.0991970467  1.0000000000 -0.0655127852 -0.0184535266  1.0000000000
-1.3853501299  5.2864391233 -9.2130113645 -1.0863890759  6.1382426038 -7.8517135120 0.0671275892 0.0673422548 1.0000000000 0.1165706469 0.0355271034 1.0000000000
-2.1636296451  5.2193977730 -8.1591103768 -2.5957862498  4.8932179584 -6.8825427177 -0.0004396462 -0.0861039031  1.0000000000 -0.0469996504 -0.1841735270  1.0000000000
-2.7548315429  6.2145830934 -5.7421076493 -1.9052599795  6.6509800216 -8.4591900949  0.0249319438 -0.1714444418  1.0000000000  0.0527581480  0.0965449612  1.0000000000
 -1.8787832898   5.7633340746  -9.7421083628  -2.6296847619   5.8104992131 -10.3279143172 -0.0301955166  0.1749475100  1.0000000000 -0.1180109523  0.2230991929  1.0000000000
-3.5650827626  5.2083127786 -9.5106006723 -1.7229208175  4.3849465848 -7.2690498718 -0.2431138244  0.0232321866  1.0000000000  0.0844025377 -0.2576362029  1.0000000000
-3.4523944421  6.0179050954 -6.9509839864 -0.9422620774  6.1652304778 -8.9944953922 -0.1472998168 -0.1301068696  1.0000000000  0.1348255709  0.1422269677  1.0000000000
-3.6682774373  3.6201368578 -8.1222696661 -3.4464938173  6.3083631757 -8.3037530022 -0.2426636839 -0.2899993574  1.0000000000 -0.1680482952 -0.0011815892  1.0000000000
-3.5682410138  7.4279655776 -6.8990220838 -0.3045769701  7.2645566143 -9.2467575850 -0.0917799878 -0.0431884335  1.0000000000  0.1943961524  0.2665419450  1.0000000000
-2.0802070960  6.7051925277 -5.6323102248 -2.2452933115  5.3389947466 -7.4532497661  0.1010592800 -0.1672627867  1.0000000000  0.0296332445 -0.1247431667  1.0000000000
-3.9977935019  6.4713988496 -7.7108653374 -3.5350233346  7.3946461738 -8.3385801607 -0.1961075366 -0.0262332017  1.0000000000 -0.1531605992  0.0550669408  1.0000000000
-2.6043151681  5.5400630289 -8.2247286753 -3.6337479205  7.0558149476 -8.8492931245 -0.0699864708 -0.0382556580  1.0000000000 -0.2063495649  0.1375768558  1.0000000000
-3.2347215513  6.4586372099 -9.7259979118 -1.5337148560  5.6749877358 -7.6912344992 -0.1891688166  0.1753358390  1.0000000000  0.1085473753 -0.0663010511  1.0000000000
-3.8407936669  6.1034078991 -7.7739772440 -3.7992687096  7.9653723019 -8.6538243171 -0.1644725648 -0.0691153705  1.0000000000 -0.1780721696  0.0963354672  1.0000000000
-3.1826326126  7.6087290172 -8.8213893032 -2.3012430188  5.1460832055 -7.8708187369 -0.1587995805  0.1665439626  1.0000000000 -0.0363648295 -0.0830160361  1.0000000000
-1.1755203759  5.9322757005 -5.3785044810 -1.9151105319  8.0607414856 -7.7740502715  0.2002430224 -0.1876031706  1.0000000000  0.0008173121  0.1247585868  1.0000000000
-0.1192506935  3.9135493865 -7.7278469069 -0.9968285299  6.6152562487 -8.9040397180  0.3083100603 -0.2198332260  1.0000000000  0.1496106895  0.1307074634  1.0000000000
-2.1499421896  5.2072033561 -6.9091735181 -0.4817819251  6.8368157285 -7.6019066917  0.0086050669 -0.1681017756  1.0000000000  0.2068136061  0.0727167729  1.0000000000
-2.9345673766  4.7433879362 -7.8676675229 -3.7139548421  4.5815976264 -7.2758503842 -0.1227211564 -0.2014752574  1.0000000000 -0.1742731796 -0.2399003906  1.0000000000
-0.0469353062  6.7101808875 -8.5083816889 -3.3125215851  5.6092074343 -6.6949550175  0.2611445477  0.1391071547  1.0000000000 -0.0651718497 -0.1754658748  1.0000000000
 -2.4374270600   6.1586120055 -10.6060717590  -3.3273219173   5.5278488071 -10.8722069250 -0.1397884989  0.2739857702  1.0000000000 -0.3344661402  0.2657846961  1.0000000000
-3.0564952505  7.4455054557 -9.4708650642 -0.3694352355  6.0013581526 -7.0900481243 -0.1364939285  0.2360175310  1.0000000000  0.2423377920 -0.0931741463  1.0000000000
 -3.2614027957   6.4149178592 -10.0762100337  -1.5272810273   7.2376631388  -7.1379163153 -0.2170048375  0.2082538512  1.0000000000  0.1251874579  0.0095684321  1.0000000000
-0.4831291883  7.8256936564 -8.0604604992 -0.2425346339  4.1459586410 -7.9834143303  0.1789197804  0.1298985388  1.0000000000  0.2577751997 -0.1554765544  1.0000000000
-1.0034310776  5.7617009741 -9.2377830497 -0.7499270177  4.8655980782 -8.2018015141  0.1327671830  0.0926624709  1.0000000000  0.2403934604 -0.1160683720  1.0000000000
-0.9792275654  6.0438322163 -7.9183421225 -1.6226648982  6.8911720969 -7.3299131991  0.1331994812 -0.0208884073  1.0000000000  0.0784343540  0.0030392588  1.0000000000
-2.1488010249  5.9256337481 -6.0067378977 -0.5133193901  8.0309212361 -6.8819995682  0.0548806686 -0.1535044234  1.0000000000  0.1943855561  0.0331226759  1.0000000000
 -0.7958577836   8.7053796385  -7.9267089489  -2.1646764304   5.5310160226 -10.0985069393  0.1314881200  0.1814090004  1.0000000000 -0.0755800223  0.1218011691  1.0000000000
-3.3995560200  7.0450704535 -7.7952394417 -2.3801313360  6.9557093911 -8.0243699657 -0.0900375043  0.0202090664  1.0000000000 -0.0493231054  0.0514248465  1.0000000000
-3.3811982293  7.3067202352 -9.0471587960 -2.2301921321  4.3422691617 -7.0443769460 -0.1683500228  0.1526800929  1.0000000000  0.0178475780 -0.2703924306  1.0000000000
-3.7690037197  4.9435595903 -9.3487270593 -2.4594011299  6.7298031367 -6.1927203576 -0.3077606572 -0.0469114338  1.0000000000 -0.0225478840 -0.1335210182  1.0000000000
-2.0564230599  5.1735928164 -6.3462292782 -3.1844846133  3.9027780721 -7.6302550544  0.0823662153 -0.2064694718  1.0000000000 -0.1215491077 -0.2995474956  1.0000000000
 -2.8035902695   6.2918699800 -10.6661987522  -0.2208362314   3.5026693304  -7.6126902203 -0.1389024762  0.2570033620  1.0000000000  0.3252811690 -0.3089186986  1.0000000000
-1.7473879308  6.5950447590 -9.4057813412 -3.5744232325  6.3634351553 -8.2814280167  0.0141767922  0.1767950156  1.0000000000 -0.1421626272 -0.0162726693  1.0000000000
-0.2252767917  3.7780339408 -7.8481423306 -0.0531353732  5.0704150332 -8.4697961991  0.3318904322 -0.2236553362  1.0000000000  0.2633942761  0.0175442166  1.0000000000
-2.3040592370  6.9731557216 -8.0729876298 -1.4484705913  6.8646913863 -7.6142634187 -0.0167537575  0.0112258461  1.0000000000  0.1048718605  0.0153596649  1.0000000000
-1.2892184959  4.3512859307 -7.5732664624 -1.4874190920  6.6891983870 -6.6328481997  0.1800612807 -0.2060297882  1.0000000000  0.0977885132 -0.0503508375  1.0000000000
-0.9636999257  4.8037057404 -9.0066176393 -0.8373372961  5.3875919724 -8.4863028905  0.1516668382 -0.0121300495  1.0000000000  0.1772901795 -0.0000253820  1.0000000000
-1.2164418156  6.2383240168 -9.8190995100 -3.6714774813  6.6756244181 -7.6818106388  0.1179956699  0.2263187427  1.0000000000 -0.1434145256  0.0152933950  1.0000000000
