426.9000000000
0
50
-2.3657352016 -2.0727886165  1.9172125556 -2.3713780479  0.2077377163  1.0860627865 0.1272984357 0.1025263221 1.0000000000 0.1969437475 0.1677071735 1.0000000000
 0.2838123478 -0.0331267358  1.0096309205 -1.2879489210  0.5851198845  1.0043901116  0.0403024052 -0.1731889213  1.0000000000  0.1299157381 -0.0011419864  1.0000000000
 0.0743954441 -2.0495816333  0.7046604458  0.4531034161  0.2440952692  1.5627853481 -0.0880553179 -0.1023458858  1.0000000000  0.0840943294 -0.2343816165  1.0000000000
-2.9587164087 -1.6153363136  0.8919032386 -1.5670365483 -1.3530544287  2.3676562357  0.0862468115  0.1858908941  1.0000000000  0.2319128110 -0.0239371755  1.0000000000
 0.1467626723 -2.3680877637  1.4825431384 -0.4775701572 -0.8353694226  0.5074351415  0.0048537795 -0.1484253029  1.0000000000 -0.0531110543 -0.0179051122  1.0000000000
 0.2710949781 -1.0459175090 -0.4878928732 -2.1284869031  0.3638249422  1.5848585304 -0.1572287049 -0.0775659261  1.0000000000  0.2656774418  0.1632059103  1.0000000000
-1.8724781969  0.1840569810 -1.9298114458 -0.1174260166 -1.3077538906  1.8307493667 -0.2501645769  0.2981384402  1.0000000000  0.0448385884 -0.1406271919  1.0000000000
-3.2458682124  0.0680248477  1.1994049891  0.6868101217 -2.2769422948 -0.4233652040  0.2447302678  0.2185540003  1.0000000000 -0.1828882713 -0.1144727363  1.0000000000
 0.1668518522  0.0501000819  2.8987800083 -1.6190667809  0.5935366592 -0.5064598194  0.2511811286 -0.2684199314  1.0000000000 -0.0477799791  0.1916299581  1.0000000000
-1.4892793222  1.0600389407  0.1683601870  1.0470471814 -1.4830768603 -0.5779747920  0.0905761945  0.0747302349  1.0000000000 -0.2397532394 -0.1220083672  1.0000000000
-1.4015214966 -2.7932271349  0.2905879413 -1.6320512058  0.2173942759 -2.1824921138 -0.0356837007  0.0882997784  1.0000000000 -0.3027674908  0.2665193648  1.0000000000
 1.5331013494  0.4626570921 -0.8763809235 -1.2847657674  0.2631216127 -1.2131467192 -0.2792078634 -0.2582439611  1.0000000000 -0.1518425478  0.1991663157  1.0000000000
 0.6115606655 -2.3554681314  0.3252404303 -2.4675094322 -1.7885140783 -0.1406996544 -0.0947955880 -0.1361902160  1.0000000000 -0.0194510076  0.1694682853  1.0000000000
-0.3417818907 -1.8921301812  0.9536827496 -0.4277400287 -1.9679037698 -0.0491085133  0.0251067244 -0.0731213896  1.0000000000 -0.1038105397  0.0071705287  1.0000000000
-1.4132381274  0.9699654639  1.7337256346  1.2837136827 -2.2195263204  0.1829529327  0.2699059230  0.0163017790  1.0000000000 -0.2040179558 -0.2083145432  1.0000000000
 0.3303553281 -1.5697454810  2.4739219032  0.2895330189  0.8771394756  1.5279503641  0.0848816572 -0.2185859713  1.0000000000  0.1224742318 -0.2054023172  1.0000000000
-0.0315283533  0.8501854489  1.8691901535 -0.2425092498  0.5285916655  0.8685654311  0.1904730481 -0.1779750985  1.0000000000  0.0453475028 -0.1280956693  1.0000000000
 0.0333907240 -0.1263799417  2.0177649541 -2.6598762057 -0.9038423917  0.7183283889  0.1620691333 -0.1818466746  1.0000000000  0.1348764427  0.1646795142  1.0000000000
-0.4887986115  0.5563402430 -1.7768376560 -0.4630022782 -0.7249249124  0.7086460931 -0.2988393218  0.0774385885  1.0000000000  0.0660862743 -0.0407768593  1.0000000000
-1.9643082800 -1.1003250619  2.4421377071  0.4900655614 -1.8405462579 -0.5789134189  0.2696526134  0.0168068940  1.0000000000 -0.2228982636 -0.0914260605  1.0000000000
 1.2652241876 -2.2231100218 -0.0025855257  0.7387697657 -1.0816079019  0.0445217523 -0.1773417512 -0.2043631234  1.0000000000 -0.1022693274 -0.1776619631  1.0000000000
 0.0395266174  0.2571454926  0.1237645979 -1.0402341389  1.3533491909  0.7926302109 -0.0851105929 -0.0720798552  1.0000000000  0.1140619929 -0.0034987430  1.0000000000
-2.9975777048 -0.7432476018  1.1939516036 -1.2118179044  0.0062434886  1.2664646170  0.1928947609  0.2159700930  1.0000000000  0.1344880710 -0.0022660789  1.0000000000
-0.6052961180  0.7973075167 -0.2547253308  0.6535888238  1.0561866129  2.0164604151 -0.0302729420  0.0167291774  1.0000000000  0.2080834006 -0.3388491253  1.0000000000
-1.4782575540 -1.2847184181 -0.2895693281 -0.6578799588 -0.9639074214  1.3716828847 -0.0521989185  0.1154251958  1.0000000000  0.0854470601 -0.0893077232  1.0000000000
 0.1451791920 -1.0588115104  2.0699118909 -1.9566563138 -1.0835502559  1.9677998582  0.0630099942 -0.1550481813  1.0000000000  0.1872784223  0.0583909068  1.0000000000
-1.7011760478 -2.5595115840 -0.4762336584 -2.2264571854  0.3886323615  0.7551266281 -0.0932729292  0.0978860110  1.0000000000  0.1677150856  0.1228021842  1.0000000000
-0.9396851205 -2.4430636894  1.8160114752 -1.3800115588 -2.3731719266 -0.6622392849  0.0923712565 -0.0425725822  1.0000000000 -0.1474735014  0.1103406853  1.0000000000
-2.3058081069 -0.7954254270  0.8421883455 -2.8459339386 -2.3112328777  1.0842597657 0.1251974805 0.1429875527 1.0000000000 0.0943303822 0.1543851711 1.0000000000
-0.7910870083 -1.8027102678  0.6005842941  0.4732934639  1.1243925628  1.9477722001 -0.0097702515  0.0062467101  1.0000000000  0.2197445862 -0.3006418208  1.0000000000
-2.2718148148 -1.1986278162  1.9072364535 -0.3433557495 -0.5158305009  0.7414394019  0.2036949432  0.0738485072  1.0000000000  0.0147805859 -0.0591211466  1.0000000000
 0.4529057959 -0.3324715243  0.0875924398 -0.2941977189 -1.4408623428 -0.8730306385 -0.1037157228 -0.1400789176  1.0000000000 -0.2192529968 -0.0135515410  1.0000000000
-0.6762798491 -0.0814463776  0.2646438392  0.0668264700 -2.9447049388  0.2704538840 -0.0305568608 -0.0352639198  1.0000000000 -0.1373111467 -0.0582310171  1.0000000000
-2.8310788292  1.1210544775  1.3440422903 -2.8304099558 -1.6978602875  1.6910532981 0.3161982104 0.1907254275 1.0000000000 0.2158710480 0.1716734280 1.0000000000
-0.9079311461 -1.1376208489 -0.0093535839 -1.4862981490 -2.7290904371  0.4586343927 -0.0219626578  0.0321044973  1.0000000000  0.0003201158  0.0470508412  1.0000000000
 0.1541585781 -2.2938091306 -0.4089793514 -1.9230501894 -1.5156780012  0.0544912752 -0.1456043759 -0.0456156574  1.0000000000 -0.0128125245  0.1699713776  1.0000000000
 0.4012533290  0.6397357082  1.5836892823 -0.9730906370 -0.9714569694 -0.7635747064  0.0914127332 -0.2302979204  1.0000000000 -0.1291133330  0.0841369995  1.0000000000
-2.8910320256 -0.7463029834  0.5170527631 -3.0141290339  1.6693517758  1.1344295519 0.0572951123 0.2189595834 1.0000000000 0.3254518709 0.2784241137 1.0000000000
 0.2169652793  0.7362883796  2.2823083385 -2.5630007435  0.6272072130  0.2492299956  0.2375618659 -0.2553558015  1.0000000000  0.1053400031  0.2499435507  1.0000000000
-0.1692262317  0.6113700326 -0.6430193826 -1.2816821469 -0.0567326288  1.9852624923 -0.1392494645 -0.0174690167  1.0000000000  0.1939757535 -0.0270361676  1.0000000000
 0.3703329639 -2.3103880828  0.5098637675 -1.7835687422 -2.8143760239 -1.2808224574 -0.0991688541 -0.1740931039  1.0000000000 -0.1960100724  0.1251288588  1.0000000000
 1.3173148479 -0.5843486980 -0.0644610514 -1.2742942298  1.3407523138  1.1767709341 -0.1708760559 -0.2460463012  1.0000000000  0.1945748652  0.0227686011  1.0000000000
 0.3389207889  0.4958529148  1.9925248174  0.0942696587 -2.2348603685  2.4064922878  0.1981266998 -0.2312102136  1.0000000000  0.0959826398 -0.1724735541  1.0000000000
-0.7512171045 -2.1387716852  2.3421518953 -1.2460363833 -1.7019460173  1.6181896389  0.1075392479 -0.0972263754  1.0000000000  0.0708334512 -0.0346482790  1.0000000000
-0.4926645155 -1.0714329281 -0.6554274652 -2.8469515101 -1.5588763864  0.4555705026 -0.1448039912  0.0329867230  1.0000000000  0.0420130341  0.1964947215  1.0000000000
-2.4995843936 -0.9424821182  1.4138620007 -2.1020171709 -2.0633748413  1.4387671209 0.1652777252 0.1291971862 1.0000000000 0.1313295631 0.0994016834 1.0000000000
 0.1532901048 -2.2064201452  2.8082335075  1.1888000074  0.5563790604  0.3067328208  0.0724673182 -0.2035818688  1.0000000000 -0.1078059189 -0.2642943151  1.0000000000
-0.1897905232 -2.4825616485  0.9609148773  0.0569890196 -1.5308596072  1.1595499479 -0.0028895588 -0.0894357929  1.0000000000 -0.0060153891 -0.1372373807  1.0000000000
 0.0237640163 -0.1089350583  1.9959765534 -1.9076216478  0.1949879754 -1.3844803694  0.1240570071 -0.1331182810  1.0000000000 -0.1580739097  0.2036607845  1.0000000000
-1.2214896924 -1.9703124474  2.0361601439  0.2086401766  1.1608755639  1.5330419268  0.1855363540 -0.0386430957  1.0000000000  0.1752874991 -0.2283514189  1.0000000000
