646.2000000000
0
50
-9.0296960001 -1.1266586857  3.9510109959 -8.4261314313  0.6221883585  4.2147156521 -0.2475010380 -0.2402817612  1.0000000000 -0.0850962248 -0.2344416118  1.0000000000
-10.4471698569  -2.6509533189   5.3735851262  -9.6071687242   0.7351494079   5.3223617109 -0.1526627236 -0.1423313509  1.0000000000  0.0513835120 -0.0637440485  1.0000000000
-11.7456971901   1.2913984211   7.2711365652  -8.2168922083   1.1151184494   6.4508537361  0.1106700512  0.1731558255  1.0000000000  0.2341746924 -0.1525115418  1.0000000000
 -9.5140026598   1.8632904973   6.9093141036 -11.7219844475  -0.0869825650   5.7330185525  0.2501557208  0.0395108499  1.0000000000 -0.0445436529  0.0978255165  1.0000000000
-12.4000803911   0.2454547913   6.2235147272 -11.1814641027  -0.6906775320   6.2021446462 -0.0926967059  0.1968428789  1.0000000000 -0.0414156539  0.0134107353  1.0000000000
-10.9566193041   2.3576643004   4.4179035002 -10.9335141602   2.4311026844   5.0205583000 -0.0293303830  0.2851925859  1.0000000000  0.0250724422  0.2461058925  1.0000000000
-11.2603432600   1.5116130401   6.3251206575  -9.7865405581  -1.3126897766   4.3821467037  0.0704974689  0.1683883686  1.0000000000 -0.2176854370 -0.1942753706  1.0000000000
-11.3461044807   1.4664973374   3.2836509905  -9.8017615751  -2.0224847800   5.5475958432 -0.3004013559  0.1794858946  1.0000000000 -0.0863803703 -0.1948937529  1.0000000000
-9.8617601151 -0.0514263967  7.2492683521 -9.1831548383 -1.1103107399  6.3066300738  0.1263539371 -0.0880783040  1.0000000000 -0.0010560521 -0.2200799276  1.0000000000
-10.7565697629   2.4062839324   4.6836779485 -11.4253999747   0.1047003111   4.1295376083  0.0047920104  0.2381758303  1.0000000000 -0.2698645988  0.0709862960  1.0000000000
-10.7672796450   0.7236257376   7.9415234538 -10.1563317025   2.3981575299   6.2762096247 0.2429732192 0.0836059664 1.0000000000 0.2054443317 0.1759967928 1.0000000000
 -9.4096696094  -0.4905544483   7.0062019172 -10.3488135828   1.8725277799   6.8295985707  0.1267815121 -0.1101125191  1.0000000000  0.2281525963  0.0962007471  1.0000000000
-10.7936123937   1.4533046809   6.4996102720 -10.1036770744   1.1007034555   6.7889520947 0.1320666279 0.1594669701 1.0000000000 0.1894919753 0.0489144228 1.0000000000
-10.4350468384  -1.2639181948   5.2598015380  -8.9637194031  -1.1694288831   4.9702576598 -0.0935305477 -0.0648686671  1.0000000000 -0.0967313811 -0.2327779760  1.0000000000
-8.4298856932 -0.0959622147  3.4629125950 -9.5662328806  0.7307700740  6.9014254488 -0.2223304487 -0.3421731987  1.0000000000  0.1903730499 -0.0308022644  1.0000000000
 -9.3549996052  -0.4201286825   5.9387260829 -10.2124515345  -0.2795456827   5.0816200546  0.0209462408 -0.1526589525  1.0000000000 -0.0898636133 -0.0914256419  1.0000000000
-8.7015668127 -0.0563249852  5.4036834265 -9.8939936872  1.0402448862  4.0276357652  0.0372925228 -0.2029157920  1.0000000000 -0.1209095222  0.0225292609  1.0000000000
-13.1823707591  -0.8710556092   5.4850059956 -10.1568779917  -0.1523920137   6.6204919189 -0.1742051463  0.1990303340  1.0000000000  0.1001664075 -0.0334544514  1.0000000000
 -8.3993982541   0.3126242409   7.1065186694 -10.3505413116   0.8650707728   7.7174628474  0.2016955668 -0.2056016669  1.0000000000  0.2223502423  0.0425525014  1.0000000000
-10.8740207114   0.1937279888   8.4605178563  -8.6527831746   0.4139697151   4.4892685607  0.1928630974  0.0779271399  1.0000000000 -0.0564335509 -0.1476293282  1.0000000000
-11.5521087988  -0.3397831572   7.2622677830  -9.9131370998  -1.2814146601   4.0802481942  0.0663019298  0.0760837342  1.0000000000 -0.1969046559 -0.1452984237  1.0000000000
-11.3531982297  -1.1547236886   5.2201762728 -10.0690073335   1.2432806891   5.7028640600 -0.1946258497  0.0294228771  1.0000000000  0.0514487805  0.0570159226  1.0000000000
-10.4223352349   0.2923592839   6.1258275663  -8.8042440211   0.2830351582   7.5094480375  0.0222474043 -0.0279561198  1.0000000000  0.2424929383 -0.1721622542  1.0000000000
-11.0842396012   0.7647667196   3.9222791026  -9.0279024678   1.4159972301   5.6944240844 -0.2147140179  0.0858692360  1.0000000000  0.1278110382 -0.1063488080  1.0000000000
-9.3293977378  0.8286375254  4.4252941841 -9.4388759415  1.4476607320  4.8856044121 -0.1044913679 -0.1129623800  1.0000000000  0.0635893256 -0.0128612730  1.0000000000
-10.3618497112  -0.3229868650   4.8355761298 -11.0516935259   2.1585022648   4.6093583316 -0.2111782184 -0.0265347488  1.0000000000 -0.0637914388  0.2675642215  1.0000000000
 -9.5469804591   2.6256539486   6.2297724458 -11.3251244566   2.1598569254   5.2239781764 0.2673075594 0.1442432786 1.0000000000 0.0425355792 0.2726263970 1.0000000000
-11.5252913619  -1.3759345882   5.0460557492  -9.1271884045  -0.6102341143   4.5882409800 -0.2031305960  0.0390249380  1.0000000000 -0.1579806061 -0.2140322215  1.0000000000
 -8.8097229257   1.2501123852   6.8548552668 -10.3826972012   0.1560476152   5.1579004346  0.2282331362 -0.0619973621  1.0000000000 -0.1092239118  0.0171082608  1.0000000000
 -9.7580167446   1.8104311712   5.6669198065 -11.3840634602  -0.0599701835   4.8320186252  0.1519601051  0.0966626510  1.0000000000 -0.1471796169  0.0957049277  1.0000000000
-8.2234046724  0.8849758835  4.9410457903 -8.9960306477  0.2264108105  5.1542987820  0.0779051077 -0.2144775948  1.0000000000 -0.0165304223 -0.1557633592  1.0000000000
-10.4026164711  -1.3609069685   5.0619512544 -10.9794469519  -0.8004571794   4.8106189859 -0.1316893222 -0.1176838185  1.0000000000 -0.1758451065 -0.0216045509  1.0000000000
-8.7573624923  1.1169726510  5.2867981460 -9.8453409584  1.9981140291  5.8405572289  0.0861323173 -0.1105729066  1.0000000000  0.1656086178  0.0332950794  1.0000000000
-12.3317498335   0.7751574481   4.3727650938  -9.6609449767   0.5847528755   5.7266706687 -0.1879239681  0.2763790740  1.0000000000  0.0173954571 -0.0373332471  1.0000000000
-11.3431011406  -0.7911438731   5.2628247343  -8.3020790291   0.2720163043   6.5937898493 -0.1681653447  0.0143077313  1.0000000000  0.2061792634 -0.1923069499  1.0000000000
-8.5556524797  0.1894732451  7.4304059692 -9.9387966166  0.4913628305  3.9650110153  0.2209828379 -0.1747284053  1.0000000000 -0.2102364579 -0.0379839997  1.0000000000
 -9.2635865336  -0.9806553267   5.9433737075 -10.8590756858   0.8456964104   7.9844979551  0.0014531690 -0.1864592829  1.0000000000  0.2282559856  0.1084071110  1.0000000000
-12.4711555550  -0.5353180472   5.9593761600  -8.1238530431  -0.1375920833   6.9587428024 -0.1164778505  0.1398286557  1.0000000000  0.2043515714 -0.2337073190  1.0000000000
 -9.1275400587   1.4173356511   6.3695126054 -11.3568084706   0.8846583123   4.7384463250  0.1950102014 -0.0616055668  1.0000000000 -0.0907810601  0.1465155864  1.0000000000
-10.5331415125  -0.2809376739   7.8470051105 -10.4050580976   3.1064649335   6.2911341234  0.1166615780 -0.0077388331  1.0000000000  0.2501210659  0.2772402623  1.0000000000
-11.5909218606  -1.7407778992   5.4036631933 -11.4500167486  -0.5241503460   6.7532192530 -0.1633869448  0.0083834084  1.0000000000  0.0311478999  0.0775284717  1.0000000000
-8.7109204360  1.1658330730  5.1172889732 -9.1444668169 -1.1380596357  5.2913209112  0.0746967863 -0.1233605750  1.0000000000 -0.0768442930 -0.2165688270  1.0000000000
-12.2618751827   0.6422102446   4.8919187880 -11.0322947067  -1.0574065786   5.3552412595 -0.1490342706  0.2422053406  1.0000000000 -0.1310235571 -0.0277972363  1.0000000000
-11.1106206935   0.6427833315   6.4812191526  -8.9834602169  -0.7561244215   5.2928360778  0.0332399274  0.0988853915  1.0000000000 -0.0243092425 -0.1949128272  1.0000000000
-11.7665745943   1.4762304063   7.7381657832  -8.5532526606  -0.1704835515   6.8331921063  0.2012947651  0.2444996766  1.0000000000  0.1554723411 -0.2049234248  1.0000000000
 -8.9038879354  -1.0516454596   4.9719303280 -11.0819603118   1.9349509034   7.4168420555 -0.1129620070 -0.2869908659  1.0000000000  0.2243850818  0.1826362194  1.0000000000
-11.5550273651   2.1823144895   3.9118709456 -10.9711380099  -0.3688462535   5.4188675296 -0.1874710360  0.3063208432  1.0000000000 -0.0968353109  0.0312215772  1.0000000000
 -9.9390999725  -2.4705283214   5.9128996819 -10.3974881934   2.3056273434   5.6580766480 -0.1149233724 -0.1654295703  1.0000000000  0.1437300298  0.2177373206  1.0000000000
 -9.8192796616   0.4595037781   5.1293188583 -12.2741707163  -0.0526335507   6.9048791655 -0.0333469328 -0.0312522749  1.0000000000  0.0387595040  0.1285151303  1.0000000000
-10.3594782117   1.0453461255   5.4071196226  -8.5502676155   0.5244711307   5.3424109306 -0.0175035578  0.0392845026  1.0000000000  0.0638219459 -0.1934583803  1.0000000000
