892.3000000000
0
50
 4.1204791421 -0.6748441866 -0.1923915698  1.5337157678 -0.9465638443 -1.1130124300  0.1989492478  0.1354164417  1.0000000000 -0.0259681431 -0.0550482884  1.0000000000
 2.7962007743  0.1091821210  0.0266340615  1.5205977703  0.7433477759 -0.4310190677 -0.0197860488  0.0784248433  1.0000000000 -0.1578331846 -0.0550988575  1.0000000000
 2.5921796517 -2.7826002914 -2.2210027921  4.3599238881 -1.6020456655  0.6748391287  0.2347408289 -0.1523944732  1.0000000000  0.2733098604  0.2219340374  1.0000000000
-0.2361660078 -1.0634751714 -1.2074753478  0.7175084290  0.6293258516 -0.6312226379 -0.1319493484 -0.1688537370  1.0000000000 -0.2695823254 -0.1514724753  1.0000000000
 2.0434057531 -0.9987684970 -1.8262853466  1.2151511817 -2.1977733354 -0.9952253701  0.0738563176 -0.1937553904  1.0000000000  0.0789806365 -0.0634152577  1.0000000000
 0.9448274728 -0.8574569122 -0.1094062018  1.6971730012 -0.7802668281 -2.1751647826 -0.1149915927  0.0124807785  1.0000000000  0.0193368496 -0.2054978460  1.0000000000
-0.2543662483 -1.4422680965 -0.8348604552  2.5274503527 -0.6809350523 -0.6147549498 -0.1270316154 -0.1176003172  1.0000000000  0.0120548175 -0.0038830823  1.0000000000
 2.3569499913 -1.4101184005 -1.6622166035  2.5665544528 -1.3870260558 -0.3447813215  0.1041548225 -0.1627685253  1.0000000000  0.0917132182  0.0153928443  1.0000000000
 2.9272781671 -1.4517271748 -1.1372111675  0.9267924876 -0.4313568786  1.1644616081  0.1429572692 -0.0686371462  1.0000000000 -0.1606281701  0.1095601592  1.0000000000
 0.7316854324 -0.6639300548 -0.9736545982  2.4774736357 -0.0681685937 -2.0160583342 -0.0926268938 -0.1345443500  1.0000000000  0.0667699860 -0.2198988259  1.0000000000
 0.3784172178 -0.9543039101  1.2844027168  1.6407398259  1.6159907236 -1.0021432810 -0.1966721705  0.1068721888  1.0000000000 -0.2325328872 -0.1368884757  1.0000000000
 1.0391501081 -0.6225254278 -1.3688305320  2.5602383884 -2.3728458691 -0.4500152423 -0.0877128728 -0.1160892603  1.0000000000  0.1416596069  0.0486057431  1.0000000000
 0.6743856456  1.0286424775 -1.4809247220  1.3448203994 -2.7794883885  0.0771599354 -0.2580119552 -0.2144384526  1.0000000000  0.0537651959  0.0446433578  1.0000000000
 2.7365712096 -2.3233566567 -2.5630198136  3.2347535860 -1.3503229272 -0.0957590385  0.2295554615 -0.1772563219  1.0000000000  0.1680602387  0.0950983954  1.0000000000
 0.3229913875  0.2477234091 -0.5942341481  0.3963345205 -0.9092749563  0.2162890357 -0.2598494891 -0.0887576100  1.0000000000 -0.1652857499  0.0160917965  1.0000000000
 3.4913297198 -1.1860076370 -1.6832881366  1.1458884541  0.3645431789 -0.6546235838  0.2441515649 -0.1076971334  1.0000000000 -0.1857150979 -0.1321430097  1.0000000000
 2.1556174989 -0.5828500703  1.2974893040  2.7742647433 -2.7997071563 -0.3264366433 -0.0807460294  0.1970965879  1.0000000000  0.1414771744  0.0898133431  1.0000000000
 3.8297602229 -2.4499898656  0.5566456110  2.5516867491 -1.6212188175  0.9980299304 0.2725394481 0.2123166584 1.0000000000 0.0614327344 0.1707083617 1.0000000000
 3.2923933123 -0.2728365664 -0.6126906169  2.8128291577  0.3783245216  1.3861410509  0.0750139125  0.0077624605  1.0000000000 -0.0883294895  0.2555466911  1.0000000000
 1.3776596819 -2.5161599913 -0.5677717223 -0.3969650028 -1.3177963314 -0.9392381099  0.0292861221 -0.0702642315  1.0000000000 -0.1627520329 -0.1189337371  1.0000000000
 2.9211923624  0.6955026469 -0.4127880443  2.2939283749 -3.1307355664  0.8846015678 -0.0350136180  0.0026779780  1.0000000000  0.1236488602  0.1476875265  1.0000000000
 3.2966872628  0.1024924156 -1.3702026879  1.0965889238  0.0089418317 -1.6352725865  0.1169602812 -0.0824467818  1.0000000000 -0.1028686317 -0.2126424993  1.0000000000
 1.7035818766  0.3721099396  0.6327424238  0.9321632275  0.9011764489 -0.7544954900 -0.1667817645  0.1036031088  1.0000000000 -0.2381939093 -0.0965017351  1.0000000000
 1.3908076071 -2.2427660921 -0.4751116156  2.2198254459 -1.0257457161  0.0983232819  0.0546466400 -0.0163383559  1.0000000000  0.0260231272  0.1146529937  1.0000000000
 2.7628052331 -3.0271356605 -0.6473189960  1.1443207100  0.1506147258 -0.1226347616  0.2092587804  0.0441674494  1.0000000000 -0.1907820281 -0.0275760423  1.0000000000
 2.4833024859 -1.4314221357 -0.5253306599  1.0609830253 -2.4878986496 -0.4512972494  0.0601454075 -0.0100356608  1.0000000000  0.0165952542 -0.0164189670  1.0000000000
 2.7351882358 -2.4829636152 -0.5919823792  4.3623274285 -1.7682812205  0.7544979626 0.1994883934 0.0240895469 1.0000000000 0.2683499206 0.2228279687 1.0000000000
 1.9601861041 -1.5973992254 -1.3879927010  2.7799480795 -2.8702515440 -0.5928478849  0.0684093035 -0.1083018937  1.0000000000  0.2245116783  0.0347035053  1.0000000000
 0.8893929580 -1.7024566227 -0.4616188132  1.3772291443  0.3767951218  1.7542644099 -0.0553447777 -0.0034423460  1.0000000000 -0.2019590053  0.2079646431  1.0000000000
 1.6703452470 -2.4080929621  0.5855114468 -0.5153790350 -0.7479167566 -0.9990535633 -0.0050443046  0.0868981814  1.0000000000 -0.1970829601 -0.1253229833  1.0000000000
 1.3479208569 -2.6008810092  0.4785616660  3.4745338404 -2.4891234151 -0.3436421633 0.0175847146 0.0861286659 1.0000000000 0.2127040487 0.0584127641 1.0000000000
 2.8276075765  0.2227604397 -1.0495740909  1.1594116069 -2.6203143023  0.6790832642  0.0609928682 -0.1104678742  1.0000000000  0.0055170057  0.0986001480  1.0000000000
 1.6324088412 -2.9606137868 -1.0754269429  0.8488137777 -0.6787424434 -1.4832681647  0.0768138868 -0.0694942737  1.0000000000 -0.0335844235 -0.1416781859  1.0000000000
 3.2671822265 -1.7221062483  1.1193512845  1.4127936385 -2.5215010266 -1.0023219413  0.0945596230  0.2788139014  1.0000000000  0.0924968266 -0.0652678191  1.0000000000
 0.4506143655 -1.9044360153 -1.1505570738  1.7507291958 -0.7444680952 -2.1783718971 -0.0562300324 -0.1419553474  1.0000000000  0.0008890175 -0.2259570232  1.0000000000
 0.7334323289 -0.0885323598 -1.9542899812  4.5370022091 -0.3212656804 -0.5804039341 -0.0753248250 -0.2348176215  1.0000000000  0.3176418769  0.1002334144  1.0000000000
 0.5130874481 -2.1031047585  1.0617856856  3.8407003528 -2.2181256255  0.0001625864 -0.0753354110  0.0722679010  1.0000000000  0.2924088056  0.1633379263  1.0000000000
 0.7236451586 -2.2815720886  0.7852541541  1.2577557212 -1.6297318540 -0.9954623568 -0.0739130598  0.0739917943  1.0000000000  0.0530157550 -0.0378552810  1.0000000000
 3.3723105205  0.4852143284  0.7726499932  2.6502521875 -2.6047733569  0.2409482854 -0.0487299252  0.1976458306  1.0000000000  0.1637726409  0.1035257002  1.0000000000
 1.0145114927  0.3820877144  0.7157477670 -0.3553103290 -0.7293544767 -1.2278603643 -0.2439873277  0.0687817229  1.0000000000 -0.1484968289 -0.1346414669  1.0000000000
 1.3026567178  0.5502528716  0.4464889114  2.6638501409 -1.6357861005 -0.1600663666 -0.2101865352  0.0444816235  1.0000000000  0.1126622212  0.0410491479  1.0000000000
 2.1821412768 -0.7138893382  0.0642348410  0.2749264503 -0.7704649794 -1.4027695802 -0.0205778749  0.0517246074  1.0000000000 -0.1247712032 -0.2130248159  1.0000000000
 2.4768142377 -2.3554095697 -2.2934098451  2.7858571090  1.0478349353  1.1249223534  0.1867639409 -0.1441088002  1.0000000000 -0.1819288077  0.2354638475  1.0000000000
 1.2189430979 -0.1547809326  1.6833714317  2.1479633276 -3.2012814850  0.0784240805 -0.1737501656  0.1916813103  1.0000000000  0.1400001412  0.0435142915  1.0000000000
 0.8529621913 -1.4752200933 -1.8159485623  2.0910100443 -2.1350953092  1.0499445888 -0.0197992267 -0.1474677800  1.0000000000  0.0563830899  0.1333850929  1.0000000000
-0.0653640659 -1.1392597159 -1.0025554683  2.3085588896 -3.0171707081  0.4126441360 -0.0907582850 -0.1617894804  1.0000000000  0.1225856866  0.1334967060  1.0000000000
 1.1856109783 -0.8713391333 -1.3227514154  3.6599809293  0.3463714265  1.0042813173 -0.0875475231 -0.1613861133  1.0000000000  0.0429765015  0.2947902239  1.0000000000
 3.1687714147 -0.4408367895 -0.2517135236  2.9619405635  0.1451605064 -0.0071630965  0.1024847165  0.0496051450  1.0000000000 -0.0115905652  0.0767261050  1.0000000000
 1.5705102403 -0.1778236527 -1.6755153046  0.3891388944  0.3850133565 -1.4217706433 -0.0768030935 -0.2021985617  1.0000000000 -0.2378358779 -0.2093421313  1.0000000000
 2.0029013136  0.5305551862  1.2649207727  0.3199589748 -0.5263360735  0.7078806385 -0.2132965213  0.2103940566  1.0000000000 -0.2097963083  0.0934932134  1.0000000000
