7.5000000000
0
50
-3.8114139324  2.5211187181  7.1503311541 -3.3006195759  3.0602939820  6.9909927645 0.1682235766 0.1302795229 1.0000000000 0.2571790716 0.0459796114 1.0000000000
-3.9370427206  2.1701925514  6.3047077552 -2.9483948921  3.2823019765 10.1599925725  0.2295474175  0.2149798645  1.0000000000 -0.0060802239 -0.1328552999  1.0000000000
-3.8947710676  2.2000906508  9.6440478792 -1.0976164284  1.3753410557  7.4201982302 -0.0389671749  0.0036612546  1.0000000000 -0.0071575032  0.0864704208  1.0000000000
-3.4375318973 -0.3707389549  9.0216659670 -2.0986679802  1.3648786237  6.8483057123 -0.2003784694  0.1945731626  1.0000000000  0.0755091203  0.2027630537  1.0000000000
-3.9104289184  3.0631697110  8.4875557532 -1.0819064344  0.5623785262  9.0464423224  0.1235547136 -0.0027448396  1.0000000000 -0.2360507690 -0.0009699389  1.0000000000
-2.2692669477  3.9837541442  8.5781534497 -2.4752250622  1.5506246779  7.9088838779  0.1810263035 -0.1863974626  1.0000000000 -0.0311222207  0.0903212392  1.0000000000
-1.6121792552  2.6800172477  9.0082509978 -1.3298506906  3.3736643122  9.0484304549 -0.0068471843 -0.1434995993  1.0000000000  0.0270624910 -0.2184360376  1.0000000000
-2.4735405903  2.1341875484 11.4899064303 -1.3317473970  3.6181564252  8.7030521983 -0.1755637978 -0.2278629311  1.0000000000  0.1287760049 -0.2027654528  1.0000000000
-4.1023090779  1.7724766064  8.0575872785 -2.6608762175  3.3986858257 10.5064466226  0.0754619662  0.1594484947  1.0000000000 -0.0560398799 -0.2074209768  1.0000000000
-3.3252656401  2.4971822284  6.4422328998 -0.7588079391  2.9891607522  9.1024617713  0.2485160781  0.1744390518  1.0000000000 -0.0001375550 -0.2362396307  1.0000000000
-2.0511971713  2.0946851230  7.5483163215 -0.1630295316  2.6070404650  9.4485221579  0.0983472152  0.0559257305  1.0000000000 -0.0912762228 -0.2979065504  1.0000000000
-2.8560685650  2.4787488435  8.9021118051 -1.8377972799  1.5247235055  6.8039250428  0.0427597413 -0.1005072346  1.0000000000  0.0792941126  0.1855362161  1.0000000000
-3.7211061430  2.2361740343  8.1929571283 -4.6177699450  1.6769149616  7.2812974961 0.0880079561 0.0840716927 1.0000000000 0.1303098023 0.1903234156 1.0000000000
-3.0057663042  1.4908930046  7.6774976337 -1.4403180376  1.7624368896  7.3493920854 0.0934209616 0.1531528186 1.0000000000 0.0551150410 0.1029164474 1.0000000000
-1.8973983529  2.9673932461 10.0075827493 -2.2703175634  2.5432362929  9.1749865670 -0.0910883703 -0.2208952496  1.0000000000  0.0454278446 -0.0821712864  1.0000000000
-0.6007350780  0.3303841772  8.4073236356 -3.0640279078  0.3058389651  9.2820395341 -0.3137525222  0.0535180489  1.0000000000 -0.1969137541  0.1377968716  1.0000000000
-3.9738418024  2.6222766170  9.7364244099 -2.4612233431  1.3964106705  9.0313441497  0.0408018416 -0.0242097652  1.0000000000 -0.1163014158  0.0459503805  1.0000000000
-1.4186964260  3.8797414085  7.3010806994 -3.3777287244  4.6814270688  9.1292505973  0.3031115349 -0.1338781115  1.0000000000  0.1789179014 -0.2098549942  1.0000000000
-3.2329651184  2.6125062157  7.9699706214 -1.5820642285  0.9281226714  7.7315749441  0.1472501297  0.0470080205  1.0000000000 -0.0539822054  0.1100499022  1.0000000000
-2.8876571142  2.4490384052  9.6894837060 -2.1527933439  1.6031664388  6.4082109085  0.0204723969 -0.0952487375  1.0000000000  0.1536144316  0.2245235059  1.0000000000
-3.4820328971  0.5279997185  8.2571026577 -2.9416711726  0.6429898942  9.8482309532 -0.0753506967  0.2117389482  1.0000000000 -0.2102308195 -0.0017322431  1.0000000000
-3.6893471784  1.8595523585  9.0912192714 -1.7929590875  4.4126329370  7.9240265187 -0.0280900732  0.0433039118  1.0000000000  0.2699009819 -0.2203113643  1.0000000000
-2.4228905554  1.9149640960  9.8750980262 -2.1342843488  2.5207000550  9.9723940197 -0.1139161286 -0.0879116857  1.0000000000 -0.0441032767 -0.1366661447  1.0000000000
-3.6795867512  2.6003803528  6.9461565215 -2.8328234789  1.1380946485  6.6960595505 0.2315811743 0.1466125133 1.0000000000 0.0703813329 0.2677034141 1.0000000000
-3.9601433633  2.8691810415  7.2598747967 -2.1381231573  1.7747961439  6.0525827691 0.2462378647 0.0766215476 1.0000000000 0.1970063721 0.2225229936 1.0000000000
-3.9322266284  2.7625306547  8.5871701914 -0.7251279827  1.9243590425  8.9318759365  0.1159175472  0.0107377287  1.0000000000 -0.0907786332 -0.0881267633  1.0000000000
-1.2705148574  4.1290672466  8.0333682819 -2.5956010092  0.8260635347 10.2193316974  0.2508216253 -0.2358101278  1.0000000000 -0.1944148289 -0.0070693895  1.0000000000
-2.3013350341  2.6551307138 10.2581198444 -4.5066632882  1.6289643733  8.8392942076 -0.0641260644 -0.1714229299  1.0000000000  0.0357669497  0.0807072772  1.0000000000
-1.3200946733  1.7819535164  9.0763782704 -1.6336457882  0.7957824298  8.1880554894 -0.1148796052 -0.1148794223  1.0000000000 -0.0885349989  0.1325311107  1.0000000000
-4.0477613990  4.0587707796  8.4103861541 -3.9722945795  3.3897401652  8.2807363193  0.2016892891 -0.0682761038  1.0000000000  0.1704561606 -0.0215608727  1.0000000000
-2.5988332296  2.3252636217  9.4177964533 -2.2333850394  2.5323776025  7.7602152613  0.0016477441 -0.0467001129  1.0000000000  0.1150499715 -0.0059293463  1.0000000000
-3.8383895819  2.3343962514  7.5031507091 -2.4007148312  1.4459781662  9.3293245886  0.1631286313  0.0759439406  1.0000000000 -0.1111392560  0.0220565769  1.0000000000
-2.0868567443  2.6001862911  9.8014061168 -2.9522083566  2.0858296209 11.1600446530  0.0133411402 -0.1747170284  1.0000000000 -0.1406859807 -0.1574431788  1.0000000000
-2.1715268409  2.0200327337  8.5684093447 -3.2960230593  0.5194620649  9.3624143008 -0.0747852185 -0.0420084518  1.0000000000 -0.1180208505  0.0543073414  1.0000000000
-0.9665047512  1.5563453917  7.2811027856 -1.1728770549  3.4271968693  6.4675231614  0.0135072168  0.0125274859  1.0000000000  0.3628026031 -0.0479566153  1.0000000000
-2.9434863067  2.7767965532 10.7124192970 -2.1604184500  3.0580182001  7.3845728147 -0.0417119994 -0.1379130894  1.0000000000  0.2055349610 -0.0048520743  1.0000000000
-0.3224467875  3.0505579547  8.1411224573 -3.5624760526  0.3422128547  9.6310627942  0.0465542681 -0.1670048530  1.0000000000 -0.1651643037  0.1279558667  1.0000000000
-0.5055138193  1.5838588131  8.7148569696 -1.8805350220  2.3679362442  9.2616138909 -0.1133508011 -0.0855701109  1.0000000000 -0.0469184356 -0.1043583510  1.0000000000
-3.6188524603  2.6508427126  7.2776461233 -1.0717695270  2.2445716217  7.5511969278  0.2066723542  0.1349960254  1.0000000000  0.1032177706 -0.0280647117  1.0000000000
-1.1972163912  1.1105549354  8.7624759779 -3.4339140066  2.6487638354  8.6316514504 -0.1623573825 -0.0269874567  1.0000000000  0.0683560274  0.0035123723  1.0000000000
-3.3528457798  3.2130614854  8.6104285469 -1.1031008664  0.4883610866  7.7727210655  0.1354186651 -0.0300211255  1.0000000000 -0.1356245984  0.1355393588  1.0000000000
-4.2393217461  1.2933131924  8.9915153649 -2.3406416437  0.7784128297  9.2895168108 -0.0419185118  0.0939187743  1.0000000000 -0.1547073574  0.0432126465  1.0000000000
-3.1506269285  1.5689224117  8.4007926954 -3.4263315526  3.8749012315  9.5131707674  0.0158732168  0.0634420334  1.0000000000  0.0951440137 -0.1441380101  1.0000000000
-2.2097321984  1.1526035766  7.5263140103 -2.4466016769  2.2482739048  5.9172648965 -0.0192939525  0.1511684780  1.0000000000  0.2841150920  0.2525408141  1.0000000000
-2.6461387737  2.9993082642 10.2566118741 -1.7555864818  2.1483978413  5.6499059886 -0.0113149612 -0.1658665638  1.0000000000  0.3055772840  0.2226549961  1.0000000000
-2.9630319823  1.3412201254  9.0825807030 -2.0056464867  0.2195051773  9.1105616609 -0.0626748128  0.0329546189  1.0000000000 -0.2095959029  0.0782720810  1.0000000000
-3.4807781153  2.7715139424  7.9211785496 -0.1941252857  2.4723015283  8.9027085203  0.0924010358  0.0344998022  1.0000000000 -0.0718467774 -0.2386104674  1.0000000000
-1.4555117990 -0.0655010569  8.4562474517 -3.0692283744  0.9216286526  9.2864591407 -0.2339207667  0.1617592033  1.0000000000 -0.1268058546  0.0870497038  1.0000000000
-3.5456554338  2.3226717580  6.1443424858 -3.6134219463  4.2943672419  9.4072146216  0.2369852196  0.2154209533  1.0000000000  0.1400669656 -0.1497742784  1.0000000000
-4.9107253158  2.5026441787  7.1160652612 -2.7801947357  1.7864152079  6.3510442279 0.2090568852 0.1795328585 1.0000000000 0.1810119507 0.2032190730 1.0000000000
