983.1000000000
0
50
 9.2388226271 -5.8294669975 -5.0044500654 10.4045010890 -9.9477433096 -7.2754395358 -0.1371609328 -0.2276067890  1.0000000000  0.1924304256  0.2076369887  1.0000000000
10.2558494471 -9.6137937940 -6.5171162666  9.8580771301 -6.4899811543 -6.8273981887  0.1688095518  0.1137161452  1.0000000000 -0.1501103494  0.0491015074  1.0000000000
10.4931818018 -7.0289596377 -6.2884529874 10.2682320976 -7.5408600814 -7.9591462381 -0.0629104007 -0.0029901239  1.0000000000 -0.0954093864  0.1692611304  1.0000000000
10.5542495047 -7.8798289244 -5.1188545351  7.8139888970 -7.8654094797 -6.1954706003  0.0619984454 -0.1268662752  1.0000000000  0.1069798257  0.0740767487  1.0000000000
 9.3103041141 -8.0128896653 -5.0477500207  9.5290542672 -9.6012078595 -6.0764878882  0.0984683077 -0.0862816107  1.0000000000  0.1759888432  0.0752951324  1.0000000000
 8.6242119611 -4.8470178503 -4.6630856815  8.8389728030 -6.2353946510 -8.3880504567 -0.2553886208 -0.3321574120  1.0000000000 -0.2612948131  0.2675550432  1.0000000000
 7.4434904009 -8.5727847011 -6.8647274794 11.4150707926 -7.6525561516 -5.9823871492  0.2182647061  0.2131017118  1.0000000000 -0.0276714280 -0.0106120887  1.0000000000
 7.8577862240 -7.9062627413 -4.1015018821  8.4818984688 -8.9740462633 -7.0664512094  0.2269541674 -0.2137248589  1.0000000000  0.1529458937  0.2363177558  1.0000000000
10.4114049790 -6.4934312563 -7.4454608394  7.9273580665 -8.4321434074 -7.0488466200 -0.1735278758  0.0589254780  1.0000000000  0.1561974589  0.1983486245  1.0000000000
11.5359147768 -6.2892549422 -6.4007924068  9.7895503692 -7.9429592426 -4.2836452043 -0.1934550834 -0.0617961253  1.0000000000  0.0931270929 -0.2190635408  1.0000000000
 9.4788971679 -8.0047950995 -4.6015511718  9.5811036751 -8.4296959597 -5.8113490616  0.1043957256 -0.1319476688  1.0000000000  0.0807607154  0.0224715250  1.0000000000
 9.7363754444 -8.2187141601 -6.5717898528  8.4469927664 -9.4363759999 -5.9072683533 0.0327849590 0.0692442380 1.0000000000 0.2897634911 0.0531440151 1.0000000000
10.7317551251 -7.1544881305 -7.7967605417 10.6999944217 -5.9064924872 -5.7912832668 -0.1408811995  0.1520189455  1.0000000000 -0.1315128006 -0.0843032980  1.0000000000
 8.5912885327 -9.0407436287 -7.2699863882  9.4607696637 -7.7402362214 -4.6939005923  0.1159722886  0.2005468420  1.0000000000  0.0968450274 -0.1766461056  1.0000000000
 9.0837891300 -5.1356825091 -5.2031346642  8.6321912510 -6.4070595883 -7.3251991005 -0.2179846811 -0.2029172502  1.0000000000 -0.1922237362  0.1756625606  1.0000000000
11.3829077015 -7.5204615532 -5.5176608755  9.2948253740 -9.8333639343 -7.0298798383 -0.0117758375 -0.0705925097  1.0000000000  0.2326608482  0.1404338331  1.0000000000
 8.7574040151 -7.8489558186 -6.1623024313 11.6570150866 -6.7366637235 -4.7053709713  0.0543229978  0.0410029513  1.0000000000 -0.0864658294 -0.1677017738  1.0000000000
11.2573929873 -7.2109145421 -8.0124303660  7.9693846714 -6.6282373480 -6.2551992651 -0.1032365658  0.1805597296  1.0000000000 -0.0445665723  0.0308015784  1.0000000000
 8.6102089394 -5.8577505598 -4.3536061776 10.9094084366 -8.3211037355 -6.1856235597 -0.1027458342 -0.3042767916  1.0000000000  0.0083837309  0.0514949936  1.0000000000
 9.2922371559 -8.6527144183 -6.7700645603 10.3035789130 -6.8901678183 -4.3964984090  0.0899502443  0.1651829897  1.0000000000 -0.0219201425 -0.1894207341  1.0000000000
10.6477811162 -8.1764924226 -3.9005309114  7.9587706879 -8.0522146371 -6.4396876276  0.1544744479 -0.1860334631  1.0000000000  0.1123640928  0.1641830783  1.0000000000
 8.5324573254 -5.7150483348 -4.7516270693 10.7572604404 -6.5969737398 -4.6933658328 -0.0877163440 -0.2065002482  1.0000000000 -0.0677422715 -0.2111917847  1.0000000000
 8.2042870483 -5.1057429755 -4.5564254814  7.9011171279 -7.3380012909 -4.1819763469 -0.2377008653 -0.3273356995  1.0000000000  0.1561969350 -0.2156017734  1.0000000000
 9.1737859314 -8.1129914291 -4.8662314739 10.9801775826 -6.8588396831 -5.3758434924  0.1560537790 -0.1362012833  1.0000000000 -0.0786206481 -0.1304466697  1.0000000000
 9.1085362927 -6.2459472878 -7.7998138754  8.0964848597 -5.5120763161 -6.3743349525 -0.2343365420  0.1746614667  1.0000000000 -0.2863009918 -0.0017534676  1.0000000000
 9.8273314784 -5.9146322560 -5.8296260678  7.8712235905 -8.3792931473 -5.5742220517 -0.1959987529 -0.0801742223  1.0000000000  0.2289984196  0.0353741825  1.0000000000
10.1926733934 -9.8157012128 -6.1155761943  7.5352637391 -8.7425158615 -4.8803277437  0.2283022546  0.0590746657  1.0000000000  0.3078081402 -0.0331052749  1.0000000000
 9.8134387802 -5.6969970477 -6.4239835466 10.2381392875 -6.5404515962 -6.7227546885 -0.2429800601 -0.0385561314  1.0000000000 -0.1381613766 -0.0037939854  1.0000000000
 9.2046676449 -6.5693177525 -4.3434012508  7.3980702155 -8.1387853893 -7.0024837591 -0.0062442406 -0.2707060452  1.0000000000  0.1629638376  0.2698259357  1.0000000000
 9.1152465008 -7.0892857807 -4.9646246887  8.7808569511 -8.9466341411 -4.4567546623  0.0398038140 -0.1347526996  1.0000000000  0.2817692327 -0.0909270373  1.0000000000
 9.6408654716 -7.2804614320 -7.2670058157  9.3270012727 -9.6354227931 -7.3256607657 -0.0701725345  0.1154895010  1.0000000000  0.1484604906  0.2015313509  1.0000000000
 9.1270553287 -8.1453293616 -7.3466462088  8.9657178521 -8.4559561559 -3.5923425425  0.0576488356  0.1794041341  1.0000000000  0.2331330734 -0.2353892660  1.0000000000
 9.2873617029 -7.0598517777 -6.1547717672  8.9693873848 -8.5849987555 -4.0210598593 -0.0161284248 -0.0463000317  1.0000000000  0.2611284780 -0.1643806658  1.0000000000
 9.2237662158 -9.4293314105 -5.3472652501  7.2071862805 -8.3852953339 -5.8081859040 0.1873599792 0.0057531896 1.0000000000 0.2626018942 0.0975433315 1.0000000000
11.0636357224 -5.7986898017 -4.8312645920  8.5725442787 -6.7740493553 -6.0250563718 -0.1646123876 -0.2071494740  1.0000000000 -0.0670981282  0.0274148451  1.0000000000
 9.1064923867 -5.3779252788 -4.7632008212  9.8029612997 -6.6321934239 -7.4243098349 -0.1896390873 -0.2374251722  1.0000000000 -0.1875179186  0.1197385137  1.0000000000
 9.6872156790 -5.3718885860 -5.7856217209 11.3206847258 -6.7921923172 -7.5431869276 -0.2120797823 -0.1310010234  1.0000000000 -0.1804713250  0.0573074165  1.0000000000
10.9230651613 -7.8038356976 -4.7594288151  8.1068088583 -8.1305707476 -6.1563100700  0.0739950275 -0.1473583578  1.0000000000  0.1669233558  0.0745318164  1.0000000000
 8.6932056526 -5.8315315014 -5.4386631807  7.8825058022 -8.1062792971 -4.7775525181 -0.1637784324 -0.1375498609  1.0000000000  0.1908770713 -0.0805122629  1.0000000000
 7.4990236678 -7.6588502956 -3.7785834095  8.2818175577 -6.2908245111 -5.5148957818  0.2369942110 -0.2859142546  1.0000000000 -0.0644420507 -0.1309336559  1.0000000000
 9.4946585326 -7.3110974602 -6.4609025519 10.6601860331 -6.0242471575 -5.2217065979 -0.0405778991  0.0449562646  1.0000000000 -0.1426614271 -0.1346550179  1.0000000000
10.5945526604 -7.6687622741 -6.3638190903 11.0201615907 -6.6019777040 -6.5136149927 -0.0231139222  0.0216092441  1.0000000000 -0.1051579735 -0.0022121280  1.0000000000
11.1027985794 -7.1220420318 -5.8247481016  8.5167885491 -9.1642101397 -5.7613568156 -0.0682954896 -0.0712911361  1.0000000000  0.2508654806  0.0550954480  1.0000000000
 8.1140434396 -6.4315049965 -7.5091288587  9.1176882782 -6.8348128325 -4.0572584203 -0.1919170021  0.1604000820  1.0000000000  0.0351214449 -0.2577928988  1.0000000000
 8.3987440572 -6.9652411152 -4.0759172264  7.3885722912 -8.1641455493 -4.0840929524  0.0772300014 -0.2758960053  1.0000000000  0.3134565448 -0.1912117975  1.0000000000
 8.7962095825 -7.8442944475 -6.7204363595 10.3457647352 -8.4620307536 -5.3998969629 -0.0107226748  0.0764579721  1.0000000000  0.1076228753 -0.0576240627  1.0000000000
11.5227827974 -6.8015365360 -5.3968604288  8.8519694302 -7.4875854699 -3.9248797303 -0.0956380748 -0.1040015247  1.0000000000  0.1551184962 -0.2028465747  1.0000000000
 9.4600938163 -6.5184562938 -8.1646127996 10.2545251778 -8.3710687758 -5.2455270115 -0.1979061115  0.1958060697  1.0000000000  0.1025809616 -0.1080519126  1.0000000000
10.1408374900 -7.8415572705 -6.0296182825 10.6589119819 -8.6113231141 -7.4185148490 -0.0061706682  0.0066535290  1.0000000000  0.0289776860  0.1646674481  1.0000000000
 9.3968359044 -7.1520445976 -4.2769163603  7.6775809841 -7.4251698433 -4.1473395900  0.0115006908 -0.2287444117  1.0000000000  0.1620819724 -0.2166670411  1.0000000000
