434.5000000000
0
50
-8.9620764950  4.0735643745 13.0100486405 -8.0279553028  3.6862305212 11.7257233195 -0.1095361599 -0.1284469996  1.0000000000 -0.0155214581 -0.2508425396  1.0000000000
-8.6662395553  6.8119796425 11.7656330653 -7.7047107029  6.8239797167 13.6050476262 -0.0687348617  0.2369624238  1.0000000000  0.0783009529  0.1026929514  1.0000000000
-9.8146569718  5.7683690537 12.5789331901 -8.5374858005  3.7456590040 13.1842109008 -0.2198922340  0.0753764481  1.0000000000 -0.0361732943 -0.2284495002  1.0000000000
-7.1226694931  7.3262626481 12.1750135726 -7.2770443054  5.0634860146 14.5622141434  0.1805288789  0.2391196804  1.0000000000  0.1344658704 -0.0696796206  1.0000000000
-8.7234516982  5.7975236248 13.7348842120 -8.1994153685  5.9265161815 12.6678814068 -0.0381771090  0.0545930751  1.0000000000  0.0449094289  0.0833308873  1.0000000000
-7.0592772899  3.8986320713 12.0799836067 -6.8310194012  4.7039492548 13.0648017642  0.1701842710 -0.2317694149  1.0000000000  0.2058906536 -0.1308119478  1.0000000000
-7.6679012731  6.1598042343 14.5478006588 -8.1528528228  4.5309440096 12.4799317252  0.0811593137  0.0468142248  1.0000000000  0.0012598346 -0.0869203662  1.0000000000
-9.7222718024  5.9798192204 10.8308338813 -9.1929710429  4.2282853045 11.7447019272 -0.2840730990  0.1632838742  1.0000000000 -0.1815421497 -0.1273050976  1.0000000000
-9.8609831988  5.9460427301 12.8296208031 -8.6317751733  5.5152193832 12.4286708321 -0.1730588888  0.0892718257  1.0000000000 -0.0443357131 -0.0068083108  1.0000000000
-6.2060877952  4.7345789386 11.8971501925 -8.2178509876  6.6095802581 13.0170011952  0.3023351980 -0.1340943770  1.0000000000  0.0292491237  0.1600945458  1.0000000000
-7.6889292206  7.1250869356 11.0611635221 -6.7447011751  5.7829439372 14.3383444789  0.1075765363  0.2827519119  1.0000000000  0.1932038973 -0.0328722961  1.0000000000
-8.3610790840  5.0589417916 13.5435129549 -7.3328540347  6.4492174014 12.2305758211 -0.0410371694 -0.0336731762  1.0000000000  0.1567831703  0.1320189488  1.0000000000
-8.4800273186  6.9359176016 13.9528756026 -6.9143870449  4.1346602032 15.1662110017  0.0073952187  0.1168279308  1.0000000000  0.1363523465 -0.2120329573  1.0000000000
 -8.1505336660   5.4960639726  11.4443301193 -10.2584533086   6.8572398149  11.4505028765  0.0247467873  0.0588775145  1.0000000000 -0.2375477936  0.2600964813  1.0000000000
 -8.8132975091   4.1490409995  13.7890278260 -10.0888983074   6.2342557831  13.0328518601 -0.0400743042 -0.1305507223  1.0000000000 -0.1727765108  0.0954886897  1.0000000000
-10.0915318700   6.3616928957  11.2202687155  -8.5932628850   6.5122916130  14.1373565549 -0.2381687958  0.2096043940  1.0000000000 -0.0442803312  0.0859187129  1.0000000000
-6.9042155115  5.3648297406 14.2280034417 -7.9395740501  6.2002630173 11.7789234670  0.1292571745 -0.0659846757  1.0000000000  0.0516866477  0.1339502115  1.0000000000
-8.4952552239  5.2748637345 10.8867315939 -8.7125162527  5.5261614428 13.0049323966 -0.0682022239  0.0427934134  1.0000000000 -0.0781749443  0.0518557052  1.0000000000
-6.4886672889  6.3925468338 12.3893918828 -6.9833579105  7.8388546933 14.0926704036 0.2541911790 0.1023378594 1.0000000000 0.2331810081 0.1749347134 1.0000000000
-10.1381041596   6.0526843574  14.2036448280  -6.6748810379   4.6628743489  12.1372933348 -0.1828419350  0.0530293497  1.0000000000  0.2389671114 -0.1623677421  1.0000000000
-7.3701256067  5.4027625429 12.2770557676 -8.5086303439  4.7334931449 12.4845269592  0.0957074984 -0.0109346363  1.0000000000 -0.0108631476 -0.1087861939  1.0000000000
-7.2480148984  4.5281759061 14.6990800542 -8.4606938980  5.2389779405 13.8331900974  0.1468111411 -0.1648890144  1.0000000000 -0.0255752523 -0.0762636382  1.0000000000
-10.0084233003   4.6975697961  12.0498581781  -8.5011185996   7.4913299971  13.3094380543 -0.2589327685 -0.0644043917  1.0000000000  0.0128604417  0.2027725191  1.0000000000
-9.1008699687  4.4040388083 11.3383019995 -9.1740014110  3.8577322287 11.2870927164 -0.1667078139 -0.0930012733  1.0000000000 -0.2012692740 -0.1828568399  1.0000000000
-6.5778032862  3.9301417682 11.3660922610 -9.6119971423  4.4244536599 11.2865511268  0.2296478179 -0.2653302353  1.0000000000 -0.2273743361 -0.0560465787  1.0000000000
-8.3586480994  6.6513435018 14.4555205910 -6.4758045018  4.2913931877 13.9158345172  0.0343073843  0.0754035572  1.0000000000  0.2159476145 -0.1914356484  1.0000000000
-10.1148510038   6.6332062717  10.5564320913  -8.7490745395   6.4381663687  13.8293304412 -0.2821394979  0.2750888710  1.0000000000 -0.0093464956  0.0682209373  1.0000000000
-6.4324545521  3.7096393583 12.4283216395 -6.9950481695  6.4591673029 11.9203224657  0.2272117542 -0.2571194008  1.0000000000  0.1751849289  0.1409370572  1.0000000000
-9.8814050106  6.8153041720 13.7081627663 -8.6795385925  6.6670300275 10.6613181283 -0.1273580204  0.1445160335  1.0000000000 -0.0391444387  0.2469283307  1.0000000000
-8.2459257530  6.9485556294 11.3627867012 -6.1359912435  3.6332197054 11.4817493995  0.0496183203  0.2342214160  1.0000000000  0.2838408246 -0.2883917196  1.0000000000
-7.9229723437  7.1611220541 10.9551431486 -7.6318682159  6.2895646268 13.4652903223 0.1001741019 0.3093721238 1.0000000000 0.0916441048 0.0781291191 1.0000000000
-7.7558077132  6.3918202821 13.0592142415 -8.8302539804  5.4332608954 13.2944973498  0.0960454483  0.0892311269  1.0000000000 -0.0240974431  0.0152721633  1.0000000000
-8.6379933698  6.0450955727 10.9231763591 -9.6546075172  3.7107250338 14.7729761167 -0.0828479333  0.1250607003  1.0000000000 -0.1311953628 -0.1597133324  1.0000000000
-6.7820988086  7.3478803284 13.7555203922 -7.2330648889  7.5506281025 14.4012534415 0.2290629209 0.1195584548 1.0000000000 0.1712528487 0.1658195401 1.0000000000
-6.7329909071  3.9821207750 12.6829987577 -6.8476663336  4.4708515694 14.7719327073  0.1865927270 -0.2195246739  1.0000000000  0.1453054792 -0.2082257884  1.0000000000
-6.9164439445  4.8038081540 14.3320113510 -8.5583940959  6.8527291707 12.1613714807  0.1027649641 -0.1319775648  1.0000000000 -0.0109928381  0.2030656115  1.0000000000
-9.3733531483  4.7834003395 11.2361073914 -7.5536333636  4.1615920241 14.3213725445 -0.1797686826  0.0055930420  1.0000000000  0.0734660438 -0.1650883274  1.0000000000
-8.2810540457  3.7804306411 11.7135732840 -8.3173730226  3.8148257357 13.3020437843  0.0004579256 -0.1829897471  1.0000000000 -0.0617499670 -0.2234271506  1.0000000000
-9.4458777467  6.7486545893 13.1143868500 -9.8586442070  6.4182485865 12.9804718155 -0.1225042583  0.1269496193  1.0000000000 -0.1383210335  0.1163422948  1.0000000000
-9.0562740606  3.8505004518 13.0619627836 -8.4832124579  3.3129620102 12.4375350560 -0.1412806626 -0.2092418713  1.0000000000 -0.0839837942 -0.2585302089  1.0000000000
-8.0780567891  6.3992474187 11.2683111435 -8.5953085579  4.6243743937 14.9563865939  0.0691115244  0.1357784629  1.0000000000 -0.0011859088 -0.1351930778  1.0000000000
-6.6226029035  4.9711213236 12.9707969368 -6.2551172414  4.2812314639 13.8089675195  0.2013969359 -0.0907164963  1.0000000000  0.1896237107 -0.2045712146  1.0000000000
-9.5240949693  3.9854184678 12.0183935289 -9.7496343300  6.4008809984 13.1569164853 -0.1978018351 -0.1982141278  1.0000000000 -0.1415310843  0.1105875248  1.0000000000
-9.8959026246  4.5422813200 11.1265291982 -6.7319485541  3.8324829093 12.7649143128 -0.3260796365 -0.0392780326  1.0000000000  0.1705868566 -0.2358869689  1.0000000000
-6.6252120134  5.9690930800 12.9995224846 -6.9128247760  7.3329600377 13.6847077519 0.2154130878 0.0426059373 1.0000000000 0.2297220299 0.1730676783 1.0000000000
-6.8786377715  3.4196312169 11.7303403783 -6.9743937150  7.7726859011 13.1520552128  0.1545272755 -0.3376895464  1.0000000000  0.2064772104  0.2505258926  1.0000000000
-9.0822977720  4.7621013505 11.1123507418 -8.9468864116  3.9939055217 14.8929212454 -0.1576895567 -0.0686686698  1.0000000000 -0.0282127023 -0.1514304863  1.0000000000
-8.1971945203  5.1556921839 14.6049706816 -9.1024631016  6.8930990476 10.5012544086  0.0362214967 -0.0819674000  1.0000000000 -0.0662704160  0.3299873013  1.0000000000
-6.9695491414  3.7875425275 12.1012643825 -7.0204590270  5.2161337558 11.9081994247  0.1717750549 -0.2284769982  1.0000000000  0.1556566259 -0.0418750095  1.0000000000
-9.0184202214  6.7233946039 10.5599318153 -9.8887147136  6.3303867891 14.3239878137 -0.0940252676  0.2695589004  1.0000000000 -0.1225551401  0.0742100856  1.0000000000
