225.8000000000
0
50
8.6157354180 2.6492979834 4.6352992303 5.0685894549 0.6874523498 3.1907576942 -0.2217077384  0.1827905815  1.0000000000  0.2978415510 -0.0284450253  1.0000000000
 4.1599508068  1.4050217073  4.8210970233  5.2559577692 -1.1813482453  5.9026679846  0.1337931977 -0.2923202014  1.0000000000  0.1108235014 -0.1779397364  1.0000000000
7.1273409681 2.4482557134 4.0981279124 6.6443548820 1.2447271454 3.1271118240 -0.0998720726  0.1145578983  1.0000000000  0.1756487098  0.1566441713  1.0000000000
6.2862609158 0.2158341612 6.1044014560 8.0908433142 0.7750015796 4.7047326087 -0.0031821793 -0.1377514513  1.0000000000 -0.0281321012  0.1279898611  1.0000000000
 6.3426247293 -0.2046943135  4.0021844148  6.7432147796  1.3483740857  2.1433338423  0.1568724667 -0.0011262852  1.0000000000  0.2892371834  0.2372816391  1.0000000000
4.8056815391 0.8185178584 4.3679796278 6.7978823985 1.9233367044 5.4343174537  0.1847064808 -0.1855181134  1.0000000000 -0.1721746994 -0.0009647485  1.0000000000
7.3659332943 1.9726452694 4.9759094658 6.7116490754 2.8033099049 4.5857495791 -0.1509189444  0.0569689469  1.0000000000 -0.0980882218  0.0267499485  1.0000000000
 6.7428628683 -1.2173274664  3.5148430826  7.1684302084  1.5586596085  2.5264507052 0.1864010022 0.0929937259 1.0000000000 0.1351434873 0.2910276900 1.0000000000
 6.8913511174 -1.4315342510  3.7119478532  5.3182185644  0.9866979766  4.1631394493  0.2072853666  0.1189282641  1.0000000000  0.1143094451 -0.1425602866  1.0000000000
8.6761203862 0.8491927475 4.4600992615 5.8331044130 1.5638019866 6.4399790626 -0.0917949259  0.2293782499  1.0000000000 -0.1335355918 -0.2062000375  1.0000000000
6.2857210611 1.6145367719 4.9438218899 6.2854028966 1.3946257945 2.5544870715  0.0161395141 -0.0285830496  1.0000000000  0.2133450864  0.1443981347  1.0000000000
5.2591137293 1.3450405505 5.5282063688 6.6955245247 1.5144971924 6.9344736284  0.0099082857 -0.2343211085  1.0000000000 -0.2079299453 -0.1254829883  1.0000000000
 5.1094759999 -0.8783996102  5.8800570246  5.7262848163 -0.6731399168  5.5770967636  0.0760798036 -0.2010084988  1.0000000000  0.0841820117 -0.1153514134  1.0000000000
5.6598229988 0.8848457591 6.2159974210 5.9073794760 0.3850389330 4.5092671625 -0.0232743389 -0.2362481595  1.0000000000  0.1215774262 -0.0567083084  1.0000000000
4.5304602115 1.2802813228 5.0893670899 6.2026221365 0.1110612718 4.2297453963  0.1271935741 -0.3034372382  1.0000000000  0.1102073866 -0.0098751145  1.0000000000
8.7316654055 0.6452441176 5.4229533175 6.8423656539 1.0298869256 2.0411480825 -0.1616613509  0.0932515802  1.0000000000  0.2608731383  0.2464863334  1.0000000000
6.3671100461 3.3140341686 5.7819617008 8.5089642048 1.3549750860 4.6202502247 -0.2778682711 -0.1318821878  1.0000000000 -0.1345009988  0.1845818182  1.0000000000
8.0621508798 1.1865608179 4.9829061950 6.7926619571 1.6942533251 4.4338879705 -0.1210391547  0.1674904470  1.0000000000 -0.0453305704  0.0316308405  1.0000000000
 6.1292322957 -0.8440718601  6.3490121871  6.1482618741  0.5312191976  3.0146822448 -0.0149732025 -0.1305489478  1.0000000000  0.2120185392  0.1223871173  1.0000000000
6.5296027907 1.5112645802 1.7876481030 7.0522987404 0.3210455734 5.2919603343  0.3289314301  0.2363328740  1.0000000000 -0.0272625779  0.0006878767  1.0000000000
6.4022933857 1.5391969335 5.8831059164 7.3650194372 1.1343967995 5.7744567499 -0.1426604784 -0.1054666257  1.0000000000 -0.1054808898  0.0228238471  1.0000000000
6.8336779995 0.7467034454 4.6426346188 5.6106213308 0.7784377400 6.0854151480  0.0069931756  0.0655553434  1.0000000000 -0.0500865718 -0.1536430929  1.0000000000
8.2415206147 0.5871277264 5.7510658213 7.0212252136 1.9516828286 2.1732079418 -0.1271476519  0.0718838420  1.0000000000  0.1739384257  0.2994487434  1.0000000000
 7.2436455796  0.1768650771  2.5065588450  6.5406297614 -0.9461297495  5.8312552358  0.2272618799  0.2131719556  1.0000000000  0.0232348024 -0.0800050563  1.0000000000
 6.7164574144 -0.4798583277  5.7461158159  6.6882966982  0.7375358040  7.7364185410  0.0460262063 -0.0024871028  1.0000000000 -0.2041714043 -0.1822429521  1.0000000000
6.7821738716 2.1111187323 4.9250985590 4.8728187830 0.1715637316 4.9079951083 -0.1015664687 -0.0135906562  1.0000000000  0.1432021450 -0.1890516626  1.0000000000
7.7179739106 0.4832044339 5.1807208539 5.4835612503 1.8813098255 5.1643758671 -0.0247183886  0.0976655719  1.0000000000 -0.0416572322 -0.1509100685  1.0000000000
6.0402276950 1.1475492658 7.2355135063 6.4401781249 0.6337838166 7.4863439374 -0.1862317032 -0.2386651499  1.0000000000 -0.2147425124 -0.1796364201  1.0000000000
7.6935265019 1.6100882616 6.0856788846 6.9033755410 1.2815027186 5.1186587580 -0.1981853213 -0.0040491928  1.0000000000 -0.0652040978  0.0471357511  1.0000000000
5.2609338632 1.9762808228 3.6862656800 5.2764128521 0.1248641760 4.7232590139  0.1338208726 -0.0794011931  1.0000000000  0.1327191705 -0.1204475299  1.0000000000
 7.0883027722  1.1780559666  5.4242604617  5.6830383123 -0.1251984675  6.7319557011 -0.0966806070  0.0014200005  1.0000000000 -0.0113990093 -0.1645981264  1.0000000000
 8.3753247059  1.4146956392  5.6286184054  9.1350022957 -0.1910535379  5.0427812859 -0.2101283765  0.1302623545  1.0000000000 -0.0657668825  0.1913035165  1.0000000000
7.2115322197 1.6352591170 4.9628834177 6.6536772891 1.1208734549 5.4645000958 -0.0948385929  0.0533638065  1.0000000000 -0.0372379380 -0.0569509111  1.0000000000
 7.5447893565 -0.2062237409  2.8205110844  6.9003267187  0.6285678384  5.5309917827  0.1740320005  0.1938039674  1.0000000000 -0.0132791892  0.0136683161  1.0000000000
 5.3614730971  1.9977314974  3.2935805200  4.3879403304 -0.9583776540  4.9275045735  0.2413615923 -0.0224037216  1.0000000000  0.2466831051 -0.2101198974  1.0000000000
 6.8153054610  0.9345669750  4.6594493903  6.6485921758 -0.0870636698  5.5190919007 -0.0202830603  0.0552880964  1.0000000000  0.0160076139 -0.0327369728  1.0000000000
5.1886880364 2.4508691266 6.2457651609 8.4512541687 2.4527597318 4.1714603542 -0.1444652468 -0.2962205868  1.0000000000 -0.1770297706  0.2566172254  1.0000000000
5.7514882172 0.1797436785 4.4305220393 8.9986215721 0.5056684195 5.3118290908  0.1827503302 -0.0466560080  1.0000000000 -0.1252270039  0.1246994831  1.0000000000
6.9253165195 2.7554333302 5.2847956933 4.7549698131 2.2560637628 4.7013729645 -0.2000184238 -0.0246049083  1.0000000000  0.0556564333 -0.2394125588  1.0000000000
6.3051795998 2.1141259191 6.7372542711 8.2419929353 2.9705408968 4.5979853986 -0.2175337930 -0.2051022262  1.0000000000 -0.2068414017  0.1841946646  1.0000000000
 5.5016150410  1.7660269686  4.2924404179  4.6933811423 -0.7245977567  4.5609589603  0.0554349637 -0.0552603421  1.0000000000  0.2104119113 -0.1648498186  1.0000000000
4.6259781472 1.0099723719 3.2764124480 5.8086207029 0.3766089323 3.1155033703  0.3512629274 -0.0889263180  1.0000000000  0.2523648273  0.0409237508  1.0000000000
5.8133280096 1.0828245677 6.2376350998 8.3686208030 2.2344445318 4.1579646857 -0.0947055712 -0.1397315947  1.0000000000 -0.1500945858  0.2468313412  1.0000000000
 4.9672145425  0.5514232221  5.0386041332  4.9772072574 -0.1789126190  4.7503222094  0.0999019777 -0.2183020821  1.0000000000  0.1668858606 -0.1119198437  1.0000000000
5.3972931944 1.0416612978 2.6540820049 6.2727861960 1.2225741836 2.6848540086 0.3490226309 0.0413115353 1.0000000000 0.2051569304 0.1414841993 1.0000000000
8.1639282563 2.4319049190 4.1576121971 7.6091626280 0.0584225821 5.6130368506 -0.1773993446  0.2377355821  1.0000000000 -0.0468731467  0.0432555043  1.0000000000
 7.4227669413 -0.5663174868  4.3446474394  6.2211136719  0.2850440633  7.0062410619  0.0733004157  0.1298371448  1.0000000000 -0.1238518511 -0.1916364518  1.0000000000
7.6321269658 0.2627177979 5.3235550920 7.7604257979 2.7111537589 3.6578129856 -0.0193109760  0.0673635245  1.0000000000 -0.0897370688  0.2425092787  1.0000000000
6.0509281907 1.6748925480 4.9694964824 7.1796628234 2.4044642281 2.6406804330 -0.0229687374 -0.0819820696  1.0000000000  0.1125750325  0.2979054839  1.0000000000
 6.4405940040  0.3275612495  7.2576865126  5.5355268582 -1.2032816858  4.7669001301 -0.1303712970 -0.2165743714  1.0000000000  0.1620064087 -0.1220972966  1.0000000000
