6.0000000000
0
50
3.9744898837 0.6975248048 6.8422273019 5.1571729496 2.2461686632 8.8736888683  0.0961287634  0.0262418638  1.0000000000 -0.2827187071  0.1635700519  1.0000000000
2.6176853064 1.7956892520 6.5576387070 2.9098654171 0.1656617096 5.8910414823  0.1181565762 -0.1796840444  1.0000000000  0.1892394151 -0.1212445240  1.0000000000
 5.0192355199  1.7922351954  7.5545617389  3.1863587000 -0.0719203696  8.0262534989 -0.0547793542  0.1713293091  1.0000000000 -0.0297620923 -0.1326608283  1.0000000000
 3.8419086689 -0.6393890009  5.7933662159  5.0642102580  2.1096543996  5.1656408381  0.1753374000 -0.0625896494  1.0000000000  0.2732165394  0.2319637020  1.0000000000
3.7817020316 1.3078778276 8.7976189170 4.3287413867 3.3478208137 4.8989368064 -0.1794857500 -0.0642707604  1.0000000000  0.3145098145  0.2533758502  1.0000000000
3.9314903979 0.9682757089 7.3251726711 5.0187879393 3.0486102563 7.8110635359 -0.0049945185 -0.0403133885  1.0000000000 -0.1526584861  0.2128387730  1.0000000000
2.1456544840 2.0256763228 7.2922403797 5.3785015722 0.1210910008 6.1506377037  0.0156284160 -0.1969135244  1.0000000000  0.0905463469  0.1068593999  1.0000000000
3.3389248888 0.0488252018 7.3394921366 1.6145524897 2.1512447275 6.5802274980  0.0220281376 -0.1439722225  1.0000000000  0.1503154341 -0.2784477874  1.0000000000
5.8664727795 2.1635421802 8.4886844964 2.8436775733 1.4371799312 5.3024963578 -0.2205719004  0.2529940114  1.0000000000  0.2650502228 -0.1030390176  1.0000000000
4.9925600252 2.5240856489 7.3349897576 5.2272576934 2.2031004901 8.0217438868 -0.0452431104  0.1768712928  1.0000000000 -0.1409014345  0.1652352739  1.0000000000
3.3753627570 1.5337431763 6.4402471315 4.6763872463 0.0036450034 7.0058403523  0.1379075735 -0.0326412412  1.0000000000  0.0117672500  0.0026593655  1.0000000000
4.4188479230 2.9796273557 6.2131401772 4.6623442372 0.9736117336 7.2319942962  0.1413825108  0.1552049804  1.0000000000 -0.0091278611  0.0645085211  1.0000000000
 3.2583797890  1.5772168988  6.2979441608  4.2678004744 -0.2568739276  6.2046012730  0.1501612540 -0.0753012684  1.0000000000  0.1491105445 -0.0257874333  1.0000000000
5.6458754193 1.4333504689 5.9777182547 3.6641302073 0.6151681902 9.0663102946  0.1128190332  0.2230469549  1.0000000000 -0.2225626023 -0.0661031373  1.0000000000
4.3041377723 0.6293953393 5.6033843618 5.1295617731 3.4641401820 5.8540793435 0.1945674406 0.0962043995 1.0000000000 0.1471708671 0.3243580374 1.0000000000
 3.3977200157  2.1364871572  8.6073269901  3.3985338169 -0.9098282801  6.5542313945 -0.1773206777 -0.0367961380  1.0000000000  0.0678829346 -0.0992682199  1.0000000000
3.4178363991 1.0319101227 7.2619172077 5.5850367937 3.1477389637 8.1899784444 -0.0065712448 -0.0983899299  1.0000000000 -0.1683730171  0.3130815996  1.0000000000
3.5556003799 0.4509723475 7.1469592451 3.0223853885 1.5384985943 9.1243893974  0.0217619372 -0.0866092200  1.0000000000 -0.1976218475 -0.1257907595  1.0000000000
 4.9358620542  3.1111446353  8.8665534468  4.4099898790 -0.2038155057  8.0273241422 -0.3165806745  0.1438414867  1.0000000000 -0.0630615276 -0.0287769269  1.0000000000
 2.8836697442 -1.0831377050  5.8945403596  2.9556169481 -0.6081755723  5.8698598174  0.1705833068 -0.1074612713  1.0000000000  0.1802341409 -0.1506282495  1.0000000000
3.9991049258 1.0076074996 8.0844919932 3.9372543944 0.3331817477 7.2098744709 -0.0964693447 -0.0085345625  1.0000000000  0.0074816291 -0.0690202687  1.0000000000
 5.3847052373  1.8293365745  5.4201892039  2.9803240925 -1.0129992542  6.1091034965  0.1923957029  0.2138960762  1.0000000000  0.1656704234 -0.1193726709  1.0000000000
4.8011042707 3.2863711053 8.0520649687 3.0749611840 0.4300406836 7.6731391697 -0.1732703920  0.2246704742  1.0000000000 -0.0427172848 -0.1012291343  1.0000000000
3.8625512477 0.5459601036 8.3612877822 3.2494963425 0.2263133061 6.5796940775 -0.1217491415 -0.0730894438  1.0000000000  0.0913834090 -0.0822363964  1.0000000000
 2.2017768554  2.7394699974  5.9369767117  3.1988074977 -0.5545895447  9.4822388860  0.2338949055 -0.1402822170  1.0000000000 -0.2011051546 -0.1188317085  1.0000000000
5.0420226748 0.3052035856 7.2894904962 2.9052868396 2.5382662167 5.6024890911  0.0179692192  0.0839347123  1.0000000000  0.2729988198 -0.0534396749  1.0000000000
5.2756430413 1.1296541055 5.6438003456 4.8752165300 1.5094681609 5.0622263254 0.1503789941 0.1502962459 1.0000000000 0.2295040821 0.1701667038 1.0000000000
5.1833648096 2.2620886791 5.6938001281 4.5029997179 1.4034483505 9.0687385857  0.1950094176  0.2019248967  1.0000000000 -0.2555683208  0.0138549004  1.0000000000
 3.6448719437 -0.7491688697  7.8687536321  5.1559983970  2.8701878458  6.1367654329 -0.0321019363 -0.0803906716  1.0000000000  0.1195002015  0.2789447294  1.0000000000
5.8884318925 0.1215179120 5.3384277146 5.8262903734 1.0682276128 8.9014063654  0.2062691662  0.2028130404  1.0000000000 -0.2443365515  0.1531630735  1.0000000000
4.7854763880 0.5547304430 6.3239621464 4.8124636236 2.9677139703 8.4625482258  0.1054475120  0.0919801816  1.0000000000 -0.2417179722  0.1397825565  1.0000000000
2.7709653521 2.5790338097 5.2746570317 5.7212141871 0.0414426816 5.8840184674  0.2765511957 -0.0644969718  1.0000000000  0.1153604121  0.1950804148  1.0000000000
 3.2525921630 -0.6379102959  6.6015028526  5.2826753628  0.9468213229  7.9216405018  0.0957805375 -0.1008951450  1.0000000000 -0.0974237028  0.1349648325  1.0000000000
5.0529982762 0.7627778970 6.9433195945 5.0952749046 3.3332832028 6.8962119934 0.0306629420 0.1012182293 1.0000000000 0.0112941592 0.2923351574 1.0000000000
5.5587376286 0.6728163156 7.3378310183 4.4805854971 0.7132398370 8.0439946789 -0.0054421601  0.1273740255  1.0000000000 -0.1131396570  0.0383495243  1.0000000000
3.1069978597 0.0381361258 5.5455977147 3.5593824529 1.4863024538 6.2332544178  0.2257291661 -0.1111170918  1.0000000000  0.1647609829  0.0146615066  1.0000000000
4.2930748516 1.4106257335 8.6061080494 3.9897001593 1.4615582800 9.1326962212 -0.1249484254  0.0256712815  1.0000000000 -0.1899661700 -0.0332767613  1.0000000000
 3.2254344125  2.0382799854  8.2852408491  2.5406243874 -1.3545434650  5.6459960756 -0.1311442582 -0.1015999019  1.0000000000  0.2076661003 -0.1836935565  1.0000000000
4.4626926542 2.3191923199 6.0841487357 5.5156622014 0.4312680400 6.4173261581 0.1006024418 0.1261468171 1.0000000000 0.0874008586 0.1321417981 1.0000000000
4.1025586763 2.2229973118 7.1065000680 3.6844948415 0.4417975279 9.1745267524  0.0095009350  0.0661416257  1.0000000000 -0.2016560840 -0.1358127879  1.0000000000
 2.7820670894 -1.0913523934  8.3398353742  4.0331500402 -0.6590697201  6.2550348452 -0.0898569015 -0.1913712851  1.0000000000  0.0963714355 -0.0371812692  1.0000000000
 5.9140134480  1.1346381859  7.6978908070  3.9194494536 -0.1519328077  6.2867023842 -0.1230756229  0.2420671173  1.0000000000  0.1290109478 -0.0391434491  1.0000000000
5.3459094804 0.4129386354 8.7045882123 4.3747461197 3.3213935373 8.3789268140 -0.1305721149  0.0775508690  1.0000000000 -0.1842539563  0.1130276231  1.0000000000
5.0206828138 3.3672275964 5.2804120826 5.2784130974 0.4604089494 6.2121538153 0.2607790248 0.2980867468 1.0000000000 0.1167724808 0.1112100285 1.0000000000
 2.3796939096  1.0936517692  8.1183454652  5.4971620851 -0.0491259164  6.6111361924 -0.0868227063 -0.2062003309  1.0000000000  0.0766987338  0.1136170281  1.0000000000
 5.5143549688 -0.2022650747  6.5988319923  4.8126008934  2.6011438818  8.7685134326  0.0650027762  0.1009196960  1.0000000000 -0.2432166292  0.1347276618  1.0000000000
2.8907042593 2.7090882368 5.2269101545 2.9159962774 1.5684022608 7.6817296327  0.3508207540 -0.0849594618  1.0000000000  0.0233756747 -0.1331117449  1.0000000000
2.1589988134 2.4240443258 8.8814144759 2.1628664316 1.8298620689 6.0885024605 -0.2521284403 -0.2609514111  1.0000000000  0.1912107247 -0.2229526784  1.0000000000
2.5600960863 1.3918138194 6.1589902552 1.7006059210 1.6937932155 7.0845458585  0.1616992835 -0.1626628421  1.0000000000  0.0955628277 -0.2973002179  1.0000000000
 4.1913945602 -0.5405691877  6.6633365752  3.1997665016  2.0324376911  7.3709388024  0.1334319183 -0.0483706831  1.0000000000  0.0234532717 -0.0587315998  1.0000000000
