975.2000000000
0
50
-6.1625598281  6.5323418695 -7.8526718434 -5.2463105149  7.1838665761 -7.9506734792 0.0860252288 0.0394390240 1.0000000000 0.0163056878 0.0805151127 1.0000000000
-5.3950207159  6.8194375665 -5.3302512029 -5.6325676328  7.0899756077 -5.4157483698  0.0468515739 -0.2512998387  1.0000000000  0.1317161202 -0.2162298087  1.0000000000
-6.2680450349  4.7520741577 -6.8127144825 -3.6224014662  5.3132022366 -5.9809449391  0.0366011584 -0.1681234080  1.0000000000 -0.2744501207 -0.2276365626  1.0000000000
-6.5477081541  6.5851867639 -7.2478242150 -4.2780677224  5.7464044589 -9.1139847551  0.1844506845  0.0008993922  1.0000000000 -0.1676038296  0.1165427560  1.0000000000
-6.9947713360  6.5580223668 -8.6977454651 -4.1063848754  6.3515027178 -6.8660136716  0.1055609986  0.0909844211  1.0000000000 -0.1016621881 -0.0904815846  1.0000000000
-6.4885864882  5.7729872295 -6.0282858407 -4.7089053885  7.5693633974 -7.3484790530  0.1542253822 -0.2157895695  1.0000000000 -0.0107654694  0.0331704544  1.0000000000
-5.5333268607  6.6667841550 -9.2830667893 -5.5292291388  6.5330017567 -5.8850723251 -0.0060570369  0.1473448691  1.0000000000  0.0491574437 -0.1621621878  1.0000000000
-5.4574939141  7.6110184677 -5.0070236348 -6.2143680175  6.8306768415 -7.9866401216  0.1450630947 -0.2439997758  1.0000000000  0.0884041850  0.0642845395  1.0000000000
-4.1434128489  5.3218186495 -7.2750190459 -6.6376708351  6.6461620083 -6.0320237674 -0.1541034456 -0.0653762274  1.0000000000  0.1595407731 -0.1004017837  1.0000000000
-5.7668229774  5.7289156499 -6.0681709216 -6.7486216470  7.6426646338 -7.1271266381  0.0326902053 -0.2127464521  1.0000000000  0.2048970193  0.0472499093  1.0000000000
-7.2831696130  6.3789236261 -6.3832975842 -5.3706694546  7.3996145475 -7.2506754359  0.2336151580 -0.1500112671  1.0000000000  0.0033889690  0.0284423953  1.0000000000
-5.4721159710  5.5670482721 -7.5828052670 -5.2489977417  8.2960615232 -7.8741065502  0.0146479319 -0.0710250431  1.0000000000  0.0639580860  0.1683768593  1.0000000000
-6.3542133964  6.7308007020 -9.3188063826 -4.5349121177  6.6418452998 -7.8210781992  0.0701919437  0.1323759710  1.0000000000 -0.0889646421  0.0287843124  1.0000000000
-5.2560827869  7.3823053895 -6.1126484722 -5.9969504903  8.2804832491 -7.9861581673  0.0583938930 -0.1071759567  1.0000000000  0.1451515579  0.1373870083  1.0000000000
-6.1156563791  8.0510266119 -6.3721330845 -5.0501227831  6.6351285592 -9.3665405977  0.2057570691 -0.0125644685  1.0000000000 -0.0763081188  0.1606796548  1.0000000000
-5.7679567078  6.4480413109 -7.9110325830 -3.9455715393  6.8690118280 -9.5085967656  0.0535256049  0.0117569603  1.0000000000 -0.1808124929  0.2217721473  1.0000000000
-4.8062491124  8.3358205785 -7.8190062427 -4.7041093510  5.2188435783 -6.4575433679  0.0343984887  0.1524626274  1.0000000000 -0.1107009362 -0.2159519292  1.0000000000
-3.5962587308  8.2982288740 -8.6789578194 -6.6962969041  5.9155559906 -8.2441712399 -0.2110197819  0.2766894655  1.0000000000  0.1286418739  0.0053610640  1.0000000000
-3.0900207845  7.9060650270 -8.0853586874 -6.9891971223  5.7189662611 -6.6837927069 -0.2181975256  0.1696288455  1.0000000000  0.1872975401 -0.1605619112  1.0000000000
-4.4986599228  6.3374596222 -7.2794252204 -3.8927580720  6.3838983032 -6.3112865543 -0.1166217696 -0.0679875157  1.0000000000 -0.1862624144 -0.2001727586  1.0000000000
-6.3502671718  7.4144077533 -9.1512922098 -5.6963330465  8.1088957020 -7.2212634780 0.0866577287 0.1915002903 1.0000000000 0.1298322969 0.1012841603 1.0000000000
-5.0148580458  8.0517652097 -8.4077664843 -6.0368717619  5.9848555061 -8.2751746657 0.0370715144 0.1762648183 1.0000000000 0.0524239643 0.0045045294 1.0000000000
-4.9795130135  8.8460983911 -7.7222987042 -3.4838891521  7.6803429628 -8.1037016293  0.0735780965  0.2114294281  1.0000000000 -0.2210540707  0.1806915360  1.0000000000
-6.2960938642  7.8681465929 -4.4804079097 -3.1514855614  8.5057577775 -7.7474294796  0.2986375192 -0.3282869941  1.0000000000 -0.2513795720  0.1601726805  1.0000000000
-5.8892206277  5.3761445981 -7.7083979622 -5.7395174881  8.7302605654 -7.3827143988  0.0540243219 -0.0758265908  1.0000000000  0.1767916257  0.1346292988  1.0000000000
-5.7772506390  7.5382173700 -6.8475748397 -3.9734993743  8.5838686791 -7.5000152293  0.1115214412  0.0133493906  1.0000000000 -0.1055180282  0.1410628245  1.0000000000
-4.5018483497  4.9627179821 -6.9363881435 -5.9989855590  7.0151854805 -5.1488449305 -0.1304507501 -0.0857349442  1.0000000000  0.1549798720 -0.2692302504  1.0000000000
-6.1182536032  5.2923045076 -6.9312385607 -4.6637167326  7.0854805421 -7.2167815448  0.0799648178 -0.1447041905  1.0000000000 -0.0674907358  0.0292595134  1.0000000000
-4.8305628507  6.8388314023 -7.5696992007 -4.0080300707  7.0436258785 -7.7510936285 -0.0498054742  0.0219236840  1.0000000000 -0.1778051291  0.0580392788  1.0000000000
-5.5507384363  6.9722028028 -7.4580848669 -3.9282310681  8.6056933640 -7.2834666560  0.0681164380  0.0333586379  1.0000000000 -0.0588401485  0.1353126467  1.0000000000
-6.7728145334  5.4539738857 -6.3672497045 -5.4584804013  6.3807399683 -6.1742267355  0.1034528839 -0.1735622003  1.0000000000  0.0515409181 -0.1717605548  1.0000000000
-6.3703445807  7.2361347723 -9.3839346053 -6.8757297512  5.1457915580 -7.2714232506  0.1146243579  0.2197399870  1.0000000000  0.0974950228 -0.0941763490  1.0000000000
-7.3058903405  5.8291432743 -6.1654225952 -4.8354860513  7.3974155561 -7.0280593583  0.2189306735 -0.1965698713  1.0000000000 -0.0163798776 -0.0181902348  1.0000000000
-7.4403913414  5.8304952236 -5.8447896438 -5.1192680867  8.2605185226 -6.2869175255  0.2769929638 -0.2390346100  1.0000000000  0.0485695448 -0.0088885462  1.0000000000
-3.5215891990  8.2087242339 -8.7813828280 -7.1229859194  5.2664858700 -6.3167103888 -0.2344993570  0.3056145772  1.0000000000  0.1333227501 -0.1930883760  1.0000000000
-6.4395785865  9.2565401055 -7.5850721039 -4.4331660521  4.7079746002 -7.8928896431  0.2943258077  0.2569858347  1.0000000000 -0.1343027040 -0.0818818184  1.0000000000
-3.7439219714  5.6819158066 -6.2985655400 -4.2677115948  6.8535426299 -5.5252204242 -0.1686731483 -0.1728297086  1.0000000000 -0.0894790822 -0.1936515562  1.0000000000
-5.4771682409  6.1270909130 -9.5286678383 -7.3895408439  5.5069136130 -6.8828579026 -0.0323205574  0.1342913660  1.0000000000  0.1807207172 -0.1371879914  1.0000000000
-6.6392012803  8.8055011759 -8.1670710820 -4.6885294512  6.3016467437 -5.3821294727  0.2715245615  0.2416288654  1.0000000000 -0.0349370639 -0.2422517457  1.0000000000
-5.3980308075  4.9909732183 -7.6066273306 -4.4701476672  7.5249875827 -5.3381057986 -0.0413403580 -0.1203882615  1.0000000000 -0.0221414279 -0.1695120015  1.0000000000
-4.9879777731  4.9845815413 -7.7364738892 -6.1786226198  5.4685772429 -7.2637125734 -0.0452513287 -0.0705053520  1.0000000000  0.0310728086 -0.0907111873  1.0000000000
-6.7539493752  6.2906406357 -9.1326612000 -5.9682634728  9.7845114166 -7.9262992902 0.0948024874 0.1333278712 1.0000000000 0.2652458140 0.3280417883 1.0000000000
-5.8615244980  8.5055892691 -8.5384811419 -7.1618037275  7.2235839894 -8.9445066719 0.1502901495 0.2355609355 1.0000000000 0.1072618442 0.1236418269 1.0000000000
-6.8086126300  6.0265559473 -6.6121410721 -6.7049047819  6.9579592769 -7.6169853702  0.1469200224 -0.1535970144  1.0000000000  0.1404936360  0.0306625246  1.0000000000
-3.2771444080  7.9576161088 -6.5636468672 -4.3729748999  7.0852441579 -7.4786204996 -0.2629377536 -0.0156379812  1.0000000000 -0.0718815140  0.0092911380  1.0000000000
-6.1964220642  5.9491166158 -7.8963565727 -6.3508495237  8.3017538344 -5.8003731691  0.0685616063 -0.0147810149  1.0000000000  0.2367017940 -0.1158861210  1.0000000000
-6.3357117030  6.0641099864 -7.1099063997 -5.9712040387  7.0329246241 -6.8232969914  0.0600287884 -0.0648161466  1.0000000000  0.1467568386 -0.0665481177  1.0000000000
-5.5688178387  8.2733696433 -7.8926070733 -4.7102381817  8.6171681413 -6.7342428907  0.1078795403  0.1555955567  1.0000000000 -0.0017123888  0.0589352955  1.0000000000
-6.7485874917  5.3703917676 -7.5168808979 -4.7302919722  6.7791900317 -9.6390708766  0.0844783050 -0.0679165083  1.0000000000 -0.0801232375  0.2513565925  1.0000000000
-6.4994429074  5.8724456463 -5.7637304901 -4.9488436455  5.8121715084 -7.7200284212  0.1701209198 -0.2120629953  1.0000000000 -0.0482170316 -0.0094376217  1.0000000000
