660.8000000000
0
50
-15.2104461364  -4.8540591036  -5.1014210678 -13.7816917917  -4.6740192295  -6.2451384468 -0.0942206826 -0.1933045097  1.0000000000 -0.1994214884 -0.0651850671  1.0000000000
-15.5258993394  -4.6947150522  -7.4547177119 -17.1184552202  -4.6868116220  -8.5098469603 0.0017973252 0.0920041470 1.0000000000 0.1285327326 0.1331849329 1.0000000000
-15.7642579945  -6.0596176472  -5.7923964528 -14.1488078722  -4.1918427579  -6.2857777421 -0.1417048322 -0.0650983757  1.0000000000 -0.0452880349 -0.0370333480  1.0000000000
-16.5257021044  -5.6856542528  -7.0093195235 -15.8992225946  -5.6101397061  -5.1997280539 -0.0151537301  0.0395978522  1.0000000000 -0.0631609641 -0.1179392227  1.0000000000
-16.6040537397  -4.1888951181  -8.8050372601 -16.6770084771  -5.3889650001  -8.1819317100 0.1303042462 0.2066645352 1.0000000000 0.0567462107 0.1200812883 1.0000000000
-16.3071386777  -4.0380721407  -6.7273791808 -15.7361122936  -6.6874566929  -7.2979894984  0.0941160711 -0.0376784543  1.0000000000 -0.1422087571  0.0903952388  1.0000000000
-14.9510877669  -2.2641120590  -6.4630723010 -16.2967588521  -3.7379369020  -6.0130873216  0.2371381860 -0.0821600284  1.0000000000  0.0874131398 -0.1144309023  1.0000000000
-14.0840177132  -5.1850494886  -5.0128694034 -15.5368734025  -4.5635325194  -6.4168891050 -0.2251333140 -0.1575418154  1.0000000000 -0.0405480185 -0.0101758084  1.0000000000
-15.5745127441  -6.5753672730  -5.9103451229 -14.2568303798  -4.5580083095  -5.5028668796 -0.1701253987 -0.0113839286  1.0000000000 -0.1377416160 -0.1458643395  1.0000000000
-14.6428090847  -5.8511079429  -8.3366027515 -13.7870012214  -5.8066334448  -8.0181029364 -0.1451180658  0.2233986262  1.0000000000 -0.2398877503  0.2275907779  1.0000000000
-13.6952450632  -3.1246573149  -7.1706492022 -15.2665382047  -5.6461860104  -6.7286817073  0.0376154290  0.0669181062  1.0000000000 -0.1238291893  0.0492491210  1.0000000000
-16.4776094018  -5.0180833368  -7.5338324384 -16.7243691359  -3.4859727202  -6.3307633847  0.0706481973  0.0833458906  1.0000000000  0.1735661241 -0.0745250334  1.0000000000
-16.0147623399  -2.6419734285  -8.1402988717 -14.9602658160  -4.2457013700  -6.0985180133  0.2929728367  0.1173235128  1.0000000000  0.0046328684 -0.0047882784  1.0000000000
-17.4137292808  -4.1372345401  -6.0863320919 -15.5928546136  -6.8873768086  -6.8268916177  0.1348820600 -0.0897653253  1.0000000000 -0.1446544462 -0.0031163846  1.0000000000
-13.2663703323  -4.7661754830  -5.3786914193 -15.8912842983  -2.7241621802  -7.8606223429 -0.2827387953 -0.1548304726  1.0000000000  0.2819845682  0.0913324666  1.0000000000
-15.0505316963  -4.0997050644  -7.5685499764 -15.6888585411  -6.4857316352  -6.0271835999  0.0624756805  0.1084287003  1.0000000000 -0.1754859073  0.0003135485  1.0000000000
-15.0213401848  -2.3703361743  -6.1167612786 -14.9099354736  -6.3751686694  -8.1066421745  0.2428229270 -0.1423783182  1.0000000000 -0.1461431708  0.1965227819  1.0000000000
-16.5056152319  -3.2737538860  -6.3747436144 -14.7245799555  -5.5939490146  -7.5546774355  0.1916187784 -0.0765297671  1.0000000000 -0.1350288043  0.1113941485  1.0000000000
-13.6074690942  -3.2721522817  -7.4958616079 -15.2903752768  -6.3927379050  -6.9773716429  0.0096461781  0.0963283880  1.0000000000 -0.1434286704  0.0904355777  1.0000000000
-15.9554464943  -5.9175239650  -7.9399409194 -15.5498695355  -6.5056309133  -5.2495058623 -0.0750144922  0.2015696996  1.0000000000 -0.1896498351 -0.1521973400  1.0000000000
-16.8928942542  -4.5555444534  -7.5245733625 -14.0595450437  -5.1789836804  -6.8101186315  0.0979088841  0.0609274049  1.0000000000 -0.1832647601  0.0522249075  1.0000000000
-14.9450232482  -4.7364553874  -7.6766282166 -14.2514911822  -4.2329492705  -6.6613605547 -0.0546433448  0.1434919239  1.0000000000 -0.0988552972  0.0003397832  1.0000000000
-15.5852184044  -3.2110889268  -5.3514823369 -14.3228856605  -3.9970811434  -7.4980204701  0.1194976842 -0.2391806013  1.0000000000 -0.0230141623  0.1120980021  1.0000000000
-14.1940777432  -5.4930471758  -7.2771809017 -17.3571491196  -4.5508260230  -7.1285026708 -0.1389187641  0.0821039936  1.0000000000  0.1468727954  0.0424699887  1.0000000000
-14.2279462069  -2.7399559344  -6.6423257596 -15.9260946358  -2.8421576202  -6.4593484551  0.0885473178 -0.0298302289  1.0000000000  0.2062467247 -0.0487157629  1.0000000000
-15.2640011859  -3.8767271887  -5.6269743748 -13.2464216248  -4.7730086524  -6.8899320897  0.0098346482 -0.1404736252  1.0000000000 -0.2170879951  0.0503845135  1.0000000000
-15.7573947250  -2.4499584576  -5.5854289892 -15.7176145729  -5.1984538369  -6.2870373388  0.1782939464 -0.2138283371  1.0000000000 -0.0461144119  0.0112583635  1.0000000000
-13.7264342064  -3.5854935787  -8.0532388741 -15.4426653357  -5.6480697912  -4.8734202272  0.0070629940  0.2066833091  1.0000000000 -0.1203642367 -0.1651457037  1.0000000000
-15.2262984873  -2.4496601806  -7.4018672631 -14.5598649806  -4.1259395852  -6.8306966947  0.2389773404  0.0441063522  1.0000000000 -0.0247312155  0.0017579983  1.0000000000
-14.8943921598  -2.3125415692  -7.4711085967 -15.5482412209  -5.4413125993  -4.5641691174  0.2120549501  0.0722707784  1.0000000000 -0.1485281745 -0.2004865024  1.0000000000
-15.4044796794  -4.7835388847  -6.5129814794 -12.8567722799  -4.9091508212  -6.9469948278  0.0002958824 -0.0146245913  1.0000000000 -0.2981808258  0.1068606061  1.0000000000
-13.3282774441  -5.0427484402  -8.3166809694 -14.0161990705  -3.2297272558  -7.6621961586 -0.2028141390  0.2972914888  1.0000000000  0.0588272349  0.0987503753  1.0000000000
-14.7151941677  -4.7157609310  -7.8150531025 -16.5315308595  -5.3838443905  -6.9225992258 -0.0299887817  0.1493106070  1.0000000000  0.0015201215 -0.0048432852  1.0000000000
-12.7735943134  -4.7736382960  -7.4761939064 -17.1177286708  -4.8172553867  -5.2625073216 -0.2884850863  0.1490245732  1.0000000000  0.0478916810 -0.1908267067  1.0000000000
-14.2708085868  -4.7272191441  -5.4655768891 -13.5146389395  -4.8892696237  -8.4353447705 -0.1335346243 -0.1373894209  1.0000000000 -0.1537854741  0.2826377947  1.0000000000
-15.4413424984  -3.6852298021  -7.2865393749 -15.8116873722  -5.8776197293  -7.4326827305  0.1271377419  0.0367359428  1.0000000000 -0.0681300130  0.0903206318  1.0000000000
-15.7106606698  -6.1888458326  -8.3057061170 -15.1255388726  -1.2315555579  -5.4474603005 -0.1064695863  0.1796561578  1.0000000000  0.3502874497 -0.2789414672  1.0000000000
-16.1854611580  -3.5659127742  -6.9979186495 -16.3674410039  -5.8168017954  -6.2796917524  0.1184941382 -0.0367242703  1.0000000000 -0.0734896259 -0.0259885583  1.0000000000
-14.1534166184  -5.3235937879  -6.4707851549 -14.6390349545  -5.1133703165  -6.4091721615 -0.1926384628  0.0250994878  1.0000000000 -0.1415891257 -0.0398135396  1.0000000000
-13.7652503446  -3.6826690501  -8.1600373878 -14.6783893779  -3.6382496298  -5.1699088894 -0.0111142693  0.1936356264  1.0000000000 -0.0097177811 -0.1871860801  1.0000000000
-14.1556093751  -5.6964759536  -6.5436738908 -14.9279539318  -2.5444489762  -6.6227381528 -0.2268529490  0.0073170062  1.0000000000  0.1611907344 -0.0842874040  1.0000000000
-15.8522351939  -3.3538973127  -6.0667897529 -16.8449004339  -3.9170694437  -6.1412427577  0.1344243564 -0.1386179736  1.0000000000  0.1329735108 -0.0855180428  1.0000000000
-15.3578275965  -5.8405275239  -7.9639107430 -15.7349514554  -3.9825355717  -8.1965582641 -0.1131155088  0.1533009452  1.0000000000  0.1036617333  0.1411214717  1.0000000000
-15.8788697065  -5.9274866683  -5.5882672459 -14.0076640543  -2.6721650232  -8.0833858310 -0.1656296808 -0.1131485014  1.0000000000  0.1107710817  0.2089448408  1.0000000000
-14.3252488455  -3.7375289005  -8.3616984743 -16.3266691295  -4.0453609109  -5.6669175819  0.0414971918  0.2508247506  1.0000000000  0.0641649924 -0.1051779585  1.0000000000
-13.2607706562  -4.4487832557  -7.3146567418 -14.2999918294  -3.4665019340  -8.3205174139 -0.1499166251  0.1275596908  1.0000000000  0.0418396864  0.2184809794  1.0000000000
-17.6274268101  -4.1451237796  -6.4489836909 -15.1551582524  -5.4731088764  -4.9534184870  0.1495005993 -0.1022547764  1.0000000000 -0.1045587574 -0.1624520207  1.0000000000
-13.7841432688  -5.8814495542  -7.8134004666 -16.8638877604  -3.6914464976  -6.6959183106 -0.2425892385  0.1833309734  1.0000000000  0.1236581466 -0.0033091646  1.0000000000
-14.2185491149  -5.0973413171  -5.6692167733 -16.7976583712  -3.2093518043  -6.3179086801 -0.2018353615 -0.1365898382  1.0000000000  0.2236306694 -0.0830941029  1.0000000000
-15.4531710694  -2.9220815890  -7.1427656157 -15.3574650071  -6.4967842028  -5.1701568725  0.1958588406  0.0033347356  1.0000000000 -0.1900592856 -0.0774837588  1.0000000000
