46.1000000000
0
50
-8.1350244645  3.9695477721  3.8812163759 -7.3724544227  3.7997577973  4.4036835693 0.2183140705 0.0445063950 1.0000000000 0.2789455168 0.0038855338 1.0000000000
-7.4464801795  7.2107631128  6.0611320611 -9.2042761240  5.9633318240  5.5141351688 -0.0879514768  0.0613818399  1.0000000000 -0.0993460040 -0.0957292768  1.0000000000
-8.3886953301  4.1452196503  6.5328685332 -8.3500007728  4.1157015705  5.7831673327  0.0738791293 -0.2037090352  1.0000000000  0.1622170100 -0.1449098761  1.0000000000
-7.8136412653  8.2457068116  4.4341626094 -9.0067600855  6.7822701316  2.9645813010 -0.1985053807  0.2110676610  1.0000000000 -0.1214262491  0.3000668457  1.0000000000
-8.4469203977  6.0199851215  6.1314324271 -6.8001824214  5.8757584755  4.5230851400 -0.1095488392 -0.0869261094  1.0000000000  0.0930191092  0.1001357713  1.0000000000
-8.4332481039  6.2656932030  7.6821129481 -6.7639864891  5.4180742871  5.5201532307 -0.1113186911 -0.1622129874  1.0000000000  0.0848312051  0.0276151446  1.0000000000
 -7.6190019930   6.5988775419   5.9790099794 -10.2950391924   3.5797750391   5.0221030511 -0.0810762261  0.0426424412  1.0000000000  0.1125821813 -0.3052073698  1.0000000000
-8.1720808671  5.0072790617  3.6806235723 -6.7418815105  4.2047514224  6.5423134580  0.0929717129  0.1392581308  1.0000000000  0.1322861171 -0.0798275706  1.0000000000
-6.1847873475  5.3031649567  3.8372870935 -7.9451178520  3.8492336032  6.3846448323  0.1747604453  0.2127127701  1.0000000000  0.1592294552 -0.2063659055  1.0000000000
-7.1471318966  7.7108146173  5.5801146023 -8.0454145454  3.7882763547  3.7469840503 -0.1533477360  0.1398051311  1.0000000000  0.2536887008  0.0082865196  1.0000000000
-8.0908309999  7.4180868721  6.2565592112 -9.5768309222  4.4080743819  3.8686076756 -0.2161041714  0.0331164300  1.0000000000  0.1208183028 -0.0548285927  1.0000000000
 -8.8232890409   6.3666854074   6.3958846774 -10.7288570977   5.7138055026   4.3729992542 -0.1429524227 -0.1088484282  1.0000000000 -0.2228520895 -0.1006846505  1.0000000000
-6.9215645155  4.6342413267  4.5267187537 -9.3681704484  6.7796248406  4.4657852472  0.1750221326  0.0651370758  1.0000000000 -0.1642587401  0.0778496853  1.0000000000
-10.4491378073   6.2593304079   5.0256070932 -11.2282025752   5.2623672407   5.4123767689 -0.2382498591 -0.1095869263  1.0000000000 -0.2591913471 -0.3140203452  1.0000000000
-7.4021226613  3.2942494160  6.8538945036 -7.4040036075  5.4635807037  6.8789583279  0.1958050964 -0.2078416713  1.0000000000  0.0417447903 -0.0780868900  1.0000000000
-8.6982342985  6.7573103882  7.5102509178 -7.6641843840  5.5086871208  7.1088300738 -0.1625209549 -0.1264484071  1.0000000000  0.0243618130 -0.1277926110  1.0000000000
-6.7772050174  5.5719234326  3.7995433765 -7.6209092619  7.9362461116  4.8265389831  0.1364686217  0.1831802723  1.0000000000 -0.1684446806  0.2076718028  1.0000000000
-6.5195852789  5.2550244639  5.7283737356 -7.0120130400  7.0322079426  4.7937712226  0.1175435538  0.0440740052  1.0000000000 -0.0486803580  0.1908468696  1.0000000000
-7.5938838561  4.4797531687  7.1405437012 -7.2374812902  4.5198881302  7.1103376674  0.0849571992 -0.1038450331  1.0000000000  0.0696551106 -0.1138454165  1.0000000000
-8.0095530696  5.3439583075  2.4300218074 -7.6313221079  4.4007629583  2.0969076425 0.1309661553 0.2988464199 1.0000000000 0.3235438599 0.2508659519 1.0000000000
-8.0058675554  7.6205152891  4.3552443204 -7.5535587520  6.9674912147  4.3045178891 -0.1724019348  0.2091108519  1.0000000000 -0.0363455024  0.1639096760  1.0000000000
-10.0898121776   5.9510489976   4.0755401298  -8.6108658173   6.5252218294   6.7342110323 -0.1430763863 -0.0184118130  1.0000000000 -0.1048611964 -0.0863219876  1.0000000000
-7.3903224427  4.6505760855  6.5683779071 -8.7845837151  4.4171295728  6.4763714650  0.0768015911 -0.1175043238  1.0000000000  0.0620908365 -0.2097525388  1.0000000000
-5.8313430717  6.3565053539  4.5908520445 -6.5352723990  5.6042517592  3.6075202164 0.0896404616 0.2086801920 1.0000000000 0.1134654843 0.2134606072 1.0000000000
-9.0815559049  3.7144075827  5.3150478190 -9.7802466135  3.7332043094  4.2768477563  0.1949814939 -0.2057063145  1.0000000000  0.1643985834 -0.1383611734  1.0000000000
-8.8653586895  5.1905527247  2.5334256310 -9.4362440404  4.9504442931  3.9931225844  0.0804765442  0.2307744412  1.0000000000  0.0258242755 -0.0369816384  1.0000000000
-9.3612666883  7.0889293479  5.0390787573 -8.5279821488  6.0406643337  5.9052806314 -0.2602649101  0.0400552604  1.0000000000 -0.0923018379 -0.0738261538  1.0000000000
-7.9053138785  5.2242599441  6.3687544676 -7.5220019485  5.9873079258  3.7531974509  0.0393200835 -0.1055072715  1.0000000000  0.0027047921  0.1965971532  1.0000000000
-8.8876285185  5.5467924838  2.7832253371 -7.8285673868  5.5171996742  5.5713352291  0.0638506361  0.2015649360  1.0000000000  0.0012853002 -0.0113061728  1.0000000000
-7.6030514484  5.5048588354  3.9061536128 -7.8018029845  4.5456538157  2.9350965449 0.0531542013 0.0943800074 1.0000000000 0.1821336769 0.2041820972 1.0000000000
-6.0688919633  5.8079705105  4.9411493619 -7.9482254615  7.4384558688  4.0932586612  0.1047702144  0.1347080809  1.0000000000 -0.1643412704  0.1950662860  1.0000000000
 -9.3011451403   4.0052228245   3.9454049052 -11.1363647201   5.4672086230   5.5495296450  0.1456026296 -0.0770433924  1.0000000000 -0.2648048723 -0.2501369485  1.0000000000
-8.1948055025  6.4506968622  3.7565935412 -7.9445492829  6.3756544622  6.6846179713 -0.0661405831  0.2087963108  1.0000000000 -0.1083433773 -0.0843621096  1.0000000000
 -9.4276394174   6.6182514604   5.5036238779 -10.4308382147   4.0587711457   4.7234909284 -0.2073372773 -0.0164240635  1.0000000000  0.0288105850 -0.2182619559  1.0000000000
-8.4788812347  6.2261819129  4.8932748416 -9.4569516485  6.9188918878  3.4877307716 -0.0986647789  0.0575785857  1.0000000000 -0.1959340000  0.1640506125  1.0000000000
-8.3221408201  3.9296489240  2.5801509129 -7.2646370960  3.9617070534  5.7434867221  0.3150334984  0.1578283984  1.0000000000  0.1576302865 -0.1120378336  1.0000000000
-7.8165628119  6.3633488314  6.5480003481 -8.2648874230  6.1450490598  5.5143823078 -0.0732832107 -0.0251735715  1.0000000000 -0.0908309330  0.0043978462  1.0000000000
-7.4605431051  7.5368347633  4.7808706412 -8.7209491436  5.6069026038  3.0710820613 -0.1441634132  0.1569135867  1.0000000000  0.0659284640  0.1842124194  1.0000000000
-8.2036464171  3.4686421168  4.8724636257 -9.7099839250  6.5415586163  5.8899828074  0.2643062896 -0.1359212492  1.0000000000 -0.2513294405 -0.1402299223  1.0000000000
-8.8437793643  5.1567705895  2.6450760432 -7.9995214107  6.4439834451  3.2017324548  0.1177498007  0.2252367967  1.0000000000 -0.0090789847  0.2672080502  1.0000000000
-10.0174443240   5.5454768433   6.5990871822  -8.1101854591   5.9418459022   4.0714181953 -0.1539368206 -0.2523610242  1.0000000000 -0.0329913814  0.1103746515  1.0000000000
-7.7996550004  4.3988278349  3.6843587181 -8.6871859969  5.7101571807  5.8810145166  0.2164298954  0.1024536637  1.0000000000 -0.0585154974 -0.0970708366  1.0000000000
 -8.4164938081   5.9476400673   7.5152734780 -10.8671770682   6.0574320874   5.1458199205 -0.1221078494 -0.1718834820  1.0000000000 -0.2994178172 -0.1496157873  1.0000000000
-8.0198977793  6.4102808314  5.1092844229 -8.6336357374  4.3485329153  6.1578112559 -0.0671222654  0.0467897187  1.0000000000  0.0910263729 -0.1676737209  1.0000000000
-8.8284914284  5.0573639605  6.3772681146 -9.2675039457  5.4507081538  4.4360959968 -0.0029383381 -0.1476078628  1.0000000000 -0.0278405241  0.0001727200  1.0000000000
-7.0739666976  6.8073085185  4.1699615837 -8.1881229255  6.7306896955  6.4889331665  0.0029805933  0.1882087684  1.0000000000 -0.1221551945 -0.0130127970  1.0000000000
 -7.7253980408   4.6536201073   3.5453821272 -10.2484032133   6.0334496517   4.9231492121  0.2058474106  0.1151060245  1.0000000000 -0.2112979277 -0.1061018231  1.0000000000
-9.1978727434  5.9820499635  5.9137397818 -7.8243209541  5.7002975664  5.9602203473 -0.1246751450 -0.0836579901  1.0000000000 -0.0041932050 -0.0412549761  1.0000000000
-9.1280059468  6.3140265864  7.4336818526 -9.7037670886  6.4358010345  3.8968608917 -0.1760238366 -0.1690676525  1.0000000000 -0.1905060904  0.1018252448  1.0000000000
-8.3853570846  5.8857652750  6.4703616511 -8.5487966839  4.2426085467  3.8166601120 -0.1057181845 -0.1046969897  1.0000000000  0.1710324823  0.0609572976  1.0000000000
