677.9000000000
0
50
-5.0006449699  1.0031414580  0.2940662887 -4.4770364775 -1.7640295130 -0.7890808425  0.0391431394  0.0510088712  1.0000000000 -0.1047799966 -0.2510496073  1.0000000000
-5.2131151831 -0.9919503416  1.4678009042 -4.1634081584  1.7788241310  1.7429288917  0.1338638748 -0.1554804293  1.0000000000  0.2523272833  0.1430948323  1.0000000000
-4.8602217040  1.1196009693  1.3697997078 -5.7047181706  0.7840417791  1.9181617436 0.1991332135 0.1197644837 1.0000000000 0.0999210293 0.0154472665 1.0000000000
-3.6114080675  1.6264208434  0.0234319335 -6.3703776572 -1.6636482283  0.7204506240  0.1510457351  0.2308613330  1.0000000000 -0.0384533867 -0.2304928759  1.0000000000
-7.0023675834 -0.1100432230  0.0164585094 -5.8009105440  0.4435358189  0.9913360449 -0.1380988422 -0.0167231575  1.0000000000  0.0387358609  0.0868434132  1.0000000000
-6.3194771921 -1.3741301153  0.3424997971 -4.6829501395 -0.4938521953 -0.5982572871 -0.0690767505 -0.1796721702  1.0000000000 -0.0504115848 -0.0403909725  1.0000000000
-5.2387329888 -1.2391592145  0.8881074124 -4.6034038617  1.0884477593 -0.8259065056  0.0359628893 -0.1534780828  1.0000000000 -0.0618343603  0.1347418690  1.0000000000
-5.2747168823 -0.2094391545 -1.5669184560 -3.1771606456 -0.0802256192 -0.1342801562 -0.1659652646 -0.0148074271  1.0000000000  0.0932736590 -0.0045800167  1.0000000000
-5.9144723208  1.2486328076  1.0876063511 -4.9139807745  0.6188726234  0.7337343849 0.0425011034 0.0748799840 1.0000000000 0.1061432693 0.0121367171 1.0000000000
-7.2350189978  0.1018695893 -0.0979285125 -3.1934597414 -0.5313497301 -0.1908598500 -0.1597500414 -0.0017042851  1.0000000000  0.1537224462 -0.0982046472  1.0000000000
-4.6143663126 -1.0195262766  1.7007634676 -6.9586086812  0.1042870172  0.1863740683  0.1256289109 -0.1552242129  1.0000000000 -0.0859331286  0.0091513304  1.0000000000
-4.5567260487 -1.3662676316 -0.5896357618 -6.8302575221  0.0669651002 -0.1946679838 -0.0333813985 -0.1705434636  1.0000000000 -0.1109428938  0.0218832810  1.0000000000
-3.6887981474  1.4752460810 -0.2422963028 -5.2750445445  1.6946445175 -1.7697913533  0.1281134277  0.2359131522  1.0000000000 -0.1646807225  0.2598236872  1.0000000000
-2.5122421082  1.6129648041 -0.0230664426 -5.2979552142  0.1133233044  0.3936071796 0.2871301020 0.2387282584 1.0000000000 0.0612780205 0.0144064729 1.0000000000
-5.2562920063 -0.4983285595 -1.9066253620 -4.7524132098  0.2137028091 -0.5849522243 -0.2376841132 -0.0236065901  1.0000000000 -0.0353274988 -0.0011334692  1.0000000000
-3.2810138466 -1.1345205497 -0.6081858981 -7.0377229186 -1.3539623323 -0.1882737026  0.0708628685 -0.1701335978  1.0000000000 -0.1880415332 -0.1664243359  1.0000000000
-4.0765365177 -0.3372840724 -1.7035370635 -3.9631458541 -0.4355278472  0.8839587399 -0.1033483666 -0.0265882025  1.0000000000  0.1379252130 -0.1040641733  1.0000000000
-4.7912676112  0.5340814680  0.6106796821 -3.7499497657  1.7869482205 -0.4734667581 0.0736688447 0.0598933116 1.0000000000 0.0884227635 0.2984912053 1.0000000000
-4.4098658848 -1.9604884978  0.1507247269 -5.2622240766  0.1940601612 -2.1516223860 -0.0216747217 -0.2726537019  1.0000000000 -0.2921652043  0.1010965599  1.0000000000
-5.7842831442  1.7561822472  0.2514093528 -6.8515736499 -0.9130425077 -0.6024495986 -0.0074041108  0.1813464834  1.0000000000 -0.2150348792 -0.0715906799  1.0000000000
-4.3285863839 -0.7901993556 -1.3420135245 -5.6726370236 -0.9963516031  0.5969386274 -0.1284474670 -0.0839934699  1.0000000000 -0.0043200256 -0.1450009839  1.0000000000
-4.7379099876 -0.3845614882  2.2201099181 -3.9081843349  0.5978042240 -1.9424425977  0.1413279765 -0.0899083322  1.0000000000 -0.1931292028  0.1613499860  1.0000000000
-4.9436830331 -0.3974680371  2.0468781471 -3.8918395000  0.3691201475  0.8385433571  0.1599038170 -0.1065661205  1.0000000000  0.1654739254 -0.0315166988  1.0000000000
-2.6881157400  1.6888294488 -0.3247942375 -5.1129394667 -1.2573100109  0.2455152774  0.2123794885  0.2828361901  1.0000000000 -0.0486085089 -0.1551729783  1.0000000000
-5.3658168326  1.6560204193 -0.5683030951 -2.8963020099  0.7608376288 -0.7286003667 -0.0380297688  0.2250554517  1.0000000000  0.1515663424  0.1132634075  1.0000000000
-4.5295214486  1.0260952902 -2.8151964941 -4.8291306097  0.1464899823 -1.2920086071 -0.3136917795  0.2025582744  1.0000000000 -0.1171175547  0.0665190661  1.0000000000
-5.5192471220 -0.3634793488  0.8244986345 -5.9221059824 -0.4598683994 -0.2581492548  0.0289361385 -0.0558817535  1.0000000000 -0.1379834931 -0.0282299360  1.0000000000
-6.0319914035 -0.9736477592  1.4491116982 -6.6827476062  0.3622211028 -0.6540651647  0.0585921129 -0.1053097847  1.0000000000 -0.1592118314  0.0188062090  1.0000000000
-6.2563002773  0.4116189804 -1.4260043689 -5.1879924686 -1.3472639715 -1.0164636630 -0.2142541815  0.0712182814  1.0000000000 -0.1419129869 -0.1463738312  1.0000000000
-6.8131714329  0.9297769789 -0.6139968984 -3.0655352341  1.1379666310  0.0894122681 -0.1419355182  0.1357851914  1.0000000000  0.2244773580  0.1846091811  1.0000000000
-5.4867557849  1.4463246176  1.1959989335 -6.4719356596 -1.5717076949  0.4292724080  0.0573972059  0.1548887103  1.0000000000 -0.1169311747 -0.1818558989  1.0000000000
-3.1795235758  1.2426143269 -0.7469262055 -6.3038781049 -0.2911606779 -1.1657420533  0.0794284895  0.2191678710  1.0000000000 -0.1838264579 -0.0213564011  1.0000000000
-6.6569878051 -0.4165230870  0.0882207144 -3.7384836842 -1.1220075344  1.1505379197 -0.1168893774 -0.0677268815  1.0000000000  0.1790208385 -0.1782510447  1.0000000000
-4.8728366678  0.9468095625 -0.1134824356 -4.3620562397 -1.3891654737  1.0099386408  0.0073634555  0.0777958171  1.0000000000  0.1226293407 -0.2459206178  1.0000000000
-5.5629040625  1.7278369784  0.0592828657 -6.4170529108 -1.6486815707  0.1492719578  0.0208332199  0.1747877039  1.0000000000 -0.1171850958 -0.1983241751  1.0000000000
-6.3334849015  1.3953518943 -1.5533753723 -5.0700591387  0.6877267748 -1.9066825930 -0.2296753038  0.1580731327  1.0000000000 -0.2304874515  0.0982018323  1.0000000000
-3.9572675606  1.5813923709  1.2593395238 -3.9857202566 -0.4555093242 -0.9691387857  0.1881373196  0.1727789285  1.0000000000 -0.0301879498 -0.0714928660  1.0000000000
-3.1199742241 -0.7840208054  0.4250611668 -3.4487585677  0.9901823447  1.1307671682  0.1757827575 -0.1218947911  1.0000000000  0.2450703609  0.0835673624  1.0000000000
-3.5151306363 -1.2192238707  0.2391535808 -4.8797986278  1.0137323611  1.3468893228  0.1297997848 -0.2003959446  1.0000000000  0.2009398266  0.0747173062  1.0000000000
-4.0921823152 -0.4115445705  0.6037081196 -5.3335454389 -1.0347199174  2.0905048961  0.1583587475 -0.0905929235  1.0000000000  0.1515906148 -0.1473563535  1.0000000000
-3.0509614122  0.9274144208 -0.4725720003 -3.6326994907 -2.1053745912 -0.7199038841  0.1232749758  0.1526893369  1.0000000000 -0.0383078081 -0.3201789614  1.0000000000
-4.4081532042 -0.0923094870 -1.4465961899 -3.1682503988  0.7661057212 -0.4203076495 -0.1565636566 -0.0086169421  1.0000000000  0.1109730518  0.1058119556  1.0000000000
-3.8153435506  1.8080560261  1.2463863148 -3.8750499140 -0.8505638980  0.1790809834  0.2094916417  0.1833910686  1.0000000000  0.0939848564 -0.1563166652  1.0000000000
-3.3084348880  0.1201874396  0.4519734196 -6.2377541423 -0.9356736696  1.2401028180  0.1975629426 -0.0015070262  1.0000000000  0.0750365564 -0.1649439613  1.0000000000
-4.6998428507  0.8266262769  1.5584426301 -3.3738278370  0.2692615722  1.3940395169  0.1490939195  0.0178274154  1.0000000000  0.2787936263 -0.0177854723  1.0000000000
-3.3054908275  0.3282522377 -0.0181204190 -5.5251514245  0.9335677205  1.5464820844 0.1396948550 0.0286061307 1.0000000000 0.0602401724 0.0401686939 1.0000000000
-4.8407791447  1.1480293454 -1.3825444095 -4.0253993482  2.0919986650  1.3284309713 -0.1747413482  0.1849755426  1.0000000000  0.2219025337  0.2217545224  1.0000000000
-3.2560531164 -0.0545620430  0.5349381252 -4.8475831712  0.6411250408 -2.1017516361  0.1845207256  0.0230230471  1.0000000000 -0.2237762063  0.1786177035  1.0000000000
-5.7024998896  2.1591166924  0.7526315639 -4.5668029201  1.9173454319  1.0058772417 0.0463226247 0.2276968194 1.0000000000 0.1253702275 0.2431641797 1.0000000000
-3.7827949878  0.3246991757 -1.1865021302 -5.2921443974 -1.4010793300  2.7669208306 -0.0616924334  0.0622914600  1.0000000000  0.1839571551 -0.1834120932  1.0000000000
