731.7000000000
0
50
 8.7002650678 12.5113717845  3.5493145557  5.4534598213 13.9798942870  3.0304876513  0.3161625302 -0.1415249299  1.0000000000  0.0025839903  0.1544466185  1.0000000000
 6.3252582990 15.4851753064  3.1321207422  4.1021715352 12.6113657302  3.3717228368  0.1159377595  0.1530649484  1.0000000000 -0.2407423645  0.1934603973  1.0000000000
 5.2475936139 11.9289982669  4.0222348303  4.9200236112 14.2408411159  4.7927499054 -0.1960437523  0.0776349302  1.0000000000 -0.1168204198  0.0591935351  1.0000000000
 7.4192395352 15.3070340174  4.3387715612  4.1288272560 13.4304660261  4.2638214049  0.1628714523 -0.0301820691  1.0000000000 -0.2488885506  0.1246794273  1.0000000000
 5.2419111566 14.0324610756  3.4795078279  5.1499631498 14.0226278879  5.6031861804 -0.0269877925  0.1380553722  1.0000000000 -0.1193653833 -0.0635401983  1.0000000000
 6.0897808144 12.2575987799  3.7166333255  6.7267703797 11.4538765743  5.4860938403 -0.0389449455  0.0177126354  1.0000000000 -0.1052069429 -0.2948790171  1.0000000000
 4.3422088706 13.9926508566  3.8988326169  5.5521422221 12.1425103984  6.0135162210 -0.1572729761  0.2110475047  1.0000000000 -0.2316158999 -0.1717955316  1.0000000000
 7.0849652397 13.2146936860  4.6557926014  6.1885995946 13.0033397792  6.3095207984  0.0424395075 -0.0896584966  1.0000000000 -0.1036208088 -0.2293286887  1.0000000000
 5.8915369691 15.4186475481  3.0708225102  6.0789043573 14.0818846850  4.6510085479  0.1382570240  0.2122121351  1.0000000000 -0.0013769928  0.0155577326  1.0000000000
 6.3617270384 13.3992094703  6.3588819639  6.4472606092 12.7426418124  2.0635186464 -0.1059483565 -0.1860424353  1.0000000000  0.1467760541  0.2495327550  1.0000000000
 6.4881317724 11.6302739473  5.7544315848  6.0646044550 13.2940797603  5.8703294273 -0.1190973114 -0.2977853658  1.0000000000 -0.0783449075 -0.1453092280  1.0000000000
 4.1139745316 14.8964517612  4.5635051190  6.2340126634 11.3110573110  4.7735939640 -0.1287179779  0.1309985217  1.0000000000 -0.1808692257 -0.2062462891  1.0000000000
 6.2747758150 12.3759648984  2.9042556769  6.9529669494 14.0793530495  5.0642518977  0.0614242065  0.1360959246  1.0000000000  0.0257272440 -0.0961204301  1.0000000000
 6.9916747164 14.5079654022  6.1399221076  4.0334664253 13.5392056184  4.2763993487  0.0125436477 -0.1535815115  1.0000000000 -0.2365472848  0.1665735590  1.0000000000
 5.1395597436 11.2726842749  4.1939445032  7.7102328490 13.4839228321  2.9559643494 -0.2426060719  0.0547068041  1.0000000000  0.2233625372  0.0454172925  1.0000000000
 6.9432758812 16.2571443129  3.3386061920  5.3512104141 11.9439882402  4.5268278724  0.1900399678  0.1572346008  1.0000000000 -0.2228666361 -0.0599986642  1.0000000000
 8.1678636945 13.8230117785  3.8629359860  5.3593385805 13.2792126280  5.1162212944  0.2352513266 -0.0752923147  1.0000000000 -0.1249067933 -0.0259684953  1.0000000000
 7.3269141039 15.1600835999  4.0658579300  5.8119832859 12.1788932497  5.4243303204  0.1424585350  0.0487822232  1.0000000000 -0.1713533461 -0.1595213526  1.0000000000
 6.0524529658 14.3041794596  6.5759521614  4.3736265073 13.0328814444  4.2387404645 -0.0719238813 -0.1455305239  1.0000000000 -0.2247444600  0.1065967503  1.0000000000
 5.9382193924 13.7415095096  3.3418924987  5.8724128341 12.5602767981  6.3879901102  0.0474466122  0.1057256716  1.0000000000 -0.2054674092 -0.1874185349  1.0000000000
 8.6658469824 13.3316610942  4.9279547016  6.3645862574 12.6684975725  5.0889243562  0.2370746138 -0.2437742998  1.0000000000 -0.0681791325 -0.1548732033  1.0000000000
 6.5508000648 14.1813934681  3.2283015421  5.5042051560 12.7266663446  5.4713111457  0.0726483458  0.1449984257  1.0000000000 -0.1680107456 -0.1179604212  1.0000000000
 7.5791049550 13.8376426149  5.4994597689  7.6914969284 14.0608533839  3.7882957865  0.0641133309 -0.1835844122  1.0000000000  0.1719039533 -0.0269007518  1.0000000000
 4.7672055763 13.3818383861  5.7234936039  6.0906826931 15.8050097197  3.5269291982 -0.1920732864 -0.0242968431  1.0000000000  0.0759780685  0.1328751179  1.0000000000
 6.2878698652 14.9624369983  5.7431789608  5.6164626575 13.9937831627  3.1427174077  0.0201578025 -0.0631291401  1.0000000000  0.0111417784  0.1706022096  1.0000000000
 6.8299064319 13.7266853881  4.9921084451  6.9218308427 14.2183893127  3.1245517832  0.0535055361 -0.1130795655  1.0000000000  0.1500413426  0.0536253373  1.0000000000
 6.7473030705 14.5110893021  5.6898487026  6.9070197994 14.4366391237  3.1461599567  0.0613536074 -0.1027932208  1.0000000000  0.1730598209  0.1357615407  1.0000000000
 7.8879406227 14.6251768056  4.2668065262  5.1331064100 13.3320718003  2.9053060348  0.1876771282 -0.0589418646  1.0000000000 -0.0286283043  0.1963719485  1.0000000000
 7.1668881357 13.0117553265  3.0710310794  6.7587549251 12.7381155586  3.5203412971 0.1727636425 0.0589840911 1.0000000000 0.0372688005 0.0359845458 1.0000000000
 7.4603394013 15.6595216395  4.2714384888  8.2234578121 12.8889255793  5.1539104408  0.1788697115 -0.0162696737  1.0000000000  0.1275594302 -0.2530613400  1.0000000000
 4.3140606621 14.5025530987  5.2337489337  7.9126130808 13.1856429915  4.8372336259 -0.1951888837  0.0201199609  1.0000000000  0.1430300761 -0.2395120603  1.0000000000
 9.0730882918 12.5900384953  4.5481402360  6.6473370679 14.7550366992  4.1022401100  0.2754924216 -0.2991819808  1.0000000000  0.1114122146  0.0213568140  1.0000000000
 5.2506629655 12.8795143947  5.7875404982  7.6216706427 14.2008894139  3.0050652854 -0.2016143252 -0.1144684010  1.0000000000  0.2395556644  0.0561905008  1.0000000000
 5.5286269918 15.2532913978  3.5896495530  5.6171827786 12.8081311097  6.4185375932 -0.0056166610  0.2111141979  1.0000000000 -0.2235601206 -0.2000438608  1.0000000000
 7.6726550620 11.9756242216  5.0656358255  6.9800174901 12.1659984201  3.6161659328  0.0766047660 -0.2332456402  1.0000000000  0.0921668014 -0.0475389821  1.0000000000
 5.5393784513 14.2352122432  5.8670960531  5.1128364290 15.1368470111  4.3082121002 -0.1381469052 -0.0677568539  1.0000000000 -0.0265012629  0.1487974728  1.0000000000
 4.8022025842 14.5216002525  3.1045920384  7.2859725355 14.8665471789  2.8935154347 -0.0572089207  0.1945064961  1.0000000000  0.2513787867  0.1180937765  1.0000000000
 5.8993836713 12.2301915520  4.9660492139  7.0237021452 13.8409920001  2.4896435223 -0.1400190271 -0.1131082082  1.0000000000  0.1959630894  0.1320104665  1.0000000000
 6.8974621167 13.3099868346  3.1461619929  7.7527975411 14.8622633182  5.1975824355  0.1004579795  0.0430036209  1.0000000000  0.1493501475 -0.1308976063  1.0000000000
 7.4394097870 15.3771842605  4.6031590854  5.5199094259 13.2284205076  4.4619693472  0.1514907226 -0.0470541100  1.0000000000 -0.1269121485  0.0417222529  1.0000000000
 7.1289253133 12.0189187422  3.6585330816  6.3898803153 12.3781678861  4.7249696700  0.1253170433 -0.0860744463  1.0000000000 -0.0903961203 -0.1009317932  1.0000000000
 4.8365788021 14.4833582326  3.2712355159  5.0818181673 11.4517614667  3.8261408516 -0.0477017640  0.1850398313  1.0000000000 -0.1969747895  0.0350435341  1.0000000000
 4.9788065179 15.6258013821  3.9786974943  5.9655397543 11.7814231628  5.0613387520 -0.0057820609  0.1502359285  1.0000000000 -0.1800720515 -0.1743761266  1.0000000000
 7.5117832390 12.4699650615  2.7550469404  4.7939465415 13.8243334420  5.7446761444  0.2354660033  0.0243659020  1.0000000000 -0.1748565564 -0.0563238769  1.0000000000
 6.5012152095 13.5974423016  4.9813659684  7.3874450759 14.3516168090  2.2765658376 -0.0161808667 -0.1219463405  1.0000000000  0.2790187457  0.1517457033  1.0000000000
 5.0228482080 14.6445007179  3.5275153740  7.7051537162 12.7593602082  4.6020800655 -0.0302489102  0.1763416001  1.0000000000  0.1154090528 -0.2045807521  1.0000000000
 5.9964996638 14.8237786224  3.1911231411  4.8354686710 12.0339768371  2.6817463671  0.0926500261  0.1949401530  1.0000000000 -0.1836554220  0.2337469216  1.0000000000
 4.4063397338 12.2457247575  3.1021047951  6.6249871679 13.0632524061  5.9284617921 -0.2087093722  0.2122648385  1.0000000000 -0.0620800930 -0.2149671564  1.0000000000
 8.2813466743 14.5668537535  5.1151445956  4.7883152966 14.1075722608  3.2748767833  0.1614579301 -0.1995756531  1.0000000000 -0.0796373544  0.2397308947  1.0000000000
 6.7249504884 14.1820989896  4.1041410644  5.4884638913 12.5660662855  2.0816925496  0.0981807649  0.0110312454  1.0000000000 -0.0247667890  0.3018996701  1.0000000000
