897.1000000000
0
50
-7.7205625848  3.7544620157 -0.1370522818 -6.3236067555  4.3960857968 -2.1376939004  0.1111091226 -0.1086998476  1.0000000000  0.3506142189  0.0838149799  1.0000000000
-6.8576605986  4.1531618914 -0.9455773984 -6.2883947131  3.4242415696 -1.6989098846  0.1335085093 -0.0575300060  1.0000000000  0.2442280692  0.1781515079  1.0000000000
-5.6845829673  2.4556346310 -0.7961613506 -7.0563891841  3.5183016707  0.4322047128 0.0882315878 0.2101411546 1.0000000000 0.0025596247 0.0024499870 1.0000000000
-6.4225034582  3.2832365517  0.5558388858 -5.2010270500  1.7542438988  1.7324137486 -0.0557601123  0.0635347612  1.0000000000 -0.1422459719  0.1889863630  1.0000000000
-8.3611988224  3.5097866435  1.9011811919 -6.7590811765  5.0486553517  1.9501754902 -0.0744723295 -0.1619752619  1.0000000000 -0.2255455613 -0.0925930366  1.0000000000
-5.9454673638  3.1138620669  0.7133186073 -6.2570147239  3.6306651419 -2.0959683757 -0.0373057720  0.1087054346  1.0000000000  0.2987603377  0.1427536935  1.0000000000
-4.6861739400  3.7508469261 -0.4986935049 -8.0180975890  2.9019267058  2.1605780163  0.0303687687  0.2598014439  1.0000000000 -0.1221584057 -0.0656853374  1.0000000000
-6.1530108538  2.2921068887  1.8429403741 -7.9869446548  3.8400210145  0.1870826810 -0.1278360437  0.1369055615  1.0000000000  0.0333505626 -0.1301349790  1.0000000000
-4.9050178355  4.8931347507  0.4377821202 -6.1993444697  3.8475731558  1.2286061926 -0.1229223174  0.1609264854  1.0000000000 -0.1378711569  0.0327629239  1.0000000000
-7.3099499459  3.7636814214  1.2372680031 -7.1071047261  2.0320791843  0.4865685143 -0.0700797084 -0.0690269415  1.0000000000  0.0504971350  0.0729221299  1.0000000000
-8.4274853552  3.1165003716  1.9613516714 -6.4232533253  5.1750769556  1.8061398372 -0.0826432300 -0.1554196246  1.0000000000 -0.2409192011 -0.0888709329  1.0000000000
-5.8971965894  4.9588293176  1.7626738709 -7.3633831015  3.3470655503  1.6944659800 -0.2945058961 -0.0410450344  1.0000000000 -0.1061312617 -0.0660619112  1.0000000000
-9.4009006213  2.3515318500 -0.4384777164 -5.2248236050  4.8493886311  0.7015508143  0.2006765706 -0.1609213236  1.0000000000 -0.1437641552  0.1270209019  1.0000000000
-7.2400119182  2.1187604039 -1.0963013122 -8.8926345027  2.8888588830  1.3399724337  0.1692541902  0.1040751790  1.0000000000  0.0403390336 -0.1788176971  1.0000000000
-6.2274349216  4.1386780033 -1.4548635328 -6.7642813408  3.7253734414  0.5166841731  0.2131573497  0.0841393752  1.0000000000  0.0232515064 -0.0414786394  1.0000000000
-6.6987581774  5.3217445715 -0.4831709029 -6.8553943389  3.6317822059 -1.3800845104  0.0641245271 -0.1242913934  1.0000000000  0.2451549606  0.0283325636  1.0000000000
-5.4102649592  3.5889788155  0.4827918291 -6.9555430265  3.8673153728 -0.4902702420 -0.0372141498  0.1599846938  1.0000000000  0.0741873788  0.0053842667  1.0000000000
-7.8559298354  3.0912515783 -0.6039151533 -7.0756688703  3.3708796117  0.5093259104  0.1653439156 -0.0504561487  1.0000000000 -0.0239075483 -0.0234101100  1.0000000000
-7.9784695662  3.6282693514  2.2624189134 -8.3170586341  3.9487174313  1.8956004902 -0.1925009595 -0.1902232654  1.0000000000 -0.1009707601 -0.2129640616  1.0000000000
-7.9993157745  4.8579761643 -1.3259976520 -7.0632139967  1.6983101203  1.3411144200  0.2197701236 -0.1778360688  1.0000000000 -0.0103591929  0.0778372412  1.0000000000
-6.6281361925  3.2594652257 -0.7780808351 -5.9167915154  1.1200412618  1.3200872184  0.1464723103  0.0683175245  1.0000000000 -0.0949187169  0.1925054594  1.0000000000
-7.6692091343  3.0194003338  2.4726450933 -6.1256244448  4.1732609048 -0.5349798944 -0.1443423167 -0.1243980580  1.0000000000  0.0747134919  0.0435334017  1.0000000000
-9.1613601537  2.3719751479 -0.6341727657 -6.2548936320  2.3586912404  0.5889100138  0.2209235235 -0.1341511446  1.0000000000  0.0025597980  0.1481174669  1.0000000000
-6.5043113167  4.4636976150 -0.4804796171 -7.9185973676  4.5296578158 -0.1931630047  0.0917962565 -0.0371769089  1.0000000000  0.0801654218 -0.1255963325  1.0000000000
-8.0273195039  3.2062050788 -0.6361362086 -7.4200881887  3.9114783740  0.5914989401  0.1861991504 -0.0716075413  1.0000000000 -0.0482143469 -0.1160827782  1.0000000000
-6.1346990037  2.1118767579  2.1087519969 -5.7050223519  3.0631492248  1.9616493015 -0.1354072454  0.0781365202  1.0000000000 -0.1817222686  0.0823218764  1.0000000000
-7.0854700150  2.0069523996  1.5368150166 -5.9029942327  4.0719158865 -2.1667225276 -0.0638538815  0.0391166145  1.0000000000  0.2979888120  0.1975576247  1.0000000000
-6.1748492937  3.0392912914  1.6841748933 -8.2856081379  3.0322526962 -0.8224836840 -0.1734970348  0.0462541652  1.0000000000  0.1871994869 -0.0677059052  1.0000000000
-6.1092088190  4.9833559980  0.0400302129 -6.2206432466  2.1644404725 -0.0266923932 -0.0414608354  0.0322461763  1.0000000000  0.0438037571  0.1174722402  1.0000000000
-7.5912712318  3.8543029630 -1.4151354816 -4.7486724868  4.0546510633  0.4138259415  0.2282724683 -0.0631529388  1.0000000000 -0.1117260144  0.2686716134  1.0000000000
-6.9954622733  2.0981765011 -1.4558669005 -8.0790456137  2.7575313164  0.0697494603  0.2477778408  0.1193306998  1.0000000000  0.0984185213 -0.0435500232  1.0000000000
-7.7855077026  3.0988175905  1.7430315459 -6.2319661500  5.4825225534  1.5794891502 -0.0813447438 -0.1003458636  1.0000000000 -0.2330790896 -0.1139887313  1.0000000000
-4.9051224378  3.8425412447 -1.3306636430 -5.4628120456  4.6599293843  1.6824328094  0.1517714241  0.3254676527  1.0000000000 -0.2719036758  0.0075759275  1.0000000000
-5.7886819703  4.3722800712 -0.2976424637 -7.3141377581  3.7775291251  1.2341151175 -0.0205767315  0.1081181648  1.0000000000 -0.0506561578 -0.0576098921  1.0000000000
-6.1365564357  4.1417967985 -1.0695719248 -5.3086573579  4.1249855189 -0.8440722857 0.1428566815 0.0640862502 1.0000000000 0.0953862713 0.2250402438 1.0000000000
-6.6005071746  4.1969138218  0.7844464183 -7.9704653291  4.4191070136 -0.2776989059 -0.0285646602 -0.0162398456  1.0000000000  0.1099992339 -0.1488231957  1.0000000000
-5.2383544542  3.5966155678 -2.3951110818 -7.7067705971  4.9744538283  1.2131688700  0.2974856860  0.3098461454  1.0000000000 -0.1080407949 -0.2368469915  1.0000000000
-7.5054947946  4.7060969791  1.3690061658 -7.0755477200  4.8179777149 -1.3981417909 -0.1497022122 -0.1927326045  1.0000000000  0.2191620838 -0.0700524490  1.0000000000
-6.1247589829  4.8384537450 -0.2567793211 -8.8919522919  3.7520417647 -0.3375370002 -0.0053068545  0.0066641252  1.0000000000  0.1609742758 -0.1931421097  1.0000000000
-8.3949345974  2.6869095935  1.2643241172 -7.3678780552  3.6207707254  1.4453857815  0.0137954057 -0.1253866471  1.0000000000 -0.0695005740 -0.0806853319  1.0000000000
-6.1615617109  3.8994234098 -1.0704120302 -9.1674420798  3.8909100780 -0.7143236454  0.1651815393  0.0569280728  1.0000000000  0.2414695663 -0.2384219688  1.0000000000
-8.4436677698  4.8587319086 -1.1366655239 -7.3830290445  4.2136095098 -1.8198613988  0.2502768764 -0.2533729321  1.0000000000  0.3006283566 -0.0512341980  1.0000000000
-5.3414561215  3.1971252379  1.3119518721 -6.0550352112  1.8541805411  0.2138427279 -0.1522209424  0.1601362712  1.0000000000  0.0515922150  0.1808126017  1.0000000000
-4.8580213009  2.6679355850  1.6404618526 -5.5941355969  5.1425654472  0.9816885037 -0.2080054651  0.2147134241  1.0000000000 -0.2508738616  0.0135660680  1.0000000000
-7.5879876647  2.3920393982  1.4222268222 -8.5095740508  4.6605983620 -0.1855150861 -0.0364283524 -0.0621729065  1.0000000000  0.0886730272 -0.2235080036  1.0000000000
-7.8120011637  3.5846819867  1.2317285441 -5.5971163260  3.4017154006  0.3027654843 -0.0388909654 -0.1382480466  1.0000000000 -0.0479494483  0.1674248064  1.0000000000
-8.2007226634  5.1253955942  0.5573388665 -7.9852923402  4.7177035654 -1.2737624432 -0.0100182163 -0.2895623531  1.0000000000  0.2428545513 -0.1692728616  1.0000000000
-6.0629196190  3.9478792071 -0.9993758370 -7.0226765911  4.0316803097 -0.1210834937  0.1192565211  0.0910798852  1.0000000000  0.0652237610 -0.0594676443  1.0000000000
-9.2580661528  3.0633561311  1.1759884351 -8.4608013972  3.1001959503  2.9095074388  0.0492371603 -0.1885156287  1.0000000000 -0.1693668938 -0.1964109988  1.0000000000
-4.7024354682  3.8388398459 -0.6329258253 -7.5266547791  3.7941673428  0.3144293934  0.0450510121  0.3146638893  1.0000000000  0.0193835991 -0.1155772981  1.0000000000
