42.5000000000
0
50
-10.5064477081  -1.4743564490   8.7559557313  -8.7801909532   0.8796404146  10.3587515039  0.0198703320 -0.2343396904  1.0000000000  0.1729414873  0.1534651298  1.0000000000
-11.0899013366  -1.5060441166   9.8310968844 -11.2802745530  -0.3272577306  10.4254590727 -0.1178974254 -0.1659623327  1.0000000000 -0.1070590010 -0.0431485195  1.0000000000
-8.3537494389  1.5159086475 10.4747583021 -7.9918866364  1.0005584198  8.3904961278 0.2280007582 0.2335797582 1.0000000000 0.2862788044 0.1007167533 1.0000000000
-9.9261142349 -0.7137218475  7.4517312899 -8.8741724795 -1.2322981022  7.6386829380 -0.0030731256 -0.2412036980  1.0000000000  0.2304124213 -0.2706842816  1.0000000000
-10.3148789899  -1.4171693067   8.2876791785 -12.0722210387  -1.1530606556   8.4517474138 -0.0035372031 -0.2545423148  1.0000000000 -0.2291600031 -0.2265510061  1.0000000000
-11.6997469233   0.4152322446   8.9923209035  -9.0887530288  -2.3579926369  10.3332554773 -0.2096383420 -0.0143812205  1.0000000000  0.1410339247 -0.1890407712  1.0000000000
 -8.2271369933   0.4081068300  10.7080281842 -10.7038920509  -0.6550111176  11.2951111269  0.2437842628  0.1183650194  1.0000000000 -0.0014291839 -0.0110987363  1.0000000000
-10.2423219686   2.1748414450   9.1736813767 -11.5258206109   2.6012156616   8.7107865468 -0.0250702030  0.2399646654  1.0000000000 -0.2962396457  0.3058464654  1.0000000000
-11.3406270764  -1.0245331622   7.2540726052 -11.4520410162  -1.4455652020   9.2809375861 -0.1982912383 -0.3292273035  1.0000000000 -0.1411763573 -0.2009193300  1.0000000000
-11.0918233645  -0.0686714003   8.9418175579 -10.9971205059   0.7274738890  11.2428449569 -0.1313609744 -0.0808514848  1.0000000000 -0.0743497106  0.1075101870  1.0000000000
-9.3366433910 -1.9429986396 10.7107957613 -9.0333894250  0.9388479105 12.1385239398  0.1215212649 -0.1511957862  1.0000000000  0.1491210790  0.2016769017  1.0000000000
-10.2068779696  -0.1084189445  10.9671118298  -8.4101610776  -0.5309770683  11.0747971190 0.0512410703 0.0709242016 1.0000000000 0.2523756061 0.0249218066 1.0000000000
-8.1784136200  1.0178444230  9.2307915307 -8.4799190128  0.9584290638 10.8032654938 0.2948821565 0.1560538351 1.0000000000 0.2093150507 0.1826156862 1.0000000000
-8.4494425315  1.1613289604 11.0453087620 -8.3870381385 -0.6773577752 11.1259995299  0.2123581683  0.1952884912  1.0000000000  0.2495703834 -0.0342277196  1.0000000000
-10.1657658548   2.0965440362   8.4322096016 -11.2864495349   1.2946866818   9.0118887937 -0.0876975744  0.2488744528  1.0000000000 -0.1859054559  0.1282780042  1.0000000000
-10.9892514592   0.3071643936  10.0530703430 -11.1007940397   0.4143558869   9.2016492100 -0.1080835377  0.0143152317  1.0000000000 -0.1087706258  0.0464014182  1.0000000000
 -8.8093050836  -0.3702821753   8.5214047287 -11.1051824608  -1.5519058327   9.9663849958  0.2305992030 -0.1254848278  1.0000000000 -0.0480897452 -0.1942347562  1.0000000000
-12.0789154015  -0.5163654738  10.1050383829  -8.4922902011   1.3860638036  11.1171510160 -0.1591698797 -0.0666390488  1.0000000000  0.1346791379  0.2279117069  1.0000000000
 -8.9009616312   0.2585594087  10.2500132134 -10.9054473745  -0.0133402585   9.4404790695  0.1634706324  0.0738844756  1.0000000000 -0.1001727000 -0.0013062461  1.0000000000
-11.4211400574   0.2046049476   9.4223068360  -8.8041388208   0.3617639672  11.5782510086 -0.2013216845 -0.0002239434  1.0000000000  0.1661423301  0.0928377953  1.0000000000
-10.0926106614   0.2152862293   7.6548146568  -8.1027968444   1.0032703900   9.5397136614 -0.0354507441 -0.0916526175  1.0000000000  0.2824030533  0.1289316839  1.0000000000
-10.8190345466   1.8451088074  10.3748971047 -10.2961757861   1.0365716554   9.3404090111 -0.0609489224  0.2132512427  1.0000000000 -0.0295919329  0.1222013791  1.0000000000
-9.2089709528 -0.6436390235 10.3403737769 -9.4867334240 -1.9986686161 10.0483645201  0.1407782726 -0.0222891265  1.0000000000  0.1638493695 -0.1803697835  1.0000000000
-10.6965039617   0.4392367845  10.2702431037  -9.0241250098  -1.5205366371   9.0611245218 -0.0661993241  0.0521374899  1.0000000000  0.1610293574 -0.2461738343  1.0000000000
-11.0885007096   0.1427779821  10.6049925513 -12.1759861523  -0.4845494128  10.9256331078 -0.1025231033  0.0487338751  1.0000000000 -0.2008317763  0.0048477536  1.0000000000
-10.6742383556  -0.4874846784  10.6418924269 -11.1697135990   1.5128836198   8.8684434490 -0.0351348510  0.0072995023  1.0000000000 -0.1725925977  0.1485079487  1.0000000000
-11.4706548711  -0.1435023499   8.0587904572  -8.8076599418   0.3552207160   9.9460940483 -0.2224389420 -0.1386608049  1.0000000000  0.1485017532  0.0659231018  1.0000000000
-11.5039743869  -1.0982832556  10.7428714925 -11.1989101397  -1.8657845003   9.5419776548 -0.0700793221 -0.1016603668  1.0000000000 -0.1052053999 -0.2129315287  1.0000000000
 -8.3432445555   0.4448592041   9.7556912930 -12.3170050122  -1.6351261839   9.8960678702  0.2354833978  0.0518026496  1.0000000000 -0.2183372492 -0.2057377631  1.0000000000
 -9.6541727153   1.0565779834  10.4982532376 -12.1017820095   0.6653907372  11.1802777310  0.0473810233  0.1610560973  1.0000000000 -0.1499049475  0.0968882454  1.0000000000
-10.4775425519  -0.4607908150  11.3021555272 -11.0205186935   1.3071077984   9.3208341493  0.0243006668  0.0480534035  1.0000000000 -0.1745019707  0.1284815214  1.0000000000
 -9.9605867832   1.6290617989  10.3481267169 -11.7236814997  -0.2760229085   9.9192676544  0.0112944427  0.2162705883  1.0000000000 -0.1789556522 -0.0956794914  1.0000000000
-10.5090669142  -0.6069448210   9.2527527748 -10.3665167721   1.5536437516  11.0626337269 -0.0525122727 -0.1028049671  1.0000000000  0.0013346787  0.1608349289  1.0000000000
-11.5582624507   0.4693977878   7.4667842587 -11.9610363094  -1.6439070639  10.6384884569 -0.3035485681 -0.0623298702  1.0000000000 -0.1337727781 -0.1275571812  1.0000000000
-8.5694549471  0.0299931974 11.9560786012 -9.4387883644  0.2311476004 10.1847177679 0.2233289177 0.0641607556 1.0000000000 0.0795934008 0.0315444713 1.0000000000
-11.4143955365   0.1878583586   9.9977322798  -8.0497854378   1.7357970442   8.9120001245 -0.1159975211  0.0554810700  1.0000000000  0.3113927233  0.2325924770  1.0000000000
 -8.6622066936  -0.3401689651   9.0431031889 -11.4612303592  -2.0073706122  10.1419398573  0.2380852894 -0.0632758079  1.0000000000 -0.0678067765 -0.2138977961  1.0000000000
-10.2039305356  -0.6088509004  11.4109824706 -10.0827244826  -0.9317827700   8.8143870115  0.0315507095  0.0158513258  1.0000000000  0.0076774882 -0.1684378829  1.0000000000
 -8.9094327106  -1.6965965955  10.6047148395 -12.3465051336  -1.5538455089  10.3469647144  0.2199399969 -0.1388905402  1.0000000000 -0.1947003592 -0.1660254063  1.0000000000
 -8.9493268905  -0.9708557181   7.4503865396 -10.9379006976   0.1211697329  11.5950101017  0.1715272659 -0.2819790697  1.0000000000 -0.0234433660  0.0621731915  1.0000000000
-8.8010553183 -1.2114861178 10.1172768073 -9.3973925798 -1.0437198842 10.8911518210  0.1915185370 -0.1100878324  1.0000000000  0.1188943232 -0.0450823050  1.0000000000
-11.6539792934   0.5921903057  10.7710323866 -11.5198689946   0.1193834460  10.0067988367 -0.1257047163  0.1069110192  1.0000000000 -0.1424676683 -0.0148021494  1.0000000000
-9.7735799684 -0.6732065885 11.1535584876 -8.5885776577  1.1918941129 10.1250480245  0.0772340296 -0.0595793376  1.0000000000  0.1619848771  0.1845843619  1.0000000000
-12.1521308948   0.2288702132  11.4012849164 -11.6176989070  -0.1760117445  10.8809497511 -0.1577751207  0.0519175398  1.0000000000 -0.1297566094  0.0862028701  1.0000000000
-11.2731450505  -0.2241647810  11.0691236665  -8.5299952558  -0.4041726589  10.4500136912 -0.1059058052  0.0185492314  1.0000000000  0.2009104733 -0.0276104701  1.0000000000
-11.1066611265  -0.4614565591   7.2177272466  -9.9464959203   1.2870811176  11.8507408026 -0.1531969203 -0.2252399117  1.0000000000  0.0529579821  0.2678630597  1.0000000000
-11.1189140571   0.9143362675  10.4654751534  -9.3467679175  -0.9722879789  10.7102684153 -0.0631095835  0.0912117942  1.0000000000  0.1362592650 -0.0637829698  1.0000000000
-11.6035518957  -1.3269044568  10.9082654245 -11.8592312222   0.8639273552  10.1742822838 -0.1558122324 -0.1492118356  1.0000000000 -0.1403035129  0.0740143373  1.0000000000
 -9.2551762312   0.5549454628   9.8859330622 -11.2501459075   0.2164357261   9.6329532328  0.1232363244  0.0688471579  1.0000000000 -0.1021987150 -0.0111102665  1.0000000000
 -9.3364366872  -0.7422984876  10.4019566328 -11.6297713058  -2.1349009909  10.6767895052  0.1113304953 -0.0432984737  1.0000000000 -0.0985438265 -0.1645990732  1.0000000000
