884.0000000000
0
50
  9.6678929896 -12.8911817463   5.7800148442   7.8806722290 -10.8336093252   2.5884030416  0.0637729096  0.2475007919  1.0000000000 -0.1889553145 -0.0763987127  1.0000000000
  8.0260523047 -13.0695358479   3.2442456595   9.3513253595 -12.5344512656   5.6361177262 -0.1833165221  0.1268790150  1.0000000000  0.1068144245  0.2035664705  1.0000000000
  8.6073225456 -11.1105681488   6.1566233698   9.2071795432 -13.6000116299   4.0627777896  0.1932070529  0.1663189409  1.0000000000 -0.0340746197  0.1559272831  1.0000000000
  9.9481001204 -11.8029362578   5.8334428530   8.2617396752  -9.4938686983   4.0352612169  0.2122197309  0.1680121909  1.0000000000  0.0377364645 -0.1893715986  1.0000000000
  8.4463206392 -10.3684322749   4.4386235275   9.9909897654  -9.8576394194   5.1968902495 -0.0172715196 -0.0261174528  1.0000000000  0.2906006672 -0.1041280110  1.0000000000
 11.7697649275 -10.5886090553   3.8087542405   8.8941330028 -11.7660354413   2.8869187846  0.1772816744 -0.1821990587  1.0000000000 -0.1165043857 -0.0528971261  1.0000000000
 11.4520530878 -10.1764747077   4.3738141603  10.3389838210 -12.1817661074   5.5989726800  0.2158020489 -0.1699359387  1.0000000000  0.2143381978  0.0933102415  1.0000000000
  8.7539261121 -12.3377999621   5.9768311604   8.0583254175 -11.7413572283   5.6590324035 0.1140006798 0.2524631577 1.0000000000 0.0365537508 0.2030214703 1.0000000000
  8.9991464940 -11.8157567531   3.5779376042   9.2230402417 -11.5094097630   4.6342582394 -0.1353711695  0.0325823355  1.0000000000  0.0891700687  0.0619642567  1.0000000000
  6.0801853120 -11.4006904162   4.1960015490   9.3122534353 -10.5842185296   2.9122707619 -0.2994228787  0.2325956651  1.0000000000 -0.0785778464 -0.1637152980  1.0000000000
  9.4665135067 -10.0025264983   2.8911969865   9.1626178953 -11.0885857561   5.8032206278 -0.0124649878 -0.2160917691  1.0000000000  0.1869103697  0.1085869708  1.0000000000
 10.4284242457 -10.7039096992   5.1723853770  10.1456519946 -10.2643958070   3.8694118633  0.2399516297 -0.0381049920  1.0000000000  0.0993412575 -0.1796695572  1.0000000000
  9.0669204401 -11.3427965090   5.1188570714   7.5840746112 -11.4944718230   5.8974688687 0.1100639040 0.0463597706 1.0000000000 0.0635478317 0.2724104826 1.0000000000
  8.5903552483 -12.5506558315   2.8318012667   8.9965402834  -8.8341605019   4.2974604646 -0.1317440990  0.0536471437  1.0000000000  0.1036877454 -0.2700561108  1.0000000000
 10.1694306813 -10.6263754187   3.0513292230   9.8527830211 -12.0136854321   4.7684257174  0.0224722307 -0.1515832990  1.0000000000  0.1026296208  0.0445279449  1.0000000000
  9.0610146886  -8.7620820361   4.4395055952   8.9076092195 -11.1985594210   3.9014878294  0.1672734133 -0.2536592040  1.0000000000  0.0069404394 -0.0273213880  1.0000000000
 10.1571678481  -9.0540228429   4.3005970788   7.0926660637 -11.3405260089   3.2504398424  0.1863886050 -0.2640737480  1.0000000000 -0.2568342184  0.0547520635  1.0000000000
 11.4549402852 -10.8253345037   2.9801906769  10.1833513414 -10.4367676076   3.5886348989  0.0820693249 -0.2067886539  1.0000000000  0.0879180234 -0.1599742084  1.0000000000
  6.8082958941 -11.8625030400   4.6197591323   7.1817883377 -12.2038948111   4.9962513837 -0.1597851365  0.2348842960  1.0000000000 -0.0867164532  0.2453138610  1.0000000000
  9.8556384975 -12.9699035941   3.6786577108   8.0938020851 -11.2811093605   2.5515752636 -0.0418945544  0.0479758873  1.0000000000 -0.2273961718 -0.0991252678  1.0000000000
  7.3660063746 -10.5035380936   3.4247224184   9.7320864457 -13.2408908197   5.0321382532 -0.2016260240 -0.0367128673  1.0000000000  0.0409268241  0.1659542537  1.0000000000
  9.3289871390  -9.8013818727   4.1831321997   7.4736549296 -10.5865467416   3.7003862334  0.0812689148 -0.1683233199  1.0000000000 -0.1244776868 -0.0441740737  1.0000000000
  7.6727703695 -10.4450971492   3.5324625766  10.5510268764 -10.9406766976   2.1895135482 -0.1241451428 -0.0912246911  1.0000000000 -0.0663257151 -0.2170285343  1.0000000000
  8.9843849379 -10.5667903127   2.7765451713   9.0314257060 -11.8583329758   3.0923594971 -0.1125732593 -0.1424644019  1.0000000000 -0.1230188528 -0.0385407237  1.0000000000
 11.5021890083 -11.7809084019   4.5127679917   7.5782629447 -12.2570043908   4.4715137537  0.1346991911 -0.0439020043  1.0000000000 -0.1283602328  0.1915444538  1.0000000000
 10.1169324016  -9.5243742672   3.6055436673   8.9440222293 -12.4750869185   5.2196873178  0.0765724674 -0.2361526929  1.0000000000  0.0493292468  0.2037718126  1.0000000000
  9.5512413551  -9.2861770491   4.6828275124   9.7794575948 -12.0247926857   2.6683297615  0.1662528480 -0.1711849346  1.0000000000 -0.0652738642 -0.0646747492  1.0000000000
  8.3413372647 -10.0104017663   5.2557356177   9.1945533675 -10.2127662585   4.6286468461  0.1120638866  0.0018948177  1.0000000000  0.1165637078 -0.0472651399  1.0000000000
  9.9294829454 -12.3718002747   5.8180492248   9.8517281597 -12.8432828109   3.0574458860  0.1663355775  0.1412516400  1.0000000000 -0.0607723208  0.0244982673  1.0000000000
  8.8358843933 -10.3578874448   5.1176655662   7.6252201987 -11.3267312519   5.7670902575  0.1178649987 -0.0057381223  1.0000000000  0.1032271260  0.2708509653  1.0000000000
  9.2402153281 -10.4304452795   4.1237352194   7.1343427843 -11.3932280738   5.5966626449  0.0851082567 -0.1102396758  1.0000000000  0.0257950304  0.2839148087  1.0000000000
 10.4360407431 -10.5542806080   3.5242974409  10.9587178293  -9.2982700963   4.4371376751  0.1117006360 -0.1970442064  1.0000000000  0.2637355962 -0.2508699848  1.0000000000
 10.4020249463 -10.8230383225   2.8585999537   9.9434370899 -10.4297123908   5.1106239343  0.0045404484 -0.2202310825  1.0000000000  0.2327045219 -0.0664882468  1.0000000000
  9.1846230830  -8.9190810973   4.3672779945  10.4126163317 -11.6620340414   1.8611493913  0.1715409674 -0.2464874213  1.0000000000 -0.0978259671 -0.1675704174  1.0000000000
  9.3762194933  -9.9175381637   4.7986192013  10.8218236285 -12.2824625211   3.9230898273  0.1261078486 -0.0748682494  1.0000000000  0.0717389604  0.0287203128  1.0000000000
  9.8295479891 -11.8822369371   6.3882299057   8.3723837951 -11.0777152804   6.8917386189 0.2521482562 0.1528374869 1.0000000000 0.2594256180 0.3052813691 1.0000000000
  8.0531847923 -12.3356320065   2.9990753766   7.9234728276  -9.9331615921   2.2351213601 -0.1782177124  0.0844543313  1.0000000000 -0.2554341279 -0.2347246155  1.0000000000
  6.9024933742 -11.8926632218   4.3571669310  10.1476282212 -11.1684034654   3.5949561390 -0.1879016952  0.1944051340  1.0000000000  0.0530992772 -0.0942537290  1.0000000000
  9.8661450178 -11.0317033871   4.3679035149   9.3656458204 -10.1370193907   4.9337630678  0.0432005732 -0.0449533244  1.0000000000  0.1850950826 -0.0824091739  1.0000000000
  7.9676264901 -12.3577764247   3.3101791357   8.4775078915 -11.1614271556   4.9597050036 -0.1846910357  0.1066701639  1.0000000000  0.0400161665  0.1030786131  1.0000000000
 10.6280879955 -11.8004692972   2.6789435129  10.2256869438 -12.2024956029   2.8592633149 -0.0433896408 -0.0964124586  1.0000000000 -0.0349716423 -0.0742616510  1.0000000000
 10.5375440894 -12.9302590816   6.2015605631   9.6614655973 -11.9828871813   1.6342448846  0.2303923643  0.1905705067  1.0000000000 -0.1717650612 -0.0891552683  1.0000000000
 11.5791666515 -11.7945789001   4.5867533521   7.9898819705  -9.5953918146   2.8728604135  0.1622629674 -0.0345223580  1.0000000000 -0.1707861247 -0.1997591313  1.0000000000
  9.6273224615 -12.2508441192   4.7614356899   8.3395804134 -10.1620217447   1.7051800106  0.0741726669  0.0984433906  1.0000000000 -0.2380472593 -0.2219460047  1.0000000000
  8.4644092970 -10.3512634979   5.3144145058   7.3842583181 -11.8894072229   4.9523868572  0.1142900008  0.0402010804  1.0000000000 -0.0629744429  0.2335258915  1.0000000000
  9.5000146148 -13.0526727114   4.8152838387   8.8695285891 -11.0236529440   6.4728142876 0.0392573202 0.1514054760 1.0000000000 0.2668443007 0.1884796254 1.0000000000
  9.9703454047 -11.6843639039   5.5342732278   8.0561408785 -12.3412339002   2.9699317182  0.1867758260  0.0628737273  1.0000000000 -0.2074992452  0.0729219619  1.0000000000
  9.2806026290 -12.0312699032   4.0379876306   9.1471583985 -12.0993076200   4.8347824696 -0.0217852791  0.0567351408  1.0000000000  0.0589939028  0.1608504740  1.0000000000
  9.4700125757 -12.2009030800   3.0042613283   7.8593935268 -12.2898280027   4.4391827883 -0.0695146621 -0.0108531533  1.0000000000 -0.0781876823  0.1859627949  1.0000000000
  9.0511347032 -12.1157825204   6.4819050801   9.1035555403  -9.3288538442   4.7768252725  0.1897609931  0.2605444917  1.0000000000  0.1747961038 -0.1249212459  1.0000000000
