153.6000000000
0
50
 4.1984872054 11.7031862487 -0.9474747929  6.0516086603  8.6584042139 -1.7451688696 -0.1691584898  0.0979430300  1.0000000000 -0.1328599978 -0.1058216550  1.0000000000
 4.4839654995  6.2565933072 -1.3513223608  3.3385448644 10.0614251536  0.7248005176  0.2659134019 -0.2804596714  1.0000000000  0.0831235261  0.2248623300  1.0000000000
 3.8043215264  8.9920122724  0.2486024868  3.9857832852 10.5019106692 -0.8599348732  0.1754240710  0.0943588850  1.0000000000 -0.0275470443  0.0749472157  1.0000000000
 4.0189651060  8.1673374077  0.1217273905  3.6288568354 10.1679094057  0.2254027403 0.2140175837 0.0313529756 1.0000000000 0.0437189655 0.1514086520 1.0000000000
 2.7944990630  8.9095846354 -1.0114706081  4.9572525448 10.8457958384  0.1878309937  0.1424638298 -0.0028878123  1.0000000000 -0.1356360983  0.2242833757  1.0000000000
 6.1052697877 10.8056315517  0.0003820530  4.8922298617  8.8081040796 -2.3376340535 -0.2007475135  0.2117070119  1.0000000000 -0.0361273981 -0.1723138390  1.0000000000
 3.9409496188  9.5823781775 -1.8944128286  4.1454970050  9.1623159389 -2.6168170715 -0.0090281870 -0.0710436434  1.0000000000 -0.0574059374 -0.1564928453  1.0000000000
 5.8453451321 10.3428210672 -0.6745246303  4.8950409595  7.6507079304  0.1228183524 -0.1801256264  0.1417995492  1.0000000000  0.1387677550 -0.0035644905  1.0000000000
 4.7920724767 10.3600223593  0.6203955531  5.5379212767  9.9514543519 -0.1731464330 -0.0210340431  0.2373993741  1.0000000000 -0.0558170715  0.1513436544  1.0000000000
 2.5871702595  9.7896120565 -0.5864510636  3.2456622318  8.7084909508 -1.7517874259  0.0957069717  0.0251701394  1.0000000000  0.1275510083 -0.1438027639  1.0000000000
 5.8110667818  8.0450731603  0.3404657847  5.1007343677  6.8384153676 -1.1404270955  0.0896160468  0.1397530710  1.0000000000  0.2270850574 -0.2090469999  1.0000000000
 5.7369231737 10.9380429880  0.1446586118  4.0368625181 10.9923325078 -1.0064845348 -0.1745874282  0.2051210152  1.0000000000 -0.0561774431  0.0650529038  1.0000000000
 4.0865762664  6.5801877418 -1.1311676973  4.8313664150  8.4198574735 -1.3083863426  0.2735461566 -0.1951614051  1.0000000000  0.0290853807 -0.0503100554  1.0000000000
 5.5608108679  9.0795447332  0.8405156148  4.7031702254  9.4349156641 -2.0332355761  0.0488583728  0.1670595350  1.0000000000 -0.1100179787 -0.0696322148  1.0000000000
 2.2262406221  8.3375755097 -1.3316398181  4.8770808848  9.3167218215 -2.9650240360  0.1934366934 -0.0433340817  1.0000000000 -0.1272547523 -0.2160644044  1.0000000000
 4.2273797340  6.9440235897 -1.3593529844  4.3245714761 10.7557449889 -2.9162423169  0.2777297507 -0.1997145057  1.0000000000 -0.1544608129 -0.1531223717  1.0000000000
 5.1724261082 11.2830123858 -1.0330105426  3.0217596323  9.4563668566 -0.3472621832 -0.1743427494  0.0955207081  1.0000000000  0.1084445953  0.0648181206  1.0000000000
 5.0452494694  7.9781981235  1.7027704185  6.6406113673  8.5645368678 -1.4088137913  0.2797175029  0.2557950243  1.0000000000 -0.1787278660 -0.1061208923  1.0000000000
 5.2486280448 10.4569969360 -1.4211816563  5.9049917935  7.8719609726 -1.7243606047 -0.1477324700  0.0452622929  1.0000000000 -0.0434481413 -0.1631903967  1.0000000000
 4.1788662360  7.6012155193 -1.8910086750  4.2283901857  8.5032491728  0.5320914713  0.1506031113 -0.2097800653  1.0000000000  0.1940063210  0.1209138814  1.0000000000
 3.1013723077  7.2808951588 -1.8146503830  5.2990674352  8.8636094141 -3.0655257681  0.1787650304 -0.2001335081  1.0000000000 -0.1199831753 -0.2370554583  1.0000000000
 3.3836447897  8.3822002817  0.6145158117  4.1126557967  9.0772034422 -0.5237178100 0.2415876229 0.0983823304 1.0000000000 0.0433142517 0.0290872209 1.0000000000
5.0865968953 8.8506380096 0.0237243260 4.5882819063 7.8022211633 1.0113391412 0.0191495250 0.0895910021 1.0000000000 0.2716134370 0.1343266526 1.0000000000
 4.8912060852  8.7236781508 -1.2644750664  4.0689850639  8.7648051466 -0.5507760975  0.0111679717 -0.0293250866  1.0000000000  0.0747117128  0.0420468179  1.0000000000
 2.3940453260  8.3760838518 -2.7076310202  3.9906531658  9.2459596532 -1.3685815707  0.1258739468 -0.2097797071  1.0000000000  0.0277585842 -0.0701851391  1.0000000000
 4.3684832181  7.8898902468 -2.3446150029  4.5934763225  8.7017642353 -0.5175220187  0.0759635450 -0.2352801729  1.0000000000  0.0791017003  0.0040426459  1.0000000000
 4.5008720558  9.0190243388 -2.7146503489  3.2825930298  8.5194167203  0.3294266511 -0.0614872503 -0.2047439298  1.0000000000  0.2059894308  0.0920738266  1.0000000000
 5.1481544771  7.2114414259 -2.1070554716  4.0008592169  9.5069614517 -2.3491616167  0.0462095069 -0.2474477718  1.0000000000 -0.0372299976 -0.1032837342  1.0000000000
 3.3917643262  9.1327482683 -0.1010907631  6.0866786839  8.3594345654 -1.8369687320  0.0991713496  0.0632860047  1.0000000000 -0.0947776931 -0.1725440923  1.0000000000
 3.9615499783  9.8116212941 -2.6444288874  3.7473695701  9.5507968717  0.6971598094 -0.0721238845 -0.1805115924  1.0000000000  0.1011277763  0.1772735877  1.0000000000
 5.0557235522  7.3927104709 -0.4641473120  4.4012110141 10.8051215426 -0.3093212518  0.1884047003 -0.0657494412  1.0000000000 -0.0694855764  0.1686998320  1.0000000000
 5.3252559915  8.9837080474 -0.9233346230  4.9405913807  9.8353595084 -3.1372587478 -0.0265681804 -0.0291209502  1.0000000000 -0.1694455198 -0.1649758748  1.0000000000
 5.1621237619 10.0732861392 -2.2059470594  5.7696078097  8.1747134173 -2.1135497731 -0.1860531641 -0.0709326256  1.0000000000 -0.0951532152 -0.2005864294  1.0000000000
 5.5174179665 11.2779847057 -0.5787200747  5.5564675667  8.5550916126 -2.7671742104 -0.2079945178  0.2018374824  1.0000000000 -0.0825704896 -0.2395265957  1.0000000000
 4.2524240421 10.3516603326  0.2633305830  3.4863135416 10.5930133148 -1.4657734758 -0.0260664005  0.2151269384  1.0000000000 -0.0479886161  0.0419386612  1.0000000000
 3.4120184910  9.2141635142  0.0706523083  4.5093654979  8.6370234080 -0.7684625033  0.0849864285  0.1067488813  1.0000000000  0.0703200516 -0.0196682316  1.0000000000
 4.8618032504 11.3819572436 -0.6431793594  6.3992109150  9.1881499394 -0.8230164658 -0.1889644204  0.1626752001  1.0000000000 -0.1718574044  0.0532581501  1.0000000000
 5.1745510774  7.7566820702 -1.6297524095  4.4969493950  8.1120866678 -0.6625578257  0.0250618831 -0.2080828874  1.0000000000  0.1611532350 -0.0367890518  1.0000000000
 3.6891929847  8.5556122471 -2.5970142078  3.5679801696  9.2427007396 -1.2045493955  0.0705816401 -0.1967745950  1.0000000000  0.1050290426 -0.0444622224  1.0000000000
 6.0779122095  7.2121935865 -1.6352772154  5.7267975027  9.4139811371 -2.9066680832  0.0002588767 -0.2100291392  1.0000000000 -0.2004176511 -0.2138261976  1.0000000000
 2.9279433550  9.6588057992  0.3328259889  4.8664347908  9.4947153251 -2.1161893410  0.1219295407  0.1479949566  1.0000000000 -0.1309146365 -0.1065926565  1.0000000000
 6.4496365802  8.5881681805 -2.7380509656  4.7893457488  7.6650141778 -1.3301663006 -0.2014529564 -0.2428155392  1.0000000000  0.1314968905 -0.1373276715  1.0000000000
 3.6877206106  8.1606962995 -0.3019458410  6.5154444071  9.4605509922  0.6166599768  0.2059067586 -0.0416421313  1.0000000000 -0.1090144668  0.2684335776  1.0000000000
 4.0992412486 10.3613662693 -0.9543510122  4.3356261980  7.7198033100 -0.5637987162 -0.0572518292  0.0683087724  1.0000000000  0.2042528048 -0.0435669087  1.0000000000
 2.1104737425  8.7441648663 -0.9342955544  5.8900845949 10.9699851430 -0.1579995589  0.1652156729 -0.0497812184  1.0000000000 -0.1985797595  0.1922048664  1.0000000000
 3.6037441323  8.5958976053  0.5709079547  5.9411830857  9.2646895601 -1.7177777056  0.2172476275  0.1389259067  1.0000000000 -0.1441690482 -0.0516362292  1.0000000000
 4.9735518277 10.1041868145 -1.1606932432  4.0751788308 10.3220630718  0.2077103730 -0.0766166316  0.0332580403  1.0000000000  0.0330053173  0.1913035677  1.0000000000
 6.2357279540  9.9776435038 -1.8609419483  4.4607186038  7.4168478737  0.0883086595 -0.2589275347 -0.0729616655  1.0000000000  0.2385990965  0.0237428007  1.0000000000
 4.3687056935  8.6474675230 -1.5122284361  2.2881575345  9.0452003653  0.0189941419  0.0586405291 -0.1014449386  1.0000000000  0.1765322060  0.0286726199  1.0000000000
 4.2951069784 10.0811642749 -0.8240349671  4.6089539510  9.1718550940 -2.7212428214 -0.0460146236  0.0531924809  1.0000000000 -0.0737474820 -0.1858160562  1.0000000000
