633.8000000000
0
50
-1.1917748843  5.4827199011 -3.9307724398 -0.4668519628  7.0406058265 -1.9902690643 0.1951412633 0.1768676543 1.0000000000 0.0056458958 0.0660339126 1.0000000000
-1.3151949592  6.4138685666 -4.0676309251  0.3681488884  6.1070687298 -1.8018048289 0.0241876322 0.1774952901 1.0000000000 0.1468688819 0.0494640796 1.0000000000
 0.4728769576  5.9303301427 -4.3732781101 -2.5577883529  6.8295883714 -2.6641762724  0.2406791881  0.2733172131  1.0000000000 -0.1615578037  0.0284015068  1.0000000000
-2.5830185332  4.9479364572 -2.5974764797 -0.1244418878  5.5877647912 -0.1681300152 -0.0107719038 -0.2120420104  1.0000000000  0.0986751215 -0.1099483128  1.0000000000
 0.6825992966  5.6739728359 -1.8507106784 -0.9995259382  6.6245711593 -2.9834603390 0.2040510823 0.0471971866 1.0000000000 0.0411516576 0.1224856001 1.0000000000
-2.0618998116  7.5329403924 -3.1199609198  0.8841924379  5.8719459323 -0.6612659919 -0.1684669725  0.1491719935  1.0000000000  0.1372745914 -0.0499302169  1.0000000000
-0.6119075982  5.8383762881 -2.2961783318 -3.2685022508  5.5675751960 -2.6188973910  0.1043168331  0.0450461837  1.0000000000 -0.1622051302 -0.1592568742  1.0000000000
-1.1410056300  7.3810529313 -0.9167796206  0.6456401410  6.4445251698 -2.0312605417 -0.0870428362 -0.0061870346  1.0000000000  0.1192166941  0.0813021067  1.0000000000
-1.0681673927  8.9755565489 -1.0082735020 -1.8070312461  7.4744684235 -2.4370939166 -0.2257539662  0.0911069297  1.0000000000 -0.1071227326  0.1054474989  1.0000000000
-1.3640562673  4.7896517751 -3.0579435980 -1.7480331794  6.3484238832 -4.0155886630  0.1483171525 -0.0735846375  1.0000000000  0.0238348990  0.1628247298  1.0000000000
-2.5142192136  5.8625346935 -0.4503345379 -0.9384170765  4.9292021461 -0.2363747934 -0.0604675265 -0.2247359742  1.0000000000  0.0674169407 -0.2151984701  1.0000000000
-1.8117496336  7.2074993321 -1.4889735309 -1.8152932831  6.1000792024 -2.6779046888 -0.1781177534 -0.0367964937  1.0000000000 -0.0222243407 -0.0402889423  1.0000000000
-0.1766295539  4.6404729143 -1.7456809309 -0.8542616866  5.1598350348 -0.1255137493  0.2214346635 -0.0982966274  1.0000000000  0.0680463066 -0.2177672960  1.0000000000
-0.3954337196  7.8532145448 -2.9711035733 -2.2895142903  7.2663777609 -1.2438340625 -0.0271805444  0.2328311864  1.0000000000 -0.1894495826 -0.0508544397  1.0000000000
-0.5104596311  6.8051994423 -1.3040524611 -1.6731439050  7.2075054321 -1.9249824434 -0.0231031844  0.0162935222  1.0000000000 -0.0809978810 -0.0053695176  1.0000000000
-1.3073466995  6.6820636425  0.6197410625 -1.7251976943  7.3777001894 -3.4854331414 -0.0815778374 -0.1751737118  1.0000000000 -0.1060174817  0.1513903764  1.0000000000
 0.4210699854  5.9809845256 -0.7997457376 -2.3796773273  6.8057690084 -3.4472403708  0.1459245074 -0.0080944835  1.0000000000 -0.1258900722  0.1518843857  1.0000000000
-1.3939563220  5.4496504294 -1.1553030148 -0.1047451380  7.2154396807 -3.3848237106  0.0654198392 -0.1170355336  1.0000000000  0.0758506273  0.2333125599  1.0000000000
-1.7353805176  5.6336948464 -3.3065519287 -0.4334846460  4.0295749332 -1.2935073598  0.0671127704 -0.0113977343  1.0000000000  0.2362670404 -0.2194718179  1.0000000000
-0.2793545068  7.3633254733 -2.6014319466 -3.4960228064  6.5373920669 -2.5564103599 -0.0000263942  0.1919685872  1.0000000000 -0.2901030388 -0.0902081941  1.0000000000
-2.6476191349  6.5535684188 -1.9174461450 -2.1067450459  7.9815201518 -1.6015927894 -0.1452099939 -0.0526331088  1.0000000000 -0.2206105517  0.0598242336  1.0000000000
-0.4644095428  7.0235438972 -0.8643756734 -1.7635069850  7.8120546775 -1.5613415703 -0.0285834412  0.0059279389  1.0000000000 -0.1745779793  0.0344687360  1.0000000000
-1.4320735372  6.4835977619  0.2347874964 -1.7314696227  7.0853322979 -2.2775468494 -0.0782691562 -0.1338369337  1.0000000000 -0.0769414899  0.0447669075  1.0000000000
-0.9663882117  5.3136921388 -4.1956210466 -0.2756148242  4.6534560205 -1.3560003752  0.2110294888  0.1225014788  1.0000000000  0.2212608373 -0.1412494692  1.0000000000
 0.2489647993  6.5388240440 -2.8777243286 -2.5425390186  7.7177312064 -4.0875855808  0.1501664485  0.1438267079  1.0000000000 -0.2265693974  0.2231401638  1.0000000000
-2.5576933703  5.1075714655 -2.4549974285 -2.3112736690  7.9667961844 -3.1085482497 -0.0426115130 -0.1375807541  1.0000000000 -0.2850580338  0.1924333752  1.0000000000
-1.0966134118  6.2976447080 -3.1165963506 -1.9163653820  7.0741520532 -0.5586829137  0.0183047439  0.1124278401  1.0000000000 -0.1630891428 -0.0586197115  1.0000000000
-1.5103087207  6.5713125578 -0.0635815404 -0.6505594445  5.0172633383 -3.7335084295 -0.1154150229 -0.0890907262  1.0000000000  0.2188541665  0.0512450761  1.0000000000
-0.8574140561  6.2599331039 -2.7563014859 -1.4060910282  4.3040156093 -2.4632912903  0.0463552527  0.0332789121  1.0000000000  0.1927840277 -0.1654059267  1.0000000000
-1.2262922157  6.0269887401 -4.0454890763  0.2211896383  7.4859606248 -1.8729632057 0.1021532155 0.1800810858 1.0000000000 0.0350261557 0.0985121658 1.0000000000
 1.2631408562  7.2972294061 -1.9931990011 -1.7184870047  5.1795839574 -1.5835479645  0.0826071143  0.1410653741  1.0000000000  0.0235527979 -0.1662019552  1.0000000000
-2.0134952899  6.8879470155 -1.9049864476 -0.3912307374  6.1827148361  0.2079231221 -0.1476126347 -0.0186430945  1.0000000000  0.0402262681 -0.1403075512  1.0000000000
-2.0669407492  3.9848236713 -2.0173956772 -2.3098172663  5.7490790158 -1.1863787565  0.1411302213 -0.3047002064  1.0000000000 -0.0861917592 -0.2123444189  1.0000000000
-0.1043901810  4.8423997613 -3.0440768306 -0.6875751281  8.2929489615 -1.1621991612  0.2642200660  0.0221670174  1.0000000000 -0.1393579713  0.0942083935  1.0000000000
 1.1780740762  6.1263451979 -2.5510896376 -0.5284158070  5.6278851952 -3.0461383310 0.2069421529 0.1741859676 1.0000000000 0.1546280299 0.0583608575 1.0000000000
 0.2526137845  6.4548700660 -1.2170229345  0.8734739422  6.5696609390 -3.1036924736 0.0628224680 0.0329386101 1.0000000000 0.1623995197 0.2366096797 1.0000000000
-2.5584137915  5.9120611857 -2.5765888116 -1.4766459212  5.7039657597 -2.0415984486 -0.0722131783 -0.1014785570  1.0000000000  0.0242076641 -0.0726981764  1.0000000000
 0.0445688244  6.7941545683 -0.8571555182  0.5730871337  7.0750180857 -2.9109754056  0.0483539993 -0.0216732352  1.0000000000  0.1347438206  0.2047905262  1.0000000000
-1.1683104105  7.0626687851  0.2193467589  0.6447174005  4.7966529048 -0.1721216897 -0.0683189510 -0.1247965358  1.0000000000  0.2210113218 -0.1405016653  1.0000000000
-0.5299313199  5.9308397338 -4.2035827384 -2.8687565486  5.1775199852 -2.2905331284  0.1678607026  0.2370793314  1.0000000000 -0.0851418092 -0.1960177558  1.0000000000
 0.1165157302  4.4527759271 -0.0620692618  0.1971217700  5.6857207974 -2.5013578002  0.1700417661 -0.2003173507  1.0000000000  0.1631073252  0.0439323129  1.0000000000
-1.6484615944  7.5675564258 -2.8141620987 -0.9164652996  5.4924006390 -0.5397039337 -0.1398066397  0.1097796968  1.0000000000  0.0285541553 -0.1646817217  1.0000000000
-3.4791098243  5.9068862340 -1.3242781496 -1.2910225184  8.5022348165 -1.2447336196 -0.2184668997 -0.2550977446  1.0000000000 -0.1378748952  0.0766531843  1.0000000000
-1.2687634678  7.3089990293 -2.2410294300 -0.3850659593  7.1197700869 -1.4884007478 -0.0774961996  0.0769412922  1.0000000000 -0.0225264037  0.0318116569  1.0000000000
-0.6415074846  7.8262277996 -1.8066741300 -0.4994980852  7.2582085590 -2.8667972530 -0.0944128987  0.1239824438  1.0000000000 -0.0050753058  0.1943865387  1.0000000000
 0.1915337456  7.4108951786 -1.3700250935 -1.8560564905  7.1457453372 -0.0754500081 -0.0103824085  0.0654367874  1.0000000000 -0.1512883205 -0.1344347947  1.0000000000
 0.6700572349  5.8406940545 -2.1081307892 -1.7004543788  7.7547206257 -0.0475693074  0.1793103581  0.0706632673  1.0000000000 -0.1433319303 -0.0429518468  1.0000000000
-1.9726759615  7.6175225050 -1.9621216678 -0.0440827762  5.3956425030 -1.7286745363 -0.2255606562  0.0627444534  1.0000000000  0.1430889468 -0.0439339862  1.0000000000
 0.0597364310  7.6831373372 -2.6524178055 -0.7159416319  8.5743154507 -0.8434442076  0.0256091824  0.2011084668  1.0000000000 -0.1252221040  0.0730234122  1.0000000000
-0.2232615655  5.0645439871 -2.3836226075  0.9295308730  7.2255753177 -2.6486426764 0.2416406947 0.0017032594 1.0000000000 0.1247655784 0.1874536981 1.0000000000
