319.1000000000
0
50
 3.2263933385 -8.2948799417 -1.9738478452  5.4779539773 -5.0502367748 -3.4157325942 -0.0763299378 -0.0808931129  1.0000000000  0.3119705365  0.1262529749  1.0000000000
 5.3970806274 -7.3439789263 -3.0841984590  4.8183642916 -8.7676190779 -1.4366315520  0.1632211221 -0.1583160146  1.0000000000  0.0540092538 -0.1990683490  1.0000000000
 4.7862047565 -6.5072278452 -0.3131815858  3.4438902753 -6.7199245172 -0.8346444987 0.2488734198 0.0624897037 1.0000000000 0.0594234456 0.0404695599 1.0000000000
 5.2859075500 -8.4223346673 -1.0779852331  4.9963432499 -8.4962055383 -0.9119539243  0.1295863065 -0.2047055640  1.0000000000  0.0593530640 -0.1116268189  1.0000000000
 4.0184332702 -7.4949670964 -0.9616842647  4.9429764658 -5.0684520137 -2.7797892194  0.0674982835 -0.0185499964  1.0000000000  0.2650718384  0.1678236560  1.0000000000
 2.5201675766 -7.3478075518 -2.2041698977  5.5106345303 -5.0544887358 -3.5331913930 -0.1085242899  0.0537560139  1.0000000000  0.3170291408  0.0974121800  1.0000000000
 4.3934231088 -8.6072271087 -5.1298897014  1.9203630248 -6.4041496100 -2.0662376393 -0.1580729458 -0.3051862587  1.0000000000 -0.0658809709  0.1632705714  1.0000000000
 4.2655260411 -5.2229778134 -2.5093778726  3.2860776591 -5.9255499197 -3.1300724593  0.1339876934  0.1979691363  1.0000000000 -0.0262322848  0.1360863342  1.0000000000
 4.1956171145 -5.8600515830 -4.4049570625  3.6038169622 -6.8027943456 -1.3550578828 0.0508394831 0.0919073310 1.0000000000 0.0346751556 0.0363199058 1.0000000000
 2.1626958467 -7.7368811753 -3.2007957504  4.6012824640 -5.0437337684 -3.0740618445 -0.2168273264  0.0044674783  1.0000000000  0.1778556937  0.1679318930  1.0000000000
 3.9216882963 -6.4487555357 -4.0850282619  2.5394618843 -6.9741183911 -3.6441385933 -0.0251014691  0.0546058051  1.0000000000 -0.1813598146  0.0721928330  1.0000000000
 2.6646858062 -6.7482821160 -3.7143692966  2.5269820419 -7.9343110112 -3.2532181953 -0.1407425574  0.1027732741  1.0000000000 -0.2361645048 -0.0296071994  1.0000000000
 4.1867620480 -5.3444749543 -0.8842456501  5.0130088302 -7.5565346295 -2.1808277264  0.1818476484  0.1887701879  1.0000000000  0.0807419215 -0.0757549972  1.0000000000
 4.5871279979 -7.4225837908 -4.6750294507  3.0297542267 -9.2264996642 -3.4638330644 -0.0443525172 -0.0903370230  1.0000000000 -0.2157112321 -0.1826630527  1.0000000000
 4.1474202068 -5.8475979165 -3.8036349286  3.0919861049 -5.3262481419 -3.8780522083  0.0225094886  0.1073454550  1.0000000000 -0.0197595239  0.2502149011  1.0000000000
 6.8940757123 -7.0414702013 -3.8817122383  4.4495645316 -6.6993524487 -2.7067207893  0.3473829961 -0.2762692532  1.0000000000  0.1381382872  0.0211073798  1.0000000000
 2.5508420100 -6.1278427328 -2.5589830181  4.6939306027 -7.0789623420 -1.3072150783 -0.0619365650  0.1699198110  1.0000000000  0.1180676633 -0.0137957018  1.0000000000
 4.5821704096 -8.1012074751 -1.3119613140  4.3622282616 -5.5626048670 -0.9537893419  0.0805630959 -0.0871533590  1.0000000000  0.2113479692  0.1557673495  1.0000000000
 2.2939303358 -6.3393244251 -3.0754362455  3.0343890946 -8.1140199323 -1.5690516790 -0.0827073186  0.1770257382  1.0000000000 -0.0909057351 -0.0563042089  1.0000000000
 1.7034305400 -8.0749866672 -1.9147639565  4.9061865008 -5.3471795473 -1.8940766245 -0.2161274472  0.0755638498  1.0000000000  0.2572469830  0.0852903405  1.0000000000
 1.4490691851 -7.2529489670 -1.8628750494  4.1759512439 -8.3027686042 -1.2714899874 -0.1721748511  0.0504787797  1.0000000000 -0.0010288144 -0.1236876242  1.0000000000
 2.9946862849 -6.1100588545 -2.5417240337  4.3853687826 -6.5480655028 -0.6961562391 -0.0130449318  0.1569791118  1.0000000000  0.1468267975  0.0436762175  1.0000000000
 2.3688312135 -8.1714839872 -2.7305918979  5.8080410132 -7.2328001697 -2.7210065539 -0.1718814297 -0.0389499340  1.0000000000  0.2215486614 -0.1432027851  1.0000000000
 4.3632816201 -5.6749517185 -3.0474771371  2.3060986730 -7.2244886708 -3.2608716678  0.1113951025  0.1296126261  1.0000000000 -0.1752241093  0.0652101391  1.0000000000
 3.8500209913 -6.8557371041 -1.1746740478  3.9966936294 -9.0033674954 -1.6363793454  0.0262914030  0.0557938426  1.0000000000  0.0006997827 -0.1944603901  1.0000000000
 1.4923674815 -6.2022437956 -1.7817805759  2.3116460683 -6.2260760821 -1.2032102255 -0.0785709202  0.2505248827  1.0000000000 -0.0170545772  0.1700199304  1.0000000000
 3.1052035642 -7.5990488006 -3.2211529286  4.6704237451 -7.4185505604 -0.7198808061 -0.1468914768  0.0175410699  1.0000000000  0.1241408819 -0.0774974759  1.0000000000
 3.6117448012 -9.2278942952 -2.2435729701  3.4871336940 -7.6318740720 -1.4906394924 -0.1166660370 -0.2183390011  1.0000000000 -0.0173790730 -0.0289076981  1.0000000000
 2.1485484566 -6.8848138202 -2.2886074184  5.5313087001 -7.1280725379 -2.4880638835 -0.1202631838  0.1644729208  1.0000000000  0.2119256145 -0.0714059823  1.0000000000
 4.3116375147 -8.4578143873 -2.8324931443  5.2236536648 -8.3516251110 -3.9453494132 -0.0077281910 -0.2263628725  1.0000000000  0.0362516827 -0.2821613723  1.0000000000
 2.9935416539 -5.8633936649 -2.0925077436  2.5805628827 -6.5015684789 -1.5548129446  0.0410100505  0.1545945119  1.0000000000 -0.0685594663  0.1117350340  1.0000000000
 5.7947439567 -6.8263008937 -3.1063718371  3.5718755014 -8.3823416155 -3.3029502985  0.2184817384 -0.1085320084  1.0000000000 -0.1162355415 -0.1053656617  1.0000000000
 4.4310936214 -8.7898534309 -3.9158442898  3.8502873770 -5.3304411558 -1.9277063043 -0.1198696092 -0.2401481614  1.0000000000  0.1062773708  0.2265635151  1.0000000000
 4.2231145709 -6.0926237547 -4.3060731326  5.9762035095 -7.7648321502 -3.2962838416  0.0625603832  0.0458791899  1.0000000000  0.1879896737 -0.2353227602  1.0000000000
 5.5166758253 -5.4639088558 -3.4266044869  4.6238905844 -5.1313389914 -1.7577099877 0.2818620769 0.0736410008 1.0000000000 0.2043632372 0.1028873167 1.0000000000
 5.5307402166 -6.0340368620 -3.8656778722  4.5697420965 -7.4633250928 -2.3922460230  0.2360411235  0.0136669563  1.0000000000  0.0677705821 -0.0601152412  1.0000000000
 4.5158164842 -6.4939837976 -0.3205520607  3.1795855693 -9.3923172221 -2.2004125990  0.1866478567  0.0180579850  1.0000000000 -0.1560788043 -0.1871338216  1.0000000000
 3.5791432940 -7.4194665120 -4.8250166322  1.6945059724 -5.9330125615 -3.6741721669 -0.1939236132 -0.0716044641  1.0000000000 -0.2380420008  0.2437291695  1.0000000000
 5.8866570304 -7.8546792277 -3.9033199176  4.9498533115 -7.3594140268 -1.8339333501  0.1385779348 -0.2553940639  1.0000000000  0.1393278553 -0.0775884363  1.0000000000
 3.7431359010 -7.3606293171 -3.1613182910  2.2384809208 -5.6636484778 -3.4832732169 -0.0354089391 -0.0309564876  1.0000000000 -0.1143475362  0.2485053361  1.0000000000
 5.7470174707 -8.0495500774 -3.2263500375  2.6691021400 -7.0429989412 -4.7348488532  0.1725106711 -0.2501389921  1.0000000000 -0.2185426276  0.0232996985  1.0000000000
 3.8677957909 -6.8164913756 -1.5013640910  4.5487714388 -7.1196220118 -1.6766163351  0.0772834335  0.0593224579  1.0000000000  0.1071584926 -0.0535444468  1.0000000000
 2.2551581701 -8.0097948419 -2.0125708338  2.4469195915 -5.7976485155 -4.8554881793 -0.1373110426  0.0022505272  1.0000000000 -0.2157877267  0.2820956369  1.0000000000
 4.1993611933 -8.7596100961 -4.8066172342  3.0675201127 -6.7243801178 -1.4991649237 -0.1567780686 -0.3265900793  1.0000000000  0.0291548926  0.0881317699  1.0000000000
 5.8633843745 -7.6566780589 -1.8259825644  4.5788165031 -6.8250469383 -0.2845996200  0.2453876896 -0.1904908831  1.0000000000  0.1831897835 -0.0385453045  1.0000000000
 5.0134258787 -4.8115794694 -2.8934063954  2.5334323096 -5.7545536044 -0.8498651463 0.2517064121 0.1659467280 1.0000000000 0.0305218031 0.2174018736 1.0000000000
 2.7723682851 -6.2084306586 -5.0703529069  3.9314120599 -7.2154599436 -2.1515811518 -0.2516605693  0.1559860901  1.0000000000  0.0160092260  0.0001884518  1.0000000000
 2.9214155264 -8.2197415229 -3.9703294311  5.5554200623 -6.6709681658 -2.0033848430 -0.2160478154 -0.0700700152  1.0000000000  0.2254072945 -0.0614075413  1.0000000000
 5.2734124639 -6.2866374881 -1.4341130232  4.3974491307 -7.5674156078 -1.3531048029  0.2198397658  0.0290689722  1.0000000000  0.0790869885 -0.0523627608  1.0000000000
 4.2872089471 -4.6804774790 -2.7626367878  2.7982897538 -5.4235521069 -3.8088828500  0.1768487870  0.2280349795  1.0000000000 -0.0881910318  0.2419954987  1.0000000000
