170.0000000000
0
50
-1.0462486323 -1.9719475417  1.0276664752 -1.0812269653 -2.7031646724  1.3379682690 0.0917831444 0.1749216633 1.0000000000 0.0619731119 0.0993543216 1.0000000000
 1.3629671147 -4.6495992009  0.5968309114  2.2187973197 -2.3245954741 -0.2775506553 -0.1436311242 -0.1853772582  1.0000000000  0.0624251800 -0.1418772869  1.0000000000
 1.9314060885 -2.7491438273  1.5489722041  1.5827674695 -3.7214995146  0.9644712367  0.1313459395 -0.1896227400  1.0000000000 -0.0310940096 -0.1995189628  1.0000000000
 1.4226682973 -2.5025834166 -0.7178907594  1.9505637952 -3.5997133264 -1.3169955626  0.0064023976 -0.0055917718  1.0000000000 -0.2297977534 -0.1456025152  1.0000000000
 0.6207400525 -3.5738335200 -0.2423637601 -0.7939041836 -4.0698019149  1.4325039849 -0.0808339901 -0.0337152486  1.0000000000 -0.0511343380  0.0496753724  1.0000000000
 0.8530299808 -4.5822315199  0.7987701452  2.0217376472 -5.0990705679 -0.3428141442 -0.1111215345 -0.1472853776  1.0000000000 -0.2756635975 -0.2794188961  1.0000000000
-1.0178631378 -4.8439934895  0.9523913580  0.6570727245 -2.5683899337 -0.8544192907 -0.1833514609 -0.0030097073  1.0000000000 -0.0404063563  0.0737362285  1.0000000000
 1.4222147487 -4.1156347596  1.8234378555  0.3525429139 -2.3828541777  0.7219779272 -0.0102742878 -0.2290928358  1.0000000000  0.0938541271  0.0505799579  1.0000000000
-1.1708432293 -4.8328611264  0.6280530155  0.0873873286 -2.9702530367 -0.4422301951 -0.1663415462  0.0775630704  1.0000000000 -0.0350741576  0.0763982953  1.0000000000
 2.1632881077 -2.8235834517  1.9011463467 -1.7809889944 -3.1154036597  0.4211019825  0.1882845658 -0.2455925126  1.0000000000 -0.0271656174  0.1901906068  1.0000000000
 0.8399181058 -1.8548084390 -0.5263781156 -0.8080609187 -1.6272397181 -0.3131055288 0.0513417162 0.0885032134 1.0000000000 0.0517098316 0.2501711450 1.0000000000
-0.9231276091 -3.0672570512 -1.2541340217  2.0898097073 -2.7754608142  1.6448661903 -0.1644179157  0.1988184469  1.0000000000  0.1194611911 -0.2346185162  1.0000000000
-1.0681715246 -2.0390394925  1.9259075672  1.5047462139 -3.4339141313  0.0961112690  0.1861148372  0.1336157161  1.0000000000 -0.0376554244 -0.1466109356  1.0000000000
 0.2921193849 -5.8650245916  1.2038142951  1.4393516677 -1.5712544662 -0.4802055791 -0.1772483787 -0.1568858196  1.0000000000  0.0826545643  0.0282057795  1.0000000000
 2.4859835656 -2.8955867139  1.2345390981  0.3241177486 -1.3814178279 -0.5003987867  0.1167721442 -0.2535345342  1.0000000000  0.1081779644  0.1869742999  1.0000000000
-1.0191628301 -3.0440429317 -0.5144978180  2.0870581257 -3.4912260807 -0.9774205897 -0.1161135603  0.1953848842  1.0000000000 -0.1667953576 -0.1710241924  1.0000000000
-0.2784658187 -4.2085162404  0.0983625482  1.3065332975 -5.1544676471  1.4396680709 -0.0919053193  0.0095384900  1.0000000000 -0.0964291475 -0.2085703339  1.0000000000
-1.1255604702 -3.9888746700 -0.8598266859  1.7266114812 -3.9910684469  0.1081881948 -0.1976847061  0.1923612637  1.0000000000 -0.0952961306 -0.1962953108  1.0000000000
 1.2594033579 -4.2177473865  1.6794119392  1.5369062668 -2.5813582899  2.8896434774 -0.0618207347 -0.1643386678  1.0000000000  0.1979171986 -0.1589720211  1.0000000000
 1.0875425681 -1.3630904261  1.4477445040  1.1377329989 -1.3206875765 -0.1839402964  0.2601742727 -0.1084762553  1.0000000000  0.1602625374  0.0653421399  1.0000000000
 1.4992540579 -3.7078619172  2.1318015063  0.9380288263 -3.3963844285  3.3417817209  0.0425400205 -0.2119523147  1.0000000000  0.1056472111 -0.1431134777  1.0000000000
 0.0893956394 -2.3927547479 -0.8219752957  0.5332520374 -3.0013578187 -0.0724997954 -0.0685473470  0.1237376886  1.0000000000 -0.0348411531  0.0164077432  1.0000000000
 1.5402714378 -4.6980126411  0.8106274299  0.4098195623 -3.6619403103  0.7499046563 -0.1105104888 -0.2192716837  1.0000000000 -0.0413556063 -0.0381580831  1.0000000000
 0.8365697260 -4.3037479972  2.1477963358 -0.4374282043 -1.7458362875 -0.2196028524  0.0217363365 -0.1619633861  1.0000000000  0.0315407253  0.1926715395  1.0000000000
 1.3637372972 -4.4333966150 -0.8357031941  1.5440555922 -2.4097560297  0.3239240069 -0.2465861230 -0.1174896078  1.0000000000  0.0757741199 -0.1078238754  1.0000000000
 1.0189818912 -3.9887753949  3.0093306957  1.9234633123 -2.9879411360  2.1694950569  0.0755156818 -0.1867572346  1.0000000000  0.1599834474 -0.2220528243  1.0000000000
 1.3736912981 -3.1631543118  0.7955022048 -0.9477810762 -4.7655822372  0.3379265659  0.0316491232 -0.0959318124  1.0000000000 -0.1707298242  0.0674847271  1.0000000000
 1.7260208275 -4.2065022358 -0.7556947447 -0.5130939870 -2.3073380911  0.0901072284 -0.2550857189 -0.1885941680  1.0000000000  0.0222355973  0.1409748233  1.0000000000
-0.7825067853 -2.7557100564  1.7009115139 -0.8772050815 -1.7061821806 -0.5714259275  0.0256836125  0.0691325319  1.0000000000 -0.0082823137  0.2993906331  1.0000000000
 0.5584951457 -3.1351514680  2.7269499210 -0.7500377578 -4.8960139837  0.9482320770  0.1303624906 -0.1110019372  1.0000000000 -0.1222391774  0.0515672391  1.0000000000
 0.1548167586 -4.0565321324 -0.0244186143  2.2138903505 -4.0153633168 -0.3523280798 -0.1386189980  0.0150785975  1.0000000000 -0.1426905786 -0.2523257306  1.0000000000
-0.6800921265 -3.8754137004  1.9881810306  0.6437602768 -4.5508118938 -0.0770984888 -0.0078589314  0.0052384804  1.0000000000 -0.2107475744 -0.0714949686  1.0000000000
-0.0566662128 -3.6370014206  0.2441359273  1.4709404607 -5.3765630704  0.8215253575 -0.0536442426  0.0000879451  1.0000000000 -0.1800749216 -0.2643341353  1.0000000000
 0.0938930323 -0.9803088919 -0.1134596583  1.1144328556 -3.3116288739  2.7258761759  0.2154795330  0.1971230165  1.0000000000  0.1464145489 -0.1428094229  1.0000000000
 1.9902793044 -4.9649395739 -0.2526519445 -0.3575362121 -1.4174458175 -0.9213503856 -0.2631058496 -0.2575998826  1.0000000000  0.0837365321  0.2650496750  1.0000000000
 0.6416132229 -4.0321351195 -1.1594314026 -0.3723170740 -3.7366129968 -0.7118111421 -0.2268487846  0.0079193562  1.0000000000 -0.1824550703  0.1012490271  1.0000000000
-0.4655616695 -2.5078314733  1.1654452490  2.4470116853 -1.3191128879  1.0525156069  0.0492579029  0.0641602585  1.0000000000  0.3278455991 -0.1793430128  1.0000000000
 0.0586355553 -1.9541993548 -0.4735384789  0.5788263022 -3.0234012169  0.8304512920  0.0011747489  0.1126857331  1.0000000000  0.0483965295 -0.0432315610  1.0000000000
-0.3511317359 -3.4229493270  0.4619134485  0.7467539711 -2.8664550689  0.3223340104 -0.0204918699  0.0622898880  1.0000000000 -0.0242138214 -0.0102552580  1.0000000000
 0.0129137876 -1.7812306736 -0.7820326174 -0.5832343031 -1.7845830160 -0.9821811803  0.0161641118  0.2019050645  1.0000000000 -0.0191952699  0.2467391560  1.0000000000
 1.1080459733 -2.4701783875  2.7505207684 -0.6548787071 -2.7846015332  1.5430578506  0.2343980303 -0.0980459072  1.0000000000  0.0854779368  0.0444323709  1.0000000000
 0.0392715654 -4.5728423775  1.5969481965  0.4413390644 -3.0616415642  0.8067544354 -0.0566072575 -0.0660885430  1.0000000000  0.0130582606 -0.0258164030  1.0000000000
-0.4364628010 -3.3711958044 -0.1364249778  2.4189958046 -1.9471665095  0.1169414564 -0.0820006239  0.0989574324  1.0000000000  0.1800949802 -0.1746283276  1.0000000000
-0.9910847799 -3.0499802702 -0.0450142057  0.6379116268 -3.2467365007  2.8874562963 -0.0649989921  0.1264625709  1.0000000000  0.1632314418 -0.1316411517  1.0000000000
 1.0145585152 -2.6486121290  0.7389143488 -0.7327104052 -3.3487157598  1.8920370762  0.0328982537 -0.0661219580  1.0000000000  0.0644515428  0.0721315105  1.0000000000
 1.3589741579 -2.1048310156  1.1467087254  1.9865454094 -3.4290128470  0.4553866974  0.1872061925 -0.0752199656  1.0000000000 -0.0286423769 -0.2204151517  1.0000000000
 1.2331246695 -3.6766920945  3.1946732812  0.4580185489 -3.2533219874 -0.8259860666  0.1121283334 -0.1754130645  1.0000000000 -0.1600226015  0.0444483208  1.0000000000
 1.5126920754 -2.7734485376  2.9534438704  2.3520556609 -3.9016783772 -1.0804877394  0.2048403867 -0.1775259608  1.0000000000 -0.2156781509 -0.2305415484  1.0000000000
-0.4638311136 -1.5613274332  2.2277854550  0.6712229527 -2.9504295946 -1.4623756214  0.2210863493  0.0906263076  1.0000000000 -0.1681925624  0.0414489788  1.0000000000
 1.3150836378 -4.0980708053  2.5574096460 -1.2668428496 -3.1529531121 -0.7988755252  0.0301397202 -0.1933951821  1.0000000000 -0.1618204389  0.1982991166  1.0000000000
