495.7000000000
0
50
 -7.5782034212   6.2298195903  11.2130633004 -11.4791575095   6.9889866639  10.8133124273  0.2151207947  0.0783431044  1.0000000000 -0.2278662031  0.1754498202  1.0000000000
-7.8961798516  4.0820776120 11.9916724106 -9.7916535818  5.7406770908  8.1528489387  0.1741639511 -0.1356545514  1.0000000000 -0.0278010906  0.1108868567  1.0000000000
-8.7063055372  4.1085108297  9.5146231132 -7.7785418033  4.7031883702 11.2974396298  0.0988432529 -0.1527297024  1.0000000000  0.1864310035 -0.0562580600  1.0000000000
-11.3833560050   6.6218628784   9.1874903709 -10.2034419475   5.8971984562   8.7382904457 -0.2084930105  0.2743041959  1.0000000000 -0.0806264390  0.0734412666  1.0000000000
-10.6954537878   4.4468165941   8.5576242979  -7.9915596088   6.4982814554  11.7123447532 -0.1855070268 -0.0559527281  1.0000000000  0.1756958892  0.1063391560  1.0000000000
-8.9631527139  5.5971955946 10.1326432829 -8.9925529537  4.3505109372 10.1305995357  0.1283777935  0.0472605543  1.0000000000  0.1069448683 -0.0568460670  1.0000000000
-8.1275295832  4.2776970770 10.2205138660 -9.4448822314  4.2994532264  9.7937247671  0.1684069065 -0.1543780381  1.0000000000  0.0292458881 -0.0846142331  1.0000000000
 -8.4939761467   5.7910430375  11.5140855771 -10.9817024190   4.8866290268  10.3462572774  0.0861860341  0.0600226935  1.0000000000 -0.1679793644 -0.0187214423  1.0000000000
-11.4257047391   5.9847483414  10.0286304079  -8.6046362147   6.7573048055  10.1759938597 -0.2092309898  0.1054821067  1.0000000000  0.1220597104  0.2315246562  1.0000000000
-11.0403812021   3.1456432717  11.6600854738  -7.9253972967   6.8520213192   8.3395229055 -0.1635114268 -0.2483816151  1.0000000000  0.2630033812  0.2677628232  1.0000000000
-9.3522897524  4.9609960535 11.9626237072 -8.2236522770  6.9921019724 10.4639238803  0.0286014263 -0.0138047242  1.0000000000  0.2135841786  0.1988594529  1.0000000000
-11.0582094662   4.9753427227   9.0454507664  -9.9340689231   6.6842733522   8.3426179462 -0.2144050388 -0.0346978316  1.0000000000 -0.0972634119  0.2691662439  1.0000000000
-11.2884689821   6.1469293922  10.4191422734  -9.4163888264   4.4243258086   9.4743051048 -0.1625121786  0.1172333915  1.0000000000 -0.0017107648 -0.0910754713  1.0000000000
-10.5382557748   6.3432616807   9.9591649909 -10.8617826173   4.4784515192  10.1379872413 -0.1028762461  0.1771618460  1.0000000000 -0.1521584438 -0.0667060273  1.0000000000
-10.8072930905   3.9544203960   9.1204733040 -11.0871531726   4.2732813538   9.5029441282 -0.1662872199 -0.1719671884  1.0000000000 -0.2057530310 -0.0608060480  1.0000000000
-9.2952395086  4.2012461455  9.1584047516 -9.5391763193  6.6931001260 11.2301742334  0.0043475151 -0.1260122657  1.0000000000  0.0143483166  0.1533261749  1.0000000000
-7.4902407123  3.6865901021 10.6444055510 -7.8633310940  3.9806275501 11.1077337755  0.2472644489 -0.1726307713  1.0000000000  0.1750544511 -0.1407979038  1.0000000000
 -8.8846250905   6.2224200697   8.7167615253 -11.4593755948   3.5062805230   9.0819822281  0.1122023988  0.1508235028  1.0000000000 -0.2860675291 -0.2068858281  1.0000000000
 -8.2374539020   5.5731309960  11.0737071575 -10.7829003662   3.4199902854   8.1840367955  0.1392397517  0.0277069687  1.0000000000 -0.2370536052 -0.2212247417  1.0000000000
-9.8965928607  4.4571675214  8.7786289206 -8.7056504072  5.8946087468  9.4068039062 -0.0895805739 -0.1081969756  1.0000000000  0.1242003244  0.0795779149  1.0000000000
-7.6332978432  6.9937248697  9.7726025787 -8.0303186190  6.2241442534 11.9986281379 0.2518977196 0.2668689683 1.0000000000 0.1499777408 0.0963987736 1.0000000000
 -7.5124731068   4.7295390733  10.0533234096 -10.6926771898   3.6218754908  10.0857218600  0.2328218242 -0.0454589163  1.0000000000 -0.1396482955 -0.2212175786  1.0000000000
 -7.6007036469   4.3898733979   9.6297706138 -11.1536174222   5.1575021167   8.3350784892  0.2750057643 -0.0940296926  1.0000000000 -0.2631033058  0.0239825391  1.0000000000
-8.7321869122  4.2574276656  8.3460931231 -8.2915376555  4.3993641486 11.6217006802  0.1605694805 -0.1598772162  1.0000000000  0.1310955349 -0.0418181915  1.0000000000
-10.9560401001   4.8851391880   8.3330634102  -8.2188624933   6.3775726752   9.8752806697 -0.1919707243 -0.0124144258  1.0000000000  0.1970782068  0.1504832135  1.0000000000
-8.3307353618  4.0997759018  8.7848389237 -9.3237357593  4.0204468461  8.7510863084  0.1988828335 -0.1405013304  1.0000000000  0.0538887196 -0.1643192705  1.0000000000
 -7.8560400070   6.0382179861   8.1817003876 -11.2259806094   3.8615297078   8.2676807825  0.3380300006  0.1367761066  1.0000000000 -0.2788772691 -0.2054256147  1.0000000000
-10.0531314167   5.4691593995   8.9824850907  -7.9129777643   5.7752318536   8.8445982090 -0.0783888759  0.0056380309  1.0000000000  0.2613563152  0.0698751369  1.0000000000
-10.7513292765   5.9290386433   9.2585810006  -9.5026488956   5.5764773842  12.0297312022 -0.1263687113  0.1169280427  1.0000000000  0.0094887277  0.0153847144  1.0000000000
-7.6490678496  5.8457597771 11.1818217387 -8.3414754619  3.6730423065 11.8235496745  0.2095895231  0.0935238367  1.0000000000  0.1458762501 -0.1202429980  1.0000000000
-11.3908467062   4.2300049329  11.1863197214 -10.4857694472   4.8771286838  10.3226117684 -0.1501496915 -0.1131079531  1.0000000000 -0.1272281513 -0.0693915580  1.0000000000
 -7.5970852364   5.0706431340   8.4542961223 -10.7415967720   5.0787030955   8.2039764822  0.3273275857 -0.0173451281  1.0000000000 -0.1818012408  0.0117244413  1.0000000000
-8.3675256961  6.0712027879  8.4196089758 -9.7414102045  6.8561929361  9.9037998268  0.2283386518  0.1129462171  1.0000000000 -0.0339952687  0.2627527528  1.0000000000
-10.7600087515   3.9898856272   9.6343425571  -8.3405625368   4.0531137821  10.4116687550 -0.1194892395 -0.1101071748  1.0000000000  0.1364828935 -0.1127486115  1.0000000000
-9.6947783472  3.0855960802  8.4594536755 -9.3578606571  6.8049063440  8.2333721236 -0.0445459663 -0.3180821830  1.0000000000  0.0362092474  0.2585258791  1.0000000000
 -8.1337928469   5.9862179840  11.3454810190 -10.2733625608   4.1296150024  11.5021110136  0.1097605459  0.1228148982  1.0000000000 -0.0752805905 -0.1236729606  1.0000000000
 -8.3889201501   4.5051072597   8.4900549854 -10.3308173313   4.5371678100   8.4467448877  0.2290814943 -0.0696118226  1.0000000000 -0.1412286910 -0.0750728662  1.0000000000
-11.3737630266   4.8935377550   9.2460673225  -7.6976338054   6.8665550490   8.3539000372 -0.2422229366 -0.0163902103  1.0000000000  0.2911271113  0.2469353435  1.0000000000
-10.6492768228   4.3127217366  10.2970766127  -9.8350672905   6.6706002488  10.9466194264 -0.1494391420 -0.0914637862  1.0000000000  0.0091996343  0.1654893104  1.0000000000
-9.8307004058  6.9633490795 10.0715141696 -9.9386713153  3.2012445599 11.9451056269 -0.0152822298  0.2164939333  1.0000000000 -0.0846434322 -0.2236255895  1.0000000000
-11.2874888804   6.4034876497  10.1131670442 -10.2650457480   5.8031232893   9.5161118197 -0.2436806437  0.2060042685  1.0000000000 -0.1050577769  0.0987652710  1.0000000000
 -8.8720061675   6.2848991944  10.6796930786 -11.3932165683   6.5067617491   9.8252496716  0.1464359071  0.0809038298  1.0000000000 -0.2694331628  0.1737799942  1.0000000000
-9.4068302240  3.7421799121 11.0648589743 -9.6840827329  4.0719095818 11.2053514386  0.0194483844 -0.1375382712  1.0000000000 -0.0009725049 -0.1063232789  1.0000000000
-8.5284413999  6.2870164337 11.0333428043 -8.9342173554  5.1930378328 11.9050205390 0.0848830872 0.1466786818 1.0000000000 0.0390970219 0.0141512752 1.0000000000
-9.0272669155  3.1596124017  9.6879591329 -9.0895519218  7.0061041033 11.3369109890  0.0711756130 -0.2487693617  1.0000000000  0.0586050015  0.2141974742  1.0000000000
 -9.6929843068   4.9582099580   8.8858872681 -11.0088124571   6.3588741957   9.1385494140 -0.0265332509  0.0036174417  1.0000000000 -0.1884321418  0.2148827256  1.0000000000
-7.8155397951  5.1392230060 10.4209670374 -8.4254969252  6.8380949693  9.0597240170 0.1861528749 0.0042826012 1.0000000000 0.1383382679 0.2462597949 1.0000000000
 -7.7849455932   5.8067973248   9.2587823660 -10.7908322968   4.8414986247  11.3680068149  0.2376871257  0.0815362498  1.0000000000 -0.1167427908 -0.0551496162  1.0000000000
-7.6688434075  3.8824211061  9.1408022511 -9.6615151612  3.6103184222  8.1879732252  0.2317548963 -0.1863784665  1.0000000000 -0.0090196112 -0.2445683074  1.0000000000
-9.6474073311  5.2334732837 10.7076170759 -9.7969979945  4.4913079076  9.1526197123  0.0172164730  0.0381667375  1.0000000000 -0.0209653564 -0.0477349839  1.0000000000
