858.1000000000
0
50
-4.9246234431  0.4329099934  7.6648522397 -4.2686526469  0.5275435310  8.2189047906  0.0810047435  0.0618930452  1.0000000000 -0.0012607940  0.1518348967  1.0000000000
-2.4087051651  0.6364639396  7.4083347214 -2.8585880382  0.2196693490  6.4457345544 -0.2199568308  0.0135058871  1.0000000000 -0.1823487927 -0.1529635440  1.0000000000
-2.6240143155  2.0348268302  7.4752291424 -5.5001142431  1.6482967574  7.0704663717 -0.1826381202  0.0267852289  1.0000000000  0.1683673827  0.0789380818  1.0000000000
-3.2229687675  0.6891737393  8.5361417752 -3.8432329070 -0.0089011478  5.9505244980 -0.1278963205  0.1596535531  1.0000000000 -0.0478153744 -0.2383331885  1.0000000000
-5.0506492365 -0.7106828126  5.7473728628 -5.5519522844  2.8586527211  6.0095831852  0.1729160596 -0.3382712940  1.0000000000  0.1625328335  0.0192178500  1.0000000000
-4.3838153707  0.2289459996  7.8441468352 -2.9882485705  2.6473252666  7.2985635786  0.0088084544  0.0378836226  1.0000000000 -0.1140067383  0.0839508136  1.0000000000
-5.2738165246  1.2188139618  8.7398859313 -5.7989151141  0.1393524594  5.7744233197  0.1492152831  0.2757741805  1.0000000000  0.2459089477 -0.2088066368  1.0000000000
-4.6173243518  1.6513252425  7.6926166490 -2.7370129917  0.9883180424  5.6828168211  0.0458256618  0.1136236117  1.0000000000 -0.1511757858 -0.1531808115  1.0000000000
-5.9051711380  0.7414027946  5.8872347205 -2.5044888323  1.5940597178  6.8898959581  0.2880146701 -0.0994740533  1.0000000000 -0.1482690613  0.0162340131  1.0000000000
-2.5160175792  3.2680670276  6.2491704910 -4.5103917212  2.0998158210  5.6140272479 -0.1372408378 -0.0226741924  1.0000000000  0.0637213556 -0.1083027233  1.0000000000
-3.0135613181  1.7430511709  6.2247221865 -5.8020567641 -0.4160587850  5.4861562563 -0.1059057905 -0.0520919943  1.0000000000  0.3130824982 -0.3328116667  1.0000000000
-5.5227520648  0.6147045231  5.7556736657 -2.5072661062 -0.3357860571  7.5097973672  0.2027197036 -0.1721032647  1.0000000000 -0.2543285820 -0.0820594920  1.0000000000
-5.1035109612  3.8565687073  6.8957891969 -5.6019105220  1.5357635358  5.6451268106  0.1247159089  0.0804366349  1.0000000000  0.2081350982 -0.1386558612  1.0000000000
-2.7705614802  2.6200645055  6.9694785815 -4.3875962744  1.7848547208  4.9683922696 -0.1323407518  0.0081102347  1.0000000000  0.0848982874 -0.2039250474  1.0000000000
-2.3524289553  1.9581211113  4.9915416925 -3.8157617589  3.7391009318  7.0600766704 -0.1834838859 -0.2097096288  1.0000000000 -0.0178373077  0.1236274907  1.0000000000
-5.1629074855  1.8859513494  5.9518837124 -5.2865536356  2.9844501950  5.8770822474  0.1727157032 -0.0392104185  1.0000000000  0.1710722570 -0.0494790716  1.0000000000
-2.3596306849  3.1172636409  7.6395755432 -4.0304866904  2.7757375016  7.6241555857 -0.1693319333  0.0823134753  1.0000000000  0.0082576657  0.1418214998  1.0000000000
-3.1557050368  2.8092321958  7.5053618546 -4.1399290620  1.2563055351  6.0160777869 -0.1004230781  0.1088106202  1.0000000000  0.0329271904 -0.1211770203  1.0000000000
-2.4812683598  0.3949453483  5.4555746825 -3.2152138279  2.2169289561  7.5977829681 -0.1878510857 -0.2346838144  1.0000000000 -0.1441670280  0.0726204349  1.0000000000
-3.5782213699  0.5964519737  7.3805663234 -2.5890042794  0.9756994255  7.0965647988 -0.0766819908 -0.0045953298  1.0000000000 -0.2056651075 -0.0209694232  1.0000000000
-3.6419682637  1.9927508460  4.6766879666 -6.0473162060  2.7757266332  7.7453997417 -0.0022836151 -0.2313753029  1.0000000000  0.2016921643  0.1847699143  1.0000000000
-5.1963031047  1.8098696601  7.3734186377 -4.2370920210  1.3922932981  6.2020913293  0.1600237057  0.0921164177  1.0000000000 -0.0264446158 -0.0679046111  1.0000000000
-2.9047690176  2.5163452442  4.5709739727 -4.6493284345  0.6579567146  7.3091938450 -0.0651556311 -0.2007585404  1.0000000000  0.0769871719  0.0051605646  1.0000000000
-4.6745759168  3.2411085503  7.8319914153 -3.2691221627  2.9354794699  6.2291248286  0.1128890470  0.2033043659  1.0000000000 -0.0561775412 -0.0064960351  1.0000000000
-5.7401946985  0.6829119327  7.8434629361 -3.1005350529  0.6639589971  5.3401376115  0.2344581099  0.0820465387  1.0000000000 -0.1198824527 -0.2169460831  1.0000000000
-3.6534902071  2.3713983858  8.0013332408 -3.2947896348 -0.2406478445  7.4414518914 -0.0980578171  0.1655328956  1.0000000000 -0.1419097467 -0.0301617858  1.0000000000
-5.7646228649  4.0878061260  7.0083792714 -3.0609372192  2.1522598048  6.0075222989  0.2025968809  0.1506129797  1.0000000000 -0.1287189522 -0.0602521441  1.0000000000
-3.4735896416  0.4427074840  6.5029292570 -5.5312072027  1.9976872352  6.3578628782 -0.0626287815 -0.1166082713  1.0000000000  0.2337979092 -0.0194280443  1.0000000000
-5.2809643865  0.0569343441  6.0836454849 -2.8886074849  1.9456594445  4.9336914611  0.1937490530 -0.1599639102  1.0000000000 -0.0577613225 -0.1808474459  1.0000000000
-5.9917400827 -0.1292193133  5.9667565540 -2.0442874423  3.4494995136  6.8318095906  0.3127106170 -0.1365320708  1.0000000000 -0.1694327700  0.0585739496  1.0000000000
-5.4454218634  0.3206901531  5.7741528826 -3.0324263868  1.4771059949  5.6644286658  0.2233411569 -0.1885460889  1.0000000000 -0.1116792014 -0.1279676560  1.0000000000
-2.3516453915  2.2800814986  5.2548984245 -4.1162178237  3.2983330010  7.7041233880 -0.1900416849 -0.1546398169  1.0000000000  0.0370136144  0.1848216117  1.0000000000
-5.2387985316 -0.4813311122  6.0259390232 -3.3542114468  1.5752150681  7.8686336762  0.1883069276 -0.2251347391  1.0000000000 -0.1063643881  0.0868079254  1.0000000000
-4.3511215377  1.4291354696  8.5258050712 -4.6469681091  0.3293706777  8.0181607278 0.0267508603 0.2273002452 1.0000000000 0.0870601082 0.1261999208 1.0000000000
-5.3313115269  1.5711490577  7.8449443554 -3.8866509955  1.3060452304  7.9717207570  0.1428718026  0.1415592370  1.0000000000 -0.0399959620  0.1375377101  1.0000000000
-4.7145129226  1.8123621991  8.7328433809 -5.3611434068  0.6379734537  7.3899986748 0.0668067684 0.2636329249 1.0000000000 0.1386703018 0.0420141258 1.0000000000
-5.8100295982  1.4126008688  6.2537192136 -5.1617524323  1.5012367442  5.2824221126  0.2436316262 -0.0326475754  1.0000000000  0.1715000740 -0.1413820665  1.0000000000
-6.0069121955 -0.2523729296  6.1971843881 -4.7072871228  3.1489590497  6.5165879045  0.3183807078 -0.1766874655  1.0000000000  0.0662468553  0.0303826856  1.0000000000
-4.7129825272  0.8889227750  8.7062027798 -3.1653669797  2.6442895926  8.3304440804  0.0375159708  0.2590165680  1.0000000000 -0.0862813965  0.1874518391  1.0000000000
-6.0725151118  0.1005765225  6.1111408170 -4.7871727684  3.2718017075  6.1468423543  0.2885537148 -0.1282487841  1.0000000000  0.1420977558  0.0010645186  1.0000000000
-5.1488274716  1.5719616927  8.2703904868 -2.7667072440  2.1360917820  4.6178828075  0.0905336149  0.2036171046  1.0000000000 -0.1016759400 -0.2107105857  1.0000000000
-4.7285569830  2.1165060368  6.2989283414 -5.2638303890  1.2146240118  4.7577333915  0.1039649235 -0.0294760907  1.0000000000  0.2252430301 -0.2418218095  1.0000000000
-2.3598521887  0.4818799143  5.7821373328 -5.2409097518  1.8878889789  8.4491859808 -0.1646987670 -0.1821966420  1.0000000000  0.1244794332  0.2381616828  1.0000000000
-4.4440272455 -0.8071990153  5.8337662817 -4.1785183884  2.1747740385  7.0964374123  0.0442629795 -0.2745266827  1.0000000000  0.0282115581  0.0395014616  1.0000000000
-5.1435509751  3.2600218036  7.1120828681 -3.3288604401  2.9490160343  7.0762641266  0.1532238780  0.1255366075  1.0000000000 -0.0984634673  0.0472611591  1.0000000000
-3.0704180835  2.3670131066  8.6761043748 -3.2387618740  1.0166725371  8.6532300298 -0.1700325090  0.2313293637  1.0000000000 -0.1718597450  0.2430480492  1.0000000000
-4.7406647407  1.4533997315  6.5735305014 -4.8222664659 -0.4424220114  5.4920869352  0.0798910393 -0.0432865745  1.0000000000  0.1669348971 -0.2843544217  1.0000000000
-4.9949696897  3.3326864400  5.3969585159 -5.3601742252  0.5988231769  8.1341326334  0.1334398250 -0.0530496118  1.0000000000  0.1624055474  0.1664577888  1.0000000000
-5.1978980418  3.2180169564  7.0234695794 -3.7218639585  0.9208324556  6.4108227921  0.1358514868  0.1430801830  1.0000000000 -0.0459053914 -0.0807929905  1.0000000000
-2.4950631742  2.3686331949  4.9807638542 -5.6814772045  2.9571742090  7.7147477520 -0.1389632270 -0.2177455649  1.0000000000  0.1831478988  0.1707732493  1.0000000000
