229.8000000000
0
50
-4.0311361335  3.7639039633 18.4753472191 -6.7921361150  2.8616264060 19.0762271837  0.1448018567 -0.0003948072  1.0000000000 -0.1361507797 -0.1277454691  1.0000000000
-6.8040169870  5.0711941029 18.1837917086 -5.1082689080  4.2222501829 16.2188139212 -0.1277971803  0.1417429916  1.0000000000  0.0403400878  0.0428220730  1.0000000000
-5.6764356764  3.8304336872 18.3877578521 -6.1244233818  5.8884247851 17.8375039714 -0.0225795701  0.0237733355  1.0000000000 -0.0620065948  0.2624157294  1.0000000000
-5.6744572411  4.7797282598 17.6945097062 -6.3955524303  4.8620982086 17.8854209209  0.0064050942  0.1351046115  1.0000000000 -0.1003442122  0.1322723696  1.0000000000
-6.5026443600  5.6687617249 18.5113766190 -7.1110640544  2.3640085668 18.8538684530 -0.1115636646  0.1515779574  1.0000000000 -0.2231976716 -0.1429854285  1.0000000000
-5.3930748652  5.8645184897 16.2990218877 -4.2964255057  5.8753685348 15.6382588765 0.0263140794 0.2590066091 1.0000000000 0.1458856447 0.2809119350 1.0000000000
-5.0218869256  4.6858071227 16.0959216337 -6.8840872572  5.5312982254 16.7588011261  0.0424377159  0.0811364716  1.0000000000 -0.1754821739  0.2338663924  1.0000000000
-4.9021224770  4.6147816242 18.9681241263 -4.8320210596  3.2498773878 16.5589847913  0.0257806119  0.0807682007  1.0000000000  0.0702163773 -0.1119850088  1.0000000000
-6.0762769766  5.5051716216 18.0348452465 -7.0190511069  4.2178822080 15.6593973137 -0.0662364329  0.1918605037  1.0000000000 -0.2212694992  0.0534507210  1.0000000000
-7.1532534363  3.3025527524 16.6073616336 -6.5565597485  2.9965051888 17.5330981425 -0.2438593233 -0.0679472916  1.0000000000 -0.1473188181 -0.1659366021  1.0000000000
-6.7622764199  3.9044470881 17.7991178312 -7.0078052371  4.2960639122 15.8587168252 -0.1652650413 -0.0281927125  1.0000000000 -0.2643959786  0.0464445084  1.0000000000
-4.4323297505  4.9903446193 19.0591209956 -4.7230591804  2.5194337895 17.2405350683  0.1152433968  0.1360791146  1.0000000000  0.0848325913 -0.1823430543  1.0000000000
-5.9588927785  2.1113366970 17.7453119308 -4.7845981276  3.6310984315 16.3568977209 -0.0785694159 -0.2244545201  1.0000000000  0.0970202606 -0.0350168575  1.0000000000
-5.1219404017  2.1385170369 18.7525606582 -6.9078777727  2.6680648233 16.1290727879  0.0217758545 -0.1372495481  1.0000000000 -0.2129113241 -0.1613026981  1.0000000000
-5.5963626809  4.1235700340 16.5814691877 -4.4238901176  2.5310002572 16.6566615267 -0.0213106859  0.0394027581  1.0000000000  0.0947195596 -0.1913891813  1.0000000000
-6.4919732829  4.9629929698 17.5876733442 -4.2171509444  5.6233830324 18.2534080866 -0.1204993999  0.1440923860  1.0000000000  0.1511729871  0.1707141474  1.0000000000
-5.0932497383  5.3040878224 18.5848239558 -4.4729369966  3.5032180920 17.4472883589  0.0383880965  0.1682910512  1.0000000000  0.1543128386 -0.0358253779  1.0000000000
-4.1932111969  2.2553092553 15.9394743037 -6.6592375885  3.2030802308 17.3289987268  0.1517921290 -0.2200860016  1.0000000000 -0.1541506350 -0.0406591345  1.0000000000
-6.3572056451  2.9540962487 15.8667484755 -5.7139387233  3.8211612505 18.1172656899 -0.1475582501 -0.1665738578  1.0000000000 -0.0372187392 -0.0023420549  1.0000000000
-3.6466005464  5.2112958322 18.6224189247 -7.0330305815  2.7495811908 16.1922768749  0.1772250903  0.1321469508  1.0000000000 -0.2347444025 -0.1660203904  1.0000000000
-4.0767644454  4.9518883068 19.2465982379 -4.3321488148  4.0492846829 16.0897760907  0.1156145633  0.1168466530  1.0000000000  0.1873685178 -0.0166602980  1.0000000000
-4.8750143572  3.3322087935 15.2552298115 -3.4593800808  5.4599568022 17.7536948339  0.1063833638 -0.1449731863  1.0000000000  0.2600292711  0.1871634929  1.0000000000
-7.1576441025  2.2123702038 16.3744715395 -5.9373614138  4.4740987813 15.6264462366 -0.1794593411 -0.2663248834  1.0000000000 -0.0583842705  0.0529354202  1.0000000000
-5.0293847217  5.1721298453 16.3574691379 -7.0518363323  3.9161440491 17.2140517579  0.0562455799  0.1200412939  1.0000000000 -0.1779497432  0.0061071515  1.0000000000
-3.7627044451  3.2199202537 18.8403146459 -7.0135305177  4.1550983798 18.6633957389  0.1596543382 -0.0786678886  1.0000000000 -0.1323545810  0.0262968550  1.0000000000
-3.9399661916  4.1882983251 18.9580516589 -6.0025759080  4.9930543462 18.3431765387  0.1935760949  0.0304234667  1.0000000000 -0.0588569450  0.1218915555  1.0000000000
-4.7848542895  5.1743412575 17.3841909715 -5.2575739063  3.6658089026 15.7169274983  0.1201596399  0.1218805740  1.0000000000  0.0627600175 -0.0721276163  1.0000000000
-5.0391737269  4.9473658604 15.7747544602 -6.6303918518  5.2348578602 15.9146500543  0.0451053201  0.1690757268  1.0000000000 -0.1381936476  0.1693833158  1.0000000000
-3.3881132938  2.3070904294 17.1652610489 -5.4354253420  4.3248488193 15.6647899946  0.2490898311 -0.2338807919  1.0000000000  0.0192689713  0.0645260956  1.0000000000
-4.1162839917  3.9989134608 15.9611673222 -5.7287424508  3.3831453589 15.4905932394  0.1792483109 -0.0375602703  1.0000000000 -0.0006326844 -0.1054121782  1.0000000000
-3.4322254255  3.1432376193 15.8594977918 -4.2571490147  2.1854884345 15.2322658687  0.2745250970 -0.1719175923  1.0000000000  0.1916962873 -0.2992207684  1.0000000000
-5.1527962437  4.1067698778 16.7771193585 -3.5707804368  4.7691064086 15.4573103798 0.0267600755 0.0187245617 1.0000000000 0.3349302698 0.0866854132 1.0000000000
-4.7330021946  5.0475879945 17.5552050083 -5.5175317159  5.7294320270 15.9447446526 0.0842577472 0.1054413335 1.0000000000 0.0418611881 0.2498091846 1.0000000000
-5.1761274997  3.7250124798 16.5818957177 -6.9343359311  4.0669061328 16.5011118856  0.0317558407 -0.0442669553  1.0000000000 -0.2061541306 -0.0012217785  1.0000000000
-5.0783826169  4.7239813345 18.4914078975 -3.7696743790  5.1300486873 17.7617408741 0.0511128643 0.0788788705 1.0000000000 0.2148948074 0.0851812090 1.0000000000
-6.7699713725  5.8469746167 15.3842467771 -6.7519614644  5.6951449764 19.2674462409 -0.2287858041  0.3261577545  1.0000000000 -0.1454642492  0.1798929735  1.0000000000
-4.5423657110  3.3867725805 18.1324349260 -5.9284097859  3.6129238449 16.3475398279  0.0850331996 -0.0482458108  1.0000000000 -0.0568208365 -0.0675784563  1.0000000000
-6.9383581403  5.8200588639 16.3032501149 -7.1354915431  2.2200653776 18.7328121835 -0.1634533204  0.2737016847  1.0000000000 -0.1402749858 -0.1596353854  1.0000000000
-5.4685258245  3.7929218083 16.7531783164 -7.4129504345  4.8294488243 18.9910297783 -0.0137033583 -0.0189320506  1.0000000000 -0.2220576038  0.0735950972  1.0000000000
-4.5253814754  4.3923300297 15.3966020426 -5.3377210307  2.6329441943 17.6005061057  0.1775539983  0.0335541310  1.0000000000  0.0072401360 -0.1334105732  1.0000000000
-5.5281245819  2.6787111935 17.2453861777 -5.6020401905  2.5432288351 17.8911335309 -0.0364089318 -0.1241782042  1.0000000000 -0.0024339732 -0.1458677793  1.0000000000
-4.2705393011  5.4722500519 18.8055651565 -6.5304236069  2.6094498229 17.3935446322  0.1066440609  0.1840534572  1.0000000000 -0.1376737553 -0.1635610670  1.0000000000
-6.7249335595  3.4500918505 18.8679802669 -6.2482039620  3.3382748248 15.3470999628 -0.0976652037 -0.0332213254  1.0000000000 -0.1111822346 -0.1252762748  1.0000000000
-4.5100318278  4.9239265473 15.6407142778 -5.4369732688  4.4574426680 17.4907958079 0.1414154869 0.1289449831 1.0000000000 0.0289964572 0.0890654886 1.0000000000
-7.1729491636  4.5163705969 17.4867749984 -6.4031278815  3.0861270831 16.2266135038 -0.1970163935  0.0451568971  1.0000000000 -0.1486981291 -0.1208285986  1.0000000000
-5.7718656902  5.0699189176 18.3489564683 -5.0663490952  4.0077165488 16.0567751294 -0.0289017732  0.1521492776  1.0000000000  0.0383026375 -0.0007310669  1.0000000000
-5.4829774702  3.3258602938 17.7205606099 -4.8594060594  5.6630281724 17.0518993701  0.0166903054 -0.0431725450  1.0000000000  0.0785584936  0.2160410128  1.0000000000
-7.1888834874  5.1862269640 17.7871405675 -5.9163100006  5.3569470594 18.4410843799 -0.1836215951  0.1721123122  1.0000000000 -0.0428715288  0.1696590682  1.0000000000
-7.0976601295  5.8479257118 15.5351870074 -4.5286213359  3.9734633964 18.3034399134 -0.2792649741  0.3179038873  1.0000000000  0.1195519876  0.0342517844  1.0000000000
-5.7979469952  2.2891763198 16.1213393053 -4.7431908534  3.3745291140 16.4202349467 -0.0314005931 -0.2647873390  1.0000000000  0.1001360510 -0.0890174236  1.0000000000
