394.1000000000
0
50
 7.6671842693 -1.4857851468  4.7399789638  6.1808694585 -2.6290639946  2.9437705367  0.1898696285 -0.0279405837  1.0000000000  0.0544935477 -0.0430105673  1.0000000000
 5.9540365325 -1.3216732033  2.7404891150  6.3286263463 -3.9925372377  5.5791296313  0.1405954349  0.1221255622  1.0000000000 -0.1157171959 -0.1976035455  1.0000000000
 8.1804587091 -2.4118449733  4.5586566414  5.6616563420 -2.1896453550  4.9071790527  0.1613356096 -0.1932558248  1.0000000000 -0.0041248370  0.0085655705  1.0000000000
 7.0858371546 -2.2909552494  5.6111177950  4.0328426191 -3.0837183962  3.0978403891  0.0118195347 -0.0710192302  1.0000000000 -0.2370722202  0.1923173805  1.0000000000
 8.4370694133 -2.3176682518  3.0824332208  4.5328963371 -3.0475410189  2.0178990258  0.2704198389 -0.2047213508  1.0000000000 -0.1613444362  0.2001363198  1.0000000000
 6.0810252703 -2.4883984949  2.8264391232  6.4370874773 -0.5215027522  2.0407472979  0.0038984039 -0.0172352105  1.0000000000  0.2623377267  0.1621717695  1.0000000000
 7.8304312283 -2.9207280422  4.4791668422  5.5752064063 -0.3618667404  2.9950504535  0.0970100254 -0.2033214314  1.0000000000  0.2028379427  0.2292294969  1.0000000000
 6.6630861820 -0.7581391464  3.7713033133  6.1006469585 -2.6930305592  3.4436014407  0.1901643357  0.0794785405  1.0000000000  0.0028154628 -0.0171485400  1.0000000000
 7.0561885681 -1.6816869561  4.9323262862  5.5023795210 -1.9015565914  3.5074853599  0.1598259734 -0.0075444080  1.0000000000  0.0503879795  0.1003050407  1.0000000000
 7.5950266420 -3.3569169297  3.8936401560  6.6893102856 -4.2267754104  3.8884951138 -0.0007721868 -0.2424470454  1.0000000000 -0.1228337546 -0.2204475717  1.0000000000
 7.3016641519 -1.9906434170  4.2554379621  6.1164482071 -2.5358347427  2.4912517925  0.1671811073 -0.1206275612  1.0000000000  0.0556059654 -0.0120072877  1.0000000000
 7.2345254700 -3.2711212690  2.4364722388  6.0800975256 -1.9168581856  5.0284639386  0.0822411849 -0.2134943561  1.0000000000  0.0566931875  0.0185775901  1.0000000000
 6.3355415307 -4.1770167469  4.6496290418  6.3271082804 -1.9058810808  3.8213413311 -0.1791784499 -0.2020982849  1.0000000000  0.0796658391  0.0118574583  1.0000000000
 5.0898833944 -4.4418677218  2.1754002460  5.8058344067 -0.7701850723  4.5378788444 -0.3155052736 -0.0622674402  1.0000000000  0.1478862014  0.1425616469  1.0000000000
 7.2539133430 -2.3372583469  2.7193696432  6.2187540405 -0.5205234164  4.8410271031  0.1501789264 -0.0721715480  1.0000000000  0.1280821842  0.1185481189  1.0000000000
 5.2262165408 -3.9079590905  2.5562547089  6.1854690083 -1.5258413517  5.1933212389 -0.2029376674 -0.0468388336  1.0000000000  0.0710889401  0.0403652089  1.0000000000
 6.0724949315 -1.0146438497  3.2289041928  5.2345097405 -3.0711952913  2.0124259393  0.1509761345  0.1196500245  1.0000000000 -0.1184185013  0.0529433183  1.0000000000
 6.7232482304 -3.3428826507  4.1670318143  6.6323234962 -0.2667095199  4.4189772417 -0.0197146046 -0.1708561652  1.0000000000  0.1995168769  0.0909898810  1.0000000000
 4.7669306941 -2.3702492865  3.3954356630  4.9360154292 -3.5993069368  3.7515405833 -0.0995937733  0.1552108992  1.0000000000 -0.1506717878 -0.0242628243  1.0000000000
 4.9479390759 -2.2378243660  2.3516429654  4.9021853015 -2.8270389534  5.5424445319 -0.0649161234  0.1448714255  1.0000000000 -0.1287232692  0.0253424129  1.0000000000
 5.6211087822 -1.4632617206  4.5201792478  4.8481490423 -2.8584602936  5.3755547351 -0.0050576830  0.1176515797  1.0000000000 -0.1176347585  0.0531019998  1.0000000000
 8.4414516269 -2.6063859297  3.5819002792  7.1167229781 -3.9558322857  2.9623327631  0.2417752548 -0.2218756318  1.0000000000  0.0174670957 -0.2405480940  1.0000000000
 6.0870526246 -1.6439544773  3.8773250120  6.1590655666 -2.7668196850  5.8181747260  0.0482636003  0.0699653071  1.0000000000 -0.0415931873 -0.0614476602  1.0000000000
 4.2941528421 -2.4972433264  5.6735872634  7.1535711189 -3.1580131308  2.7852127988 -0.1699149036  0.1072009024  1.0000000000  0.0671077237 -0.1792764597  1.0000000000
 6.0725648303 -3.4333775435  3.2819918755  8.0672186816 -1.7525020024  4.4901466300 -0.0763035041 -0.0914581084  1.0000000000  0.2060310340 -0.1014167861  1.0000000000
 5.2260577606 -0.5187740329  5.0539465914  4.4558143150 -2.3639378263  3.6381536141  0.0926909830  0.1499995738  1.0000000000 -0.1200535870  0.1654694960  1.0000000000
 6.0821054186 -3.6301313610  4.3662108341  5.4694359853 -2.9166743918  3.7750296505 -0.1245051245 -0.0907501702  1.0000000000 -0.0760524218  0.0122758091  1.0000000000
 8.5197966911 -2.0845657476  5.2352382823  6.7511188128 -4.1843944232  4.2193997952  0.2063560426 -0.1512525471  1.0000000000 -0.0718938860 -0.2327376729  1.0000000000
 3.4304441384 -2.0799311058  5.5257116165  5.9506737754 -4.2715430625  2.1274641606 -0.1406397571  0.1712384089  1.0000000000 -0.1817367361 -0.1710030445  1.0000000000
 5.9833220660 -2.0462948200  4.1400899250  7.4397807565 -1.9279192575  5.4147773136  0.0168310488  0.0164661892  1.0000000000  0.0797251602 -0.0515215654  1.0000000000
 7.5835579996 -2.4855769221  5.2143992527  5.6332141452 -2.1304902656  3.7945614076  0.1039541952 -0.1374295718  1.0000000000 -0.0159249949  0.0635418803  1.0000000000
 7.5961113560 -2.3326412848  4.6907492940  4.7271343100 -2.9802460764  1.9548011342  0.0892228321 -0.1585234522  1.0000000000 -0.1821765915  0.0700042872  1.0000000000
 5.2471006498 -2.8463066839  3.1516526611  6.7071876659 -4.0193030134  2.9373411289 -0.0761055949  0.0338769093  1.0000000000 -0.0515958588 -0.2017310145  1.0000000000
 7.0012980246 -4.1176215815  4.0855299856  7.5866558441 -3.4321738072  4.0795721269 -0.0718188001 -0.2447292709  1.0000000000  0.0320171222 -0.2529848991  1.0000000000
 4.6608557211 -2.9139436244  5.0256943427  5.5076694733 -2.5934425435  3.0295282415 -0.1844301996  0.0449300040  1.0000000000 -0.0725063341  0.0560967476  1.0000000000
 6.2908615686 -2.6493865107  1.9882045631  3.8931199592 -1.8967142459  4.7765887624  0.1046845489 -0.0170304144  1.0000000000 -0.0770397434  0.1814196198  1.0000000000
 5.0647763126 -2.3804934480  2.6585434479  4.2969722250 -2.7928417705  5.7702644662 -0.0554568016  0.0969249365  1.0000000000 -0.1590495667  0.0997362688  1.0000000000
 7.6938386304 -3.5557602655  2.6409857940  7.3921181199 -2.3989351349  3.7023280073  0.1035865692 -0.2484754941  1.0000000000  0.1433033681 -0.1425967793  1.0000000000
 6.0243446302 -0.7068083309  4.9275426847  7.2729140472 -2.3146840844  2.4667005942  0.1220494860  0.1021602475  1.0000000000  0.1835134608 -0.1296865115  1.0000000000
 7.0718520972 -3.6178936210  5.0039748532  7.7831819496 -1.0985844840  4.9996922778 -0.0490380424 -0.2037504891  1.0000000000  0.1984045376 -0.1053299747  1.0000000000
 5.9721217874 -2.9751616962  2.9979224756  6.7194375506 -3.4447275358  5.3508747937 -0.0120008450 -0.0459149821  1.0000000000 -0.0480564534 -0.1261960942  1.0000000000
 5.0920475547 -4.3137772198  2.2528679011  7.2435904515 -2.1938102200  3.3012157674 -0.2617603884 -0.0826744153  1.0000000000  0.1317726162 -0.1135897454  1.0000000000
 6.7406666431 -1.5955118152  3.4152887324  6.0626016039 -5.3725235176  2.5735775583  0.1775107628 -0.0015895890  1.0000000000 -0.2882182244 -0.3217179471  1.0000000000
 5.8016629516 -0.3778384506  4.6741895666  6.1969682315 -4.7125269228  4.3952985647  0.1473572258  0.1287130050  1.0000000000 -0.1930724776 -0.2402708238  1.0000000000
 4.1255653482 -2.5962920543  3.2216695794  5.5766795527 -1.5884215783  4.6122987209 -0.1670068226  0.1796271163  1.0000000000 -0.0283354423  0.1112767633  1.0000000000
 5.9032459888  0.3580066303  4.1495620833  3.9175867971 -2.8600737435  2.4464466482  0.1855453641  0.2109433399  1.0000000000 -0.2117661863  0.1838075513  1.0000000000
 4.9236142739 -1.4826289424  3.6190346702  7.5293788594 -2.1567497761  3.8238227905  0.0193482815  0.1525485039  1.0000000000  0.1337075328 -0.1113679915  1.0000000000
 4.8088193647 -2.4939206765  3.0488916896  4.5616942305 -2.4361753422  2.1327230562 -0.1007758251  0.1438950865  1.0000000000 -0.0678273046  0.1600235797  1.0000000000
 4.7567702928 -3.3544937808  2.3673442255  6.3876893856 -3.8697609401  5.5376361404 -0.2052340227  0.0616321606  1.0000000000 -0.0774687227 -0.1732639110  1.0000000000
 4.9542617374 -3.4393092429  5.8907697061  7.4531758101 -2.7697694621  2.2064279093 -0.1373854363 -0.0116102346  1.0000000000  0.1789270965 -0.1850595681  1.0000000000
