705.6000000000
0
50
  2.3054856376 -10.2949266060   2.6311180777   1.2990166662  -9.4455857314   3.8861622535 -0.1595385158 -0.0390986370  1.0000000000 -0.0077258590 -0.0154287140  1.0000000000
  0.8969467129  -7.4290345420   2.8311523352   2.8035215819 -10.6571458713   2.4445786281  0.2423379278 -0.1984783041  1.0000000000 -0.2820865163 -0.0513662287  1.0000000000
  0.0925336268 -10.3539566276   1.4412466377   2.9830438077  -9.1415588548   1.8960274075  0.1299026662  0.1674924602  1.0000000000 -0.0800564214 -0.2570002577  1.0000000000
  2.3815706835  -8.9482187666   2.6131796153   0.9463933153 -11.4739173277   2.9630047837 -0.0335608504 -0.1693066056  1.0000000000 -0.1360720173  0.2389081087  1.0000000000
  0.5942928714  -8.5705962395   3.3735787804  -0.7853359731 -10.3742660682   5.0003429439  0.0970320339 -0.0917463710  1.0000000000  0.0210187170  0.1888469650  1.0000000000
  3.5042112895  -9.9884451694   2.6505290895   0.4348381596 -10.7271725575   2.9291732617 -0.3018496209 -0.2151735028  1.0000000000  0.0275712118  0.1635046101  1.0000000000
 0.9729541496 -8.6110428232  4.1911635958 -0.5079880177 -8.1748467496  3.0969462457  0.0163404821 -0.0521403162  1.0000000000  0.2558052665  0.0484905492  1.0000000000
-0.0343223931 -8.8145020179  3.6133415236 -0.2643227317 -9.1501467156  2.3388159359  0.1704008603 -0.0033507477  1.0000000000  0.2065521969  0.0563784724  1.0000000000
  1.2616025850 -11.7221118878   4.5649096056   0.8859523683  -8.1259833553   0.8761942101 -0.2264657114  0.2492713811  1.0000000000  0.3004753462 -0.1873631033  1.0000000000
  1.0503435979 -11.1759107306   2.7475221627   0.6679535664 -10.3945151351   5.4108329708 -0.1190032769  0.1351390286  1.0000000000 -0.0596655869  0.0902249022  1.0000000000
  0.0162074492 -10.9392419387   3.5658977870   2.1296039311  -9.3812644434   3.6717245701 -0.0193647028  0.2502827911  1.0000000000 -0.0906935424 -0.0618380830  1.0000000000
  1.2925322398  -7.4265295197   4.8913561375   1.7411225242 -11.0035339349   4.0355725209  0.0349439353 -0.1847478523  1.0000000000 -0.1743863395  0.0904979364  1.0000000000
  0.9815895351  -8.7805726241   3.2181274246   1.4529623854 -11.0440033471   2.9021201200  0.0447030710 -0.0810039730  1.0000000000 -0.1246133839  0.1255055968  1.0000000000
  2.7264964046 -10.2992858059   2.4059925792   2.0274301111  -9.8473661389   2.2247637932 -0.1876129696 -0.0387792876  1.0000000000 -0.0406844782 -0.0656468710  1.0000000000
  2.0263373380 -11.2067150900   2.1865034838  -0.3962414616  -9.0735676695   2.2935377180 -0.1764644118  0.0500557203  1.0000000000  0.2428030221  0.0389690396  1.0000000000
  0.7501406225  -7.5025836238   3.2408659996   1.9947313841 -11.3118040179   2.1844190749  0.1495884472 -0.1574806457  1.0000000000 -0.2063980963  0.0954775147  1.0000000000
  1.5831973426 -10.8484178149   3.1065554321   0.1331673543  -7.2457403702   4.4184093236 -0.1789810830  0.1031431975  1.0000000000  0.1610535517 -0.1036262055  1.0000000000
  1.5558612949 -11.2665371673   1.8864341406   0.6323176345  -6.7875972691   3.0858308481 -0.1935417974  0.1482778357  1.0000000000  0.2698226372 -0.1800448127  1.0000000000
 1.9691657579 -8.4800059307  4.7560453933  0.2688350751 -7.9898507937  4.7716334413 -0.0387120366 -0.1226095209  1.0000000000  0.1123927925 -0.0805079379  1.0000000000
 1.6953210336 -9.6764963628  2.7307509409 -1.1914663444 -9.2548825385  2.5695474382 -0.0698017679 -0.0258234372  1.0000000000  0.2257677958  0.1282739544  1.0000000000
  2.4087879499 -10.1433209270   3.1990353595   0.3337175916  -8.9683294272   1.7091378542 -0.1625219620 -0.0379855665  1.0000000000  0.1779655254 -0.0394339863  1.0000000000
  0.3710376477 -10.6676323483   2.7321868048  -0.3079065079  -9.8301099603   3.2294274320 0.0199948982 0.1672544840 1.0000000000 0.0570910795 0.1399850000 1.0000000000
  0.5159828897 -10.6374264076   3.1661444142   1.1420494477  -9.2070257313   3.9937683506 -0.0721914828  0.0983838429  1.0000000000 -0.0373845135 -0.0535945341  1.0000000000
 1.0266525773 -8.3933354598  3.6310970982 -0.2349391353 -7.2214095096  4.4811293380  0.0819159068 -0.1420405278  1.0000000000  0.1664269190 -0.0946558086  1.0000000000
 0.9703124584 -9.8240486239  4.2883977141  3.5105296708 -9.2561987666  2.1169696853 -0.0490772146  0.0114604932  1.0000000000 -0.1817949904 -0.2665025096  1.0000000000
  1.4062993634  -9.4580575306   1.6821418280   2.3819474714 -11.1329438109   2.9517758323  0.0516209610 -0.0613874838  1.0000000000 -0.2640041799  0.0603139110  1.0000000000
 -0.7314508398 -10.4587931456   1.3125086466   0.7115135812  -9.0726868025   3.3588550254  0.2179359476  0.2436300946  1.0000000000  0.0883195203 -0.0336410421  1.0000000000
  0.5404506382 -11.1761685989   2.5831927092  -0.3099966446  -8.7539509668   3.5882018706 -0.0451194964  0.2127477878  1.0000000000  0.2044591729  0.0223442803  1.0000000000
 3.2113487595 -9.8342866454  2.3646901277  1.9190679093 -8.5808365294  4.3725152427 -0.2343965317 -0.1505616010  1.0000000000 -0.1151548407 -0.1037836793  1.0000000000
-1.5675980794 -9.5226795728  3.6367719896  1.0987904688 -7.2292690339  1.0040349169  0.2063199401  0.1847854064  1.0000000000  0.3422874342 -0.3390589018  1.0000000000
 2.5193838164 -8.7663298273  2.3735000617 -0.3572861924 -7.6142830288  3.7561150512 -0.0647111137 -0.2466754074  1.0000000000  0.2132606176 -0.0651107376  1.0000000000
 -0.3188860392  -7.9703798296   3.9714501266   0.0609312667 -11.1073502837   4.1973370624  0.2153291187 -0.0467581584  1.0000000000 -0.0154310213  0.2243625008  1.0000000000
 2.6106442888 -9.4299385751  2.6774360567 -1.1228975929 -9.8943025349  3.6154830595 -0.1087053840 -0.1296789188  1.0000000000  0.1645779397  0.1779413070  1.0000000000
  3.5687905902  -9.2107147582   3.7747911337   1.0136679141 -11.0425309083   4.1055307797 -0.2645716618 -0.2241803114  1.0000000000 -0.1312548322  0.1293778539  1.0000000000
  1.6792042916 -10.0223085277   5.5481120797   1.4844829136 -10.3496584321   5.3580986396 -0.1651873293  0.0120132419  1.0000000000 -0.1657013136  0.0117303544  1.0000000000
  0.5781070739 -10.8849417606   5.2314834932   0.5736595788 -10.0518534656   2.4257401379 -0.1232925148  0.1805038571  1.0000000000  0.0475030036  0.1073393865  1.0000000000
-0.2167175563 -8.5681397870  1.7892902219  0.7892118125 -7.6843436731  1.4011152016  0.3147374933  0.0202072957  1.0000000000  0.2776415188 -0.2269176983  1.0000000000
 2.1330944619 -9.9574239003  3.8502753687  3.0198208585 -8.8812741118  4.8398094930 -0.1560735330 -0.0482212027  1.0000000000 -0.1607973891 -0.2021425708  1.0000000000
  1.8216062416 -10.4885710667   4.1766551107   0.3892855394  -7.3542220394   3.0968111327 -0.1685574323  0.0333593638  1.0000000000  0.2323467020 -0.1810691538  1.0000000000
 1.7308926842 -8.1303607168  4.4712891070  3.0151313581 -8.6188731739  5.3585683718  0.0186401441 -0.1128453659  1.0000000000 -0.1656437340 -0.2164208736  1.0000000000
 -1.0301102505 -10.2965360601   1.1120747673   1.5931191149  -8.6343542201   2.2100360868  0.2799402672  0.2859361257  1.0000000000  0.0584739889 -0.1528728739  1.0000000000
  1.9936090917 -10.1072195626   5.0738715780   1.1352200536 -10.3329290453   4.8413407664 -0.1700330472 -0.0228945240  1.0000000000 -0.1168735210  0.0735084183  1.0000000000
  1.0695352168  -7.9896480668   3.9977442650  -1.3039578468 -10.1017642552   4.7190949051  0.0572235646 -0.1196156296  1.0000000000  0.1197828055  0.2164903468  1.0000000000
  1.7681042751 -10.7408307510   1.6943637444   2.1010422822  -9.0294160761   1.8636498770 -0.0914120855  0.0644989071  1.0000000000  0.0006375073 -0.1678558937  1.0000000000
  2.2057350889  -8.2300695773   1.3997995268  -0.6358620987 -10.5923196425   3.2992175370  0.0640294219 -0.3124238379  1.0000000000  0.1208994899  0.2735111448  1.0000000000
 1.8672723830 -7.6856054770  3.4463589523  0.6061229474 -8.0646797920  2.9855619672  0.0591348239 -0.2251922266  1.0000000000  0.1621399869 -0.1040973457  1.0000000000
  2.9315218885  -9.1079025778   2.0749055376  -1.1291871768 -10.0287995429   1.7019468810 -0.0895289604 -0.2097343092  1.0000000000  0.2805456632  0.2143442441  1.0000000000
  1.6899654913 -10.8799642909   3.5211562144   2.2105790656 -11.0093767030   2.1580692304 -0.1195990197  0.0732107066  1.0000000000 -0.1910189890  0.0801873278  1.0000000000
-0.2213032726 -8.9393859137  4.1342655205 -0.5739510640 -9.5398514977  1.2452162606 0.1339503906 0.0319434543 1.0000000000 0.3158713410 0.1370691649 1.0000000000
-1.2422881204 -9.2013823876  2.9938431821  0.3999424328 -8.1815251397  1.4273946298  0.2819501386  0.1288214281  1.0000000000  0.2848638669 -0.1219343306  1.0000000000
