686.8000000000
0
50
-1.4489648246  3.8945485382  7.6222363377 -1.9793371507  1.0166464512  8.8425191021  0.1364586728  0.2629563699  1.0000000000  0.0774061129 -0.1692555959  1.0000000000
-0.9068275902  2.2257323396  7.5588570149 -4.0621240857  3.8169932133  9.4875510051  0.2010537600 -0.0272795726  1.0000000000 -0.1049552005  0.1700129224  1.0000000000
-1.5914247933  1.3686730460  9.9531733705 -4.1098135615  0.2604813210  7.3999312648  0.0743658020 -0.1316953264  1.0000000000 -0.2217154914 -0.3045466090  1.0000000000
-2.9211073499  1.7144258480 10.5231912003 -1.1601385276  2.8545122989 10.3017120578 -0.0436132776 -0.0621850344  1.0000000000  0.1351911411  0.0844733343  1.0000000000
-3.3096539405  4.1277021775  7.5852969281 -3.9208380122  1.9057989777  9.0430497619 -0.1063944126  0.2874503555  1.0000000000 -0.1656476710 -0.0743145405  1.0000000000
-4.2379939677  2.9013485643 10.4671916067 -3.5094136468  0.6100589018  9.6692400972 -0.1574886329  0.0294863700  1.0000000000 -0.0883754323 -0.2104484372  1.0000000000
-1.3674086556  1.0420605945  8.2213719293 -1.8773517822  3.7869730516  7.4624945382  0.1671659420 -0.1872112992  1.0000000000  0.1108344758  0.2556738363  1.0000000000
-0.9290052327  2.7501369987  8.0220878693 -0.8069471356  3.0268581248  6.9414658687 0.2300038940 0.0595272015 1.0000000000 0.2780445204 0.1397453030 1.0000000000
-3.5754710928  2.6863561003  7.2230543469 -1.2100045229  2.2131653468  8.9996043247 -0.1712513585  0.0705167078  1.0000000000  0.1708329960 -0.0051968516  1.0000000000
-1.2466741367  3.0538290565  8.2827375895 -3.7580747642  1.3691214985  9.4538586437  0.1821523696  0.0958786643  1.0000000000 -0.1594322464 -0.1040548342  1.0000000000
-1.3756487545  1.0764371022 10.1494181366 -1.1161710843  3.7379428888 10.2042356957  0.1331693581 -0.1690509951  1.0000000000  0.1730819465  0.0852664928  1.0000000000
-4.2295510472  0.6875761045  7.3972124404 -0.7114050283  1.6218017528 10.5634143883 -0.2498112961 -0.2756380735  1.0000000000  0.2061182639 -0.1003152992  1.0000000000
-2.0792692608  2.6177737501  8.9378540722 -3.1235617353  2.6537350190  8.4065016601  0.0337137860  0.0291044030  1.0000000000 -0.1069100463  0.0558644121  1.0000000000
-0.5851652771  2.9898482212  8.0555173338 -2.7281312784  1.1618633494  8.9952868906  0.2924542292  0.1390341194  1.0000000000  0.0007527916 -0.1327947174  1.0000000000
-3.8466037823  2.5237577797  8.0978843614 -2.8545009198  0.9553593231  7.4820665625 -0.2172727633  0.0479449214  1.0000000000 -0.0443199969 -0.2176734213  1.0000000000
-2.1449517860  4.0955930793  7.9741654370 -2.7971344405  3.4212500647  7.1849153978  0.0695548559  0.2647333445  1.0000000000 -0.0260768389  0.2052955870  1.0000000000
-2.4153194427  4.1580248984 10.5413222631 -1.0903777819  3.3133342455  6.8747231267 0.0303958965 0.1565875788 1.0000000000 0.2447331673 0.1752213872 1.0000000000
-2.9521057501  1.7752407253 10.8193593592 -0.4839352528  3.1521815713  9.1715301578 -0.0042916110 -0.0358545826  1.0000000000  0.2329228157  0.0608281143  1.0000000000
-1.7884629976  0.4743213082 10.7239817064 -0.8975329312  2.4402634384 10.4221271805  0.0803230094 -0.1856872038  1.0000000000  0.1449413258 -0.0330668473  1.0000000000
-2.5222523294  3.5295109209  8.0233884124 -1.7522664786  4.0547808147  8.6093112962 -0.0302332053  0.1811271476  1.0000000000  0.0742701316  0.2435162128  1.0000000000
-1.9869997307  1.4666847819 10.4534957651 -2.6475650587  1.7309270205  8.6705150037  0.0733501271 -0.1154610114  1.0000000000  0.0099407141 -0.1168530006  1.0000000000
-3.0199364187  1.7040443938 10.2720437252 -3.7270238837  1.5726311074  8.3519950356 -0.0574335275 -0.0879072843  1.0000000000 -0.1798023070 -0.1198490982  1.0000000000
-2.4227395473  1.3701381726  7.7152980913 -3.5827019543  3.8158276378  9.0608376846  0.0093411472 -0.1249838488  1.0000000000 -0.1243123186  0.1721384922  1.0000000000
-3.5716890630  3.4386221296  9.0934181530 -1.5186473608  2.7710766313  8.0205194669 -0.1145252260  0.1005450697  1.0000000000  0.1511490369  0.0822944469  1.0000000000
-2.1801946807  3.9954815429  7.5185428721 -2.5081074526  2.0492945968  9.6125994761  0.0320029849  0.2831801466  1.0000000000  0.0108343273 -0.0296283545  1.0000000000
-1.4435794498  1.3659929253  8.4039295003 -4.0561442016  3.3727028596 10.6977830519  0.1741552001 -0.0800853884  1.0000000000 -0.1361017083  0.1371453586  1.0000000000
-2.7286917295  2.4848403464  8.6574785492 -1.4595469124  4.0420569215 10.0899358530 -0.0457405156  0.0363442033  1.0000000000  0.0845959079  0.1540675814  1.0000000000
-4.2165405915  0.5280166442  7.0562090293 -0.7821955312  3.0094645531  8.9863286647 -0.2728612367 -0.2731838100  1.0000000000  0.2235689075  0.0548737367  1.0000000000
-1.7561531585  1.4637401271  9.9886307470 -3.2012406925  2.7081755799 10.7240842824  0.1049037965 -0.1101620216  1.0000000000 -0.0770010071  0.0512775660  1.0000000000
-3.3276067862  3.3879838636  9.5723406829 -1.6111440647  1.8918365419  7.9946838788 -0.0852552919  0.1335597433  1.0000000000  0.1505400237 -0.0404420854  1.0000000000
-0.5278558163  3.4456041876  9.9038528020 -1.6298221469  3.3268432845  8.9045019664 0.2162896573 0.1318493591 1.0000000000 0.1415576719 0.1099344070 1.0000000000
-3.4907378063  1.2032818586  9.5239813839 -3.7848546948  0.3160153341  7.3299688432 -0.0907097294 -0.1106052136  1.0000000000 -0.2102518899 -0.2933278288  1.0000000000
-3.5229513321  0.6678831810 10.3648427893 -0.7687944590  2.7356324726 10.4952830559 -0.0858140213 -0.2100528920  1.0000000000  0.2014782494  0.0248482649  1.0000000000
-3.7011285011  1.7394627032 10.1737502776 -1.4456690080  1.4766888325  9.0582714804 -0.0995099110 -0.0746843612  1.0000000000  0.1706265505 -0.1334764168  1.0000000000
-2.4431311869  4.4181624268 10.0939564217 -0.7055712136  1.1711465435  7.6212852327  0.0205719646  0.2424367623  1.0000000000  0.2814084183 -0.1328074060  1.0000000000
-1.7505983621  0.5039605066 10.5054622821 -2.6768733574  2.5847954497 10.2473038089  0.0801413909 -0.2089921826  1.0000000000  0.0197097142 -0.0002241341  1.0000000000
-1.8370635478  1.0282070713  9.2596983386 -1.7253362538  1.4271868391 10.2663269148  0.0917516241 -0.1499236108  1.0000000000  0.0724284668 -0.1205862958  1.0000000000
-1.5507327357  0.8377154616 11.0035490986 -3.0629519760  4.1373140044  7.6592652562  0.1251479251 -0.1579102777  1.0000000000 -0.0921240742  0.2740781289  1.0000000000
-1.7763141774  3.3642547802  7.5485099347 -0.6652812907  1.4832577036  8.6162775132  0.1074758663  0.1480601771  1.0000000000  0.2296197467 -0.0936615066  1.0000000000
-0.6512735621  0.7914971982  7.7346636807 -3.6876149398  1.5923958498  9.6108315772  0.3129814313 -0.2078899264  1.0000000000 -0.0926597135 -0.0943396988  1.0000000000
-3.6205898264  0.9755705955  9.4165245051 -1.3680085754  4.1959614325  8.0073092852 -0.1400216286 -0.1192155184  1.0000000000  0.1322180225  0.2578331373  1.0000000000
-0.7635000880  2.5900778774 10.0485020880 -3.7154440645  1.7685789906  8.6911486943  0.2430144880  0.0261815541  1.0000000000 -0.1300329353 -0.0389981589  1.0000000000
-3.3161072982  1.5769723917  7.5423988706 -3.4793461997  2.8325008764 10.4681079680 -0.1635761900 -0.1054373201  1.0000000000 -0.1049920643  0.0555294460  1.0000000000
-4.1713997011  3.3263133191  7.7270847270 -3.0722527371  1.1501919917 10.6294295612 -0.2462567052  0.1705085471  1.0000000000 -0.0391750046 -0.1207440901  1.0000000000
-2.4155625041  1.7565670085 10.4137589333 -1.2340380779  0.4170509128 10.3947870460 -0.0041876988 -0.0559725965  1.0000000000  0.1243863357 -0.1926677855  1.0000000000
-0.4657829586  2.5308631372  7.0398000516 -0.4875956801  3.8702638105  7.8202449725 0.3336137105 0.0505694943 1.0000000000 0.3437852747 0.2173386558 1.0000000000
-2.2606132609  2.9253447221  6.8921389010 -0.9797514025  1.0656877162 10.8967382344  0.0369890432  0.1602452668  1.0000000000  0.1854762668 -0.1254395298  1.0000000000
-3.4588502620  1.4130257429  7.5247296500 -1.1515550297  1.1403579590  8.7700542970 -0.1375199074 -0.1101388131  1.0000000000  0.1630914448 -0.1182703643  1.0000000000
-2.0752995033  2.2507766094  9.6929077116 -1.4166605969  1.9056309224 10.0052190448  0.0424791186 -0.0138675743  1.0000000000  0.0818401306 -0.0318099124  1.0000000000
-4.0206491675  1.1691705969  7.4630216512 -4.1103877480  0.6445729431  9.6565209166 -0.2626805218 -0.1598905160  1.0000000000 -0.1572513206 -0.1720774492  1.0000000000
