246.5000000000
0
50
 0.0935678384 -1.2328916788 -4.8748889195  1.5647741180 -2.2976299446 -4.7446264975 -0.0343047175  0.0331296828  1.0000000000 -0.0954527496  0.1843932810  1.0000000000
 0.7554321188 -0.6177289734 -4.6905817947 -0.1626057453 -0.3838409985 -6.3823999743  0.0251736071 -0.0172847660  1.0000000000  0.1999554063  0.1174918073  1.0000000000
-0.6367212175 -1.3828880276 -6.3887212687  1.4202574473 -2.4023190743 -5.5853540167  0.0826256606  0.1364717065  1.0000000000 -0.0443174155  0.2020378279  1.0000000000
-0.0948329166 -0.2879802958 -3.2398074266 -0.2132379091 -1.4027503705 -3.3691792526 -0.0908508419 -0.1922454334  1.0000000000 -0.1195491639 -0.0853336020  1.0000000000
 0.7704015315 -0.2711381930 -2.5934459492  2.5694333656 -2.3587583522 -5.6121787014 -0.1078884363 -0.3006848388  1.0000000000 -0.0683735639  0.3250505583  1.0000000000
 1.0444850151  0.0675563058 -6.1950924244 -0.6734834088 -1.7014267677 -6.4180868573 0.2703212910 0.0333013848 1.0000000000 0.1361459384 0.1738075170 1.0000000000
 2.0927008925 -1.1704890868 -3.0674931588  0.0820706880 -1.6102966579 -6.8702404317 -0.2452129690 -0.1325814240  1.0000000000  0.1574505547  0.2299308315  1.0000000000
 0.3603822036 -1.5571246281 -5.8100252418  0.9707867625  0.2686912357 -3.7414725123  0.0233973816  0.1208429564  1.0000000000  0.0017848630 -0.2212842945  1.0000000000
-0.2830236823 -1.4455539273 -5.7580131647  1.9514976066  0.7052199799 -5.6678215748  0.0580872208  0.1112175997  1.0000000000  0.3101807571 -0.0191678096  1.0000000000
 1.3813681962 -0.4875561367 -6.7980617252  0.4986575088 -0.8867313996 -6.8916978353 0.2437795490 0.1330690099 1.0000000000 0.2370793303 0.2085216454 1.0000000000
-1.2772264942 -0.4152274676 -3.9391825386 -1.0868622098 -0.2708373877 -3.1169999815  0.0185050242 -0.1066971407  1.0000000000 -0.0830072695 -0.1650292664  1.0000000000
 0.0329467931  0.4453117895 -4.2066103318 -0.1404806550 -1.6093857095 -5.9214674239  0.0684912060 -0.1407239161  1.0000000000  0.0946443163  0.0900942764  1.0000000000
 0.5096940084 -0.8715194031 -4.0655030927  2.2266173483 -1.2327949135 -5.2481832336 -0.0386350971 -0.0560144185  1.0000000000  0.0405558853  0.1433211304  1.0000000000
 0.0588134303 -1.5308203301 -3.7955274347  1.4672929462 -0.4358274296 -5.1622001715 -0.1365303581 -0.0296104066  1.0000000000  0.0886672828  0.0156087769  1.0000000000
 1.9480445593 -1.7824320542 -5.3558413983  1.9370530172 -0.8051345264 -3.6023184396  0.0276898618  0.1523333545  1.0000000000 -0.1372460871 -0.1479537968  1.0000000000
 2.1790308989  0.0370230128 -3.9099957053  0.1429081265  0.2546528901 -3.6843283190  0.0181184770 -0.1771216322  1.0000000000  0.0153169166 -0.1871433740  1.0000000000
-1.0195125174 -1.1867659172 -5.6769928408  0.2050111240 -0.7007570044 -4.1795311764  0.0982700049  0.0133826569  1.0000000000 -0.0315832727 -0.0911740406  1.0000000000
 1.8584540159 -0.8687538232 -6.5109994529  0.4160163204 -2.2321282258 -5.9408185450 0.1953164645 0.2189644129 1.0000000000 0.0160895464 0.2083853574 1.0000000000
 1.9650948855  0.2756831257 -6.0254296933  1.2718860643 -1.9386538358 -5.3273927093  0.2848134672  0.0342176524  1.0000000000 -0.0229544192  0.1055111882  1.0000000000
 2.7902913518 -2.8090070679 -5.1869740694  0.4155112674  0.2644442595 -3.7952119449 -0.1311499456  0.3488210568  1.0000000000  0.0707246777 -0.2063717561  1.0000000000
-0.8278770161  0.5978943183 -4.6339151775  1.4281994774 -0.3799794873 -6.2553596437  0.1276408712 -0.1068418626  1.0000000000  0.2395364353  0.1161627072  1.0000000000
-0.6283843791 -1.4016327314 -5.0253578230  0.3279896334  0.9882436243 -4.7387134390  0.0025799650  0.0580038867  1.0000000000  0.1955382563 -0.1980884006  1.0000000000
-1.3253564501 -0.2829165590 -4.8321959649 -0.2585638078 -2.0484276126 -6.1932746064  0.0482984940 -0.0829662435  1.0000000000  0.0606750515  0.2035459230  1.0000000000
 1.3087384800 -0.4530100148 -2.3377647406  1.5615481550  0.7621776831 -5.6102022909 -0.1962450357 -0.2594292853  1.0000000000  0.3097779017 -0.0688384031  1.0000000000
-0.1343785847  0.3987995238 -5.6654651744 -0.5083076567 -3.5126638143 -4.4150219132  0.2183131535 -0.0719514537  1.0000000000 -0.2086753253  0.1184116625  1.0000000000
 1.0915540467 -2.1645941333 -4.1388169791  1.8948979627 -0.9148834648 -6.8190458022 -0.1563048780  0.0827164628  1.0000000000  0.2088335143  0.2149263050  1.0000000000
 2.4407870556 -1.4183202093 -5.0362485588  0.0986336943  0.1609713631 -4.0711116523 -0.0026579691  0.1222692233  1.0000000000  0.1132153864 -0.1719760258  1.0000000000
 0.5655489821  1.3492594484 -4.7851265528  2.2923669331 -0.8245556375 -6.5305859024  0.2229679986 -0.2306859525  1.0000000000  0.2107191777  0.2459143689  1.0000000000
-0.5010519591  0.9638587804 -4.6408184716 -0.7867466612 -1.3668322890 -3.3638224273  0.1498388256 -0.1480382771  1.0000000000 -0.1254605518 -0.0881482480  1.0000000000
-0.3267365751 -2.0188080488 -6.1796506678 -0.0610557673 -1.9329843785 -5.3248441950 0.0114393005 0.1855122656 1.0000000000 0.0229832371 0.1319763820 1.0000000000
-0.4138484281 -1.2690039733 -2.5821542641 -1.3038401638  0.5576358396 -5.6918759906 -0.1573069510 -0.1279614108  1.0000000000  0.1894362076 -0.0680111333  1.0000000000
-0.6598604537 -0.3274351788 -4.9082346296  1.7832696318 -1.1028019110 -6.8089163417  0.1137421860 -0.0735291591  1.0000000000  0.2519487413  0.2305633565  1.0000000000
-0.9080804977  0.4997498318 -5.5211779212 -0.4720871447 -0.0959641520 -5.2522662071  0.2244027552 -0.1019113584  1.0000000000  0.1464723346 -0.0949957638  1.0000000000
 0.0145129551  1.2095883102 -4.6109858754  1.3260698335 -2.9956463321 -4.7721362471  0.1762629029 -0.2056708410  1.0000000000 -0.1464919201  0.1892033838  1.0000000000
 0.3736013596 -2.7305051195 -3.8685160777  1.5344275496  0.4591138020 -5.0941494964 -0.1963708239  0.0725491686  1.0000000000  0.1910114612 -0.1243163775  1.0000000000
-0.4806889801  1.3753852084 -4.8107774894 -0.0962555653 -3.0912269617 -5.3485626212  0.2298317333 -0.2238508135  1.0000000000 -0.1303625012  0.2012811880  1.0000000000
-0.2449409251 -1.4008854046 -5.7682705807  1.2023515843 -2.0253424314 -6.0712460701 0.0795144190 0.1004943447 1.0000000000 0.0313529294 0.1981884671 1.0000000000
 1.6466364643 -0.4877783069 -6.4204119978  1.9542603643 -1.2981448875 -3.8677278621  0.2537251465  0.1513597475  1.0000000000 -0.1154266986 -0.0159672886  1.0000000000
-0.7968749514 -3.1143058447 -5.6805443449 -0.5919950899 -1.5674487202 -3.6242035460 -0.0429091405  0.1662791498  1.0000000000 -0.0903950140 -0.0916783299  1.0000000000
-1.0474191356 -1.5536896601 -7.1751700060 -1.5008191262 -1.1170837023 -3.0563591457  0.1967103967  0.1450360020  1.0000000000 -0.0796959309 -0.1462629994  1.0000000000
-0.3465926402 -2.7032100792 -4.9895761464 -0.2493793964 -2.0469903594 -4.1317575097 -0.0521023243  0.1697159096  1.0000000000 -0.1233386234  0.0065667782  1.0000000000
-1.6754786404  0.5821838286 -5.4823818483  0.0075997841 -0.4610430268 -6.2974612593  0.2374328412 -0.0808333081  1.0000000000  0.1739834448  0.0595490464  1.0000000000
 1.9715144361 -1.5271234469 -6.0723168592  2.1571763825 -0.5232939828 -2.1226414103  0.1171457619  0.2340479003  1.0000000000 -0.2207546771 -0.3455082944  1.0000000000
 1.6273111917 -3.3147870059 -4.6719003102  0.0728990193 -1.8904540742 -5.2056488018 -0.2312501912  0.2624507598  1.0000000000 -0.0189460140  0.1215631395  1.0000000000
-0.8376629930 -1.9421749491 -4.9573394519 -0.4098606760 -1.3825644722 -5.3574496444 -0.0121262330  0.0423844969  1.0000000000  0.0409707730  0.0374587463  1.0000000000
-1.3293877128 -1.4011030176 -4.2613897823  1.2228247913  1.3590035659 -4.9786246975 -0.0206615518 -0.0707097952  1.0000000000  0.2794693700 -0.2230937546  1.0000000000
 0.5405252390 -0.7519504784 -2.8739161590  0.8944332857 -0.6905300900 -6.4764526280 -0.1679308076 -0.1881569620  1.0000000000  0.1861939773  0.1617062896  1.0000000000
 1.4820771543 -1.4630931158 -6.5822067871 -0.9658208617 -1.9243978967 -6.8927893690 0.1462070959 0.2331238507 1.0000000000 0.1189907297 0.1916637968 1.0000000000
 2.2986918011  0.4259466977 -4.6708845316  2.4663722036 -2.2234540548 -5.6734798880  0.1848761371 -0.1592860165  1.0000000000 -0.0295789569  0.2697550096  1.0000000000
 0.7529850713 -3.0758847138 -4.4110917185 -1.1831767836 -0.8536693631 -5.6529294203 -0.2388576603  0.1665176130  1.0000000000  0.1006382607  0.0752979045  1.0000000000
