831.8000000000
0
50
-12.4852769697   8.6613027427   5.0395737287 -11.6260116200   9.6380138650   8.8976511327  0.0067609652 -0.2756685075  1.0000000000 -0.1745602721  0.1678367600  1.0000000000
-12.7024164922  11.0390932556   8.7418677781 -11.8212846617  10.5533652193   9.5697381419 -0.0631543800  0.1516262813  1.0000000000 -0.2215387057  0.1925929825  1.0000000000
-14.0798705010   8.4740941091   4.9516483909 -11.8835939076   8.7997030538   7.2012183828  0.2221030940 -0.2313626164  1.0000000000 -0.1515205453  0.0195774044  1.0000000000
-11.5006882782   8.1231330180   5.6278872810 -11.6290451004   9.4479150516   7.8675154575 -0.1762466892 -0.2421946145  1.0000000000 -0.1909256218  0.0556085906  1.0000000000
-12.0864368118  10.5908880194   8.8634154897 -14.3689024510   7.4562776405   7.2766653469 -0.1648859708  0.1051380267  1.0000000000  0.2298479367  0.1499823660  1.0000000000
-14.7456289198   7.8633689919   7.9423657582 -14.2118132869  10.2803066498   6.8207238993  0.2737562983  0.2382429767  1.0000000000  0.1399765165 -0.0373247379  1.0000000000
-13.3249562037  10.5988917926   6.7956553283 -12.4913568109   7.9452383997   5.4923547753  0.0246926037 -0.0395026434  1.0000000000 -0.0091656215 -0.1552585717  1.0000000000
-13.0344655603   7.7549613372   6.0695113257 -12.0312357684  11.1413160593   8.3267651192  0.0849268814 -0.0794962497  1.0000000000 -0.1727606281  0.0586711856  1.0000000000
-12.0997410096   8.0556668729   7.5171512780 -14.2639330219   9.1919149736   5.0919981624 -0.0974501587  0.0855933766  1.0000000000  0.2290378144 -0.2013234800  1.0000000000
-14.1861384334   8.8602488085   8.4035294312 -13.3009010667   9.3684590586   9.0170716149  0.1290916847  0.2016620582  1.0000000000 -0.0484619804  0.2065311408  1.0000000000
-12.1706229585   9.6876645943   6.0521086330 -14.3263908048   8.3383546461   8.2830297552 -0.0740839631 -0.1773708935  1.0000000000  0.1932286858  0.2098054444  1.0000000000
-11.5316669297   7.9876435314   7.6812780055 -12.6722189332   9.9069912755   7.9854047584 -0.2369784666  0.0847186227  1.0000000000 -0.0476716127  0.0895416745  1.0000000000
-13.7201857102   7.7475115244   7.2635729460 -12.7058635319  10.3288319248   7.7447611089  0.1090399196  0.1387623979  1.0000000000 -0.0395671934  0.0498294001  1.0000000000
-15.3802386306  10.2821087978   7.7240251232 -10.8985033703   8.6601595500   5.4837945159  0.2064749102  0.0370759826  1.0000000000 -0.2444914386 -0.2926784397  1.0000000000
-15.4029624569  11.1459820616   7.2088593295 -14.7739987941  10.4616500502   5.3600927130  0.2251677696  0.0095690084  1.0000000000  0.2206842058 -0.1894255812  1.0000000000
-11.5938797430   8.3078253803   7.2476073669 -11.7599631473   9.2529023531   8.8862092173 -0.1868873306  0.0210914776  1.0000000000 -0.1804430779  0.1931299632  1.0000000000
-14.2135331176   7.8955387570   8.4155153469 -12.7482199461   8.9838234530   7.3869127600  0.1399369912  0.2849890408  1.0000000000 -0.0251033162  0.0174974581  1.0000000000
-11.8515250400  10.3010689944   8.3827364902 -13.6647861507   9.1121692829   6.4758615977 -0.1577278502  0.0251556301  1.0000000000  0.1019387612 -0.0197494265  1.0000000000
-12.6555311308  10.7391463605   6.3521725511 -12.9906650035  10.5350805780   6.6521535207 -0.0681931416 -0.0962493968  1.0000000000 -0.0233799315 -0.0756281398  1.0000000000
-15.1068948793  10.5688426511   6.2438073595 -11.4356766142  11.3101603299   5.9208080597  0.2619560213 -0.0852381298  1.0000000000 -0.2066015283 -0.2269808870  1.0000000000
-13.6165482628  10.7313944913   5.9471626651 -13.6281284428  10.9489296984   7.9792720747  0.0904881566 -0.1694194896  1.0000000000  0.0562366524  0.0703372294  1.0000000000
-13.7436976892  11.0338723967   8.9590868623 -11.4914553549  10.9199341421   6.7080049413  0.0150937784  0.1227485562  1.0000000000 -0.1859899668 -0.1458790326  1.0000000000
-14.2682205281   7.5787915670   8.2020109746 -11.5945924470   8.8822424237   6.5121398763  0.1990216383  0.2755572206  1.0000000000 -0.1466538494 -0.1262342696  1.0000000000
-12.7727731178  11.6406976514   5.8691238791 -14.1060773257   8.3976555314   7.7324822630 -0.0346412528 -0.2154075753  1.0000000000  0.1233035002  0.1544268871  1.0000000000
-11.6955160242  10.7311708651   7.9663677211 -11.6472496286  10.9012839289   7.1076458545 -0.2023697211 -0.0036673990  1.0000000000 -0.2036811917 -0.0694991509  1.0000000000
-12.2116171133  11.4414294111   6.0783915881 -14.3672340722   9.8132392126   4.8478263623 -0.0979255239 -0.1669701809  1.0000000000  0.2148003436 -0.2496839525  1.0000000000
-13.5317051132   8.0640635850   4.5084991563 -11.5370793224   9.6158251027   8.4173222289  0.2277709749 -0.3409568839  1.0000000000 -0.2043351172  0.1225413764  1.0000000000
-15.3407709440   9.2649515067   8.1967483177 -12.0377312789   9.5559898697   5.7289014280  0.2756860744  0.1925308946  1.0000000000 -0.1066046763 -0.1985766213  1.0000000000
-12.3509848579  10.3170228613   5.5417705023 -12.0057893505  11.7089990152   7.2896391653 -0.0264988227 -0.2204768265  1.0000000000 -0.1599826938 -0.0659159129  1.0000000000
-13.8203394849  10.6388577010   5.6730126903 -11.9236381892  10.4719315856   9.2065578193  0.0370660632 -0.1986264699  1.0000000000 -0.1538039896  0.1779377317  1.0000000000
-12.2628502286  10.9334830249   8.6711918851 -11.3816238781   8.6493246751   6.1361509781 -0.1531839762  0.1074386444  1.0000000000 -0.1865537657 -0.1260295012  1.0000000000
-11.3403044413   8.3066379325   6.1632785690 -15.1600870470  10.4219172190   8.1685773961 -0.2044896847 -0.1486271679  1.0000000000  0.1632781378  0.1489055894  1.0000000000
-14.4414905360  11.0445023371   6.7940718678 -15.1949768404  10.5187330004   8.1102422216  0.1446101262 -0.0451946910  1.0000000000  0.1798516730  0.0853270485  1.0000000000
-14.5420498670   8.3084307417   5.8228065079 -12.3269241858  10.1142084524   6.6599735803  0.2945122152 -0.1101147328  1.0000000000 -0.0992530455 -0.0620653375  1.0000000000
-12.7137613992  10.8877706622   5.6113469921 -12.6475262048   9.0431347838   8.4427648821 -0.0028734334 -0.1939121229  1.0000000000 -0.0838926317  0.2063187016  1.0000000000
-11.6250318375   9.5282492964   8.2796365656 -12.8173445891   9.8316435089   8.7821236511 -0.1902680930  0.1423840175  1.0000000000 -0.0420339786  0.1296376539  1.0000000000
-14.0558360467  10.2370668852   8.9552408019 -13.2874470478  11.1132115845   8.7838174694  0.0525642310  0.2084012350  1.0000000000 -0.0301763954  0.1734766649  1.0000000000
-14.6698496914  10.6099590873   7.9884554858 -13.5624783046  10.0150965607   7.5806850510  0.1264074647  0.0669065190  1.0000000000 -0.0122161203  0.0433176714  1.0000000000
-14.9723368373   9.2709696351   7.9645036554 -12.0172174483   9.8971156973   6.9392936810  0.1834015032  0.1556941685  1.0000000000 -0.1418325532 -0.0552569565  1.0000000000
-12.2156089661  11.3512934829   6.1293950063 -11.4666011916   8.8525052645   7.4435433501 -0.0491445725 -0.1979797660  1.0000000000 -0.2209181466  0.0526828247  1.0000000000
-14.0829992386  10.2259590184   5.1687306332 -14.1148206671   9.9112705596   7.8220046326  0.1633552264 -0.2380780001  1.0000000000  0.0744437710  0.1051024610  1.0000000000
-13.9904361726  11.3594672512   7.4557929682 -12.9378447892   9.9357674694   7.1961096573  0.0848943731  0.0192663060  1.0000000000 -0.0157108993  0.0137570682  1.0000000000
-12.0479826100  11.7071078468   7.3400250407 -13.9768930676  10.8990838138   5.3262533863 -0.1331204940 -0.0244674381  1.0000000000  0.1452827119 -0.2182325565  1.0000000000
-13.3465720211   8.7430158701   7.2849876221 -14.4273650534   8.6496950540   5.0580835874  0.0388045895  0.0698924555  1.0000000000  0.2558321772 -0.2079326219  1.0000000000
-11.8096567194   9.1564626564   9.2530973627 -13.5986511884  10.6386012018   6.2634642052 -0.2103004721  0.2182009197  1.0000000000  0.0317488381 -0.0888797602  1.0000000000
-14.3025818581  10.3963845504   8.6136588427 -12.7527154286  10.1877604954   7.5043275617  0.0729184038  0.2158177368  1.0000000000 -0.0335730037  0.0141561096  1.0000000000
-14.4896126716   8.7053244247   6.7593650895 -12.6909865846  11.7948657481   6.2308299406  0.2065309474 -0.0268042160  1.0000000000 -0.0510023385 -0.1466151688  1.0000000000
-13.6907514439   9.4479372801   5.3413749611 -14.5143317306   9.2313603437   8.3697380981  0.1606922253 -0.1972982389  1.0000000000  0.1352454388  0.1907476295  1.0000000000
-12.3207018988   9.2021968047   5.9808711711 -13.4453447475  11.0694914812   7.2649872066 -0.0154125115 -0.1102291249  1.0000000000  0.0017798602  0.0241903077  1.0000000000
-13.6722328486  10.4521167175   9.0285416546 -14.5227896140  10.8587988387   7.8833688978 0.0316723500 0.2153402590 1.0000000000 0.1009624222 0.0432895576 1.0000000000
