510.5000000000
0
50
12.0271138417 -9.0243670812  0.0190606260 12.6218976618 -7.5259344744 -0.2303375324 0.1041306312 0.0082373030 1.0000000000 0.1374425686 0.1616796574 1.0000000000
 8.9076840197 -8.5728131963  0.3313229185 14.3589558306 -8.6093659530  0.2900457858 -0.2373048322 -0.2334744751  1.0000000000  0.1964516988  0.2030998651  1.0000000000
10.5433605907 -5.7236397114  1.0625159120 13.4590993779 -8.8580374469  0.1298075882 -0.2686675867  0.1416596810  1.0000000000  0.1478326330  0.1269522121  1.0000000000
11.5085074463 -6.2080328375 -1.6258579249 13.8707374237 -7.3186335412 -0.2629390165 0.1351571583 0.0063750080 1.0000000000 0.2120697318 0.2243342579 1.0000000000
10.4891960927 -8.4222834712  0.4660042985 11.3191351703 -5.2343605731  1.2462998007 -0.0847092266 -0.0815839264  1.0000000000 -0.2304752528  0.3128783326  1.0000000000
12.4257430527 -6.2095927186 -0.1499217690 11.2483380588 -8.9691764564  0.9820593278  0.0567769041  0.1778573493  1.0000000000 -0.0594952678 -0.0001385441  1.0000000000
10.0417225797 -8.7480269587 -0.4374517902  9.9871118265 -8.8802305736 -0.3306556474 -0.0520779779 -0.1547076145  1.0000000000 -0.0397976373 -0.1642256104  1.0000000000
10.0122285000 -8.0757788039  0.7017799232 12.0024857987 -8.9066248052 -1.5064456369 -0.1812572428 -0.0396154951  1.0000000000  0.1970326500 -0.0814991765  1.0000000000
10.8288673090 -7.8775716066 -0.3601515961 12.2141119514 -5.5914237797  0.3310932257 -0.0317435795 -0.0909332206  1.0000000000 -0.0554013986  0.3102821728  1.0000000000
12.2893442244 -6.1425900343 -1.4037556617 13.1366331607 -6.6234706417 -0.4536344546 0.2236580095 0.1391335305 1.0000000000 0.1752017075 0.1708376871 1.0000000000
11.0229600785 -8.2722227256 -1.3412653959  9.0629214153 -6.5527414766 -0.7678247828  0.0646662975 -0.1387850137  1.0000000000 -0.1655971196 -0.2130622726  1.0000000000
11.5374565339 -6.4419313969  0.8748112437 11.3311310372 -8.4057649415  0.6822514230 -0.1255847447  0.1758677640  1.0000000000 -0.0359948970 -0.0045376867  1.0000000000
10.6106937339 -7.2433385234 -2.2616751295 10.7718299793 -5.7032540087  1.3492678112  0.1491627607 -0.1571367910  1.0000000000 -0.2394761151  0.2371452756  1.0000000000
10.3652719206 -6.6415195235 -0.8591734060 11.4313773001 -7.6622775321  0.4865127696 -0.0656321856 -0.0457632458  1.0000000000 -0.0315324554  0.0654504717  1.0000000000
10.4715845410 -5.2566625053  0.4530279161  9.4025856217 -9.0181596295  0.9954017277 -0.2332555771  0.1527773647  1.0000000000 -0.2136410125 -0.1124856335  1.0000000000
11.2186637629 -7.4606900105  0.9257679615 11.6354290953 -6.3366931725 -0.0477543637 -0.0775360691  0.0986802978  1.0000000000 -0.0145182735  0.1258664034  1.0000000000
 9.7524921726 -7.8674440417 -0.4444969616 13.6686126577 -7.5828127058  0.2000934955 -0.0894530498 -0.2137213736  1.0000000000  0.1646943520  0.2095269621  1.0000000000
11.1394101934 -7.3590744135 -3.2435512441 12.2670073421 -9.0436404787 -0.8712895876  0.3155256226 -0.2083787260  1.0000000000  0.1387113609  0.0011222100  1.0000000000
11.1503484076 -8.2066156860  1.2718407423 11.1375838046 -7.4499541135 -2.4179955024 -0.1183926645  0.0816353350  1.0000000000  0.2254369615 -0.1177072254  1.0000000000
11.0206674936 -8.3949853403 -0.8271663710 11.0960042910 -9.1805773372 -1.3769140246  0.0735460345 -0.1187295740  1.0000000000  0.0414292702 -0.1878790277  1.0000000000
11.9496588565 -7.7036991338  0.9120145935  9.5876189756 -9.7840382829  0.7123170986 -0.0360455077  0.1328676143  1.0000000000 -0.1209151496 -0.1687060682  1.0000000000
10.7521161918 -7.1598693655  0.0291402307 10.1895864980 -8.6459601536  0.0687251543 -0.0680432234  0.0172693661  1.0000000000 -0.1053313874 -0.1525816649  1.0000000000
10.5918186065 -7.9243713388 -0.4984437946 11.1297189488 -8.6155125711 -2.1040724452 -0.0460311636 -0.1130677903  1.0000000000  0.2211981198 -0.1979001926  1.0000000000
12.1647372496 -6.0679263545  0.3901512582 10.7869505910 -8.6185695217 -1.3977964671 -0.0502480254  0.2442623630  1.0000000000  0.0666899602 -0.1487803423  1.0000000000
13.0396164891 -7.1173419557 -1.3146088410 10.4466109467 -8.9570160994  1.7021955691  0.2298947827  0.1820113789  1.0000000000 -0.1872113865 -0.0234388016  1.0000000000
11.4219574839 -9.2942054992 -1.5108082840 10.8936155984 -7.3651605462 -2.8729493983  0.1543293400 -0.2005506844  1.0000000000  0.2654868821 -0.2775779101  1.0000000000
10.8886183531 -6.5731899376 -0.3089563070 10.9786315299 -8.4482099363 -0.8985770854 -0.0189857192  0.0364082462  1.0000000000  0.0473871598 -0.1524291873  1.0000000000
13.5347151359 -8.6871935766 -0.1592941950  9.1588770347 -7.0735930605  0.2261326306  0.1707352822  0.1346888515  1.0000000000 -0.2595918492 -0.0917369890  1.0000000000
12.4191705711 -6.6763688112 -2.0614598305  9.3264688437 -8.3172416112  0.3412881208  0.2641985603  0.0438210013  1.0000000000 -0.1818513245 -0.1843949035  1.0000000000
12.0597211520 -7.0081902942 -1.6114454829 10.4332953739 -6.3740373886 -0.1339566236  0.2019304393  0.0047411040  1.0000000000 -0.0913826877 -0.0070955851  1.0000000000
10.1433846146 -7.3047537988 -0.9859996042 10.6593650066 -6.5849696203 -1.4634877732 -0.0426685377 -0.1496962486  1.0000000000  0.0587088360 -0.1097467278  1.0000000000
11.1105956591 -8.5853868440  2.0514648934 10.0405603447 -7.5513656455 -0.7275195908 -0.1784537919  0.0416483854  1.0000000000 -0.0316542577 -0.1278059130  1.0000000000
 9.7362704190 -9.5563735305  0.8863662324 11.2525963602 -8.7940470265  0.6287636669 -0.1952609983 -0.1398371750  1.0000000000 -0.0087905555 -0.0364647809  1.0000000000
13.3342584041 -9.0033670604 -0.6606110507  9.9121356880 -8.8983310064  0.8909456489  0.1875941604  0.0238537002  1.0000000000 -0.1017761015 -0.0810877308  1.0000000000
12.2228532245 -9.1066406245  0.0868642308 11.3866441992 -7.6813725481  1.5453327260  0.0949247879  0.0195764557  1.0000000000 -0.1750038065  0.0902161971  1.0000000000
 9.3229387500 -6.8583569801 -2.0431747793 11.0537589477 -8.3098378921 -2.0571084392 -0.0098557541 -0.3166894815  1.0000000000  0.1656087491 -0.2017033222  1.0000000000
10.6120024146 -9.8378572765  0.0175855342 11.3462106665 -6.2861370065 -1.6552516547 -0.0117953079 -0.1290688584  1.0000000000  0.1256825490  0.0311470421  1.0000000000
11.9561173364 -7.6733144252 -1.3866198939 10.2680362797 -7.9090325870  0.1487211430  0.1779342717 -0.0529664859  1.0000000000 -0.1004412108 -0.0670344523  1.0000000000
12.0405460108 -9.9699933119 -1.1093308821  9.5379494742 -9.5822142432  0.6747296898  0.1646519326 -0.1533470898  1.0000000000 -0.1461246947 -0.2050832081  1.0000000000
12.6300213439 -5.2033441827 -0.6301022047 11.9261619679 -7.6902854723  0.9269278275  0.1257069752  0.2796912614  1.0000000000 -0.0068626665  0.1166831398  1.0000000000
12.2424070925 -8.3125063570  1.2500291974 10.4622099741 -7.7208844149 -1.4152351238 -0.0104338456  0.1298882397  1.0000000000  0.0463259104 -0.1663077236  1.0000000000
10.5515494212 -7.2491250287 -2.2322792812  9.8767566804 -8.1657585841  0.2009462424  0.1278578144 -0.1863958569  1.0000000000 -0.1096075917 -0.1696813554  1.0000000000
12.0128886018 -6.6028475268 -0.8794346653  8.8212265398 -6.2770770854 -0.2546746642  0.0930073211  0.0689854708  1.0000000000 -0.2944817676 -0.1638458681  1.0000000000
 9.5596887319 -7.4397879722 -0.4772151546  9.4279764806 -7.2747306800 -1.0076531376 -0.1456689295 -0.1525635880  1.0000000000 -0.0621228717 -0.2217496038  1.0000000000
 9.7004531605 -7.6110456767 -0.6162388120 10.6875522922 -4.7808633395  0.8639010253 -0.1136298430 -0.1391412925  1.0000000000 -0.2870734905  0.2608775142  1.0000000000
12.8892127417 -6.9235426636 -0.7464804352  9.3376014141 -8.9691967447  1.0339190348  0.1901462007  0.1589721808  1.0000000000 -0.1804995569 -0.1776886688  1.0000000000
 9.7749074014 -7.3418744798  0.0084030666 11.7894392522 -5.3223031653 -0.0605576272 -0.1659807673 -0.0933533069  1.0000000000 -0.0688847624  0.2817182298  1.0000000000
 9.1102536051 -7.1899208885 -0.2114242453 10.6646965196 -9.4581580732  0.5753998519 -0.2139195702 -0.2155122209  1.0000000000 -0.0948219457 -0.0976173337  1.0000000000
12.1506430047 -8.9390654530  0.7304150192 12.3638472355 -5.9926821726 -0.6506185387 0.0108094017 0.0488579717 1.0000000000 0.0846211244 0.1809533606 1.0000000000
11.3913399499 -8.4006384541 -1.8556063560 11.4796862178 -9.2221146443 -0.9520526516  0.1625024741 -0.1452409110  1.0000000000  0.0623944014 -0.1220709053  1.0000000000
