496.3000000000
0
50
-5.7848570818 -4.7768035988  1.5673981132 -5.0895057516 -3.8080693677 -1.6484510100  0.2188658092 -0.0250539612  1.0000000000 -0.0496918439  0.1653431564  1.0000000000
-5.1437173889 -6.0705998310 -1.4260333566 -4.1367341343 -4.1184444787  0.0311545920 -0.0755055871  0.1499936509  1.0000000000  0.0020803451 -0.0354030800  1.0000000000
-5.7043808188 -5.2803598259 -0.4564944858 -3.9536057341 -5.1264975408  1.7766912829  0.0463602369  0.0600483455  1.0000000000  0.1101742482 -0.1923792368  1.0000000000
-4.6776182155 -1.9845517622  1.6196220692 -6.7237597593 -3.9696745078 -0.7723646481  0.3018887802 -0.2389705718  1.0000000000  0.1544134702  0.2650307088  1.0000000000
-6.8475238651 -4.2183034178 -0.6289845942 -4.4194330298 -4.0377137834  0.9930283179  0.1492803794  0.2226704280  1.0000000000  0.1166533268 -0.1047226025  1.0000000000
-2.4358486601 -3.5632014895 -0.3894645940 -5.8466879128 -2.9715659715  0.8762444688 -0.2130368316 -0.1858111521  1.0000000000  0.2647320220 -0.0381062823  1.0000000000
-5.4872265565 -4.4312891480  0.8274653143 -2.6265140377 -5.8537909329  0.4151897572  0.1346491334  0.0047982954  1.0000000000 -0.0890022105 -0.1659246899  1.0000000000
-7.0840005742 -3.4814879330 -0.0556808810 -4.2720188752 -2.6114923398 -2.8403016061  0.2377150182  0.2284376467  1.0000000000 -0.3024540110  0.1613890600  1.0000000000
-5.3457208186 -5.2631673153 -2.1263778719 -3.9046414255 -4.9403834951 -0.9628721760 -0.1387853592  0.2366433662  1.0000000000 -0.1024772382  0.0229026863  1.0000000000
-2.6357987228 -3.8694364351 -0.1485112909 -5.1135802613 -3.0955707229 -1.1561058320 -0.1287934354 -0.2015175247  1.0000000000  0.0461336537  0.1235744729  1.0000000000
-3.7563956673 -5.4581000290  1.4314432263 -3.3762319206 -2.6953481251 -1.6655215660  0.0898130788 -0.1664209332  1.0000000000 -0.2665896458  0.0053086673  1.0000000000
-3.8494670724 -2.0262198480  0.5163189577 -4.2337132772 -5.1538505305  1.5165850721  0.1464815689 -0.2293627370  1.0000000000  0.0729430647 -0.1145121499  1.0000000000
-5.1930477777 -2.2938551314 -0.6319318330 -4.8791915920 -2.3704963324 -1.2350805172  0.1146566006  0.1036644123  1.0000000000 -0.0070533935  0.0919845204  1.0000000000
-4.0967156145 -2.5149736797 -0.5516347249 -4.6535598443 -2.8227260351  1.9066030757 -0.0358859853 -0.0389970588  1.0000000000  0.2568277534 -0.1881358518  1.0000000000
-3.7976357675 -4.5945023582 -1.6743845540 -6.5870205422 -4.8802404613 -0.1000523728 -0.1858835612  0.0629394532  1.0000000000  0.1548036269  0.1701975306  1.0000000000
-6.6359174019 -2.7379804910 -0.1745792216 -5.7574241643 -5.5272847423 -1.4407698959  0.2873667289  0.2001159103  1.0000000000 -0.0121178158  0.2053067755  1.0000000000
-3.5546852375 -5.4569630384  1.6238049138 -6.6305630584 -4.2153505880 -0.5877154023  0.0513910723 -0.2445354032  1.0000000000  0.1955562226  0.1844861211  1.0000000000
-2.9177548557 -3.0046969806  0.4442089323 -2.4972659259 -5.7498767975 -0.1326519629 -0.0698275996 -0.2275580943  1.0000000000 -0.1460279690 -0.1290008309  1.0000000000
-3.9084071893 -3.3546370461  0.2174016004 -5.4877457782 -5.1311088956  0.0357611594 -0.0505803611 -0.1152859233  1.0000000000  0.0796895122  0.0835125208  1.0000000000
-3.1859088572 -5.1677486470 -0.0321770950 -2.2479528479 -5.5207977013  0.2424269555 -0.1139242957 -0.1463430835  1.0000000000 -0.1340261525 -0.2264059920  1.0000000000
-5.2167495384 -4.1801077838  1.8018942216 -4.6493629336 -3.8615713157  1.9882453899  0.2321293777 -0.0841095104  1.0000000000  0.2499231664 -0.1727758444  1.0000000000
-4.5159197033 -1.4888922085  1.6270175229 -6.3318871398 -4.0761183062  0.4354730261  0.3367023367 -0.2410075995  1.0000000000  0.1904569035  0.0562807757  1.0000000000
-4.3199385106 -2.8510016220  2.2145901157 -4.9280214189 -5.5433862236 -2.3316348490  0.2460248724 -0.2063748436  1.0000000000 -0.1592234982  0.1616982732  1.0000000000
-3.8801809069 -5.3857075136  0.1660288199 -2.3483512570 -3.7146004669 -0.8494036979 -0.0123906619 -0.0278746003  1.0000000000 -0.2669276813 -0.1806479219  1.0000000000
-5.2780920755 -2.4493658968 -2.6064201207 -5.0802571003 -3.3498221176 -2.0187066628 -0.1615921991  0.2948608142  1.0000000000 -0.0716370546  0.1879672527  1.0000000000
-4.9918653470 -3.4636777940 -0.2930765621 -4.2493656115 -3.0601915597  1.0746462573  0.0517204481  0.0368514757  1.0000000000  0.1241481836 -0.1743561414  1.0000000000
-4.6265223708 -2.6726495250  1.2767649423 -5.7269496313 -3.0242301924 -1.1891365767  0.2319563442 -0.1178018744  1.0000000000  0.0728493286  0.2003956533  1.0000000000
-3.9287075058 -2.4143452576  0.3963794675 -3.1685366636 -2.2370968919  0.7558661648  0.0596161909 -0.1511454428  1.0000000000  0.0535742495 -0.2632062314  1.0000000000
-6.7231612536 -2.7009194139 -0.4879322943 -2.8314203200 -4.6669006593 -0.9016052407  0.1958314406  0.2501888924  1.0000000000 -0.1550095272 -0.1317863675  1.0000000000
-2.8927900058 -4.8574607120 -1.0062573734 -6.1128926732 -5.3017515286  1.0083315224 -0.2053698698 -0.0705169142  1.0000000000  0.1474595573  0.0737314520  1.0000000000
-3.0188450246 -2.7168366928  0.7067504238 -4.8252162100 -4.9945024938  0.8390887526  0.0101758667 -0.2876680759  1.0000000000  0.0882839522 -0.0663796392  1.0000000000
-6.2422039974 -3.8950154152  0.4738053270 -6.5786405566 -3.5722971496 -0.7840299652 0.1436532285 0.0962217284 1.0000000000 0.1435725534 0.2322858695 1.0000000000
-4.6094357792 -1.3872594519  1.6807201715 -2.6162915538 -4.5929554375 -0.9280580914  0.3281223251 -0.2524836643  1.0000000000 -0.2301939421 -0.1628881711  1.0000000000
-5.6123358655 -2.1394493713  0.6456709179 -2.6145138088 -2.1379106079 -0.4937932835  0.2958116046 -0.0009280118  1.0000000000 -0.1665173077 -0.2615542171  1.0000000000
-5.5103271213 -2.3568330360 -1.2350575147 -4.3432602463 -2.8275678064 -2.1605656549  0.0568811553  0.1571858315  1.0000000000 -0.2028463124  0.1076771769  1.0000000000
-5.1176363704 -2.5673182765 -2.8288184657 -5.8148060041 -4.0498624997 -0.8298767044 -0.1370113462  0.3165658255  1.0000000000  0.0595169300  0.1950593467  1.0000000000
-3.6467057838 -2.9211510155 -0.8878539921 -4.7904277313 -2.7971024519 -2.2361560240 -0.1065123935 -0.0455056242  1.0000000000 -0.1657409481  0.2064009644  1.0000000000
-5.3529140025 -5.6442169919 -1.2044846963 -4.8600624319 -5.2388548217  0.5859508352 -0.0228509883  0.1213283075  1.0000000000  0.0310163150 -0.0509881488  1.0000000000
-3.9940413746 -5.8213608160 -1.2152193090 -4.4123101545 -5.4672713802 -0.9893339188 -0.1119656309  0.0401058592  1.0000000000 -0.0920109370  0.0402101832  1.0000000000
-3.9432731571 -2.7023455859 -2.5130638424 -6.4645822885 -4.3231783540 -0.2146004517 -0.2792528576  0.1145696360  1.0000000000  0.1247670120  0.2040104558  1.0000000000
-6.6295223903 -5.0606826440 -0.1982293685 -4.5638516045 -1.9273858051 -0.1809545046  0.1249697527  0.1852185985  1.0000000000  0.0905798763 -0.0669751004  1.0000000000
-3.8088160401 -4.8553265241 -1.9165804461 -6.4941226850 -5.3211831674  0.4157580167 -0.1724713539  0.0697642512  1.0000000000  0.1558540147  0.0876583765  1.0000000000
-5.5504570911 -2.4750974839 -0.4266822729 -3.8522469282 -4.3409528038 -1.3726328938  0.1485087857  0.0911144499  1.0000000000 -0.1450358441  0.0092306340  1.0000000000
-5.0607594362 -2.3631632502  0.2510925334 -3.6510793954 -3.1401598789 -0.2799806241  0.1334280693 -0.0101471341  1.0000000000 -0.0625256267 -0.1279960755  1.0000000000
-3.2214515055 -4.4319606234 -1.0416052724 -4.4419441894 -3.7858550839  2.4125936021 -0.2060407927 -0.0666388004  1.0000000000  0.2557885373 -0.1940196617  1.0000000000
-6.6082779616 -3.4360831134 -0.2162191636 -5.1577384878 -3.1308426180 -2.1099083282  0.2230050621  0.1848640296  1.0000000000 -0.0582267041  0.2206865711  1.0000000000
-5.9564601590 -4.8435534116  1.3049993193 -5.1658350474 -5.1126308040  0.9133903494  0.2067293861  0.0216118218  1.0000000000  0.1227563165 -0.0220292029  1.0000000000
-4.7724903110 -4.9450215431 -0.5841604351 -4.7938483239 -3.1626346807  1.9776719012 -0.0039514706  0.0273598738  1.0000000000  0.2216617452 -0.1556188446  1.0000000000
-3.9465079096 -4.3176933587  0.1487544446 -5.6200833516 -3.2394758348  0.0273905009  0.0213230630 -0.1297200732  1.0000000000  0.1707643085  0.0314676120  1.0000000000
-2.8243976114 -5.1043836966 -0.2401958099 -4.8261481467 -5.7656556386 -1.6899897222 -0.1386952839 -0.1051761620  1.0000000000 -0.1515095948  0.1307588554  1.0000000000
