258.0000000000
0
50
-7.0584086662 -8.0870909839 -0.7009346756 -6.4569631689 -5.6372825163  1.0246458005 -0.1711803447 -0.0419586164  1.0000000000 -0.1329029559  0.2374451707  1.0000000000
-8.0563381207 -5.1848537759 -0.4487436491 -7.6966109561 -6.9066316872 -2.0106946429 -0.2898529616  0.0130917267  1.0000000000 -0.1880324294 -0.2476816950  1.0000000000
-5.9622917227 -5.5328678887 -1.4319176583 -5.0589258665 -6.0485578133 -2.0318093953 -0.0121421853 -0.0077791734  1.0000000000  0.1463088492 -0.0950593136  1.0000000000
-4.5323476683 -6.4858296971 -2.2853542402 -5.0153307393 -3.9802840275 -2.5411936027  0.1820369406 -0.1326296449  1.0000000000  0.3090625828 -0.1357614839  1.0000000000
-7.1394571777 -5.9240166345  1.1066634084 -7.0104902010 -8.4002171327 -1.0508548871 -0.2246753503  0.1978768600  1.0000000000 -0.2055646676 -0.1212672687  1.0000000000
-6.7197402035 -6.0237163076 -2.4262611172 -6.5223426702 -5.7824740990 -0.8202531177 -0.0239434719 -0.2043648484  1.0000000000 -0.0423430587  0.0049296967  1.0000000000
-4.1730491874 -5.8449019262 -0.9520540874 -4.3586102643 -6.3070400965 -3.0723687028  0.1928210235  0.0340174045  1.0000000000  0.2170959830 -0.2177914535  1.0000000000
-6.1364403724 -6.9670557757 -1.0852138712 -5.3757844725 -4.3733675647  0.1743004950 -0.0112800476 -0.0399049016  1.0000000000  0.0808887406  0.1907628632  1.0000000000
-3.8406736462 -7.1631753810 -0.9675471873 -6.6344986761 -7.4250107583 -0.1843338983  0.1282982856 -0.0088773463  1.0000000000 -0.1335351694 -0.0022951061  1.0000000000
-6.6914649856 -6.8999545114  1.4365012600 -5.8144633825 -6.8364015782  0.8071830710 -0.2063981135  0.2255389596  1.0000000000 -0.0995590454  0.1495243386  1.0000000000
-6.0197183283 -7.5460835797 -1.7974405346 -4.7879404835 -4.3342547611 -1.4326282637 -0.0456106115 -0.1396106376  1.0000000000  0.2486346181 -0.0121929188  1.0000000000
-6.1526615915 -6.4795606013 -2.3184899532 -5.6223717987 -5.3430640356 -0.2684110038 -0.0239280648 -0.1906163227  1.0000000000  0.0227870352  0.0958951421  1.0000000000
-4.6253706118 -5.0417687009 -2.0567699043 -4.3786649089 -6.2869411800 -1.0242317883  0.3042125768 -0.0705621673  1.0000000000  0.1381865878  0.0139120718  1.0000000000
-6.7194250380 -5.5845650111 -1.0320432084 -5.2262722914 -4.6128183644 -2.7100225876 -0.1141982586 -0.0109754803  1.0000000000  0.2327795025 -0.2067456525  1.0000000000
-4.6026203587 -4.4754647863  0.0338579215 -5.3165628193 -5.0835784325 -0.7850179088 0.1860875660 0.2021545988 1.0000000000 0.0699677401 0.0733776650 1.0000000000
-4.4355393088 -6.1649120109 -1.6862983189 -5.3967605325 -7.9780873263 -0.2999215135  0.1608960014 -0.0643670892  1.0000000000 -0.0382737797  0.0154763010  1.0000000000
-5.5862108200 -7.9095842821 -2.4358760943 -7.0943240228 -5.9767090818 -1.0648866032  0.0043103182 -0.1934520166  1.0000000000 -0.1380062875 -0.0485785173  1.0000000000
-4.7512946791 -7.1682338545  0.0163301919 -6.8617883524 -7.7499022698 -0.7727871118  0.0380302622  0.0556831846  1.0000000000 -0.1795875103 -0.0465269160  1.0000000000
-5.2810956634 -6.1581914367 -0.3607936562 -3.9824755911 -6.9558497404  0.1014918401 0.0322536029 0.0633723817 1.0000000000 0.1050682830 0.1013257115 1.0000000000
-5.2540359638 -7.3057918792 -2.6215607619 -6.6504642022 -6.7422203455 -1.1326513744  0.0562081844 -0.1918016201  1.0000000000 -0.1351524379 -0.0870588631  1.0000000000
-5.2172966195 -4.4034498117  0.4481637197 -7.1151847285 -4.3901152722  0.8291589300  0.0982610655  0.2407559169  1.0000000000 -0.1841280976  0.2963491508  1.0000000000
-6.5568110006 -5.8837099730  0.5279023807 -4.9880017131 -7.9117665073 -2.1020965509 -0.1126488937  0.1423733688  1.0000000000  0.0483419887 -0.1573970845  1.0000000000
-7.3217908746 -5.4920010566 -2.7509842997 -4.4834961297 -6.3345314456  0.1170257784 -0.1064233854 -0.3248007687  1.0000000000  0.0940166241  0.1140767478  1.0000000000
-5.9792258872 -7.5678007204 -1.0032755804 -7.5156152983 -6.2931486669 -1.4303885146 -0.0739166462 -0.0645930693  1.0000000000 -0.2286607730 -0.1392117076  1.0000000000
-7.9303433764 -5.5679715991 -2.5888762580 -5.2240803938 -6.9135097396 -0.5170338751 -0.2133680142 -0.2807608903  1.0000000000  0.0305336595  0.0393901860  1.0000000000
-6.2795043999 -4.0158522782 -0.1507271083 -5.5240764819 -6.3864114114  0.5209864498 -0.0180494639  0.2109459179  1.0000000000 -0.0716657574  0.1805087346  1.0000000000
-6.4692454790 -7.8700511144 -1.2705476355 -7.1336344845 -4.8844963952 -2.1947722732 -0.0817031173 -0.1120281132  1.0000000000 -0.0723090761 -0.2371988494  1.0000000000
-6.0601985950 -6.9715063194 -1.2897661021 -6.5978167733 -8.6834588048 -1.9483251980 -0.0515272653 -0.0653105731  1.0000000000 -0.1340446167 -0.1808942682  1.0000000000
-4.9911154344 -6.2454594375  0.4543656941 -4.1187842732 -7.7909465008 -2.0558599131  0.0097463114  0.1277710816  1.0000000000  0.1462614140 -0.1306934084  1.0000000000
-5.2486787902 -4.4100480312 -2.2287517611 -6.7979776879 -5.7880236903 -2.5655525730  0.2310158619 -0.0793609504  1.0000000000 -0.0465305788 -0.2076834410  1.0000000000
-6.8431803373 -7.9577161679 -1.9676662147 -7.6493593558 -5.5835468412  0.3080158265 -0.0981557495 -0.1740318472  1.0000000000 -0.2906661004  0.1166671988  1.0000000000
-6.2596993903 -6.9591098958 -0.4025006670 -5.1959695241 -7.4823991333 -0.3402519487 -0.0860111652  0.0241368341  1.0000000000 -0.0124937720  0.0156980851  1.0000000000
-5.2064053774 -5.0904877401 -2.4519435898 -4.5196411420 -6.4671832973 -2.3670696584  0.1937449455 -0.1445030574  1.0000000000  0.1686332836 -0.1130000353  1.0000000000
-4.2081329904 -6.6396308750  0.3836071364 -4.1008632307 -4.7374858652 -0.2079588355 0.0866105982 0.1605857573 1.0000000000 0.2471244950 0.1602735017 1.0000000000
-6.7272437210 -4.7824168481  0.8596927989 -7.3763565380 -4.8183132408 -2.1042001184 -0.1352869058  0.2804737581  1.0000000000 -0.0878977201 -0.1741224877  1.0000000000
-5.8387865640 -5.4087479645  1.0111631502 -7.2865326517 -7.1731010472 -1.3367892309 -0.0361779496  0.2696879900  1.0000000000 -0.1746531761 -0.1033567143  1.0000000000
-4.7371692331 -5.8783072069  0.5497889251 -5.9763687189 -7.5071948017  0.8024695107  0.0783468131  0.2186320222  1.0000000000 -0.1117438324  0.1345583914  1.0000000000
-6.5839351499 -6.0265065731 -2.6262020460 -5.5710488182 -4.4216176095 -0.6021682973 -0.0274584360 -0.2768134239  1.0000000000  0.0825882118  0.0883411240  1.0000000000
-5.0312017725 -7.9039111768 -0.5921163821 -5.7110439350 -6.6353094956  0.7665459000  0.0143973762  0.0035586196  1.0000000000 -0.0396603740  0.1337276876  1.0000000000
-6.7726147209 -7.2244680900 -2.3206426758 -5.6675126996 -7.8384445706 -2.3864886778 -0.1077112743 -0.2062792254  1.0000000000  0.0176069530 -0.1681652924  1.0000000000
-6.3433266195 -4.9013578937 -1.2840521577 -5.2752537319 -6.4165886524 -2.8865432908  0.0125586194 -0.0561608432  1.0000000000  0.1494940142 -0.2547104763  1.0000000000
-4.9229287802 -6.2589577736 -0.4781357898 -6.3034838911 -5.2699803276 -0.9766292612  0.0623239680  0.0619884007  1.0000000000 -0.0209377019  0.0001324851  1.0000000000
-5.5150525241 -5.6163600178  0.3554303338 -5.8906103623 -7.4522338357  1.5338403590 -0.0200712034  0.1805980622  1.0000000000 -0.0979355964  0.1868307689  1.0000000000
-4.6197765083 -5.5160368225  0.6649175880 -6.1345777110 -4.1301471037 -0.6624367563 0.0927657883 0.2233830980 1.0000000000 0.0082343062 0.0938130021 1.0000000000
-5.8630035313 -5.7067968899 -1.9788789138 -5.4325348008 -6.8275650307 -2.4421641787  0.0528213978 -0.1295451644  1.0000000000  0.0447517787 -0.1831479890  1.0000000000
-8.0199512486 -5.4520060382 -1.5468486542 -6.7080417486 -6.6088766768  0.7188123221 -0.2397685122 -0.1327901582  1.0000000000 -0.1815334220  0.0924259719  1.0000000000
-5.1447835696 -5.1811662868 -1.6260070316 -5.7921060541 -7.8547252074  0.3231837907  0.1672364379 -0.0405792262  1.0000000000 -0.0964257409  0.0967977275  1.0000000000
-7.6764624175 -6.5171070526 -1.8916808303 -7.1368912334 -8.4352948970 -1.9613461098 -0.1894478123 -0.1874625880  1.0000000000 -0.1856715811 -0.2027590923  1.0000000000
-7.9732982170 -4.9039599479 -0.4650645037 -4.5895092135 -6.5502613975 -0.7417119492 -0.3242011464  0.0287210092  1.0000000000  0.1195721507  0.0540183324  1.0000000000
-3.9855175109 -4.1614395891 -0.0240476509 -6.7031251752 -7.7297062518  0.0125205491  0.2969159528  0.2576185458  1.0000000000 -0.1634587296  0.0252075129  1.0000000000
