980.9000000000
0
50
-11.6228023674 -10.7625163020  -6.7528697128 -11.2734735007 -11.6847262343  -7.8002635481  0.0284138006  0.0455419645  1.0000000000  0.1862226144 -0.0699658939  1.0000000000
 -9.5303582719  -8.8562819908  -8.4141367585  -9.5600821161 -11.9430273753  -6.9841119834 -0.1776194382 -0.2141847981  1.0000000000  0.2202102543 -0.0121905835  1.0000000000
-11.5468582045  -8.4442367404  -6.1805757412 -10.5056987538 -10.7845211315  -8.2730732921 -0.2049724279  0.1115178134  1.0000000000  0.1021434385 -0.1319683056  1.0000000000
 -7.8132023065 -11.6337053658  -5.8339686821  -9.3771700906 -11.2151114889  -8.5855893710  0.3661045135  0.1092199974  1.0000000000  0.1093511377 -0.2130674551  1.0000000000
-11.4394994695 -12.1477612576  -5.7320276641  -7.9346830289 -11.7258787338  -6.9993674513  0.1819513736  0.1768986097  1.0000000000  0.2919777942 -0.0966993425  1.0000000000
 -9.6742662537 -10.5622617237  -7.7365551654  -7.8622346019 -11.6535217031  -7.3493721870  0.0604122562 -0.0818225283  1.0000000000  0.3245633960 -0.1161283655  1.0000000000
-12.0584110537  -8.6528363490  -6.6176095085  -8.1611894195  -9.8130859631  -7.5155693244 -0.1901624075  0.1055186706  1.0000000000  0.0223555077 -0.1886789674  1.0000000000
-7.9502549645 -8.9157379257 -8.3644543352 -8.7798713175 -9.6249735570 -5.3566739568 -0.1613214918 -0.3106002358  1.0000000000  0.0235357905  0.1611980560  1.0000000000
-11.4212113339  -8.4675876493  -6.0318640122 -10.8406017399  -8.6355246526  -7.7466166912 -0.1865111373  0.1399954127  1.0000000000 -0.1946101591 -0.0790213821  1.0000000000
 -9.2778907878 -11.8522953216  -7.6875904350  -9.6994352873  -9.1428850641  -7.3379909919  0.2234339256 -0.1543117871  1.0000000000 -0.1125769250 -0.0973822480  1.0000000000
-10.0076512478 -10.1278918838  -5.1846225296  -7.4410591062 -10.8362431333  -8.0855826209  0.0223435068  0.2347643697  1.0000000000  0.1934471691 -0.2800705637  1.0000000000
-12.2779993422 -10.2642454656  -5.5053558304  -7.6290543503 -10.5395071170  -7.8421721086 -0.0428944856  0.1836211805  1.0000000000  0.1596931106 -0.3097335217  1.0000000000
 -9.5842044198 -10.9080167720  -7.9863759619 -10.8657438016 -10.2339258160  -7.8214714311  0.0899323805 -0.1060464315  1.0000000000 -0.0096911287 -0.0259645612  1.0000000000
 -8.6524193710  -9.0860603950  -8.2852491846  -9.3752306879 -10.4367904597  -5.4392911968 -0.1056194944 -0.2261612198  1.0000000000  0.0952487562  0.0860247722  1.0000000000
 -9.0045273102 -11.4977127902  -7.4139606438  -9.6821295508  -8.9398132451  -5.7756122278  0.1570811425 -0.1071639001  1.0000000000 -0.1502534185  0.1117808363  1.0000000000
-10.1478159925  -8.7938520539  -8.2685947210  -8.3785429699  -8.5825210922  -7.6269076678 -0.1546669608 -0.1232076031  1.0000000000 -0.1794771873 -0.2060174964  1.0000000000
-11.2868288334  -9.0279986447  -8.4303153105  -9.2373561561  -9.0547248493  -7.6409367436 -0.1016131227 -0.0882675661  1.0000000000 -0.1163542187 -0.0900363215  1.0000000000
 -8.4874032533  -9.5647031025  -5.1656817420 -10.7030435171 -11.3476047732  -6.5314792425 -0.0498641704  0.2218383907  1.0000000000  0.1606002123  0.0542327460  1.0000000000
 -8.9437318046 -11.2413517550  -4.9642106842  -9.4039617932 -10.7023523019  -7.9623700285  0.2080808702  0.2020030345  1.0000000000  0.0978726979 -0.1793162785  1.0000000000
 -8.2119284190 -11.5636988015  -5.9744448664 -12.0493051223 -11.1527992325  -5.6301951657 0.2508911511 0.0632474955 1.0000000000 0.0675053237 0.1384041643 1.0000000000
 -8.6269478869 -11.3421665056  -6.3336736174  -9.8361488291  -8.3450557914  -6.1773806712  0.1914323701  0.0468885905  1.0000000000 -0.2240957582  0.0921585526  1.0000000000
-10.2548307655  -9.3114539380  -6.7104884149 -11.0378052262 -10.4396236998  -5.4167607786 -0.0527612058  0.0345519488  1.0000000000  0.0721279346  0.1665777320  1.0000000000
-12.1849086269  -9.8733282862  -5.5629460891  -9.4202354879 -11.9462947355  -5.8565956854 -0.0340496896  0.1449750395  1.0000000000  0.2787690102  0.0956754868  1.0000000000
 -8.8821337892 -11.3061912757  -4.8387100224  -8.3106321920  -8.0592653738  -6.8591846243  0.2337484349  0.1938048280  1.0000000000 -0.2351533229 -0.1041530311  1.0000000000
-10.5174407354 -10.8236109298  -6.9178232555 -10.3408624056 -10.4960881878  -6.9198094067 0.0791249343 0.0218196617 1.0000000000 0.0343918526 0.0024110646 1.0000000000
 -9.7158503684  -8.4080647807  -5.8360814635  -8.1079905996 -10.9691485750  -7.9360864416 -0.1792178336  0.0966578803  1.0000000000  0.1804575462 -0.1974765154  1.0000000000
 -9.2940041542  -9.2382691521  -6.0095346890 -10.1512759002  -9.1330891782  -7.4749877356 -0.0325611621  0.0644125654  1.0000000000 -0.0970651864 -0.0631183351  1.0000000000
 -8.4634120108  -8.6600661517  -7.1840692098  -9.8505326421 -11.6224742201  -5.7844241542 -0.1660486002 -0.0998934508  1.0000000000  0.2163560905  0.1164468911  1.0000000000
-10.0775133313 -11.2350854718  -5.0535883412 -10.0322913299  -8.7724428730  -4.9097583537  0.1681910934  0.2181648552  1.0000000000 -0.1191756008  0.2623467115  1.0000000000
 -9.6061833958 -10.8745768341  -6.0203469736  -8.2226782426  -8.7120638447  -7.1885266819  0.0975849638  0.0840677056  1.0000000000 -0.1480638601 -0.1157111114  1.0000000000
-10.2772602354 -11.9925372377  -6.3281213708 -11.4781575633  -8.5544139853  -5.9253188127  0.2381022044  0.0752548655  1.0000000000 -0.1635958772  0.1377461985  1.0000000000
 -9.3974383472 -11.0560178415  -8.3120908411 -11.6575933708  -8.7480339011  -6.6228804942  0.1047625961 -0.1650000894  1.0000000000 -0.1617330558  0.0396971250  1.0000000000
-8.6918373378 -9.4896347331 -5.2652769166 -9.0882966759 -8.6534689414 -7.4743129373 -0.0313806850  0.1849814420  1.0000000000 -0.1794902774 -0.1333883632  1.0000000000
 -9.2428884076  -8.2835982289  -5.5010689219 -11.6220865019  -8.8157784556  -8.8026620482 -0.2093467391  0.1815962695  1.0000000000 -0.1925409482 -0.1089213614  1.0000000000
 -8.5804797381 -10.8635680177  -6.1760388812 -11.8342466884  -8.6475806971  -6.8115486705  0.1832697820  0.0442702718  1.0000000000 -0.1323459568  0.0759214307  1.0000000000
 -8.0859066456 -10.6330378046  -7.1926927152  -7.7825624765  -9.9552939686  -8.1273215293  0.1085202844 -0.1423624292  1.0000000000  0.0116610075 -0.2337027647  1.0000000000
 -8.5342025692 -10.3773940952  -6.1359127809 -11.3761533376  -9.6199453928  -7.5368367944  0.1137888996  0.0297363945  1.0000000000 -0.0662007213 -0.0501639283  1.0000000000
-11.9809421651  -8.8975045200  -7.3231583687  -9.9104463515  -9.6435835491  -5.5191522034 -0.1312180580  0.0344617638  1.0000000000 -0.0373085965  0.1427750583  1.0000000000
 -9.8270753548  -8.9841239421  -8.8791462869 -11.1643856753  -9.5500726814  -5.1330705489 -0.1255249616 -0.1749883895  1.0000000000 -0.0574735573  0.2267832522  1.0000000000
-10.2359219993 -11.9030818207  -8.1998686123  -9.4331086956 -10.3189552878  -8.4116410599  0.2039048560 -0.1550910981  1.0000000000  0.0273343687 -0.2100526004  1.0000000000
 -9.6128942412 -11.4970212217  -7.9163188858  -8.5293781400 -11.4692468406  -7.2728408724  0.1870491001 -0.1224918743  1.0000000000  0.2054993039 -0.1080230373  1.0000000000
-10.9877471896 -10.1637567387  -7.3400912521  -9.1972958966 -11.6085104059  -7.2990829289  0.0061761335 -0.0467402511  1.0000000000  0.1803803876 -0.0265842607  1.0000000000
-10.6677768213  -9.9592916909  -7.8091301395 -11.6364415326  -9.2941558602  -6.3973990943 -0.0112434771 -0.0613707238  1.0000000000 -0.0714426523  0.0378623840  1.0000000000
 -8.9339204614  -8.9379555975  -7.4278741677 -10.3930744815  -9.0062763691  -5.0202385898 -0.1132932795 -0.1477813290  1.0000000000 -0.0911054536  0.1938028968  1.0000000000
-11.3068609094  -9.9886968946  -6.2589851256 -10.3778636154 -10.3052204133  -8.0306151697  0.0019164102  0.0970488826  1.0000000000 -0.0007268902 -0.1062990533  1.0000000000
 -9.1224300690 -10.7779173130  -5.2998998967  -8.2014452670  -7.9506727748  -8.1210741946  0.1340301909  0.1500916277  1.0000000000 -0.2851861987 -0.2807006967  1.0000000000
-12.1223264219 -10.2819940061  -5.8159410504  -9.2649430650 -11.2589223719  -7.3377397644 -0.0457669504  0.1487236291  1.0000000000  0.1624363412 -0.0823398839  1.0000000000
 -9.0422361131  -8.5099917670  -8.3754457227 -11.0589998587 -11.5858822013  -5.3042258130 -0.1913231194 -0.1864348844  1.0000000000  0.1611375073  0.1912078138  1.0000000000
-11.6480383452  -9.0483543996  -8.5577135156  -9.2811017641  -8.3783250091  -6.0051402418 -0.1022052363 -0.1137855095  1.0000000000 -0.1841268884  0.0933258394  1.0000000000
 -9.4998896704 -11.4437819154  -6.8238429205 -11.3038432010  -8.7811568351  -8.5790722728  0.1936958954 -0.0043940287  1.0000000000 -0.1607921966 -0.1349873147  1.0000000000
