372.9000000000
0
50
17.4601567515 -6.6610204282  2.7172048619 18.0005374004 -6.2996503877  0.2137274947  0.1522829000 -0.0589663335  1.0000000000 -0.0398425765 -0.0308786024  1.0000000000
17.2229389883 -5.2199604516  1.2162112990 16.7009769951 -6.5749998719 -0.6895153072  0.0489674186 -0.1164048266  1.0000000000 -0.1058819269  0.1318162377  1.0000000000
18.1541878131 -3.9936014863 -0.6627111968 15.1687367847 -5.2791081843  1.6202805932 -0.2606302413 -0.1881091512  1.0000000000  0.2926666128  0.0255884011  1.0000000000
16.9367496872 -5.9368547580 -1.4856274661 18.0665979940 -5.0269015837  1.6503468761 -0.2017867530  0.1295992463  1.0000000000  0.0505220490 -0.1954323243  1.0000000000
15.2206496576 -5.0034482903  0.8700275513 14.7401977925 -5.5608020834 -0.2588867975  0.2227298928 -0.0186827662  1.0000000000  0.0985430140  0.2322703908  1.0000000000
16.2773708189 -5.3543060638 -2.3795771373 15.4240542885 -4.6015291856 -0.5532672924 -0.2821129030  0.2482254329  1.0000000000 -0.0119626419  0.1015735156  1.0000000000
16.4887740258 -4.2951107046  1.5969683237 17.2449931648 -7.4741163091  0.8901678241  0.1492436420 -0.1853872031  1.0000000000  0.0718837107  0.0813720004  1.0000000000
16.6864223109 -3.6699280179  1.5529915968 17.2839990063 -4.5498276482 -0.4173548186  0.1625759143 -0.2356881205  1.0000000000 -0.1176998752 -0.0874371078  1.0000000000
14.6736378844 -5.8504563253  1.3060012118 17.6614397892 -5.0159753704 -1.0046194830  0.3093055222  0.1505967976  1.0000000000 -0.2536615570  0.0038966289  1.0000000000
17.4092552403 -7.2927850334  1.3209683968 17.0807289543 -7.0276101083  0.3520769123  0.0553366749  0.0549564569  1.0000000000 -0.0040789507  0.1060083836  1.0000000000
16.3849955514 -6.3558696440 -0.8912458058 14.9711311014 -6.5963400610  1.0919974433 -0.0808646299  0.1611395854  1.0000000000  0.2166029349  0.1668224950  1.0000000000
19.5155436702 -5.7727343784  0.2954758012 17.4634659951 -5.1420512940  2.4397746398 -0.1732240131 -0.1144594260  1.0000000000  0.1727027195 -0.1837576498  1.0000000000
15.7942839966 -4.6697337462  1.5271137191 18.4245186711 -7.3564132970 -0.1346534911  0.2507197738 -0.1097173172  1.0000000000 -0.1183818503  0.0558271535  1.0000000000
14.2782156504 -6.3068268950  0.6538096538 16.8801167444 -4.3929339942 -0.1394869936  0.2795973156  0.2398626754  1.0000000000 -0.1017804144 -0.0880711972  1.0000000000
15.7643303251 -4.6999005130  2.0714254157 18.4608737076 -5.7514094547  2.4868317448  0.2802272448 -0.0978598200  1.0000000000  0.0594599938 -0.1895405777  1.0000000000
16.6079142475 -5.5135214299  0.4028267831 16.7655780820 -7.6074512450 -0.4171676871  0.0166775550 -0.0043296281  1.0000000000 -0.0484060311  0.1997697532  1.0000000000
16.3379272531 -7.2485110727  0.1623129193 17.0052338901 -6.6976890233  1.1726916030 0.0355708505 0.1797782198 1.0000000000 0.1042652178 0.0654097203 1.0000000000
15.1768661037 -7.0864696131  1.5492491435 15.6332297355 -6.5886539137  0.2084591574 0.2320339229 0.1788285753 1.0000000000 0.0634414905 0.1912584149 1.0000000000
17.8940889283 -4.9590014788  1.6264035467 16.4356995986 -5.5516797779  2.1782778215  0.0539945498 -0.1816338686  1.0000000000  0.2297334496 -0.0932069621  1.0000000000
18.2260684391 -7.2783382059 -0.1830028295 18.0879304349 -7.1335334065  0.0779748471 -0.1494640821  0.0757905094  1.0000000000 -0.0191978747  0.0513734878  1.0000000000
17.3877014092 -4.8582670545  2.2815088615 14.6912004374 -5.7087009325  0.0992606665  0.1689426816 -0.2170308695  1.0000000000  0.1663646239  0.2274576464  1.0000000000
16.5850302932 -5.8203542483  0.8287426097 16.8989105467 -3.8302038511 -0.8159026153  0.0685268540  0.0240001909  1.0000000000 -0.1388447711 -0.1409734540  1.0000000000
17.5337281905 -7.3288402714 -1.3856468772 16.7483150615 -6.0410252481  2.3582116250 -0.2063797705  0.1640793042  1.0000000000  0.2200400224 -0.0539433748  1.0000000000
18.6654997674 -3.8275385953 -0.5036763351 18.0644326800 -7.2462144188  0.4467837551 -0.1902766265 -0.2446604212  1.0000000000 -0.0451718673  0.0694090871  1.0000000000
18.7293444570 -6.7769582506 -0.6625503800 15.5026907810 -4.5644915490  0.3907022415 -0.1652841378  0.0007690658  1.0000000000  0.0636668632 -0.0254063452  1.0000000000
16.8403606654 -4.3011670188  1.7282189564 16.3619894177 -4.1193441597  0.6165179396  0.0993259830 -0.1984831352  1.0000000000  0.0736010159 -0.1249227415  1.0000000000
18.1386775228 -7.5755574095 -0.8061864491 16.3405512653 -6.8736599256 -0.5130969250 -0.1328599872  0.1252870790  1.0000000000 -0.0310819453  0.2112898465  1.0000000000
17.6373518128 -6.6812736676 -0.0588115391 17.5317542744 -6.2246170254  1.7085795171 -0.0693464255  0.0519555538  1.0000000000  0.0888461065 -0.0443927764  1.0000000000
16.4318591103 -7.1211361639  1.0026023434 17.4109848793 -6.9970294943 -0.1797754821  0.0598513006  0.1067972954  1.0000000000 -0.0498355878  0.1032224646  1.0000000000
14.7824487734 -5.0971674367  0.9233716311 15.7920469606 -5.3515693896 -0.8875200854  0.2991687774  0.0688279731  1.0000000000 -0.0511335183  0.1566964362  1.0000000000
18.5027384751 -5.5027531673  1.5397668096 16.8633831064 -5.4061063421  1.7252334723  0.0348789917 -0.1558656406  1.0000000000  0.1312594587 -0.1240566293  1.0000000000
16.4346618527 -3.9884516799  0.5948701380 15.7366444345 -5.8347796870 -0.5971820790  0.0547363846 -0.1685997302  1.0000000000 -0.0013112105  0.1821062130  1.0000000000
18.0959162995 -6.1821561175 -0.8021057590 18.3977346638 -6.6735352265  1.1541443286 -0.1525708091  0.0201296813  1.0000000000 -0.0434679452 -0.0557763628  1.0000000000
18.7029866056 -5.0023239501  0.3155635472 14.6438279703 -6.6202830479  0.9130270259 -0.1026469691 -0.1674721429  1.0000000000  0.2165472378  0.2426126429  1.0000000000
18.1703274961 -4.9467321871  1.6787106258 18.1302329364 -5.0536073475  0.3360457702  0.0470785791 -0.2181987396  1.0000000000 -0.1383414893 -0.1641772004  1.0000000000
19.1313869697 -5.6892652342  1.5827817298 15.9024365460 -6.0538390440  0.8176017362 -0.0152185555 -0.1694484148  1.0000000000  0.1150963101  0.0664771685  1.0000000000
14.4034363741 -5.9553960206  0.9499564885 17.8456347766 -5.3944899987  2.3877734057  0.2422711899  0.1804443891  1.0000000000  0.1487908257 -0.1552188164  1.0000000000
16.0248122877 -5.6994708199 -1.0550323678 15.3620549106 -6.0286205531  0.3632884276 -0.0983110416  0.1625043646  1.0000000000  0.1465445157  0.1434081002  1.0000000000
16.8644501596 -6.3885455357  2.0725105121 16.7370040346 -8.0240970745  1.4297805268  0.1473408974 -0.0312170832  1.0000000000  0.1000387858  0.1520772298  1.0000000000
17.0903100975 -7.0163180980  2.0346245378 18.6372945903 -4.4031997225 -0.4273282422  0.1226814224  0.0715639348  1.0000000000 -0.2459941570 -0.1828198076  1.0000000000
19.2613514539 -5.1611595013  0.2701012300 15.3126717788 -5.0724025285  0.7362793950 -0.1461026742 -0.1875323402  1.0000000000  0.1716944522  0.0724772749  1.0000000000
17.0021564036 -7.7010103502  0.8243567226 17.1230654566 -7.0536591555  1.4594682457 0.0453710289 0.0967723346 1.0000000000 0.1002915884 0.0261369005 1.0000000000
16.4732833504 -7.0450365230 -0.0562712589 19.2100741361 -5.9712394205  0.8381010891  0.0030527119  0.1603451361  1.0000000000 -0.0638419224 -0.1119706436  1.0000000000
15.7620620789 -7.5550308625  0.4809825642 15.8002847553 -7.0806386883 -0.2945099528 0.1019974100 0.2289034227 1.0000000000 0.0374289684 0.2727388954 1.0000000000
16.4441181614 -6.1015770342 -2.0433558538 16.8270384267 -4.1906647064 -0.9863822006 -0.2399374667  0.2114902468  1.0000000000 -0.1293263151 -0.1042381567  1.0000000000
17.1984256536 -3.7404987463 -0.1958973759 15.7694094352 -4.8103169687  1.4926615181 -0.1236342374 -0.1887135921  1.0000000000  0.2450156086 -0.0712709856  1.0000000000
15.8310302171 -3.9109787340  0.6400641577 18.4738436820 -5.1474099448  0.4000409871  0.1349395758 -0.1242786087  1.0000000000 -0.0942372604 -0.0847333813  1.0000000000
16.6691340231 -6.1308801464 -1.6668260908 17.5064811381 -7.4383635398 -0.2758363101 -0.2053823127  0.1779584846  1.0000000000 -0.0805023129  0.1314375900  1.0000000000
16.4196987617 -4.4444386434 -0.8587299666 19.2414186885 -5.0478984173  0.9259489021 -0.1437354721  0.0089784706  1.0000000000 -0.0961223414 -0.2402969853  1.0000000000
17.6515479563 -4.5700691999 -0.5946573048 16.6451927785 -5.2133293313  0.5809954542 -0.1922909890 -0.0991379835  1.0000000000  0.0538342921 -0.0738444687  1.0000000000
