380.4000000000
0
50
8.8069976531 4.2969765692 8.6001115194 6.5022020778 3.8711050372 9.6033899357 -0.2755952608 -0.0485384130  1.0000000000  0.0071874897  0.2429605555  1.0000000000
5.3666190736 4.4190791542 7.6175765435 6.0437742873 5.6674726455 8.6209066028 0.2390377778 0.0015611451 1.0000000000 0.1391803573 0.1288652698 1.0000000000
6.1230090397 3.2010251483 6.7655071798 9.2143416430 4.8487014772 7.0676181030  0.2041142722 -0.2572001148  1.0000000000 -0.2113882432 -0.1290348309  1.0000000000
6.5415775030 4.3808082238 9.2025481789 7.6803209853 5.7942033131 6.4199231570  0.0569195807  0.1533726220  1.0000000000  0.0384439704 -0.1731287243  1.0000000000
6.4222246487 5.4021183143 7.8871603838 5.9681204745 6.3057834540 7.3989220547 0.1449616670 0.0334343888 1.0000000000 0.1769863736 0.0363131980 1.0000000000
7.7828642469 7.3572683104 9.0142320902 8.4706735751 7.3338064806 9.3117324312 -0.0647497170  0.1930835498  1.0000000000 -0.0599195252  0.1733339944  1.0000000000
6.6956429330 4.6420800278 6.5906769144 7.0140927574 4.8222863415 8.6985319086  0.0910912024 -0.1792213594  1.0000000000 -0.0064572342  0.0673612574  1.0000000000
6.1670678564 4.0760157262 9.1113693064 6.5714678740 6.3444937017 6.7101365541  0.0609614356  0.1546334636  1.0000000000  0.1259964586 -0.0685387385  1.0000000000
7.3636528285 6.6629406776 7.5474748766 6.1587762908 4.7693238909 7.1501687001  0.0532611805  0.0740692828  1.0000000000  0.1341166274 -0.0552930132  1.0000000000
7.9677652189 7.0469327656 8.8360314991 5.7096156857 5.9577012756 7.5084454270 -0.0620540175  0.1394628925  1.0000000000  0.2385660497  0.0194364639  1.0000000000
5.8181865719 5.4008799377 7.5810122722 6.3956095699 6.7629206122 7.0755222559 0.1880060946 0.0294692290 1.0000000000 0.1309988307 0.0018331087 1.0000000000
 8.1162787825  3.8842899869 10.6037316605  6.9129243154  5.9448234216  6.6485423834 -0.2499501998  0.3175163653  1.0000000000  0.1075428140 -0.0561009285  1.0000000000
7.1784224906 3.9123352605 7.9314931305 6.5802931862 6.1009705781 6.1002521559 -0.0216533047 -0.0189852192  1.0000000000  0.1427388181 -0.1438704615  1.0000000000
8.0511494735 4.7982647088 6.4385511957 5.8695428499 4.0761868429 7.9965004376 -0.0403224289 -0.2322497246  1.0000000000  0.1267148280  0.0525298838  1.0000000000
7.3561352705 6.6332353998 6.9150893772 8.4954302562 3.3171120878 6.7732669674  0.0447644727  0.0045397727  1.0000000000 -0.1397113989 -0.2307305410  1.0000000000
6.0133030029 4.1434810496 8.0111421727 7.7550861861 3.0151763244 8.2828132580  0.1248719046  0.0407031447  1.0000000000 -0.1778195686 -0.1047691303  1.0000000000
8.7953527194 6.0830761244 7.6004465248 7.8261793893 6.0474659427 6.3245525703 -0.0815834588 -0.0419434350  1.0000000000  0.0472827018 -0.1249637585  1.0000000000
5.7673818092 5.5840520380 7.0167556347 9.3308876582 6.2267443069 6.6943332178  0.1942101117  0.0117786566  1.0000000000 -0.0977928926 -0.1244751927  1.0000000000
8.2410317190 6.5293958744 8.9552753115 5.5132663662 4.9269348130 9.6819841527 -0.1006998566  0.1852898689  1.0000000000  0.1935250453  0.2828408995  1.0000000000
8.6179144494 7.0235060651 9.1765850052 8.6494874478 4.5240034512 6.9698792559 -0.0807982585  0.1866347549  1.0000000000 -0.1280101322 -0.1537594023  1.0000000000
6.8279805874 5.8444861159 6.8156142744 8.7998429401 4.3230946483 7.9983329998  0.1278703089 -0.0749985179  1.0000000000 -0.2230045829 -0.1014389905  1.0000000000
7.4930751510 5.2946438036 6.6666279661 7.0438216298 5.9611848447 5.7260264080  0.0537147197 -0.1127847846  1.0000000000  0.1330019661 -0.1982462010  1.0000000000
8.1674662704 4.5282525326 9.0321019735 7.2012813063 4.3975220000 8.8441367587 -0.1733562737  0.1106595528  1.0000000000 -0.0205909597  0.0687047576  1.0000000000
8.1572360926 4.4734581839 8.1871176365 8.3610642451 5.6255273629 8.6077526439 -0.1586246301  0.0092922083  1.0000000000 -0.1479391594  0.0574321977  1.0000000000
8.4717499605 4.5292449628 8.7828204299 8.3928062174 4.5859976623 6.7008297588 -0.1825819167  0.0271072891  1.0000000000 -0.0859538420 -0.2224477744  1.0000000000
6.7362230624 6.6137920384 8.6576995854 9.1574388577 4.1423086196 7.6579971403  0.0538274006  0.1577063557  1.0000000000 -0.2817530772 -0.1156117892  1.0000000000
7.8518502735 5.5433697594 9.6632087246 7.0337775394 3.6533432140 9.5428123745 -0.1168030348  0.2470501528  1.0000000000 -0.0597898614  0.1475882046  1.0000000000
9.6669364946 5.0502712170 6.6697439998 7.1789531136 6.5283634956 6.6636772021 -0.2217650329 -0.1753100326  1.0000000000  0.0933412394 -0.0614359583  1.0000000000
8.1287491731 4.4482278003 9.4670912523 6.1995514125 5.2341223083 7.1390733398 -0.1629531747  0.1586396767  1.0000000000  0.1331092262 -0.0304194104  1.0000000000
7.6416977307 6.1759848049 8.7792145929 7.6320273886 5.9827397041 6.8831653913 -0.0172653327  0.1264058956  1.0000000000  0.0179526827 -0.0515490185  1.0000000000
7.5683450047 2.8318043952 7.0116662263 6.9502849594 5.9481411127 7.5261201154 -0.0726255818 -0.2763483498  1.0000000000  0.0292677892 -0.0293575147  1.0000000000
7.6573079194 5.1510756386 5.8218425821 8.8226808202 5.8322517772 5.9126209911 -0.0391436608 -0.2127225775  1.0000000000 -0.0645836791 -0.1769303065  1.0000000000
7.0599136457 4.6206758731 9.3385651807 5.7850132735 4.7795050101 8.5799607335 -0.0518268747  0.1589540176  1.0000000000  0.1403050545  0.0746073415  1.0000000000
7.2312417242 7.3957887963 9.1186143976 5.1108343188 3.8246417323 7.9230106935  0.0429756473  0.2210532556  1.0000000000  0.2762242342 -0.0096726865  1.0000000000
 7.0765596796  6.0529106476  6.1246876752  8.1841624617  4.4356716247 10.5484358208  0.1012476948 -0.1222683911  1.0000000000 -0.1901066261  0.3103943068  1.0000000000
9.2270014598 4.9705158287 6.4652912803 5.9880976942 4.0663780540 9.1718536447 -0.1704788144 -0.2023277781  1.0000000000  0.0984333040  0.1573548689  1.0000000000
6.8895861362 5.8733863056 7.2832299713 6.2382055670 4.1197964778 7.5283613824  0.0647614300 -0.0429258426  1.0000000000  0.1410726592 -0.0804043527  1.0000000000
7.1285691391 5.4000122238 8.3576678138 8.4891406849 6.9717547938 9.1720526114 -0.0170816753  0.0540934309  1.0000000000 -0.1186086092  0.1840828597  1.0000000000
8.2821990741 5.9620149027 9.1844538997 5.8018113836 4.6757615300 9.3648983702 -0.1179510935  0.1524281396  1.0000000000  0.1418588762  0.2261886764  1.0000000000
5.0839999606 4.2696987689 8.6314245125 5.7373457497 7.1045823778 8.5497618054 0.2465455496 0.1296428936 1.0000000000 0.2106915952 0.1667024160 1.0000000000
5.7409023388 6.8708935377 7.4058654840 6.7069341165 7.1906579058 7.7981527688 0.2456198873 0.0335699330 1.0000000000 0.1138358299 0.0814381263 1.0000000000
8.5538775059 4.9356528162 7.7534221663 6.5312034217 4.3040360046 8.5599828745 -0.1286230711 -0.0341782965  1.0000000000  0.0207017498  0.0729117732  1.0000000000
9.0605248142 5.8049785476 6.3819857963 8.8832314624 3.7456409345 6.7936795111 -0.0916368279 -0.1409747927  1.0000000000 -0.1808960453 -0.2966516443  1.0000000000
5.4898576632 6.1108826516 8.0253261630 6.0474876092 6.9547889692 8.5980037532 0.2498758631 0.0863404381 1.0000000000 0.1375651156 0.1793215926 1.0000000000
6.7177535027 5.7180077971 9.6500187737 7.0781008316 4.9309778530 9.1130630843  0.0058851498  0.2384843370  1.0000000000 -0.0360780992  0.1712970069  1.0000000000
8.4618481162 3.9596872578 9.0273438160 5.8349610071 4.2907283803 8.0296276643 -0.2616446129  0.0321048844  1.0000000000  0.1709153169 -0.0060265526  1.0000000000
9.3011032495 5.7568647054 6.2719377560 5.8528257064 3.5893383236 7.3228126638 -0.1520234116 -0.2068769983  1.0000000000  0.1885474499 -0.1411350039  1.0000000000
6.0764780307 5.5782709533 6.1303195977 5.8193044666 6.9258788728 7.2485810019  0.2321664424 -0.1227349192  1.0000000000  0.2329222910  0.0133727210  1.0000000000
7.3401931596 6.4657869379 5.9374116651 7.0335498532 7.2773664302 8.9450909298  0.1018953987 -0.1763726222  1.0000000000  0.0899164638  0.1740736457  1.0000000000
7.2830005089 5.7623220486 7.2440517607 7.2685623991 4.3109266214 9.3768871494  0.0256366386 -0.0288155804  1.0000000000 -0.0422550249  0.1881915726  1.0000000000
