621.0000000000
0
50
-4.1190454119 -4.2424171598 -1.4817075198 -2.8820528309 -1.5338404162 -1.8947608469 -0.0882183966 -0.0447472425  1.0000000000  0.0435911481  0.1573758661  1.0000000000
-2.7160297938 -1.1563724572 -3.1751989924 -2.2058944032 -3.6036614880 -0.1230370125 -0.0816380894  0.1871070274  1.0000000000  0.0754509100 -0.2097292636  1.0000000000
-2.0326885028 -3.7177012990 -1.4907949409 -1.5693189089 -2.2748064298 -1.3716786067 -0.0581051936 -0.2150315186  1.0000000000  0.1085509524 -0.1223853169  1.0000000000
-4.0120763006 -3.8499197871 -2.1078380462 -2.6619648419 -5.5434873859 -1.8620104247 -0.1398011477  0.0427839120  1.0000000000 -0.1985313087 -0.2064559383  1.0000000000
-3.0436323344 -2.3274414571 -1.2662355675 -3.0832324717 -2.9633897878  0.3255537835  0.0247772992  0.0542415108  1.0000000000  0.1596075700 -0.0696567743  1.0000000000
-3.6329660740 -4.8664857519 -1.0270851378 -1.7701299358 -1.0643103423 -0.5217732318 -0.1161985873 -0.1253792364  1.0000000000  0.2638125700  0.0015791535  1.0000000000
-3.5344960278 -2.5940560025 -0.0287851470 -0.6591710398 -1.9632165197 -0.4798726693  0.1143990116 -0.0392962359  1.0000000000  0.2440342826 -0.2402861072  1.0000000000
-4.3741331992 -4.0447838287 -2.4256221785 -3.0219182173 -1.5863877411 -2.8196452128 -0.1850920738  0.0107696466  1.0000000000 -0.0547889151  0.1437383239  1.0000000000
-3.6753029503 -2.4655133910  0.4681432458 -3.4445799605 -3.4520799112  1.0705380818  0.1901935327  0.0057266503  1.0000000000  0.1614147839 -0.1309350113  1.0000000000
-2.4020399176 -1.1730101320 -2.8215190536 -3.1060389076 -2.3188414253 -0.2808503600 -0.0140827822  0.1775897219  1.0000000000  0.1908824361 -0.0057615710  1.0000000000
-2.9614427196 -3.7993947712 -3.1182066465 -3.8560887263 -2.8735031173 -1.2141101915 -0.2728238776 -0.0231181370  1.0000000000 -0.0009995290  0.0552218392  1.0000000000
-2.6836888515 -2.3813687629  0.6693791139 -2.9478333883 -3.5218497597 -2.7235410725  0.1842374668 -0.0401646687  1.0000000000 -0.1621130983 -0.0428679450  1.0000000000
-1.6621145880 -2.5951381831 -0.7518447803 -2.4652272665 -2.7322115956 -1.5731865374  0.0840997720 -0.1252893374  1.0000000000  0.0177714215 -0.0498192199  1.0000000000
-3.2669603438 -5.0584457150 -2.2427542568 -2.7211432179 -4.3286776366 -1.5268999873 -0.1929889499 -0.1251364607  1.0000000000 -0.0904163981 -0.1654917093  1.0000000000
-2.6510915336 -4.6389667263 -2.6105380294 -5.2379490169 -2.9551835317 -0.8029247053 -0.2466841669 -0.1633497448  1.0000000000 -0.0537669847  0.1105063370  1.0000000000
-2.7393024777 -3.0841115651  0.8496654813 -4.9550210281 -2.1664341439 -1.2466495812  0.2030143808 -0.0933176088  1.0000000000  0.0338619651  0.2022605493  1.0000000000
-2.3220901518 -1.2610133620 -0.7287433381 -3.8805717530 -1.3179745165 -3.0803217401  0.2199200022  0.0319978183  1.0000000000 -0.0713433654  0.2629421812  1.0000000000
-2.1933200216 -2.8516355594 -1.3127187266 -2.1991314790 -0.3607915595 -0.9830107826 -0.0282453051 -0.1168971230  1.0000000000  0.3069715964  0.1269213075  1.0000000000
-3.3852757584 -3.7570974289 -2.3328304843 -2.2796076630 -4.2912775210 -1.3081647690 -0.1478498371 -0.0316294317  1.0000000000 -0.1044131428 -0.1905735284  1.0000000000
-4.4228886036 -3.0194505938 -0.7370143213 -4.5567504200 -3.5076127308 -1.3671589383  0.0180921815  0.0452049656  1.0000000000 -0.1187858227  0.0380564816  1.0000000000
-2.3959594888 -2.5650288370 -1.3503340771 -1.6502513224 -3.1851812478 -1.5334308057  0.0122798053 -0.0346330091  1.0000000000  0.0242181585 -0.1939653040  1.0000000000
-4.1665252993 -4.5593768898 -2.2580282892 -4.5340685417 -3.6247397107 -2.8381235371 -0.1764588591 -0.0078769792  1.0000000000 -0.1914002265  0.0952569459  1.0000000000
-0.6867944055 -3.0858480284 -2.4272108264 -2.6523483364 -4.6172894301 -2.4627956361 -0.0975799576 -0.2340710124  1.0000000000 -0.2133217975 -0.1190782106  1.0000000000
-3.8369197886 -1.9845705194 -1.7531113913 -3.0590467565 -3.1728807824 -0.6540757790  0.0069422104  0.1315150694  1.0000000000  0.0375632086 -0.0408251426  1.0000000000
-3.8673900930 -5.0297591135 -1.0152479318 -1.8229766272 -3.0245068966  0.3073718408 -0.0883613047 -0.1514124904  1.0000000000  0.1785576046 -0.1902204585  1.0000000000
-4.2243701121 -4.0480326892 -1.4260131015 -3.7467646402 -1.9149010452 -2.0255739652 -0.0662890277  0.0428955276  1.0000000000  0.0614353211  0.1820191998  1.0000000000
-4.2957069307 -2.3571492664  0.5750644076 -3.7527437783 -3.8127470107  0.0206376373  0.2176394700  0.0514174261  1.0000000000  0.0577414794 -0.0591220767  1.0000000000
-3.8014382940 -3.6026424588  0.3610460200 -3.4059588249 -0.3317979947 -0.9294681125  0.1249457295 -0.0980942818  1.0000000000  0.2677243302  0.2088744553  1.0000000000
-2.2789635067 -2.2053246126 -0.9974216154 -3.1209737124 -5.5131779316 -1.7090423135  0.0791700443 -0.0680378368  1.0000000000 -0.1892456602 -0.1775754112  1.0000000000
-1.8394310220 -4.1487892369 -1.7260027301 -3.9369120918 -2.9952942258 -1.5245398718 -0.1337014853 -0.2200435401  1.0000000000 -0.0182960013  0.0411461081  1.0000000000
-2.9041299026 -1.9653095917 -0.0466059822 -5.0297033668 -1.8195273495 -0.7051494893  0.2282295683 -0.0143625366  1.0000000000  0.0792415735  0.1760120002  1.0000000000
-3.5214174753 -1.6818148014 -2.8858475147 -2.8823276422 -0.8934052038 -1.8865187185 -0.1056200079  0.2030810240  1.0000000000  0.1087073878  0.2167893257  1.0000000000
-4.9382677935 -3.6775839511 -2.7577300985 -1.5963093251 -2.9011563863  0.4958350597 -0.2460037502  0.1476623651  1.0000000000  0.2498281032 -0.2321394566  1.0000000000
-2.7206555481 -3.0465650700 -2.0105882903 -1.3830221457 -2.6176148142 -2.2015039053 -0.0583725582 -0.0067831497  1.0000000000 -0.0462634408 -0.1151338420  1.0000000000
-2.7418133514 -1.4182145129 -2.3510668176 -2.9179172720 -3.7063693843 -2.6778355801 -0.0117676356  0.1389592724  1.0000000000 -0.1806398880 -0.0577722667  1.0000000000
-5.2311255010 -2.0572529820 -0.8758190414 -4.4459168915 -2.4383978537 -1.0735191657 0.0945491637 0.1663285577 1.0000000000 0.0269034728 0.1036728828 1.0000000000
-1.6187923452 -3.9980327485 -1.3275490370 -3.1245538736 -4.6442168460 -1.5653035521 -0.0456078665 -0.2079205136  1.0000000000 -0.1442427713 -0.1454436967  1.0000000000
-1.0795141230 -2.7951739352  0.5326898673 -3.1650194716 -3.4944539657 -3.0659102115  0.2253296120 -0.2325433932  1.0000000000 -0.2128358378  0.0472819474  1.0000000000
-3.8513654482 -1.3277394550 -2.2651333787 -2.1187068847 -3.7992770168  0.3578480478 -0.0273719463  0.2670143845  1.0000000000  0.0934219174 -0.2391137965  1.0000000000
-1.1574828808 -2.7458688173 -1.8714302144 -3.5435018013 -1.7279099925 -0.0944834383 -0.0132434009 -0.2061234667  1.0000000000  0.1882588724  0.0891378903  1.0000000000
-3.4955710849 -2.4408735473  0.1176010451 -1.8695947502 -2.7786672872 -1.1384790997  0.0873507102  0.0247078191  1.0000000000  0.0646492860 -0.1156386214  1.0000000000
-4.5933026984 -2.7364121483 -0.4573731624 -2.1109700037 -1.6754672478 -0.6537748789  0.0770887202  0.0114372492  1.0000000000  0.2069701956 -0.0370912672  1.0000000000
-3.8288526986 -1.0383833571 -0.7189299181 -2.4716728977 -3.5491851726 -1.7274434480  0.1490364731  0.1682483077  1.0000000000 -0.0730038936 -0.1035582742  1.0000000000
-3.6536661398 -2.8883529808 -2.2781501892 -1.3517954365 -2.4997660217 -2.8500159910 -0.0899868525  0.0584653243  1.0000000000 -0.0966106516 -0.1472649657  1.0000000000
-3.6700268904 -3.3624568981 -0.8673428177 -1.3983867962 -4.0150594887 -2.5920758738  0.0187686105 -0.0263267228  1.0000000000 -0.1923809398 -0.2786399511  1.0000000000
-2.7862597762 -0.7547736158 -1.9673910295 -3.0789836516 -3.6809501764  1.2822291324  0.0956730270  0.2152927170  1.0000000000  0.1808998679 -0.1415596974  1.0000000000
-1.8609113191 -3.7742307339 -0.3766760087 -2.0323983874 -3.4110151940 -3.2528449601  0.0587022684 -0.2022073202  1.0000000000 -0.2539992651 -0.1090644799  1.0000000000
-2.4094750916  0.1018276029 -1.3131707434 -3.7441641302 -4.5969114694 -1.4360680384  0.2980276633  0.2116309026  1.0000000000 -0.1334186935 -0.0733278653  1.0000000000
-2.9778919065 -0.4632905526 -1.2103262827 -4.1945002361 -2.4618446643 -2.8590044381  0.2093490269  0.2040985340  1.0000000000 -0.1748162558  0.1605038478  1.0000000000
-4.0675054465 -2.7281655738 -0.4676483388 -3.3112945112 -0.8542410719 -1.4578613454 0.0885491071 0.0587161497 1.0000000000 0.1358459389 0.1922390159 1.0000000000
