486.0000000000
0
50
 4.0843434099 16.7846421982 -7.2918659518  4.0549419582 18.0201182137 -6.0059740040  0.0310539706  0.1519425589  1.0000000000 -0.0774374933  0.1061379839  1.0000000000
 5.6157479301 15.5844481575 -7.3588836608  2.7789737272 15.9592750960 -3.8925424157  0.2329041832  0.0057866987  1.0000000000 -0.2811175248  0.0073167667  1.0000000000
 5.6053822959 14.3045830668 -5.5547278187  3.7060106414 14.4355373983 -7.7897221100  0.2228025110 -0.1166281759  1.0000000000  0.2861678180  0.2569011056  1.0000000000
 5.4607541312 14.7597577117 -4.5404597972  4.7842560254 12.9381156388 -5.2308844388  0.0746978448 -0.2256199652  1.0000000000  0.2401788361 -0.1828289905  1.0000000000
 6.8001145484 15.8472251714 -5.8627213040  3.8571036279 17.3071715052 -6.7304830653  0.1349783450 -0.1195968968  1.0000000000 -0.0201903085  0.1459726474  1.0000000000
 4.3919908637 17.6692863549 -6.2942906898  3.0554159203 16.9842773737 -5.2905426715 -0.0669061013  0.0839719154  1.0000000000 -0.1889833261  0.0985680922  1.0000000000
 5.0636724891 15.9268356265 -6.7300694561  3.3470261251 17.3734248485 -6.1685395546  0.1164966377  0.0743386972  1.0000000000 -0.0376706975  0.1849429142  1.0000000000
 5.1521745726 16.4237512126 -5.3350260199  3.7348594876 16.6074772467 -6.1911232894  0.0052316237 -0.0674123764  1.0000000000 -0.0031270158  0.1634574033  1.0000000000
 5.2251984346 15.8557718849 -4.9614968069  4.5013578615 14.3299101095 -5.3716714575  0.0085311906 -0.1047452060  1.0000000000  0.1549030946 -0.0691702089  1.0000000000
 4.7398883601 13.7048551273 -5.7357920498  4.4767071288 13.3216335226 -4.9726969927  0.2497674978 -0.0571466612  1.0000000000  0.2020867469 -0.1824535746  1.0000000000
 5.0063097592 15.1142532899 -4.8245314553  3.8142514252 17.3338202565 -6.3176534451  0.0234288731 -0.1225630284  1.0000000000 -0.0486174493  0.1526421166  1.0000000000
 5.8088992748 16.0018343315 -7.4911388238  5.6028931905 15.3170291609 -6.3082827905  0.2174318413  0.0647653501  1.0000000000  0.1574213741 -0.0572410058  1.0000000000
 5.5379400146 17.3601212790 -4.4926284382  2.0622480852 16.9874022981 -5.3456736248 -0.1402040057 -0.0758724663  1.0000000000 -0.2150344669  0.2191755343  1.0000000000
 4.3715938707 17.2372264001 -5.6222868813  3.0422815752 15.1666739114 -6.9465128148 -0.0863794474  0.1072837188  1.0000000000  0.1097687446  0.2456775222  1.0000000000
 3.0734564275 15.1667286725 -2.9012540287  5.4165612998 17.3828979669 -4.8296415141 -0.2671178066 -0.1407666018  1.0000000000 -0.0796820638 -0.0746305571  1.0000000000
 4.0866462349 16.7248293162 -6.6885899010  3.1500535927 15.6829047635 -5.3753796069  0.0622470566  0.1363236517  1.0000000000 -0.0670598448  0.0438868517  1.0000000000
 5.1931758272 15.0761460015 -7.3386594453  4.6778661875 16.0947739044 -5.0726179504  0.2381007468  0.0747120606  1.0000000000 -0.0335373063 -0.0741758078  1.0000000000
 4.7880826022 15.0460436258 -5.4586156739  4.0400567425 16.3862119674 -6.8556252549  0.1018822540 -0.0306881083  1.0000000000  0.0737943903  0.1658749482  1.0000000000
 3.7267890552 17.2568965716 -5.5336283817  3.5719413222 14.6680224465 -2.8044614444 -0.1177131850  0.1018832764  1.0000000000 -0.2229532899 -0.3046015883  1.0000000000
 5.3353629944 16.2552799805 -4.3721936390  6.0153322134 15.5701606263 -5.2019829160 -0.0288189964 -0.1475299312  1.0000000000  0.1136679806 -0.1405643183  1.0000000000
 1.8583265497 14.6209266032 -6.2495456029  4.1056865960 16.3338350554 -4.2133982363  0.0065018526  0.3644593600  1.0000000000 -0.1794470052 -0.0448436312  1.0000000000
 6.9554525541 15.4902528698 -5.4489353587  4.1136034373 17.6199532263 -5.8191730264  0.1508870982 -0.1684819899  1.0000000000 -0.1146882947  0.1085182288  1.0000000000
 4.7335642368 14.4521657248 -4.7388535286  4.0757521667 17.5569853835 -7.2173762650  0.0762448621 -0.1362857067  1.0000000000 -0.0263533266  0.1617047788  1.0000000000
 3.1443398881 16.8002218390 -5.3494708279  3.6186438275 17.2846387090 -5.9908072217 -0.1268829075  0.1366586062  1.0000000000 -0.1141654920  0.1222187438  1.0000000000
 4.9882037190 17.0437315798 -5.8658033287  4.3822818654 14.4834462981 -4.9354844542 -0.0251138311  0.0218547865  1.0000000000  0.0754910967 -0.0998598803  1.0000000000
 5.8519867550 16.6254858994 -5.7732455144  3.8765175116 14.8349517696 -7.7246847794  0.0577707886 -0.0137152173  1.0000000000  0.2934028589  0.1935094813  1.0000000000
 2.7735999459 17.6019870305 -5.2918817212  3.9670992513 15.2770868686 -6.7044835257 -0.2278350870  0.1704430884  1.0000000000  0.1242081032  0.0903075858  1.0000000000
 6.6960322212 14.7823723654 -5.6563876310  5.7674294413 13.7259777278 -5.1589310203  0.2529125260 -0.1688055084  1.0000000000  0.2351660178 -0.2078422726  1.0000000000
 4.8952728591 16.3472865152 -6.7069868394  3.1216615800 14.1393627560 -4.6989351116  0.0873634238  0.1008347230  1.0000000000 -0.0147199146 -0.0019168771  1.0000000000
 3.0632785403 15.9689498749 -3.6819865716  3.9300215214 16.8020204194 -5.8749151657 -0.2170700143 -0.0233775740  1.0000000000 -0.0424794095  0.0729441765  1.0000000000
 3.7316245542 14.7253982385 -6.3349539435  6.3329340313 16.1668173271 -5.3537490023  0.1054833147  0.1058048572  1.0000000000  0.0845834898 -0.1751441236  1.0000000000
 4.1530941167 17.0571953816 -6.8253884871  4.9660875235 17.1809130108 -4.8214594748  0.0015387118  0.1862832829  1.0000000000 -0.0880796633 -0.0462515069  1.0000000000
 5.1138801483 15.8804166527 -4.0584433430  4.1689376760 15.9025002472 -5.3453439143 -0.0691469252 -0.1488278070  1.0000000000 -0.0126537614  0.0475333163  1.0000000000
 3.7583066561 16.3394560053 -4.0180460261  3.7452174990 14.2474243775 -4.9276979775 -0.1861740211 -0.0317449434  1.0000000000  0.0365418828 -0.0998371006  1.0000000000
 4.8810037464 14.9948377237 -7.3543042503  5.0942011293 15.5409019071 -5.8976500183 0.2015733992 0.1346975504 1.0000000000 0.0558131418 0.0147495851 1.0000000000
 2.0642415699 14.7034500852 -5.4035816255  4.2950025578 16.3575444839 -6.5235122470 -0.0798500900  0.2281796961  1.0000000000  0.0730013842  0.1290564639  1.0000000000
 3.4915263469 15.5387916761 -5.4457636085  5.6621914219 15.9869310251 -6.6409574296 0.0197597283 0.0848430319 1.0000000000 0.1793902271 0.0058353865 1.0000000000
 5.1187648097 13.0261820382 -5.0307033852  3.5704041756 15.8062851869 -5.8270397623  0.3000236100 -0.2223262327  1.0000000000 -0.0203222828  0.0873929875  1.0000000000
 6.6307177045 15.6912944308 -5.8222473439  2.9660684412 14.6312913769 -3.7922188389  0.1964300739 -0.1575297865  1.0000000000 -0.1615383113 -0.0772581697  1.0000000000
 6.5877185659 14.2632035189 -5.2219157026  3.7373521073 16.2318860307 -5.7322649288  0.2355988177 -0.2289630660  1.0000000000 -0.0164280582  0.0905776664  1.0000000000
 2.5263172952 15.8246782132 -4.9564521019  5.4645176702 14.9168928619 -6.5642542133 -0.1735214225  0.1262774165  1.0000000000  0.2341478012 -0.0152681004  1.0000000000
 2.6757681320 14.9467597032 -6.2881477536  3.0577441254 17.3198183720 -5.2428704606  0.0731510477  0.1719209736  1.0000000000 -0.2151897351  0.1263161147  1.0000000000
 2.4454434115 16.5636634346 -5.7791275649  4.9180892251 14.1639123366 -6.0312080060 -0.1080606580  0.2034912741  1.0000000000  0.2334961580 -0.0732556567  1.0000000000
 4.6816187385 17.4466451918 -4.2886311265  4.8450786663 16.1103041404 -5.1244052920 -0.1575479062 -0.0975484863  1.0000000000 -0.0108958928 -0.0486395451  1.0000000000
 3.8359891023 17.4455852707 -7.1668653174  4.1781521024 17.6765952864 -5.1244006869  0.0194785042  0.2233580976  1.0000000000 -0.1656086543  0.0398060962  1.0000000000
 3.3392226086 14.4021037165 -7.0619333266  3.6807658476 15.9547550822 -4.9526998742  0.1944590000  0.1740184232  1.0000000000 -0.0273515994  0.0699226256  1.0000000000
 2.6783401330 16.2984562250 -5.2153012034  6.3405722397 15.7452189499 -6.8266836021 -0.1781219575  0.1112621068  1.0000000000  0.2015369014 -0.0121190896  1.0000000000
 2.7605637058 13.6261564415 -6.9095735407  3.6977456182 15.0758209737 -3.9242819342  0.2838998934  0.2355701491  1.0000000000 -0.1058247919 -0.1209711079  1.0000000000
 4.4636799329 13.7938023091 -4.2810045709  1.7275226765 16.2712301839 -4.8020322915  0.0921472083 -0.2068584647  1.0000000000 -0.2434344002  0.1933978862  1.0000000000
 2.9635577147 17.5594219839 -5.1127642042  3.0471535891 14.3546465485 -5.6675829331 -0.1856984795  0.1498728227  1.0000000000  0.0691024842  0.1172707013  1.0000000000
