824.4000000000
0
50
-11.4889436830  10.2816224872  -0.0976769116 -11.2187439377  13.7138381852   1.2671150956 -0.1481616547  0.1909060093  1.0000000000  0.2222171202 -0.2546721484  1.0000000000
-11.5032233329  12.4216494715   0.1255482629 -13.6413786712  10.9798247064   1.5536150570  0.1063219702 -0.0084465262  1.0000000000 -0.1071700795 -0.0305854086  1.0000000000
-11.2173422267  13.1154729759  -0.7594937151 -13.9206945247  10.5949162197   0.4957806122  0.3015332558  0.0311871744  1.0000000000 -0.1322551218  0.0913507015  1.0000000000
-13.2142480837  11.8907391856   0.9611053043 -11.4250305948  10.3544246008  -0.6168630077  0.0179608931 -0.0060089701  1.0000000000 -0.1432545536  0.2463478617  1.0000000000
-11.6855164795  12.0361540143   1.9432314086 -13.7289225088  12.0880918254  -0.8739394014 -0.0797952934 -0.1831150373  1.0000000000  0.1110945692  0.1197202443  1.0000000000
-12.6608023370  10.9648384379  -1.0045872351 -13.0926671069  12.8673608150   1.7229885305  0.0169862458  0.2207735586  1.0000000000  0.0273889548 -0.1634659402  1.0000000000
-12.6117123929  10.5815523146   2.0299353619 -11.1142437844  12.4934972813   1.9038566197 -0.2162305165 -0.0772310475  1.0000000000  0.0121821870 -0.2175963391  1.0000000000
-11.9484560458  10.8445366322   2.4792857898 -12.1639259567  11.8453403347  -1.5671776155 -0.2315746694 -0.1563105785  1.0000000000  0.1703159096  0.2224689752  1.0000000000
-12.8663664779  10.7507524348   0.9602368185 -14.7139908121  10.3949127986   1.1281589189 -0.1222051315  0.0092756265  1.0000000000 -0.1772062416  0.0782052501  1.0000000000
-12.2829006053   9.9899699603  -0.4951492145 -13.5581694601  10.1631185159   1.0745713932 -0.1138088468  0.2443894933  1.0000000000 -0.1551017841  0.0733700257  1.0000000000
-12.0411944029  11.0260459731   3.0843325969 -14.4625316146  10.4925916137   0.8238534028 -0.2246226762 -0.2630536001  1.0000000000 -0.1428035842  0.0945100394  1.0000000000
-12.3232443951  12.5036268166   1.6814071231 -12.5732199803  12.4426326327   1.0110941831  0.0012808348 -0.1563795293  1.0000000000  0.0000783890 -0.0875154495  1.0000000000
-14.6657177602  12.6604174940  -0.2574937205 -11.1126481167  11.4024311733  -1.5992922742 0.1349400782 0.0563873457 1.0000000000 0.1947267196 0.2928603267 1.0000000000
-13.8676373838  11.2474683430   1.3711586985 -14.5510068661  13.6782935909   0.3033769068 -0.0835286634 -0.0508483641  1.0000000000  0.1580566065 -0.0814348607  1.0000000000
-11.1904022678  12.4502958027  -1.0527439103 -11.9316583996  11.9951182742   0.9446420110  0.2446747846  0.1544014663  1.0000000000  0.0150997785 -0.0604840145  1.0000000000
-12.4285254101  11.4054281688  -0.4104404214 -12.4170769118  10.5745895237   0.5964807557  0.0524141871  0.1412522172  1.0000000000 -0.1375383946  0.0877053974  1.0000000000
-12.6097777696  12.3149810635   2.2025749822 -10.9265141489  12.2374484861  -0.3969138572 -0.0357227114 -0.2023628044  1.0000000000  0.1554906589  0.0650584961  1.0000000000
-13.1906994858  11.4229197655   0.6901326424 -12.2435872606  11.1066849788   0.6215661587 -0.0400422137  0.0171719192  1.0000000000 -0.0434241670 -0.0236132938  1.0000000000
-10.7981136785  12.9599287523   0.2685879127 -11.8749827401  11.0874213583   1.6250815719  0.2191486767 -0.1196724449  1.0000000000 -0.1708128001 -0.0589002371  1.0000000000
-11.4438268945  13.3150035395  -0.1394737612 -11.1529860327  10.4506056692  -0.0177063026  0.2251468259  0.0007845800  1.0000000000 -0.0686851625  0.1592092809  1.0000000000
-12.6657776015  11.0785705767   2.8658694011 -10.9683944379  12.3058259305   0.0186452475 -0.2051911726 -0.1635880518  1.0000000000  0.0988235086 -0.0266161756  1.0000000000
-11.4919059098  13.6585810878   1.5334751284 -13.1083197463  12.3498393173   2.4786280147  0.1582476403 -0.2605652691  1.0000000000 -0.0633047474 -0.2117331160  1.0000000000
-12.3343283292  12.9245314459  -0.8297016146 -13.4567899650  12.8860426491   2.4576373929  0.2451636967  0.0572783892  1.0000000000 -0.0222120779 -0.2208563441  1.0000000000
-10.8086536156  13.6640572214   1.2540845412 -14.2310721043  11.1798099906   2.0107302299  0.2067011639 -0.2516472160  1.0000000000 -0.1255387402 -0.0785126251  1.0000000000
-11.1779235842  11.8315447383   0.0630120576 -10.9068950046  10.7797138158   0.4066343876  0.0168905657  0.0445176727  1.0000000000 -0.1134080548  0.0746121337  1.0000000000
-11.6771251749  12.2165971553   1.9338727318 -11.7901038381  13.7996916817   0.7673932963  0.0141121434 -0.1979771158  1.0000000000  0.2528974627 -0.1890112160  1.0000000000
-10.7220669438  13.1662409730  -0.3885223773 -13.5234054050  14.3855019682   1.0493079173  0.3146427249 -0.0735015975  1.0000000000  0.2539936403 -0.1490571703  1.0000000000
-11.3141923598  12.1105800912   0.1089650272 -10.7858128401  12.5452508285   0.8400965735  0.0811840543  0.0502447244  1.0000000000  0.1436510856 -0.1294207698  1.0000000000
-12.7010033823  12.7482311646   0.6448266386 -12.0062008711  10.6222796852   2.2483875830  0.1015852062 -0.0936618160  1.0000000000 -0.2184410788 -0.1416651506  1.0000000000
-12.5897656043  12.3864852484   0.8928486495 -10.9685391749  10.7512861662   1.4686180850  0.0252079030 -0.0780574967  1.0000000000 -0.1564447411 -0.0743972590  1.0000000000
-12.3464382532  10.7419576955   0.3853847137 -14.1656925878  10.9085799700  -0.8868637466 -0.0843275082  0.1547138393  1.0000000000 -0.0004922774  0.2354691516  1.0000000000
-12.9992366860  14.3903770656   1.5027858463 -13.3677419735   9.7831775314   0.5735880597  0.2199027206 -0.2260388925  1.0000000000 -0.2084588844  0.1491137837  1.0000000000
-13.2742707979  11.2406634512  -0.9479418559 -11.7810737258  11.9104239537  -1.8652473709 0.0294964204 0.1772891910 1.0000000000 0.2201605729 0.2767060378 1.0000000000
-14.0152520281  11.0225194200   1.3763747638 -12.9439423913  11.1212225623  -0.4738704124 -0.1306767029  0.0118280211  1.0000000000 -0.0196003929  0.1330302217  1.0000000000
-12.6241623201  13.3950580082   0.5476020234 -11.0727690333  10.9059707926   1.4023759390  0.1990389928 -0.0923757171  1.0000000000 -0.1612436319 -0.1465783228  1.0000000000
-11.8571600984  12.5547061695  -1.0882039061 -12.8131849452  13.1222319493  -0.1464779604  0.2338323339  0.1034313087  1.0000000000  0.1646055470 -0.0166966017  1.0000000000
-14.4029589389  14.0129145995   1.2162533674 -14.5350508239  12.0745314381  -0.3968391766  0.1251180186 -0.1465707013  1.0000000000  0.0650218011  0.1005646038  1.0000000000
-14.4085427761  12.7109180551   1.2736592866 -12.7744259592  12.0358021228   0.4677427644  0.0484140183 -0.0702977729  1.0000000000  0.0346178801 -0.0028655389  1.0000000000
-12.0380995121  10.5692399724   2.0498312623 -13.0470497317  12.5383562262  -1.1926646023 -0.2624918428 -0.1086769715  1.0000000000  0.1816836292  0.1514600654  1.0000000000
-10.7224039580  10.8714695288   1.5731493412 -13.9943606437  12.3841701850   0.9649581722 -0.1968476859 -0.1285637487  1.0000000000  0.0353687112 -0.0603846297  1.0000000000
-11.0700769459  10.5798458054   0.2484774683 -14.0672667401  13.6617018395   1.2807019898 -0.1462523051  0.0841383677  1.0000000000  0.1539412194 -0.1273126519  1.0000000000
-13.4792545154  14.1976480279   0.8773737095 -12.9116212281  13.4773007455   1.5831073395  0.1782781932 -0.1333207876  1.0000000000  0.1011751126 -0.1947984485  1.0000000000
-11.6029558648  11.0530860522   2.9222726768 -14.1397090624  12.0657410296   0.4688815632 -0.2481885931 -0.2553595539  1.0000000000  0.0328873940  0.0014284295  1.0000000000
-12.5428606517  12.2735520175  -1.5515337590 -12.3969280255  12.5481255798   0.4389904413  0.2442945975  0.1802440338  1.0000000000  0.1254786698 -0.0195014368  1.0000000000
-11.8120399037  13.5854470828  -0.3041866543 -12.4829385555  11.9637607279   1.5499282305  0.2377585095 -0.0630459782  1.0000000000 -0.0221568284 -0.1164187983  1.0000000000
-10.7806117534  10.4857862293   1.8822910365 -11.7786442734  11.4591114098   1.9800615610 -0.2631992397 -0.0976570388  1.0000000000 -0.1581115053 -0.1125026755  1.0000000000
-11.4230074460  10.4698786155  -1.0949165400 -10.9600678839  11.5202064550  -0.0277085463 -0.0550687413  0.2869483952  1.0000000000  0.0548453362  0.0535930726  1.0000000000
-13.9527677387  11.5140851369  -0.6800383137 -14.0526980574  10.3251962205   0.7595922261 -0.0083264580  0.1371074355  1.0000000000 -0.1853825884  0.0622381166  1.0000000000
-11.8331742473  10.9402320630   2.8013563061 -11.5046485127  11.5025247617   0.3863167744 -0.2336077065 -0.2387329481  1.0000000000 -0.0281430281  0.0154250899  1.0000000000
-14.2581931707  12.7450384245  -1.1472479027 -13.9531375320  11.2758665719   2.1336999686  0.1903498075  0.1548218892  1.0000000000 -0.1849213434 -0.0909744311  1.0000000000
