110.0000000000
0
50
 0.2215963704  9.2147533957 19.2699239972  3.0524018866 10.0757982935 15.6453184243 -0.1497957396  0.0785642547  1.0000000000  0.2531080414  0.1515696603  1.0000000000
 2.5450058736  9.8799309266 16.2322254821  2.5457876933  7.5281717354 19.0195121323  0.1307792753  0.1768092098  1.0000000000  0.0681215700 -0.1647128848  1.0000000000
 1.0349863310  9.1794501756 16.6804471647  0.6684441756  8.7107463479 16.5783647552 -0.0897515339  0.0672822964  1.0000000000 -0.1253832588  0.0161640919  1.0000000000
 3.2971695377  7.3865303290 15.4961484572  1.8342908139  9.6875189070 16.7239595105  0.2336463597 -0.2856636837  1.0000000000 -0.0272489726  0.1371879604  1.0000000000
 0.2235824065  8.3525400419 15.6474499384  0.1931859377  8.9153229313 17.9143437147 -0.2318474943 -0.1090857259  1.0000000000 -0.1762297905  0.0249880273  1.0000000000
 2.7178725975  8.8911698857 17.8468802622  1.7606428436  8.9873090675 18.3198590439 0.1393983756 0.0049833970 1.0000000000 0.0065717973 0.0862289160 1.0000000000
 0.6141455095  9.7016459577 17.7274221823  1.2952109909  9.4312554483 16.5550515948 -0.0953236062  0.0846962411  1.0000000000 -0.0175047092  0.1352542235  1.0000000000
 3.5639200146 10.7109956121 19.2475744573  1.6166598317  7.8150080897 16.4453215828  0.1739899672  0.1683848892  1.0000000000 -0.0308782299 -0.1309945916  1.0000000000
 1.9605720515  7.9368602820 17.3386517498  0.6566366567  9.1301687228 16.8291935231  0.0380441172 -0.1208906115  1.0000000000 -0.1498446983  0.0339147320  1.0000000000
 2.1805357314  9.3690173497 18.9438570406  0.4624540402  7.6934147765 19.3297619623  0.0729543233  0.0670496026  1.0000000000 -0.1768824892 -0.0975397250  1.0000000000
 2.2313817901 10.3725601686 15.8302745336  0.4924791956  9.0192210662 18.7383918141  0.0912463531  0.2029056028  1.0000000000 -0.1545325001  0.0069782503  1.0000000000
 3.5011676740  7.5450510469 16.6375268850  1.9981813341  8.5041744498 17.5851455999  0.2260809517 -0.2081439083  1.0000000000 -0.0002737161 -0.0717501966  1.0000000000
 1.8145244351  8.1909878730 19.1423415680  2.6616911979  9.3016087195 19.0703640881  0.0045396093 -0.1057210174  1.0000000000  0.0755108397  0.0201074830  1.0000000000
 3.8284366104  7.4012770258 16.7636799994  2.0730340591  8.5756515793 18.9497463337  0.2757506559 -0.2471781192  1.0000000000  0.0507588391 -0.0099088688  1.0000000000
 0.6062628504  8.0850636031 15.8503625252  1.6209912167  7.9838693089 18.2645849444 -0.1589899571 -0.0911254704  1.0000000000 -0.0158395776 -0.0956466565  1.0000000000
 1.0113749731  8.2639483050 18.8779001925  3.3240779846  7.7565047274 17.4032693071 -0.0596995920 -0.0554822193  1.0000000000  0.1787666618 -0.1347348505  1.0000000000
-0.2137464145  8.7601042305 18.1979295141  1.5279723323  7.0537324754 17.7544114755 -0.2249268502 -0.0128485190  1.0000000000 -0.0496821435 -0.2179356591  1.0000000000
 2.6400978568 10.9341999582 16.0834599527  1.1216435667 10.3809025472 18.0599669550  0.1650574783  0.2945144402  1.0000000000 -0.0602341078  0.1704393771  1.0000000000
 1.6559254148  7.8586562110 16.8603520110  3.4270149869  7.5060555790 16.7832493510  0.0145684432 -0.1552925701  1.0000000000  0.2065352776 -0.2082385323  1.0000000000
 0.6630372658  7.6655801390 19.0848129220  1.5931623680 10.7144731966 15.9798258041 -0.1201253845 -0.1245061080  1.0000000000 -0.0003753964  0.2869031223  1.0000000000
 3.1462365120 10.2064438037 17.7260792944  0.0828562875  7.9748305244 18.8606733117  0.1802995608  0.2054895600  1.0000000000 -0.1464100045 -0.0849333392  1.0000000000
 2.2101667038  6.8820564672 18.2677925490  2.2668661875  9.2727578198 18.3590638536  0.0378053473 -0.2446785898  1.0000000000  0.0769294885  0.0419039629  1.0000000000
 2.1517985530  9.9359774703 16.0112872613  1.8543483761  8.3587160336 18.9705025375  0.1175024879  0.1475846850  1.0000000000  0.0248933629 -0.0794825266  1.0000000000
 2.7051356198  9.9770364455 16.4658253955  3.4003926159  7.3661851105 18.1793551638  0.2134212688  0.0976055171  1.0000000000  0.1837149525 -0.2048989302  1.0000000000
 0.3609146810  6.8571627301 17.7517936289  0.1332195081  7.2858481704 18.5670273805 -0.1854551067 -0.2401161611  1.0000000000 -0.1949509498 -0.1810669005  1.0000000000
 3.2039169855  9.8290921810 16.5835947784  0.5177028665  9.1061629826 16.0396686927  0.1983953598  0.1628946788  1.0000000000 -0.1481991556  0.0405508404  1.0000000000
 0.6135585125  8.0113956845 16.2379665845  3.1079204437  7.0034652060 18.4694983761 -0.1528310102 -0.1167823601  1.0000000000  0.1374389829 -0.2090369641  1.0000000000
 2.0416939841  7.5287146791 17.0096293243  3.5953855250  7.2449934926 15.4407305461  0.0661196411 -0.1758801528  1.0000000000  0.2442925960 -0.3216534550  1.0000000000
 2.5552391797  8.0969005940 17.5173707967  2.7738474066 10.9691489801 16.6320064729  0.0837967564 -0.0950026807  1.0000000000  0.1714130053  0.2714192074  1.0000000000
 2.9780756262  9.3749548054 16.0838464842  3.6108901989  8.5716688452 16.4980249981  0.2180577221  0.0502910694  1.0000000000  0.2542184655 -0.0744750041  1.0000000000
 2.3676367257  9.6063735093 16.7956174891  0.5940417472 10.0888341986 16.3282828256  0.1088104760  0.0667540128  1.0000000000 -0.1466279497  0.1705694049  1.0000000000
 1.9894492750  6.9717835101 16.9700414895  1.8759047599 10.0545980815 17.8793339926  0.0349932051 -0.3121080393  1.0000000000  0.0214540134  0.1098927988  1.0000000000
 2.6542946210  7.7607681758 16.9803100206  2.8516187590  7.7765580587 19.1589152994  0.1435797152 -0.1595945673  1.0000000000  0.0933957581 -0.0998787254  1.0000000000
-0.1077580805  9.7076429481 18.9826045804  0.0673527329  6.8915109186 17.5997491911 -0.1789514357  0.1400023346  1.0000000000 -0.1938172314 -0.2599087545  1.0000000000
 2.3806725148  7.7239007338 16.7511019852 -0.1518417595  8.6749423325 16.0566778138  0.0753123306 -0.1347392406  1.0000000000 -0.2646595492 -0.0097252373  1.0000000000
 2.4196701668 10.1966040738 15.9056104023  1.9138443036  6.8916270417 18.4348848711  0.1455642336  0.1824115922  1.0000000000 -0.0046544697 -0.1797706893  1.0000000000
 1.8898462039  8.4649706831 19.4072497723  1.1707594657  6.8858452623 17.4429677221 -0.0259391997  0.0297352106  1.0000000000 -0.0940453936 -0.2190049947  1.0000000000
 1.8601537902  8.5992957719 15.6758742178  2.8045735515  8.3292750310 18.4637115962 -0.0001771902 -0.0758546834  1.0000000000  0.1760101992 -0.0550815626  1.0000000000
 1.8508925833  7.7968906222 17.4394879186  1.8511457402 10.0138472890 17.6887824952 -0.0255127601 -0.1232905794  1.0000000000  0.0582532279  0.1258283468  1.0000000000
 2.8186425323  7.4334839374 17.7434205567  0.6500895077  7.9522357064 16.3157067333  0.1006109701 -0.1951337451  1.0000000000 -0.1293725080 -0.0977705404  1.0000000000
-0.1553118674  8.3228122806 16.4126979508 -0.0090945040  7.2999000649 19.1194617959 -0.2441438650 -0.0853495749  1.0000000000 -0.1514114572 -0.1183636072  1.0000000000
 1.6306003089  7.4730980162 17.1044433610  1.5744288531  9.4682472428 19.2530772758 -0.0132639448 -0.1632244605  1.0000000000 -0.0344892782  0.0937736135  1.0000000000
 3.1828342164  9.9338084976 16.5146355802  0.7038922193  8.7423082403 18.5769372738  0.2382794855  0.1330397659  1.0000000000 -0.1199310348  0.0055192476  1.0000000000
 1.7478601641  6.8928095806 17.4787676779  0.7252488860  9.1132329949 15.5737124832 -0.0325493233 -0.2202182590  1.0000000000 -0.1245314106  0.0125103515  1.0000000000
 1.3646487992  7.4433068057 17.6575013832  2.4082941900  8.4588177935 16.6254891218 -0.0396942926 -0.1536920183  1.0000000000  0.0517947071 -0.0503923718  1.0000000000
-0.0981761085  9.2368061566 17.5048876345  0.5379421256  9.0000961483 17.5343514567 -0.2179436104  0.1206187148  1.0000000000 -0.1031775252  0.0347497279  1.0000000000
 1.0259594838 10.7511458415 17.6956464492 -0.2601246590 10.3873329717 19.4602869063 -0.0555344807  0.2340682090  1.0000000000 -0.1953848769  0.1699479917  1.0000000000
 2.8397474903  7.7292955851 17.1536513633  0.6160594867 10.7366285217 16.7719891002  0.1564986755 -0.1654600909  1.0000000000 -0.1543743298  0.3034099515  1.0000000000
 0.7840600972  8.8262812772 17.6132319992  2.9908658356  9.1773624237 15.4407712688 -0.1146644590  0.0272259285  1.0000000000  0.2083006967  0.0476832749  1.0000000000
 3.7292939946  7.4573878767 16.3528214136  1.1850902137  8.4415011268 17.9089851820  0.2808591583 -0.2026458078  1.0000000000 -0.0426695537 -0.0527569749  1.0000000000
