521.6000000000
0
50
16.3330670718 12.2302163959  0.2554889128 15.7724452259  9.8559556252  2.1463369614 -0.0499999682  0.0734193743  1.0000000000  0.1642098258 -0.0399919075  1.0000000000
17.0183378111 11.0716268107  1.0372497189 15.4421992480 10.6233389492  0.7431542883  0.1498700422  0.0607082804  1.0000000000 -0.0146232109 -0.0320422872  1.0000000000
17.1950517935  9.8640474014  1.5528589093 16.3725444855  8.5952191022 -0.0259763172  0.1911396798  0.1136518490  1.0000000000 -0.0131196342  0.2093362554  1.0000000000
16.5861537125 12.2444719030  1.0680124407 16.9303516583  9.1932252481  0.0031105386  0.0638494461  0.0080813772  1.0000000000 -0.0103919721  0.2667861358  1.0000000000
16.6458371717  9.1077112546  1.1797485899 16.3094235075  8.4217202227  0.0016266727  0.1486766544  0.1184626978  1.0000000000 -0.0004401932  0.2766311109  1.0000000000
15.6658310039  9.5845507428 -1.3289084461 14.9681466229 11.6785683242  1.3140583250 -0.1834268086  0.1957166852  1.0000000000  0.0019774719 -0.1307221017  1.0000000000
16.4140037203 10.2628502936 -1.3072957738 15.6300264867  9.4175457778  1.3521692457 -0.1212832703  0.2197824673  1.0000000000  0.0690205991 -0.0529636908  1.0000000000
17.0316202467 10.7357854862 -0.6251902916 13.9013635155 11.2495812725  1.0228428815 -0.0543115775  0.2054885618  1.0000000000 -0.0988338587 -0.2098140931  1.0000000000
14.4579308684  8.9828097075  2.9091906245 16.0314402631 11.0374715080  1.9517315566  0.2340932720 -0.2697981587  1.0000000000  0.1266746322 -0.0713123500  1.0000000000
15.7018271060  9.1360323995  0.6342764633 16.5527836596 11.9578467775 -0.0622343000  0.0229027123  0.0532129797  1.0000000000 -0.0498751234  0.0513482803  1.0000000000
13.5467262441 10.7448096681  1.1443845907 16.4393541934 10.1410613016  0.1961168265 -0.1708251978 -0.2506065882  1.0000000000  0.0082473790  0.1030748240  1.0000000000
15.4677022906 12.4157466847  1.0337140161 16.3689275752  8.7144138831  2.2935289277 -0.0122321405 -0.0731160993  1.0000000000  0.2739175855 -0.0014877262  1.0000000000
16.0429014105 11.4774523824  2.7374772121 17.2647434184  8.4481443560  1.8739846274  0.2165109601 -0.0863390667  1.0000000000  0.2914637246  0.2135962266  1.0000000000
15.6575521272  9.8846551888 -1.3058817462 15.1966492680  9.3141875872  0.7767513155 -0.2003626513  0.2196823516  1.0000000000 -0.0114174436  0.0216907629  1.0000000000
15.8707086215 12.1925428797 -1.0329185237 16.6622444638 10.0046481019  1.5412492640 -0.1596840181  0.0595759315  1.0000000000  0.1649328647  0.0653516356  1.0000000000
15.3531152907 12.1010389037  2.8798881474 15.5284678101  8.8553204571  1.1647874661  0.1693685908 -0.1810742064  1.0000000000  0.1035276446  0.0334306293  1.0000000000
16.6321608869 10.5931269739  2.1883411646 15.3906046850  8.5824751833  0.5697765977  0.1776835656 -0.0281551883  1.0000000000 -0.0174493953  0.1039302475  1.0000000000
16.2527895361 12.3542395920  1.7439898417 16.1218395863 11.9688575179  0.8458174393  0.0871307470 -0.0488242642  1.0000000000  0.0114583571 -0.0161792444  1.0000000000
17.0085452025 11.5974547194 -0.5497925272 15.6907276436 12.4867206480  2.8946911617 -0.0609124278  0.1864347158  1.0000000000  0.1566717718 -0.1598534125  1.0000000000
14.2533892559 10.5999595799  2.0957623037 14.9806130926 10.6207894273 -0.1659061183  0.0873916866 -0.1732884012  1.0000000000 -0.1468702044 -0.0068168716  1.0000000000
14.3734902057  9.9731479585  0.3808313523 15.7029297198  8.9237206464  1.9628580792 -0.1247939024 -0.0681517529  1.0000000000  0.1873063904 -0.0209679987  1.0000000000
13.9981491022 11.8862116879  1.1057014127 15.3756591384 11.1789158526  3.0707745625 -0.0467732980 -0.1961435603  1.0000000000  0.2036265152 -0.1963812348  1.0000000000
13.3179273192  9.4453729046  1.1230778104 18.0388270571 10.9442738436  0.5826680545 -0.1390021342 -0.2932743978  1.0000000000  0.0880155345  0.2084404023  1.0000000000
16.8942990050  9.2641596910  0.5602721769 17.3939304910 10.6436639950  0.8522782375 0.0748071286 0.1924218573 1.0000000000 0.1009986410 0.1350645598 1.0000000000
15.5190317272 10.7195619955  2.3361660001 15.4946257103  8.7295940230 -0.3495874310  0.1654111394 -0.1192682274  1.0000000000 -0.1089506138  0.1199090933  1.0000000000
14.3069612410 10.0367382133  2.3460729970 13.7841628577 11.0845983489  0.2279619459  0.1095350682 -0.2097965802  1.0000000000 -0.1752361253 -0.1985809659  1.0000000000
15.8926297457  9.4543102485 -1.1926001753 15.2430172660 10.8771832700 -0.1188391559 -0.1958226730  0.2419753049  1.0000000000 -0.1376007314 -0.0040574305  1.0000000000
15.5675335177 10.3468522138 -0.0452048273 15.1787805925 11.5850472204  0.2758870353 -0.1074106442  0.0629395265  1.0000000000 -0.1022842447 -0.0185281241  1.0000000000
15.5780348267 10.3904184749 -0.8166045168 15.9830610954  8.9814676105  2.7317749390 -0.1558143089  0.1249203876  1.0000000000  0.2778069444 -0.0577995864  1.0000000000
16.8563602465 11.5782933860 -1.1031192106 15.4396196268 11.3293927732  3.4798216288 -0.0844781586  0.1542392867  1.0000000000  0.2196496083 -0.2148811339  1.0000000000
14.5790530464 12.5648982436 -0.3306403769 16.2035352608 10.5125780926 -0.8329549142 -0.1651600814 -0.0852990568  1.0000000000 -0.1778637759  0.1959230478  1.0000000000
13.9357726783 11.6566605740  0.3942670958 17.1065841607 11.3073505537  0.7970728572 -0.1704917738 -0.1665716854  1.0000000000  0.0883019973  0.0536282138  1.0000000000
13.7542346504  9.1023419002  0.8704349631 17.3586322262  9.2670680052  0.4990460851 -0.1221041147 -0.1529506618  1.0000000000  0.1305981474  0.2376943923  1.0000000000
15.5293613701 11.0031180622  0.6617402528 17.0555074894 11.2054514801  1.6180221516 -0.0414502916 -0.0144771743  1.0000000000  0.1578560902  0.0611996525  1.0000000000
16.5289537001 11.2734377655  1.6818725675 15.8081673833 12.4891712274  2.5048456176  0.1573844983  0.0434874166  1.0000000000  0.1178105328 -0.1483510077  1.0000000000
14.1102945508 12.8239471238  0.3860096090 16.6712478434  8.1288449038  2.0670842780 -0.1331667851 -0.1647267711  1.0000000000  0.2896418573  0.1274456960  1.0000000000
14.0308512661  9.7606962517 -0.0375672562 15.2251384370 10.0990143041  2.7921502015 -0.2470952707 -0.0608274822  1.0000000000  0.2064736422 -0.1487650490  1.0000000000
13.2404118986  9.1457950859  0.1960716804 14.5768521381  9.8693170164 -0.7574778207 -0.2655080295 -0.2104674204  1.0000000000 -0.2029950284  0.0006607749  1.0000000000
14.0964085497  8.8844425866  1.6928711432 16.1678615605  9.8703845408 -1.3948671927 -0.0036941456 -0.2012247950  1.0000000000 -0.1514314718  0.2442134876  1.0000000000
16.2987760694  9.2309642089  0.8605159602 16.3227498590  8.2783096276  1.5007492563 0.0733009471 0.1344805155 1.0000000000 0.1735818288 0.1022985273 1.0000000000
17.3726545180 11.3179214810  1.7771696645 16.8320688440 11.9145567959  0.7086452040 0.2256793374 0.0622942858 1.0000000000 0.0575561494 0.1164607245 1.0000000000
18.2988636566 11.3440905415  1.3775676223 13.4400765679  9.0447667365  0.2635795490  0.1869953186  0.1713561926  1.0000000000 -0.2346411901 -0.2003415190  1.0000000000
14.9676409827 12.1678762661  0.7323152347 17.2390450006 11.8370880643  1.8721386576 -0.0564970491 -0.1114006706  1.0000000000  0.1939800876  0.0247399967  1.0000000000
15.4941400532 12.3725852237 -0.8295941224 13.0466357961 11.1140026238  0.4243539475 -0.1545069048  0.0428253247  1.0000000000 -0.2356126427 -0.2343258342  1.0000000000
15.5627045798 10.9670028148  2.1621378502 14.5131991532  9.6713259461  1.1607017795  0.1306818355 -0.1463558632  1.0000000000  0.0175512962 -0.1502305266  1.0000000000
12.9428172658  9.2384995168  0.4556591762 15.2443199274 12.4246983902  2.5707994637 -0.2374232701 -0.2355202700  1.0000000000  0.1287948169 -0.1484901488  1.0000000000
17.3293147476  9.9388905749  0.2551453661 17.8537025191  9.5940701051  1.0554795462 0.0691152560 0.2231090339 1.0000000000 0.1701962629 0.2186676199 1.0000000000
15.9519704833 10.5389514784 -1.0647886996 17.4006910898 11.5762950965  0.9178433772 -0.1610228045  0.1256256853  1.0000000000  0.0792076142  0.1060358990  1.0000000000
16.2510222036 11.3766759366 -0.3769265034 14.7192855473 12.2057735919  0.8200248956 -0.0238983918  0.0976304119  1.0000000000 -0.0770455798 -0.1473827811  1.0000000000
17.2242691379 11.5482604627  0.3387409668 15.1512167756 11.2419348850  3.0849282560  0.0455360604  0.1165929122  1.0000000000  0.2088798384 -0.2294221218  1.0000000000
