880.1000000000
0
50
-12.4812136166   2.4653722481   7.4853163176 -10.7649946492   2.0238790115   6.4390601832 0.1848308117 0.1678691997 1.0000000000 0.2388083028 0.0102107141 1.0000000000
-13.6095217192   1.9311580372   5.8282544017 -13.2604352628   2.2133473191   3.8356128722 -0.0674601238  0.1797048461  1.0000000000 -0.2438516850  0.1764115105  1.0000000000
-12.5429214147  -0.9076529430   6.3362086870 -11.6161829918   2.4942990862   4.3807781645 -0.0479043056 -0.1008013350  1.0000000000 -0.0033521511  0.1502583337  1.0000000000
-11.9501499207   3.2607596579   5.0417947140 -11.8029995094   0.2857958478   4.7038196284  0.0630751013  0.2370633817  1.0000000000 -0.1196919255 -0.1305795017  1.0000000000
-12.7002384118   0.5078589100   5.0658774750 -11.1277220935   0.6420628828   7.0781064170 -0.1406327717 -0.0362512901  1.0000000000  0.1456257838 -0.1090804297  1.0000000000
-13.1971376601   2.5195484973   6.9147473763 -12.5095403253  -0.1887872978   4.8081589353  0.0386571108  0.2198878882  1.0000000000 -0.1649272379 -0.1254354100  1.0000000000
-11.5585410920   3.2808190340   7.0545281151 -10.6625224339  -0.2678540768   7.3043677398  0.3207248646  0.1720452206  1.0000000000  0.1327357704 -0.2261653403  1.0000000000
-12.4988058547   2.6321633709   8.1675285719 -11.8786089384   3.3997579870   5.2467834762 0.2187132650 0.1443400592 1.0000000000 0.0876958828 0.2529527764 1.0000000000
-13.3027242146   2.6729988890   6.1685525976 -10.2341627250   1.7338637730   5.4592114422  0.0216288436  0.2429039070  1.0000000000  0.1671598740 -0.1196209665  1.0000000000
-13.3265208856   2.0096958651   4.7515273006 -12.2451182000   0.8892594000   5.9555562925 -0.1270880729  0.1617149449  1.0000000000  0.0007355420 -0.0124268375  1.0000000000
-11.1648477168   0.1022325255   5.1391368332 -13.0960678139   0.9684100223   7.8486436255 -0.0382357495 -0.2084714984  1.0000000000  0.0615399450  0.0553751490  1.0000000000
-10.1169344956   0.4039783995   4.7499408060 -11.7535890444   2.7651484904   4.9719226394  0.0681007680 -0.2527242162  1.0000000000  0.0762824033  0.1577163183  1.0000000000
-13.2605969527   0.3960616317   6.9481752583 -13.6832642755   0.5823364070   6.6137589107 -0.0564096024  0.0171134235  1.0000000000 -0.1378294798  0.0516304395  1.0000000000
-11.8453405707  -0.2872501512   5.3719192411 -10.2749361507   1.4431597294   4.8967596432 -0.0428509593 -0.1722453163  1.0000000000  0.1212166507 -0.1670227693  1.0000000000
-13.1596317763   0.9209188923   6.6797983646 -11.4039062878  -0.1491575015   8.3887207840 -0.0002210525  0.0334248869  1.0000000000  0.1558509164 -0.1956193221  1.0000000000
-13.2251507749   0.6397595486   4.5221688911 -12.5369528203   0.8710200406   7.4559659566 -0.2402537493  0.0265038182  1.0000000000  0.0997398760  0.0291901363  1.0000000000
-12.0474105740   1.8841580234   6.6129662040 -11.9014203555   2.6821811123   4.5791719529  0.0697755149  0.0880764756  1.0000000000 -0.0411348802  0.1620626635  1.0000000000
-11.5900637445   2.2603525669   7.5891388264 -11.0580583045   2.3988167585   4.8908693296 0.2410387089 0.0941288918 1.0000000000 0.0813675967 0.0332640579 1.0000000000
-10.2705228859   0.5427507595   6.1206819093 -12.8159826361  -1.0213643697   4.9453601600  0.1698637377 -0.2367864004  1.0000000000 -0.2297094703 -0.1969308628  1.0000000000
-12.4437410263   3.1824059028   5.8321018129 -12.9784816987   2.6154809581   7.5989020716 0.0725850668 0.2339318326 1.0000000000 0.1261217551 0.2263158497 1.0000000000
-12.6449946189   0.3177873558   5.8768560046 -11.1280287613   0.6268700023   7.4160893185 -0.0389425740 -0.0646430557  1.0000000000  0.1723248206 -0.0934245912  1.0000000000
-12.5754996791   2.3796630035   5.6497498292 -12.7060685224   2.7237924578   4.0970804561 -0.0149155870  0.1440449762  1.0000000000 -0.1412936166  0.2740945981  1.0000000000
-11.0928868593   1.6682963770   7.1132299645 -12.1778640445   1.1609931731   5.8495209643  0.1932596637 -0.0357449381  1.0000000000  0.0198980880  0.0232338137  1.0000000000
-11.9519657989   3.2145947270   5.0950821552 -12.4193437521   0.9967647206   7.5551811685 0.0475781092 0.2294510508 1.0000000000 0.1645757650 0.0101335504 1.0000000000
-13.2864830348   1.8442731167   7.5350512097 -12.0400245940   1.6336228447   6.2509343838 0.0541408784 0.1225720382 1.0000000000 0.0779252244 0.0476960418 1.0000000000
-12.2587335770  -0.0101389265   3.9245707038 -13.9703235568   2.0382592476   5.8235084348 -0.2523714650 -0.1347323511  1.0000000000 -0.1229325456  0.1845242236  1.0000000000
-12.6651844209  -0.0111407865   4.6856832302 -11.8166605942   0.6426828455   8.5390779709 -0.2139385639 -0.0979432454  1.0000000000  0.2227866807 -0.0685423303  1.0000000000
-12.7461900881   2.8754911629   5.0463762302 -10.1467438225   2.2013235464   6.0462602183 -0.0204773697  0.2622726263  1.0000000000  0.2845809753 -0.0617131564  1.0000000000
-11.7152158318   1.4332803180   7.0705108317 -11.5957422091   1.0180368138   4.5356001628  0.1588997755 -0.0047867192  1.0000000000 -0.0606736754 -0.0886159452  1.0000000000
-13.2104673118  -0.9864310581   6.1022639428 -12.2747834343   2.1108015452   6.9312889600 -0.1559878907 -0.0914862919  1.0000000000  0.1363535022  0.1157893287  1.0000000000
 -9.1987525554   0.9451755530   6.3069161972 -10.8686636554   2.8434276224   6.3881617803  0.2795907116 -0.2680986112  1.0000000000  0.2807586099  0.1138210698  1.0000000000
-11.9110633543  -0.3717240171   5.1614785312 -11.1179385418   0.0379555354   6.5116465560 -0.1065477794 -0.2056116984  1.0000000000  0.0745222532 -0.1823034848  1.0000000000
-11.7721197980   0.7442883269   6.2063911151 -11.9990454648   1.0794765047   8.5925989461  0.0348123044 -0.0797192588  1.0000000000  0.1906770598 -0.0407929980  1.0000000000
-12.1198945354  -0.7369842850   6.8930951523 -11.2680557484   0.8606956410   7.3569730776 -0.0032367074 -0.1268141891  1.0000000000  0.1422304541 -0.0990780869  1.0000000000
-11.5226324276   0.6718308038   3.2615486530 -11.5102486397   3.4068898801   5.9154968595 -0.2738531209 -0.1680085844  1.0000000000  0.1889503653  0.1767661055  1.0000000000
-11.1450155166  -0.4491566231   7.8790120191 -12.4964868048  -0.2294683252   6.9526023091  0.1624839115 -0.1394921741  1.0000000000 -0.0033583970 -0.1129180774  1.0000000000
-13.2280658615   1.7646743504   7.3101049638 -10.3801007017   2.0696751076   5.4247897848  0.0678443342  0.1318980617  1.0000000000  0.1498637925 -0.0975155692  1.0000000000
-14.6041404098   1.6880807779   5.6661491129 -12.3753054762   3.1892129837   5.8269324332 -0.1593443038  0.2476039395  1.0000000000  0.1097983124  0.2746290230  1.0000000000
-11.7464142461   3.0977103921   6.0948446503 -13.6278249310   0.1589129887   5.5381185310  0.1649924114  0.1600374649  1.0000000000 -0.1310452124  0.0235807311  1.0000000000
-12.6899135216   0.8496578109   5.8341185076 -13.6005732842   1.0038589149   5.7064490953 -0.0208586794 -0.0156468918  1.0000000000 -0.1034799521  0.1056354237  1.0000000000
-12.8169138672   1.1580266762   5.3071950614 -11.5082979829   1.5789142564   5.6117081312 -0.1437089495  0.0612292728  1.0000000000  0.0310901328 -0.0247796093  1.0000000000
-12.6034415985  -0.1644738388   6.4166473497 -11.0185613747   1.3967939202   6.5298792122 -0.0184019877 -0.0902662133  1.0000000000  0.1845698284 -0.0921316679  1.0000000000
 -9.9517281325   0.8950413167   5.6790349973 -11.0597610946   1.4826516049   5.9612719544  0.1697541116 -0.2401824020  1.0000000000  0.1040725925 -0.0358638350  1.0000000000
-13.4477964928   0.8916935854   7.3960009129 -13.5528634958  -0.2517312549   5.3136882509  0.0810940006  0.0926845256  1.0000000000 -0.2307926923 -0.0693107362  1.0000000000
-11.5766051699  -0.9426276507   6.9419099929 -12.6248290451   1.8943752108   4.4443545334  0.0634442193 -0.2015057477  1.0000000000 -0.1134314851  0.1285656712  1.0000000000
-10.4524558056   0.7419097926   6.5651873744 -13.0701401185   0.4398537569   6.0377824968  0.1558954857 -0.1547684717  1.0000000000 -0.0720487694  0.0326202224  1.0000000000
-10.9653583461   1.0705840635   5.6430162653 -14.2993826806   0.8310647026   5.1735842582  0.0896380593 -0.1120181852  1.0000000000 -0.1860707338  0.1230194217  1.0000000000
-14.0659293674   2.0342810161   4.9702831915 -10.9955106181   0.9552665867   5.2126547890 -0.1596797278  0.2524715929  1.0000000000 -0.0147770813 -0.1280977785  1.0000000000
-13.2190911972  -0.9267761195   6.2679175126 -12.9893083399   2.9622788858   6.2947522511 -0.1141685232 -0.0779519246  1.0000000000  0.0799841687  0.2639387806  1.0000000000
-12.6986630244   2.4366877134   6.4022498079 -10.6621272718   0.2762112095   4.0461423290  0.0741447743  0.1163759479  1.0000000000 -0.1126709542 -0.2442929123  1.0000000000
