508.8000000000
0
50
-4.7278737415  3.7104031807  8.3843197234 -2.4422899601  2.7211235201 10.9294988115 -0.1271948238  0.1375866965  1.0000000000  0.2052949369  0.1411840235  1.0000000000
-3.2316976213  0.6551272288 10.0098835675 -4.5380066492  0.9020470434  9.3832728296  0.1217482071 -0.1049327150  1.0000000000 -0.0228252429 -0.1201259620  1.0000000000
-4.9881983449  4.0491902663  7.1803012807 -1.8215964615  3.4222705289  9.3873674767 -0.2530382200  0.2359273531  1.0000000000  0.2583464882  0.2639786903  1.0000000000
-5.9623323869  2.5449022061 10.3901964212 -2.6147796737  2.3624098213  8.6581379487 -0.1523614484  0.0149680029  1.0000000000  0.2009977145  0.0175738273  1.0000000000
-3.7411093583  1.7142271987  7.9447975215 -3.7185602920  0.7801125082  9.4988772937 -0.0080439485 -0.0821358174  1.0000000000  0.0525131484 -0.1114976724  1.0000000000
-3.8529343547  2.4769904548  7.6021521452 -4.9469131572  2.1816894761  8.3134645569 -0.0429074735  0.0311167224  1.0000000000 -0.1312144727 -0.0404875704  1.0000000000
-4.2414283105  1.2153731173  7.9229318281 -2.9622186596  3.7952449349  7.4960681811 -0.0305200842 -0.1301591879  1.0000000000  0.1003883254  0.2646735262  1.0000000000
-3.7131187580  3.8734017844  9.1082283680 -4.4421714600  1.8848577072  9.1960799579  0.0322924094  0.2028312066  1.0000000000 -0.0676269142 -0.0556673124  1.0000000000
-2.2387295271  1.1792144805  9.3603421337 -3.6239259534  2.8894363325  9.5034628339  0.2614453075 -0.0541083507  1.0000000000  0.0786820178  0.1038852747  1.0000000000
-1.9149023955  3.7399609411  9.0769163707 -5.5842923980  2.7223730901 10.5768368117  0.2463796068  0.2869536766  1.0000000000 -0.1507489967  0.0570274822  1.0000000000
-3.1660470209  3.1398612108  9.4903046944 -5.3706798560  1.3351773383  6.7565344293  0.1032159869  0.1168498517  1.0000000000 -0.2622945874 -0.1769082467  1.0000000000
-4.4540416993  2.1897493931  7.9488314619 -5.1077277285  2.2808280032  9.6271747934 -0.0260698130 -0.0207898942  1.0000000000 -0.0899452391  0.0229439473  1.0000000000
-4.8361575352  4.3721814616  8.3857496230 -3.7087851628  2.2310217417 10.2907249049 -0.1777968837  0.2603157162  1.0000000000  0.0756507577 -0.0051426997  1.0000000000
-2.2682686809  0.5787251175  7.8557066147 -3.0040458766  3.1373586096  7.9319638397  0.2810941290 -0.1820627687  1.0000000000  0.1391496207  0.1550899227  1.0000000000
-3.8090037183  0.5687931406  9.8007968278 -5.2196000809  0.6210740169  9.3167178853  0.0835412782 -0.1847462350  1.0000000000 -0.0981359350 -0.1880884891  1.0000000000
-5.7608556637  2.9442386334 10.0325658175 -4.8657019017  3.1349629116  8.8289487120 -0.1741183769  0.0616596189  1.0000000000 -0.1551050889  0.0604534655  1.0000000000
-2.9832890041  3.8322521748  9.6694236676 -5.2648235293  2.8438075536 10.5935092488  0.1027463403  0.2223854640  1.0000000000 -0.1182617368  0.0637404750  1.0000000000
-5.2399365846  0.5823999541  7.1950663311 -2.5899765112  3.3078452512  8.6194482879 -0.1857904962 -0.3038747178  1.0000000000  0.1786140037  0.1789124098  1.0000000000
-2.8647717168 -0.1470572510 10.5946053842 -3.7211431642  0.7774916572 10.3325215076  0.1779188692 -0.1552038911  1.0000000000  0.0748615275 -0.1417688792  1.0000000000
-2.4749589902  3.7716254974  9.4772108755 -2.0800041367  2.6394231825  7.8814945003 0.1784833856 0.2175667990 1.0000000000 0.2306475121 0.1061500338 1.0000000000
-3.6587914783  1.9928940644  8.6413253650 -4.5634977210  4.0233314315  8.9811787808  0.0213581152 -0.0479409512  1.0000000000 -0.1077155890  0.2029688105  1.0000000000
-5.0450321512  2.3261334150  9.6373781781 -2.2411577645  1.7449910062  8.7181959531 -0.1086270964  0.0138188537  1.0000000000  0.2537024440 -0.0300094199  1.0000000000
-2.2314790325  2.2825948695  9.6024763004 -2.8312647357  3.6126345742 10.4577533500 0.1899131676 0.0347530287 1.0000000000 0.1344334499 0.1903417973 1.0000000000
-2.5848363593  3.4202556135  9.5394128291 -5.6464631338  3.4786973283  8.7270197754  0.1433881074  0.1770412725  1.0000000000 -0.1955886967  0.1371128542  1.0000000000
-1.9248621225  1.1253977222  7.6130135571 -3.6667727787  1.5740646221 10.6904331849  0.3209961917 -0.1150846663  1.0000000000  0.0912460058 -0.0659369137  1.0000000000
-5.4520811898  3.6163440235 10.2571156100 -5.7508305077  1.8058057928  8.2262243981 -0.1654412350  0.1499952428  1.0000000000 -0.2268403472 -0.0601509781  1.0000000000
-4.0279121444  0.1608169680  9.3927755612 -6.0539690727  1.9377158908 10.2982529575  0.0229113973 -0.2505041017  1.0000000000 -0.1709753689 -0.0951514872  1.0000000000
-3.8244277934 -0.0486828121 10.0957905176 -3.4880778800  3.0818422242 10.2533781672  0.0797417198 -0.1899488582  1.0000000000  0.0748469989  0.1557326924  1.0000000000
-4.0616698539  1.5325704428  8.9950117793 -4.6145173099  3.6281388487  8.3364910591  0.0214305497 -0.0508036780  1.0000000000 -0.0927850304  0.1636183180  1.0000000000
-3.4546622493  3.9196147082  8.6326387169 -1.7990302024  3.3662370500  8.7917393621 0.0377417886 0.2603686716 1.0000000000 0.3016088528 0.2286030106 1.0000000000
-2.8740815013  2.5069616958 11.1645691728 -5.3449449544  1.0314432348  6.9898587162  0.1207303877  0.0485745924  1.0000000000 -0.2205839899 -0.2544795727  1.0000000000
-4.8617930055  3.6091271382  7.5764441790 -3.6245594744  2.7206663326 10.0121848088 -0.1992579075  0.1811038443  1.0000000000  0.0291297572  0.0892094331  1.0000000000
-3.7070512645  2.0728783504 10.0715071295 -4.4473857496  1.4899018888  8.4983711446  0.0083386292  0.0285175898  1.0000000000 -0.0211156010 -0.0808885751  1.0000000000
-2.5337202347  3.5213209402  7.4611188193 -3.9521814791  0.7860730286  8.9475436378  0.1662499165  0.2017064575  1.0000000000  0.0529254776 -0.1494911608  1.0000000000
-4.1184012261  2.0765468159 10.1119545699 -4.1210756156  3.7267836012  8.4130154745  0.0032993299 -0.0084525134  1.0000000000 -0.0705966246  0.2393480130  1.0000000000
-5.2489151381  3.9075092356  8.1298322445 -4.6599536256  4.3259206154  7.5260534123 -0.1930919448  0.2053288764  1.0000000000 -0.1836856850  0.2810052346  1.0000000000
-2.2216849300  0.4190578275  8.0057166319 -3.0899271345  3.4076733245  8.9248872806  0.2655183962 -0.2156422899  1.0000000000  0.0988223798  0.2075656382  1.0000000000
-4.8138033603  3.0090158087  6.9350322734 -4.3219118710  0.2748548059  9.1140920951 -0.2134895672  0.0948493125  1.0000000000  0.0226973565 -0.2166661208  1.0000000000
-5.1631802345  0.3569779254 10.5859019836 -4.0245948294  2.4759285658  9.9491805361 -0.0526795191 -0.1597223616  1.0000000000  0.0005713128  0.0356470384  1.0000000000
-5.7652943799  2.2002557715  7.8389710142 -2.4956731068  2.6624039045 10.4216039426 -0.2710880752 -0.1040487901  1.0000000000  0.1416807489  0.0995939688  1.0000000000
-3.1157229798  0.2962676787  7.4861537013 -3.2630572907  0.7252377595  7.8430528713  0.1265105209 -0.2373014367  1.0000000000  0.1187556194 -0.1799545387  1.0000000000
-2.7906565676  1.5554077295  8.7778316156 -3.1343547691  3.3380404429  8.7907532783  0.2038657715 -0.0366264414  1.0000000000  0.0713162398  0.1487216780  1.0000000000
-4.4502709889  3.8111395766  7.2393765832 -4.6610138117  2.1677610631  7.7683857237 -0.1227144949  0.2021370896  1.0000000000 -0.1063011629 -0.0278052916  1.0000000000
-4.6625829258  1.8801930142  9.7386466494 -2.0198597744  0.7538577461  7.2779063996 -0.0066004603 -0.0685285282  1.0000000000  0.3204974160 -0.2426680740  1.0000000000
-4.4607782457  2.0657907926  9.0950199496 -5.6374403851  1.4183006329  8.9071792594 -0.0918318450 -0.0150823757  1.0000000000 -0.1925401158 -0.1073443110  1.0000000000
-5.3557366446  2.0955061198  8.5401819835 -4.5005780043  3.0807997914  7.7030676717 -0.1679567223 -0.0246866391  1.0000000000 -0.0981144991  0.1091214628  1.0000000000
-3.7169363182  0.2607844967 10.2981418239 -4.0726802954  2.0216123926  9.6457832933  0.0834967147 -0.1846003558  1.0000000000 -0.0164683972  0.0034849381  1.0000000000
-4.4963655397  2.4976584670  8.1810357621 -2.7932241026  3.0035398164  9.5243000350 -0.1071816811  0.0730869722  1.0000000000  0.1511211536  0.1313191634  1.0000000000
-5.3301506768  2.1817322290 10.2035822506 -4.2314283889  2.5917164196  7.8171597833 -0.0656507460  0.0103518912  1.0000000000 -0.0215733614  0.0521059630  1.0000000000
-2.6579450773  0.5508680880  7.7101876652 -5.4417955649  3.1163380415  9.1502902625  0.2374246019 -0.2657204375  1.0000000000 -0.1860487397  0.1198578652  1.0000000000
