754.6000000000
0
50
10.6342656026 -4.3974028601 -1.6881694123 10.3723873488 -2.2162256618 -3.5293724199 -0.2184907279  0.1817564079  1.0000000000 -0.0347412602  0.1539277854  1.0000000000
10.9006693650 -4.1632329858 -1.8522853605  9.6457354985 -2.6191648825 -5.5194780634 -0.1928220655  0.2359418620  1.0000000000  0.1225496512 -0.0880266435  1.0000000000
 8.3468293154 -3.7816763237 -3.8253164667  8.2836806280 -2.1464763102 -2.6217111915 -0.1117987616 -0.1630039710  1.0000000000 -0.3116022990 -0.1287574442  1.0000000000
11.4768567687 -4.5632627668 -4.1959087700 10.4777851824 -3.2457117594 -5.6795965779 0.0860546547 0.1743741327 1.0000000000 0.2450379581 0.0212813125 1.0000000000
10.4246331239 -2.3717143004 -4.6828757550 11.0086079250 -1.8234495232 -2.7789796749  0.1212525231  0.0721823757  1.0000000000 -0.0951304654  0.3045419268  1.0000000000
 9.8114425790 -5.4776102671 -3.0490607829 11.3690935299 -5.5134463621 -5.4740020506 -0.1298315042  0.0327439805  1.0000000000  0.2326841936  0.0993685968  1.0000000000
 9.8169413875 -3.2453779750 -6.0579008424  9.5134664893 -3.5650112281 -3.3187472992  0.2298539456 -0.1006000918  1.0000000000 -0.1108344927 -0.0187577601  1.0000000000
 7.9213563212 -2.8367972764 -4.8989779922  8.7700114055 -3.9321899529 -5.9561456882 -0.0148077616 -0.3112551465  1.0000000000  0.1393637426 -0.2233896138  1.0000000000
11.1615741785 -3.8289744018 -4.3617473176  8.0066400995 -2.6473259643 -3.5952979644  0.1016607029  0.1577624476  1.0000000000 -0.1639822956 -0.2110156925  1.0000000000
 9.5150962114 -2.2821330554 -5.5791827071  9.5977921326 -5.0248765381 -5.2847744730  0.2048669593 -0.0968387649  1.0000000000  0.1032968655 -0.0672953797  1.0000000000
 8.5715612958 -2.2906343890 -3.9675358840  7.9344238778 -3.2888111548 -3.0013906631 -0.0840470851 -0.2007371624  1.0000000000 -0.2488179108 -0.1573160450  1.0000000000
 9.7577602243 -3.0529536629 -3.6025595501 12.2068998063 -2.7268729135 -4.8121823974 -0.0335866576  0.0149848894  1.0000000000  0.2316318512  0.2614908993  1.0000000000
 9.4852640505 -3.9641511062 -6.0462324923 11.4515612796 -1.8206129903 -5.5400092128  0.2004900460 -0.1397719543  1.0000000000  0.3176876547  0.1671945977  1.0000000000
 9.4893501596 -5.1346272836 -5.5220214347 10.4228342447 -3.8385496617 -5.7994971163  0.1563303554 -0.1121415144  1.0000000000  0.2414139900 -0.0538527286  1.0000000000
 9.7705292465 -4.6178409974 -3.0740180173  9.5523668664 -3.8420707285 -4.6110367135 -0.1065263362  0.0473581522  1.0000000000  0.0481419434 -0.0358230781  1.0000000000
10.3370128339 -2.7655658360 -5.3716404821 10.4121980929 -4.0808756902 -1.8395254459  0.2186732436  0.0399200825  1.0000000000 -0.1763173499  0.1512348921  1.0000000000
 8.8070041272 -4.3697577440 -4.9709667673  9.6414383116 -1.8174034985 -4.5755804206  0.0591547787 -0.1176242998  1.0000000000  0.0514482966 -0.0442279270  1.0000000000
12.1212097037 -5.3038460291 -4.5617685369 11.7942566130 -4.9149022031 -3.6559671845 0.1255555417 0.2104965461 1.0000000000 0.0736449153 0.2627071878 1.0000000000
11.6191828179 -4.8803980915 -4.9630013094  8.9705876594 -4.0900232789 -3.8457114084  0.1536329667  0.1177797792  1.0000000000 -0.0745041533 -0.0666559630  1.0000000000
 8.8503940215 -3.8758372940 -6.5020054447  9.7876234454 -4.8090313865 -3.4779001027  0.2309703837 -0.2076021884  1.0000000000 -0.0040615944  0.0294346768  1.0000000000
11.4475779914 -3.0785868687 -4.9792777957  9.6902282568 -2.4855428113 -5.1869334014  0.2262309784  0.1791464427  1.0000000000  0.1505500780 -0.0675482791  1.0000000000
 8.6530827025 -2.6609736551 -6.4645853727  7.8624084562 -5.0214520292 -4.3970680931  0.2475720357 -0.2713623622  1.0000000000 -0.0360667937 -0.2226689276  1.0000000000
11.0542388142 -3.2243329593 -2.8918355057 10.2933831638 -2.5507963695 -3.2129952412 -0.0722098511  0.2144859940  1.0000000000 -0.0631119087  0.1477558244  1.0000000000
 9.3249136916 -4.9237104208 -2.9026185906  8.2672363414 -4.4449097568 -4.8521674521 -0.1114839580  0.0123523249  1.0000000000  0.0163697536 -0.1836860228  1.0000000000
10.2528374416 -5.7494005395 -4.2076677644  8.6386953709 -5.5696944948 -2.9838271314 -0.0122798352  0.0155038797  1.0000000000 -0.1461048565  0.0055917391  1.0000000000
11.0567522403 -2.8677798002 -5.4141284829 10.6729454878 -2.2830039259 -2.8988515603  0.2606834260  0.1218611432  1.0000000000 -0.0824768005  0.2476317479  1.0000000000
 7.8899762956 -5.3144776577 -4.2262915810 10.7998924965 -4.8595947434 -3.0505283941 -0.1219763083 -0.2302386061  1.0000000000 -0.0776975872  0.1778675175  1.0000000000
 8.2806660682 -2.3970770536 -3.7936727790 10.2091423365 -3.6982394534 -6.1116772577 -0.1450413012 -0.2130329652  1.0000000000  0.2331771820 -0.0483118048  1.0000000000
 8.6688901053 -5.0906381857 -4.6524907110 11.1834095125 -5.6460121740 -3.8868430345  0.0114208728 -0.1533283804  1.0000000000  0.0324906334  0.1348322858  1.0000000000
10.4124796487 -3.6815720432 -2.3859636248 10.6507674662 -1.9015065639 -3.7421818850 -0.1338634725  0.1454805228  1.0000000000  0.0074019535  0.1872886976  1.0000000000
 7.4991678456 -2.4713152666 -3.6982686273  7.7239062772 -2.1219579179 -2.9107801766 -0.2101609883 -0.2427080327  1.0000000000 -0.3046346552 -0.1959581575  1.0000000000
 7.3347857925 -3.3534085712 -3.2833618605 11.5680231743 -4.5008189033 -5.0718962915 -0.2388942136 -0.2621364799  1.0000000000  0.1577941131  0.1504077870  1.0000000000
10.6970642587 -1.8885356693 -1.9599035582  9.4621815028 -3.0277065153 -4.2608591211 -0.2654648872  0.3082833108  1.0000000000 -0.0271960157 -0.0433673308  1.0000000000
 9.0653863621 -3.0104243214 -5.2280589673  8.7793269894 -5.0122336897 -4.6200311159  0.1041297015 -0.1486627896  1.0000000000  0.0165393499 -0.1275816643  1.0000000000
10.1922205344 -3.2437839876 -3.2074010046  9.9587118004 -3.8730610079 -2.2525031616 -0.0892162233  0.0674788453  1.0000000000 -0.1733688021  0.0702157238  1.0000000000
10.4840537224 -1.8297222273 -2.1581517173 11.0200750759 -2.4845030112 -2.6639535518 -0.2317453083  0.2053683253  1.0000000000 -0.1260158503  0.2254408464  1.0000000000
 8.7596840078 -2.6210906919 -3.7875664071  7.3310240042 -2.8911371343 -3.5795012554 -0.0853517011 -0.0919620544  1.0000000000 -0.2226982081 -0.2814490322  1.0000000000
 7.3649184514 -2.4337224498 -3.3265425904  9.1740088287 -2.7400438114 -4.3798452456 -0.2200200044 -0.2717708802  1.0000000000 -0.0005923426 -0.0934622873  1.0000000000
10.7051436334 -4.6560440974 -4.7479311745 10.2400683251 -3.3782939705 -5.8631335491  0.1069600924  0.0311176422  1.0000000000  0.2296607534 -0.0653633852  1.0000000000
11.1718654739 -5.3393833851 -4.1283477958  8.8986211166 -2.7168052805 -3.9209544461  0.0756222870  0.1298577996  1.0000000000 -0.1023966978 -0.1047480545  1.0000000000
 8.7898141738 -3.0396520581 -3.4393012162  9.4048767767 -3.4738480389 -2.9282409315 -0.1677635257 -0.1284141060  1.0000000000 -0.1850246248 -0.0105946337  1.0000000000
10.6751570730 -4.5692613645 -3.7459444784 11.5033235241 -1.7892780762 -3.3798248523 -0.0135324523  0.1013484892  1.0000000000  0.0165912366  0.3349718601  1.0000000000
 8.4376590116 -2.4095932702 -4.9093327015  9.8488399804 -2.6404437799 -5.8082560903  0.0565015654 -0.2322236055  1.0000000000  0.2405874029 -0.0550762735  1.0000000000
 8.3337390617 -4.6557320116 -4.9248069301 10.4446108944 -3.4862057991 -5.8953820199  0.0134754882 -0.2044332959  1.0000000000  0.2422609134 -0.0040037127  1.0000000000
 9.7525952826 -3.2535402695 -5.3433590449  9.5893722592 -5.7539375303 -2.5092204034  0.1191027135 -0.0702020127  1.0000000000 -0.1141037645  0.0311239040  1.0000000000
11.1674783756 -3.1334820961 -3.3286551740  9.9411177126 -4.1526397178 -6.2250634426 -0.0286532029  0.2290264395  1.0000000000  0.2530886828 -0.0977419745  1.0000000000
 8.4584718784 -4.9270445355 -5.7303486119  8.4276789224 -2.8994509074 -5.6813815588  0.0960755895 -0.2193431748  1.0000000000  0.0981900224 -0.2444009929  1.0000000000
 9.2210128049 -4.8628262317 -5.9103876586  8.8874322267 -3.0068487143 -3.2431924384  0.1677070531 -0.1517877746  1.0000000000 -0.1363168108 -0.0647845998  1.0000000000
 7.9032441251 -2.5948087809 -4.0285693314 10.3088956382 -4.6278089648 -5.0805029056 -0.1324369959 -0.1979291402  1.0000000000  0.1330181742  0.0139098004  1.0000000000
10.6306708796 -4.4475077798 -2.2211536321 11.5290676881 -3.5079888431 -4.4448270699 -0.1376166439  0.2025181551  1.0000000000  0.0881905341  0.1879941494  1.0000000000
