110.9000000000
0
50
-1.4827358142 15.0180805223  6.4012724315 -0.3956365822 14.6887481589  3.9269630446  0.1588274120  0.0967819261  1.0000000000 -0.0969718363  0.0570503995  1.0000000000
-0.4414657869 14.9377996793  4.3076166187 -0.2694326671 15.9623528335  6.2667780906 -0.0891321048  0.0707717747  1.0000000000  0.0216782241  0.1490703329  1.0000000000
-0.7602911595 15.1436303965  6.9185515404 -2.1489251511 13.3597075275  2.9429054098  0.1634198323  0.1968555223  1.0000000000  0.0139390610 -0.2348162692  1.0000000000
 0.6786515189 13.6429061379  4.5249549764 -2.6654893373 15.1679394814  4.9112589239 -0.0108355091  0.2955097192  1.0000000000  0.0878856052 -0.1203828334  1.0000000000
-0.3525374876 15.3625095843  5.2882376732  0.0733641069 16.5318181453  3.9881177063  0.0430632186  0.1564396589  1.0000000000 -0.1778309261  0.0652132348  1.0000000000
-2.1361405819 14.9788332127  5.5306415550 -0.0991441676 15.0405058228  4.9697947002  0.1056866355 -0.0160974270  1.0000000000 -0.0728127373  0.1609665902  1.0000000000
-1.5859944860 16.7322665012  3.3594305485 -1.4071906724 14.4670497944  1.9376262248 -0.1552072786 -0.1333827363  1.0000000000 -0.2491305594 -0.1831947215  1.0000000000
 0.8996439662 16.5208465964  4.3175523534 -2.5039154523 15.8504198282  2.6092137776 -0.1738069172  0.2405525664  1.0000000000 -0.1610206091 -0.2390608529  1.0000000000
-1.5320759656 13.9792770225  1.9113532479 -0.0448379485 14.7942332296  4.8071465321 -0.1876393767 -0.2333172148  1.0000000000 -0.0622291617  0.1857754830  1.0000000000
-0.6693422210 14.0695107958  3.0596288017 -3.2818512883 14.4696226343  5.5482813149 -0.1369075692 -0.0081664876  1.0000000000  0.2092973541 -0.1074394901  1.0000000000
-0.0044937464 15.4635542936  5.4227708636 -1.1207210260 14.9974687827  3.6047924357 -0.0388592351  0.1872553657  1.0000000000 -0.1159482255 -0.0513965965  1.0000000000
-2.6301311579 15.9760424078  4.8143533519 -2.4701103873 15.9924962198  5.8435552160  0.0527280432 -0.1039402708  1.0000000000  0.1317884222 -0.0720903765  1.0000000000
-2.4937298800 12.7462820079  3.6877235211 -0.4762932493 12.6682178456  4.9766710714  0.1772179928 -0.2242400598  1.0000000000  0.1285980336  0.1997623210  1.0000000000
-0.6809279463 12.9785744309  5.8146642809 -2.3248792032 13.8005085575  4.3874600612  0.2102240645  0.1928386909  1.0000000000  0.1343350618 -0.0844803241  1.0000000000
-1.1471370310 16.1609177867  3.7736880403 -3.0773384668 16.6118735462  4.0860033147 -0.1172421928 -0.0171781088  1.0000000000 -0.0301759334 -0.1614214081  1.0000000000
-0.6071085425 16.5531378332  5.1466906153 -2.9290036739 13.8466438597  4.4501876731 -0.0635598893  0.1008858368  1.0000000000  0.1527905249 -0.1944886041  1.0000000000
-2.2757420495 16.1857864091  2.3845296680  0.4954600580 13.7789773288  5.0014407031 -0.1941546213 -0.2306649794  1.0000000000  0.0237088146  0.2539271242  1.0000000000
-0.4248007747 16.1579926554  6.7879059645 -3.1305260855 15.6629751407  3.6475901010  0.0893851600  0.2175664180  1.0000000000 -0.0222765388 -0.2102013180  1.0000000000
-1.9783440037 14.9433391422  3.1123155303 -1.3869482282 13.9205617717  4.4577539833 -0.0603848340 -0.1236044707  1.0000000000  0.0987752826  0.0273992062  1.0000000000
-1.0838604614 13.8977925596  1.7411336009 -1.5656906638 14.4468509517  2.1556556359 -0.2882969881 -0.1640997127  1.0000000000 -0.1991777161 -0.2035561685  1.0000000000
-3.6174507540 14.6610194882  4.9030356153 -1.1134195608 17.3000201109  3.6862862641  0.1888011770 -0.2056800082  1.0000000000 -0.2199523017 -0.0347640483  1.0000000000
-2.2331832243 16.5332715313  2.6962124459 -1.4847427550 16.7349016198  3.1897959478 -0.1910137599 -0.1940987379  1.0000000000 -0.1507119236 -0.0595713966  1.0000000000
-1.1336648501 14.9334245626  2.3182608137  0.6605469074 17.2217820798  4.8676438788 -0.2330591777 -0.1206072809  1.0000000000 -0.1866968685  0.1849859509  1.0000000000
-1.2636274337 15.0012276724  3.4058700759 -1.4592137235 15.1166576233  6.0305448568 -0.0883439887 -0.0383787844  1.0000000000  0.1334900570  0.0782937012  1.0000000000
-1.5437294808 13.2759240963  6.0710468059  0.6525073462 14.9075058324  4.0216749039  0.2904985835  0.1005357844  1.0000000000 -0.1562811941  0.1735527814  1.0000000000
-0.9089023802 15.2556170371  3.6781225889 -1.7669343161 13.9909550782  4.7031604987 -0.1452323683  0.0066934986  1.0000000000  0.1213646103  0.0049105968  1.0000000000
-2.8157605906 14.0352383975  4.4786997867 -2.2199942663 15.5716524788  2.0590935781  0.1881585358 -0.1489262610  1.0000000000 -0.1785824761 -0.2607441956  1.0000000000
-1.7805712976 15.2260909660  3.5955254731 -1.8665008391 15.4559583508  3.5190234040 -0.0582363259 -0.1529885063  1.0000000000 -0.0910493647 -0.1076342007  1.0000000000
-1.1999767819 14.9256551630  5.6774077256 -1.7629286325 16.4660724582  4.5684308708  0.0913141243  0.0991641617  1.0000000000 -0.0646822268 -0.0106296671  1.0000000000
 0.1128329566 16.1567949025  3.9135832426 -3.7153460950 14.6504384328  5.2710839438 -0.1864281672  0.1144981358  1.0000000000  0.2743443417 -0.1573674296  1.0000000000
-1.2114979247 16.0573770331  5.0197399771 -0.2499261379 12.4837489947  5.9299169224 -0.0393198501  0.0600885156  1.0000000000  0.2789956611  0.2755139959  1.0000000000
-1.3632356692 16.4260183499  3.3559629649  0.4217724263 15.4822829517  3.9496125787 -0.1559878201 -0.0578383213  1.0000000000 -0.2034732367  0.1671427352  1.0000000000
-1.8375843773 15.2140705100  3.9663278638 -0.6748664710 15.8453226096  6.4942308202 -0.0219543532 -0.0354851740  1.0000000000  0.0999510095  0.2037462894  1.0000000000
-0.7932795186 13.9526333250  3.7031436035 -2.5160115231 15.6992823819  5.8652319892 -0.0458651651  0.0092530765  1.0000000000  0.1625452995 -0.0022664244  1.0000000000
-2.6655492618 13.9892167301  3.3895487718 -0.6705972010 13.9401695146  5.1770777997  0.0341970654 -0.2456760346  1.0000000000  0.1275289347  0.1160175733  1.0000000000
-0.4827724822 14.4885230535  3.5030419627 -0.5397042201 16.1502853750  4.2018424189 -0.1113956217  0.0264035940  1.0000000000 -0.1337328306  0.0964054815  1.0000000000
-1.9999410914 15.2110285527  4.5760280480 -0.0186728450 15.8458854831  5.2193625344  0.0068989248 -0.0928302584  1.0000000000 -0.0505587644  0.1858890853  1.0000000000
-2.2629123788 15.7055435033  5.5088376883 -1.9750841606 13.7893761081  4.0629303575  0.0625299089 -0.0442606852  1.0000000000  0.0478450656 -0.1381811295  1.0000000000
-0.9795111233 17.0324546425  4.1575526450 -1.6698747377 14.0587734807  4.2513163429 -0.1005478590 -0.0027584595  1.0000000000  0.0536269656 -0.0106958603  1.0000000000
-0.7681926218 13.1308310150  4.7756221847 -3.0173676453 15.5899951459  3.5184194347  0.1654167681  0.1179215533  1.0000000000 -0.0164819961 -0.2088906291  1.0000000000
-2.8567488313 13.2600625519  5.2718924342 -3.3094870291 14.8248793294  3.9945871284  0.3161422879 -0.0984692774  1.0000000000  0.0638250954 -0.2184827173  1.0000000000
-0.1494480049 16.5544766662  3.7236943554 -2.3746624879 13.3998786719  5.1251097641 -0.1900609899  0.0590770317  1.0000000000  0.2163541054 -0.0733745649  1.0000000000
-2.1440345241 15.7242572786  3.6851847649 -1.6538858945 14.0243156171  4.7435523147 -0.1135627510 -0.1152628286  1.0000000000  0.1580667612  0.0167765235  1.0000000000
-1.4592436213 17.0430469551  4.1598754325 -0.4644162347 13.1876790137  4.7245198218 -0.0963126931 -0.0550322059  1.0000000000  0.1114730049  0.1284620337  1.0000000000
 0.0658945430 15.7872315992  4.9438911720 -0.8855323672 14.6212663216  3.7843144436 -0.0427586115  0.1339087024  1.0000000000 -0.0732445314 -0.0065400705  1.0000000000
-0.7692964973 15.5579954094  6.0117600215 -2.3695753433 15.5684148326  5.1681999335  0.0597609696  0.1305551478  1.0000000000  0.0744543634 -0.0673985557  1.0000000000
-2.2840238616 14.9193290948  3.0208860804 -2.0199501937 14.2460664063  4.8307450093 -0.0858636027 -0.1923227204  1.0000000000  0.0918386539 -0.0631909956  1.0000000000
-3.5415083945 13.5204410895  4.6669565555 -1.6082893692 15.5983850154  4.3933998193  0.2827767805 -0.2459655052  1.0000000000 -0.0214545516 -0.0599247965  1.0000000000
-2.2641828219 13.6650940796  5.0941662815 -1.5652721643 14.8190423735  4.8732554191  0.1971878409 -0.0528268652  1.0000000000  0.0652683669  0.0122548782  1.0000000000
-2.0726980357 13.7450642441  3.2121618408 -2.0854349627 13.8632773943  6.0291350576 -0.0019953841 -0.1852104773  1.0000000000  0.2479624552  0.0446170892  1.0000000000
