577.3000000000
0
50
 -1.7482659282 -11.7137522238  -0.1217566370  -2.2332691564 -10.2370251239  -2.0952781181  0.0754766365 -0.1805305344  1.0000000000  0.1101551405 -0.1478097237  1.0000000000
-0.5763066559 -9.6550854162 -1.4637711192 -3.9495993106 -8.9446337117 -0.4079583039  0.2251642917 -0.0006304679  1.0000000000 -0.2126298154 -0.0301519925  1.0000000000
-3.0109991309 -9.6844078083  0.7748010100 -3.7847664706 -7.7238237051 -2.2283328640 -0.1010868365 -0.0426834754  1.0000000000 -0.2170867295  0.1250727805  1.0000000000
-2.5731977492 -9.6815910686 -2.4464684712 -0.8466839410 -9.7934946445 -2.7164378680  0.0739936022 -0.1339978174  1.0000000000  0.2672175925 -0.0826817360  1.0000000000
-1.8605972998 -8.3462865372 -0.6573607048 -2.9701186081 -9.7011328336 -1.3692687013 -0.0215751347  0.1457802070  1.0000000000 -0.0554132705 -0.0567733297  1.0000000000
 -2.4891183988 -10.4063399962  -0.3140642951  -1.5056364648  -8.9783193780  -1.5795237525 -0.0139770466 -0.0706563213  1.0000000000  0.0802797862  0.0758256461  1.0000000000
-4.1048698208 -9.7676275121 -2.6689506563 -0.6412735723 -9.5525246042  0.4557336369 -0.1512304390 -0.1836479741  1.0000000000  0.1359174231  0.0814962896  1.0000000000
-2.6628500292 -9.4722116109  1.1990009274 -1.0213720491 -9.0748752633 -2.7457960110 -0.1158506696  0.0243274008  1.0000000000  0.2492332617  0.0127980332  1.0000000000
 -3.0431375471  -7.9276117081  -1.0886844449  -1.8565634523 -11.7821489530  -0.3084537409 -0.1038971327  0.1672503356  1.0000000000  0.0172724796 -0.1891891491  1.0000000000
-1.9202002622 -9.5757853246  0.3968708092 -0.6560149153 -7.7506334278 -1.5957086286 0.0136409777 0.0240049350 1.0000000000 0.1760129306 0.2688753827 1.0000000000
 -3.1720566159  -8.5116818802   0.5423929618  -2.2802998233 -10.5825311478  -2.9116185432 -0.1599135598  0.0869179798  1.0000000000  0.1698114531 -0.1786063107  1.0000000000
 -0.8613113448 -11.4456391269  -0.6156883662  -2.8855186134 -10.2860408919  -2.9659847614  0.1721621930 -0.1969682516  1.0000000000  0.0841408771 -0.2260352172  1.0000000000
 -3.6459874355 -10.8178683758   0.3164884790  -2.1616681199  -9.7103234185  -3.2070732920 -0.2209890680 -0.1637122012  1.0000000000  0.1836021497 -0.1303195557  1.0000000000
-1.5996013740 -9.4152128833  0.6964411633 -2.4775450337 -8.8686995087 -2.2297886679 0.0239273092 0.0427434188 1.0000000000 0.0090219850 0.0536855177 1.0000000000
-3.5117127199 -9.7541827540  0.6726889226 -3.7124837494 -7.7163147281 -0.9587779548 -0.1665277513 -0.0307062818  1.0000000000 -0.2264767736  0.1262447346  1.0000000000
-1.6632980309 -9.1089986465 -2.8920155131 -0.8960566985 -8.6957572927 -2.5565363824 0.2034280888 0.0066776714 1.0000000000 0.2519496606 0.0882126825 1.0000000000
-3.3318621849 -9.3231835660  1.1114137390 -2.8224298242 -8.9512292427  0.6228511403 -0.2102148321  0.0099077226  1.0000000000 -0.0879210492  0.0841970414  1.0000000000
-3.0051922047 -9.1340958157 -1.2711500621 -1.6500992464 -9.4362104445 -1.1424073313 -0.0740353459  0.0021531357  1.0000000000  0.0537593114  0.0257727297  1.0000000000
-3.3015993542 -8.9300847081 -1.7018309634 -0.5927529969 -9.3848157570 -0.4962724565 -0.1124280158 -0.0050764808  1.0000000000  0.1562313991  0.0310318294  1.0000000000
-3.4562535334 -8.7884925555 -1.5756081480 -3.8125609842 -7.5749077240 -0.6975817716 -0.1471321983  0.0227619100  1.0000000000 -0.2624888963  0.1931984810  1.0000000000
 -1.7642364724  -7.7404887889  -1.1094138696  -4.1873197464 -10.0936567925  -2.2123717609  0.0157369402  0.2328846496  1.0000000000 -0.1184511689 -0.2114094420  1.0000000000
 -2.4175155675 -10.7632020445  -3.4382485683  -2.5731233838  -7.5035577667  -2.0118645999  0.1771527549 -0.3169588409  1.0000000000 -0.0540388345  0.2120023612  1.0000000000
 -1.4039060084 -10.4614605715  -2.5302595006  -2.0547056018  -8.4827373764  -0.2124648261  0.2287395429 -0.1586735856  1.0000000000 -0.0128752076  0.1314562675  1.0000000000
 -1.6553834533 -11.2364754557  -2.8570498660  -1.5873719407  -8.5456616388  -0.6875118342  0.2078684679 -0.2387091239  1.0000000000  0.0508977789  0.1147781159  1.0000000000
 -4.5148118246 -10.5791701585  -1.3113131983  -0.8863285950 -10.3871020214  -1.2941290052 -0.2238325444 -0.2391349440  1.0000000000  0.2129323135 -0.0850531355  1.0000000000
-0.6737410063 -8.8517201284 -0.8132200087 -0.5543087671 -7.7266078756 -2.5995195016 0.1622767853 0.1322661233 1.0000000000 0.2631823085 0.2829646176 1.0000000000
 -0.1226732604  -7.7885888510  -1.8742802323  -2.0716764103 -10.5711101403  -3.3773778585  0.2620016177  0.2934125944  1.0000000000  0.1799372964 -0.2319808484  1.0000000000
 -3.9978922460  -9.2021945846  -0.6049843190  -1.7987636015 -11.1034942361  -2.4406451686 -0.2270509524 -0.0123598155  1.0000000000  0.1926863127 -0.2037480530  1.0000000000
 -0.9031359148 -10.6102560605  -0.7205955698  -1.1149017289  -8.1721077278  -0.2679560602  0.1802638584 -0.0797065139  1.0000000000  0.0203034897  0.1560229623  1.0000000000
-2.2738430090 -9.8900785917 -2.4385808081 -3.6745765385 -7.0994534456 -0.7315779261  0.0765993760 -0.1255509899  1.0000000000 -0.2369752458  0.2176057532  1.0000000000
-1.5108358901 -9.0573658495 -2.5538730609 -0.7130964138 -9.4977379959  0.5733564004 0.1697445213 0.0738684560 1.0000000000 0.1232368668 0.0722649533 1.0000000000
 -1.6833490462 -11.8268972104  -0.3157111363  -1.2107636876 -11.5718911660  -0.5665568918  0.0973188099 -0.1464878559  1.0000000000  0.1716795190 -0.1360621537  1.0000000000
-2.8774520949 -9.0326369751 -0.0389071612 -2.1219609157 -7.8460118773  0.3643715951 -0.1298502732  0.0686527218  1.0000000000 -0.0834177158  0.2209583299  1.0000000000
-1.3540713283 -8.7969141864 -0.9817053834 -2.2615728957 -9.7488411422 -1.7302131258  0.0786345793  0.0795853718  1.0000000000  0.0347308013 -0.0719099953  1.0000000000
-0.1961694012 -9.9666278578  0.2759574383 -0.4456449635 -8.3265748501 -0.6629891278 0.1380183003 0.0212697743 1.0000000000 0.1358383794 0.1925680164 1.0000000000
 -3.1129488501 -10.8967995989  -0.7290902423  -4.4914739004 -10.3607750918  -1.1302645899 -0.0649277838 -0.1722766750  1.0000000000 -0.2360346426 -0.1966412024  1.0000000000
-3.5274906518 -6.6921774777 -1.4255024055 -2.5561423718 -8.2008117309  0.8578665063 -0.2485360703  0.3236327730  1.0000000000 -0.1399450944  0.1802481406  1.0000000000
 -1.0532005365  -9.7484951573  -0.9218606357  -1.3641521276 -11.0443739441  -0.2092031343  0.1916406643 -0.0047750806  1.0000000000  0.0732975843 -0.1203178991  1.0000000000
 -2.4463508417  -7.9294450081  -1.8464639968  -1.1737197597 -11.3942734682  -0.5335388812 -0.0272684665  0.1291818705  1.0000000000  0.1271409668 -0.1546201601  1.0000000000
 -3.0609633337 -10.5125317014  -1.5489153252  -2.6827561062  -7.9508959517  -1.3042895580 -0.0228927375 -0.1682145076  1.0000000000 -0.0865341795  0.1004914196  1.0000000000
-2.9867516794 -9.1213113571 -2.4660915299 -1.7312381921 -8.1327553326 -0.9090618005  0.0014944810 -0.0203245367  1.0000000000 -0.0222831243  0.1902049498  1.0000000000
-1.5318494148 -7.7366788717 -0.6050208160 -2.1990918910 -8.3312386023 -0.2692163896 -0.0037232583  0.2428161667  1.0000000000 -0.0534541120  0.1580221667  1.0000000000
 -0.5635928163 -10.3675640196  -0.6256448511  -3.7085227172  -9.7737755080  -0.4767700319  0.1784143226 -0.0331537830  1.0000000000 -0.0979878097 -0.0843234425  1.0000000000
-0.9371171473 -9.4266003064 -2.4006043913 -3.7220635549 -9.7060417834  0.2274121527  0.2361445045  0.0346863345  1.0000000000 -0.2081315218 -0.0352568259  1.0000000000
 -2.8264329272  -8.0356808505  -0.2812634664  -0.4416959739 -11.8521990310  -0.4542932933 -0.1577524595  0.1194344577  1.0000000000  0.1894786164 -0.1156289763  1.0000000000
 -3.0979130899 -10.0439404180  -1.9726211033  -2.5955773068  -8.6928121011   0.2613833561 -0.0388396151 -0.1153054605  1.0000000000 -0.0826931764  0.1078655610  1.0000000000
-3.8528073457 -9.7996353738 -1.8344441751 -3.2640076639 -8.0332893955  0.8939979904 -0.1407530463 -0.1661629186  1.0000000000 -0.1757817744  0.1335512852  1.0000000000
 -2.6177248356  -8.4153554573  -2.1707421099  -2.1057525147 -10.1727629737  -3.3772058465 -0.0169825479  0.0920858709  1.0000000000  0.2249063596 -0.2350764741  1.0000000000
 -3.3080904749  -8.8240564430  -1.9538755413  -2.3856562116 -10.0842068153  -3.0455063463 -0.0576426911  0.0089386362  1.0000000000  0.1394485208 -0.1849145966  1.0000000000
-2.3118091740 -8.0127056946 -2.0484575266 -1.7168043495 -8.5476308776 -1.4544470017 0.0229336677 0.1365095009 1.0000000000 0.0071820212 0.1062231799 1.0000000000
