122.6000000000
0
50
-2.7095078864 -8.0820641197  5.7879921905 -4.1185160810 -8.5950331963  5.3696216829  0.2293082264  0.0381913721  1.0000000000  0.0987367317 -0.0553106171  1.0000000000
-3.9090921875 -6.5555384687  3.9360059546 -5.7710395652 -6.8961783303  4.8446220335 -0.1096506162  0.0065314745  1.0000000000 -0.0844358561 -0.0151598492  1.0000000000
-4.9620955867 -8.4290662563  5.8598907854 -3.8069938969 -6.7226041562  2.7269865729  0.1526779885  0.0225270232  1.0000000000 -0.1867191702 -0.1232318813  1.0000000000
-3.6071392542 -6.2522613785  4.3646992497 -5.8653351783 -7.4590861878  5.2455730058 -0.1047086196  0.0597913279  1.0000000000 -0.0256233604 -0.0410948338  1.0000000000
-3.5036039312 -7.5136812661  6.6052953975 -3.5261814928 -5.9478643153  4.2943155698  0.1539358589  0.1731245892  1.0000000000 -0.1531672626  0.1027048226  1.0000000000
-2.8456373791 -7.1862813327  6.8292890496 -3.7495886995 -6.3015755238  4.3180305428  0.1602790710  0.2077608641  1.0000000000 -0.0850830861  0.0562122543  1.0000000000
-1.9500428358 -6.6758175926  5.8405564374 -3.7811115435 -5.9916218952  4.6868253623  0.2040977098  0.2189668819  1.0000000000 -0.1236778548  0.0767970162  1.0000000000
-3.7026448638 -8.0924491607  5.5695313291 -2.2141692265 -7.9707069566  6.0818141026 0.1592597859 0.0448807405 1.0000000000 0.2957245865 0.1233498457 1.0000000000
-3.2482467797 -6.3335408941  6.2608175543 -5.1658681813 -5.3997356423  5.4314688369  0.0384886108  0.2836167801  1.0000000000 -0.1833777476  0.2203306639  1.0000000000
-5.1595413224 -9.4256731559  6.2671080318 -5.0027207029 -7.6512194112  5.8761198986  0.2303815634 -0.0411563428  1.0000000000  0.0506392586  0.0937816819  1.0000000000
-2.6841192447 -8.2127388331  2.7116666110 -6.2630512690 -7.2230930084  4.0472143828  0.0351561040 -0.3068839298  1.0000000000 -0.1165231511 -0.1125498861  1.0000000000
-2.0426565661 -8.8523967747  4.8945450457 -4.9796514380 -8.0253981161  6.3535596520  0.3117033110 -0.0498932692  1.0000000000  0.0870807956  0.0982754348  1.0000000000
-3.4387457567 -7.0851724251  2.7867659040 -4.6753741648 -9.4453605076  6.1295747533 -0.1354939315 -0.1634183487  1.0000000000  0.2208351039 -0.0151468470  1.0000000000
-4.4099578139 -8.4209482525  7.1358935731 -3.3204105012 -8.5249764807  5.1456296965  0.1690684528  0.1143827613  1.0000000000  0.1714401053 -0.0617963254  1.0000000000
-4.6561956525 -6.9310152810  4.0800890650 -3.3700910036 -9.1838716760  4.6382408258 -0.1137434643 -0.0754174362  1.0000000000  0.2120348647 -0.1667282746  1.0000000000
-5.3298026369 -9.7950038268  5.6253045963 -5.0154454134 -7.5433335548  3.0793349020  0.1601937693 -0.0844905050  1.0000000000 -0.1082922822 -0.1980095006  1.0000000000
-4.6920833918 -8.3752991932  4.4125716640 -5.3695250640 -7.7137550991  3.3184257737  0.0430031938 -0.1210719249  1.0000000000 -0.1061660492 -0.1916798436  1.0000000000
-3.9220210700 -7.6102129661  3.5908101620 -4.1256108734 -9.3866685234  4.4330052930 -0.0849652856 -0.1223701115  1.0000000000  0.1742377175 -0.1828219884  1.0000000000
-3.9351986150 -6.5711882747  6.5165692443 -3.2993508425 -9.1535497066  5.4803875854  0.0492133349  0.2182688967  1.0000000000  0.2709271477 -0.0745954300  1.0000000000
-3.4675712734 -5.9760080359  5.5492065085 -4.2848911323 -8.2897606381  4.6025077296 -0.0749892765  0.1991420153  1.0000000000  0.0386918031 -0.1010375103  1.0000000000
-3.4254021568 -8.8481341766  4.8791783263 -2.5486856040 -7.7303394563  6.5518970288  0.1929564502 -0.1517658912  1.0000000000  0.2778893281  0.1850535715  1.0000000000
-4.7904566361 -6.6255970963  4.2081613100 -3.2039691652 -7.3650580501  2.6378185026 -0.1536895467 -0.0318558253  1.0000000000 -0.1153962291 -0.2322705630  1.0000000000
-3.3337644719 -7.4365939585  4.4916700730 -4.7469454355 -9.2222631857  4.0620506086  0.0285628513  0.0044203275  1.0000000000  0.0890408714 -0.2023176168  1.0000000000
-3.8055915285 -7.4982350335  5.3753457178 -1.9078177035 -9.4079888090  3.9272382056  0.0605113554  0.0870167843  1.0000000000  0.3408812536 -0.2411695551  1.0000000000
-1.8890708400 -8.2547583891  4.6404320873 -4.2011676842 -5.2591105135  5.5787614032  0.2436496820 -0.0577966196  1.0000000000 -0.1598545242  0.2296335015  1.0000000000
-2.5727367421 -7.1189933118  3.8731277698 -5.6370711490 -6.7244223042  5.8543620083  0.0080541362 -0.0373065731  1.0000000000 -0.0597114428  0.0813711113  1.0000000000
-4.8614615240 -9.2471833282  5.2777965492 -1.7665840119 -8.5155936930  4.4898905483  0.1517078573 -0.1066312305  1.0000000000  0.3066416544 -0.0818105907  1.0000000000
-3.6677023780 -6.5460168755  4.7342570128 -5.6789560435 -8.0736742872  4.6730299909 -0.0375694997  0.0841686906  1.0000000000 -0.0167581652 -0.1072358445  1.0000000000
-4.9104018489 -5.3237751901  4.7943710000 -3.3496831937 -5.0324906347  4.5429616113 -0.2114256522  0.1240217908  1.0000000000 -0.2334345004  0.1768420792  1.0000000000
-2.5589718638 -6.1230109525  5.4817439532 -6.0084073922 -8.4192809009  5.0341967680  0.0066124155  0.2087299527  1.0000000000  0.0081761247 -0.0509194958  1.0000000000
-2.3642132417 -8.6421404196  4.7291261094 -4.6219137101 -8.7480168917  4.5892325360  0.2622211806 -0.0832522936  1.0000000000  0.0914147666 -0.1469582046  1.0000000000
 -5.3784968359 -10.3375413424   5.0964781671  -5.8545797231  -8.1586132352   3.4947623550  0.1928022367 -0.1777197148  1.0000000000 -0.1059807035 -0.2158338938  1.0000000000
-4.2361260844 -9.1059346144  5.6377865102 -3.3543141747 -6.7294566379  2.8344446619  0.1709591714 -0.0523982734  1.0000000000 -0.2375711566 -0.1774781945  1.0000000000
-3.1006793767 -8.2001150436  6.6736041672 -3.3700916277 -7.4255160302  6.7693317135 0.2533025764 0.1215780194 1.0000000000 0.1785779834 0.1810238039 1.0000000000
-4.4674047654 -9.3797164743  3.9847256327 -4.0081003124 -6.8441867570  1.8135639420  0.1152872387 -0.2427251486  1.0000000000 -0.2924650563 -0.2956498184  1.0000000000
-4.9957999667 -7.9548082772  3.8270498641 -3.8627711525 -6.8342795902  6.1890257356 -0.0504833466 -0.1764114895  1.0000000000  0.1240414960  0.2290205143  1.0000000000
-2.5438259350 -6.6005852467  5.7208555191 -2.2627413587 -7.2051138918  5.0873340212 0.0812012078 0.1770754166 1.0000000000 0.1516261067 0.0827792343 1.0000000000
-4.4652478757 -6.4111374329  3.3435921767 -3.5883210327 -6.8105831886  3.9305909533 -0.2359792780 -0.1016617131  1.0000000000 -0.0438221205 -0.0474250019  1.0000000000
-4.4291084350 -5.0963505010  5.2883723188 -3.0407778613 -8.9114390043  5.5937273873 -0.2017769941  0.2200929104  1.0000000000  0.2484649460 -0.0126682177  1.0000000000
-4.4260483565 -6.7846026484  2.1471663396 -6.8120978574 -7.2495826618  3.6710605732 -0.2599375712 -0.2514966644  1.0000000000 -0.1766355879 -0.1262330818  1.0000000000
-6.1707010230 -6.2623472527  5.9942338258 -4.4607210589 -6.3295348283  3.2592807946 -0.1399738072  0.1179320822  1.0000000000 -0.2000054430 -0.0521679387  1.0000000000
-4.8935945015 -9.0322572115  6.4371044824 -4.1966031595 -7.3613641426  5.4302579577 0.1810390739 0.0377041861 1.0000000000 0.0223899331 0.0940219396 1.0000000000
-2.2828790207 -7.1838544526  6.7712500145 -4.0146918080 -7.5058124141  3.4244835222  0.2202026727  0.2711008022  1.0000000000 -0.1399800769 -0.1726469525  1.0000000000
-5.0298434647 -6.5668144339  5.1601248693 -4.8669355604 -9.4025382294  4.4607466318 -0.0548570156  0.1040240746  1.0000000000  0.1115728598 -0.1611000684  1.0000000000
-4.5452299878 -8.9489726686  5.3605455987 -4.2013841966 -9.6443514946  5.6500537249  0.1500954681 -0.0670803563  1.0000000000  0.2329139122 -0.1328615483  1.0000000000
-4.5638984122 -9.2081335761  5.2341165331 -6.2387471644 -6.6806731860  5.2591725644  0.2005010562 -0.1165676302  1.0000000000 -0.1246337770  0.0389107059  1.0000000000
-2.0015693760 -7.3620003095  4.6431588240 -6.1328418333 -8.3287865230  3.9145511240  0.1575294065  0.0540388245  1.0000000000 -0.0170103217 -0.1610727363  1.0000000000
-4.4531673918 -7.1061551383  3.9513344380 -3.5342844619 -6.7910061315  5.2813486292 -0.1007954336 -0.0629722529  1.0000000000  0.0483130507  0.1284598086  1.0000000000
-5.5444510935 -7.0057256157  4.0824280449 -6.4959986200 -8.1781842991  3.9381466727 -0.1487484731 -0.0558763108  1.0000000000 -0.0658203952 -0.1356088349  1.0000000000
-4.4791115054 -7.0340761758  6.4884849856 -3.3473209798 -8.3407628171  5.9876355453 0.0501372811 0.1525051391 1.0000000000 0.2284768936 0.0357086888 1.0000000000
