497.7000000000
0
50
13.9666853439 13.1760269481 -1.2312149668 13.9439454816 13.7626147126 -0.0862281418 0.1610848982 0.2280198910 1.0000000000 0.0914937908 0.1328211292 1.0000000000
14.5947094538 13.1484097977  0.6088623514 15.2658610313 12.2959040306  1.0129528206  0.1596730334 -0.0501306111  1.0000000000  0.2153611616 -0.1858016732  1.0000000000
15.5991135875 12.4490147512  1.9260150427 14.2541692251 14.6517880897  1.4381304084  0.1946443501 -0.2992763341  1.0000000000  0.0011111408 -0.0386919982  1.0000000000
12.0952955873 12.3959253259  2.0680528511 16.1703135401 14.3814202117  0.7726516289 -0.2585125445 -0.1103931747  1.0000000000  0.2401945503 -0.0505936281  1.0000000000
13.0130577601 15.1564828505  1.4795778751 15.0488041211 12.3540071037  0.6679733831 -0.1042418744  0.0704712483  1.0000000000  0.1762673146 -0.1180964222  1.0000000000
15.2517172719 14.4784942340  1.2118853499 13.5460709672 14.4629394460  0.4043974463  0.1016307813 -0.0493092680  1.0000000000  0.0276624307  0.1292376166  1.0000000000
15.6691529185 11.6126800193  1.3548174208 13.6271169661 14.9472271517  3.1023241774  0.2658336880 -0.3095942762  1.0000000000 -0.1173684265 -0.1247414986  1.0000000000
12.9781112561 14.9379973375  1.7710343815 14.8710771362 13.3219639730  1.6755539148 -0.1432080496  0.0474291302  1.0000000000  0.1412324749 -0.1235719937  1.0000000000
16.5255084077 14.8736080767  1.5769493874 13.4602350160 16.5691797450  0.3796723943  0.1668664159 -0.1079104423  1.0000000000 -0.0639107454  0.1916863072  1.0000000000
12.6863426263 16.1527221915  2.0831446646 12.4369236732 13.3424212018 -0.1050303750 -0.1846464184  0.0230218835  1.0000000000 -0.1273747760  0.2287970399  1.0000000000
15.4567795259 15.4788286432  1.1597789762 14.9568427477 13.7595973580  2.9941479142  0.1226873411  0.0148502758  1.0000000000  0.0094146265 -0.2342230872  1.0000000000
14.1894574141 11.9828499402  1.8707987656 13.6707903649 12.9404683751 -1.3531658639  0.0194380424 -0.2106243058  1.0000000000  0.1838726732  0.2647732415  1.0000000000
12.8629451972 13.0579634266  0.7876138946 14.6944021933 12.4618728915  2.3562914876 -0.0971214046  0.0595458364  1.0000000000  0.0440856201 -0.2872052888  1.0000000000
15.1136446784 16.1397244195 -0.3544874508 15.0695430055 15.8349102649 -0.2030572219 0.1549835073 0.1551228873 1.0000000000 0.1614624157 0.1904344182 1.0000000000
13.1494992624 13.6169504816 -0.1217219006 12.3964196656 13.9026463234 -0.1186440060 -0.0089034594  0.1662462713  1.0000000000 -0.0970800930  0.2148505225  1.0000000000
14.7284787430 14.5739629179 -0.4705164061 14.8969316325 13.0293570594  0.3207439619  0.1891708975  0.1809343628  1.0000000000  0.1559960958 -0.0154007212  1.0000000000
15.7616194036 14.8330983543  0.3774892719 14.8157541096 13.1874424279 -0.1486849261 0.1832620154 0.0340932801 1.0000000000 0.2149292531 0.0224686796 1.0000000000
12.7799885206 12.8171138609 -0.1316659131 14.3073847639 12.6806443017  2.5566854650 -0.0461510286  0.1661655980  1.0000000000 -0.0473530798 -0.2165832360  1.0000000000
13.4421137202 16.2772449323  0.3526309515 12.9566964642 15.4695003453  0.7954203357 -0.0329258469  0.1988549059  1.0000000000 -0.1293740525  0.1749829426  1.0000000000
13.1290672272 13.5262329391  3.4888798977 16.5168881692 14.9877160698  1.6590739681 -0.2442757432 -0.2245007393  1.0000000000  0.1498486248 -0.0806619535  1.0000000000
14.1452583078 13.5161339869 -0.6741317055 13.1522384960 11.8901965461  2.4607866146  0.1670499108  0.1887670585  1.0000000000 -0.1179012430 -0.2647537884  1.0000000000
15.1432801048 15.7073533360 -0.0608162033 14.7342789411 14.3870222511  3.0188276951  0.1893144560  0.1264201482  1.0000000000  0.0165023290 -0.1658134742  1.0000000000
13.6117323723 14.0109405818  3.2729999060 12.4605291504 12.4852042015  1.3928736771 -0.1705059579 -0.1685017444  1.0000000000 -0.2302941093 -0.0633783543  1.0000000000
13.0917621468 13.8098780002  2.4426918545 15.4200982262 15.7866894916 -0.9135006254 -0.1821756245 -0.1289678281  1.0000000000  0.1938419593  0.2070953111  1.0000000000
11.8525152872 12.7915562978  1.6069190663 12.8893391083 12.6480781631  1.3064081292 -0.3071236999 -0.0234592534  1.0000000000 -0.1377590853 -0.0474816868  1.0000000000
11.7520631508 12.9211061406  0.8092342164 12.9514154832 15.5989857671  1.4773004101 -0.2884176049  0.1487708579  1.0000000000 -0.1158744759  0.0988104422  1.0000000000
16.3186213038 15.6187142083  0.6673792121 13.2285510190 15.1048749065  2.8906032017  0.1847870483  0.0566744860  1.0000000000 -0.2036434273 -0.0888221271  1.0000000000
11.8429272388 14.0038414504 -0.0887575754 13.4499348923 14.3009585498 -0.8188712517 -0.1664022819  0.2237736079  1.0000000000  0.0720410363  0.2499036002  1.0000000000
15.5044258201 13.8040829218  0.6057430664 15.8804943499 13.9989228116  1.3797873422  0.2148102805 -0.0286500657  1.0000000000  0.2401037728 -0.1314102791  1.0000000000
13.8933571279 14.3156526750  2.1249227955 15.2075658108 14.2535742302  1.0169720545 -0.0762662114 -0.0566555269  1.0000000000  0.1122569774 -0.0337022896  1.0000000000
14.3512808994 15.4791820148  1.9485743839 13.7597586339 15.5345374796  3.3693522392 -0.0525663829  0.0046470470  1.0000000000 -0.1951774900 -0.0748167176  1.0000000000
14.5514841448 12.1678158486  1.2446594113 15.9669887167 11.5173820509  1.2452536869  0.1229002103 -0.1746323859  1.0000000000  0.3469463118 -0.2734382900  1.0000000000
15.5824761101 12.1166623398  0.7716395488 15.2318833856 13.2922874720 -0.1057248078  0.2603800499 -0.1716124776  1.0000000000  0.2085023667  0.0399876027  1.0000000000
14.8154399944 14.8615843054  3.2765497725 14.6255219641 15.4027515503  0.4536102075 -0.0221759031 -0.1928270307  1.0000000000  0.1074690309  0.1200314831  1.0000000000
16.1821184414 14.0205328423  0.8786385933 13.7514693540 16.6300025708  0.3206314100  0.2267115964 -0.0443625855  1.0000000000 -0.0400754316  0.1811831205  1.0000000000
15.1563971639 15.2676716911 -0.5522343031 11.7275731734 13.5914076899  0.2262435669  0.1845836501  0.1289398730  1.0000000000 -0.2249188349  0.2088396260  1.0000000000
12.4553391705 14.0387306899 -0.4837272135 14.7527690468 14.7887042453  3.2618642174 -0.0415667135  0.2590266958  1.0000000000 -0.0488600642 -0.1769678211  1.0000000000
15.2580762054 14.9071896795  2.2934120616 13.1758377053 15.5418101249  1.9906199199  0.0683680862 -0.0944841743  1.0000000000 -0.1749727623  0.0298891364  1.0000000000
13.4816350913 15.0601210262  2.0439059922 15.4887840084 11.9908185503  0.5405719610 -0.1522566873  0.0086898059  1.0000000000  0.3092914209 -0.1142118945  1.0000000000
13.1499667211 15.8037440535  0.4894362666 13.0847366632 15.7120830546  0.6019414641 -0.1080897188  0.2125125871  1.0000000000 -0.1058511267  0.1846629758  1.0000000000
12.2900536345 13.2513159088  1.0156703367 11.4338763790 13.1442036473  0.7484374193 -0.2155463316  0.1012034720  1.0000000000 -0.2791626609  0.1646490402  1.0000000000
14.6355017243 13.3306649119 -1.7068975970 12.0759130626 14.9061750784  0.8555016890  0.3325033588  0.3248294216  1.0000000000 -0.1865219606  0.1906393088  1.0000000000
13.5885264675 15.8129302471  1.2571095620 15.2619428195 13.6500360577  0.2338868912 -0.0857287233  0.0685131631  1.0000000000  0.1901376782  0.0041260341  1.0000000000
14.0250088919 14.0237176348  2.2602309403 15.0648078600 14.8297104111  1.6819150240 -0.0766014778 -0.1110457285  1.0000000000  0.0351698127 -0.0221977565  1.0000000000
15.0464038625 14.2893670446  2.6080245076 12.5994835326 13.1878780136 -0.4674370206  0.0037523874 -0.1785858619  1.0000000000 -0.0340979683  0.2395407261  1.0000000000
12.8420764060 12.9554791949  3.4122495022 15.4905016948 13.1230260204  2.1026453864 -0.2226310986 -0.2324399556  1.0000000000  0.1531027395 -0.1849387634  1.0000000000
15.0890878242 13.4474858177  1.7024008986 13.7580434856 14.3569109638  0.3827705237  0.1195976605 -0.1352155814  1.0000000000  0.0148772102  0.0697421096  1.0000000000
13.0572020833 14.5053660643  1.4957116359 16.1377642748 14.2697499915  2.7394588572 -0.1143996525  0.0509045702  1.0000000000  0.1086832368 -0.1794619666  1.0000000000
12.5846313914 15.2933849890  2.0911069167 13.3274526201 12.4009029470  1.2137143236 -0.2345334320  0.0237554341  1.0000000000 -0.0186204181 -0.0936773503  1.0000000000
14.9854378180 14.0510416250  2.5786307667 13.8068129768 12.5274809622  2.0497137571  0.0776779759 -0.1932898364  1.0000000000 -0.0710163954 -0.1958548780  1.0000000000
