889.3000000000
0
50
-4.7920276725  6.5481024523  3.9749860366 -2.8094674381  7.0560306861  4.6219496555 -0.1852429728  0.0461234283  1.0000000000 -0.0950667925 -0.1868267255  1.0000000000
-2.6347221653  8.5485249699  4.1456249755 -3.8130225642  4.2529941513  2.3548043940 -0.1756456097 -0.1599686411  1.0000000000  0.1412521972  0.1645421700  1.0000000000
-0.8260278369  6.5144266478  3.1658549331 -2.4108651628  3.8321646250  3.7829632396  0.1738300349 -0.1502430142  1.0000000000  0.2675793687 -0.1492210805  1.0000000000
-2.9172241660  6.2590176340  3.7536641261 -3.8030491446  5.3567581631  1.0490635809  0.0085084176 -0.0790741973  1.0000000000  0.1635104912  0.2113550951  1.0000000000
-3.8780081080  6.1181297237  4.5390828999 -4.2652432926  8.1744092706  3.0681946652 -0.0928271258 -0.0947040250  1.0000000000 -0.1860649196  0.0691695184  1.0000000000
-4.0511189771  6.2429537308  1.2189186044 -2.6638948234  6.5230416992  1.9986869771  0.0167972934  0.2192135723  1.0000000000  0.0671882450 -0.0533601796  1.0000000000
-3.7177710442  4.1632938721  3.4614638108 -4.8760037103  4.8501695731  2.7318984659 0.1599244757 0.0309826592 1.0000000000 0.0037276186 0.2362044910 1.0000000000
-4.9209903373  4.1548226049  3.1772647689 -0.6603355882  6.0804955863  3.4661693359  0.0652601877  0.1674397558  1.0000000000  0.1555281026 -0.2528707603  1.0000000000
-3.9316805431  7.5752427753  2.8792933189 -4.1170006124  6.2874681840  5.0198128726 -0.1336164554  0.0520240643  1.0000000000 -0.1778180125 -0.0928523346  1.0000000000
-4.6919744394  4.5497722690  4.0240924509 -4.8545576705  6.5623808769  4.5665093173  0.0031327470  0.0675345246  1.0000000000 -0.2376420164 -0.0213390737  1.0000000000
-4.3760208060  6.7976583904  5.3114768195 -1.6328501045  6.8210327013  3.6169369680 -0.2673062106 -0.1069632900  1.0000000000  0.0736524741 -0.1540156186  1.0000000000
-3.7960717265  6.9199563335  4.6189226265 -2.7889221987  3.6954931085  3.1367180397 -0.1734527194 -0.1245567345  1.0000000000  0.3417792107  0.0083158587  1.0000000000
-2.4435913129  5.6811957665  2.2518290640 -2.8462049405  4.5600637737  3.5854441371  0.1053619404  0.0034942647  1.0000000000  0.1730086101 -0.0574944433  1.0000000000
-3.6283635623  5.4587090903  5.0766853119 -3.4073302292  5.1205426132  3.4788154049 -0.0568423741 -0.1926618045  1.0000000000  0.0535795977  0.0016930329  1.0000000000
-4.2071987548  6.6833591762  3.6967297531 -3.0219298918  6.6316816806  1.1249378683 -0.1693518264  0.0021726342  1.0000000000  0.0414336247  0.1274120323  1.0000000000
-2.5125300653  3.6823797716  4.9037389012 -4.4182025988  2.9430459834  2.1657758657  0.2427844114 -0.2760766747  1.0000000000  0.3135164118  0.3139512233  1.0000000000
-3.8508226838  6.9517130304  3.6896814416 -2.9594358837  5.8974234387  1.9900830302 -0.1709091035 -0.0500125911  1.0000000000  0.1193370701  0.0382988138  1.0000000000
-3.4458701416  7.3114189838  3.5757907644 -3.6946640116  5.5007352692  2.4969290325 -0.0943708097 -0.0694199595  1.0000000000  0.0805842680  0.0792778915  1.0000000000
-4.0909740697  4.2812235915  2.0927978028 -3.0692364874  7.1511628916  4.1142666917  0.1638601968  0.2154904815  1.0000000000 -0.0666392796 -0.1400989668  1.0000000000
-3.8613377707  4.4023898395  2.5770707195 -3.9066853539  5.5443868655  2.5327653075 0.1589382006 0.1409487010 1.0000000000 0.0523757911 0.0838386811 1.0000000000
-4.3567944433  4.2367773327  3.0547543302 -4.7799960220  3.9617762781  3.3591618879 0.0982166274 0.1542540475 1.0000000000 0.1207508284 0.1662978027 1.0000000000
-3.3573969152  8.4816867073  3.4418804504 -2.5633667282  4.5874861368  4.8519850197 -0.1627340453 -0.0593293964  1.0000000000  0.1395113781 -0.2375138712  1.0000000000
-4.6368655104  7.8799119392  2.1510983076 -3.1707064115  4.0474517523  4.1605783672 -0.1790744649  0.1250926530  1.0000000000  0.1752407949 -0.1223019351  1.0000000000
-3.1436388958  5.9633673416  2.1816452118 -2.1588111714  4.9308562979  3.2582788994  0.0943184573  0.0814126882  1.0000000000  0.1909802136 -0.1196999542  1.0000000000
-3.0652401060  6.2339073873  2.2480202700 -2.9427939292  6.6097339578  4.7339757878  0.0640549123  0.0348337873  1.0000000000 -0.0796678131 -0.2042271308  1.0000000000
-4.7912938000  6.0152816562  5.6436534808 -1.7194870704  5.8561498925  3.0850712173 -0.3188807101 -0.1514587397  1.0000000000  0.1190014144 -0.0929501953  1.0000000000
-3.9451400362  6.5587564791  4.9993020896 -4.0825370086  6.3564378200  4.2041407636 -0.1552596210 -0.1414803928  1.0000000000 -0.1219867597 -0.0458960968  1.0000000000
-4.7652182376  6.0708432464  5.4750439864 -4.0394730798  5.3278688792  4.4633773056 -0.2878792947 -0.1924507553  1.0000000000 -0.0491460934 -0.0721852979  1.0000000000
-2.7257978882  8.6712651647  4.3109215860 -3.8813935874  6.4948197015  3.0610335795 -0.1681163107 -0.1781438979  1.0000000000 -0.0788916967  0.0593140378  1.0000000000
-2.0179103205  4.5660024441  3.1458699776 -6.2722957919  5.5940576197  3.8238236909  0.2375182972 -0.0986583708  1.0000000000 -0.2419260675  0.2279441356  1.0000000000
-5.2698882245  5.7667877043  2.5781821563 -3.9104011847  5.3425931043  2.9128852071 -0.0685099137  0.2278933758  1.0000000000  0.0648067227  0.1140232776  1.0000000000
-4.6718147217  3.9536455298  1.9523764287 -4.3795980760  6.3410548982  4.4220805306  0.1617254611  0.3046465788  1.0000000000 -0.2035355360 -0.0386090692  1.0000000000
-3.5516978525  6.1948536041  3.1963500018 -3.0215228385  5.2081914934  1.9305830796 -0.0284510807 -0.0416704659  1.0000000000  0.1583604984  0.1252586304  1.0000000000
-3.8712756912  3.2635346886  3.2013162710 -3.8388158402  4.7388985380  5.0161508914  0.2557310380  0.0877599483  1.0000000000 -0.0214402491 -0.1491411155  1.0000000000
-3.5518904960  4.5780548845  2.3736230908 -4.1738900374  4.8596853814  2.5280800694 0.1281790598 0.1251426214 1.0000000000 0.0896559377 0.1148313663 1.0000000000
-2.6716324122  5.6230128315  4.4503613974 -4.0042549598  7.2438047041  3.1153513502  0.0367013293 -0.2136055245  1.0000000000 -0.1246660877  0.0350515534  1.0000000000
-5.3396474941  5.8712783550  3.4412258287 -3.0953395260  4.4819564312  5.3079395441 -0.1437600185  0.1566149190  1.0000000000  0.0930713223 -0.2602733626  1.0000000000
-5.4366855359  5.9966049863  4.0082009202 -1.9317205603  5.5438618907  3.1723975868 -0.2130257356  0.0992277957  1.0000000000  0.1417404028 -0.0786705376  1.0000000000
-3.1379793658  5.9414893187  4.0819023031 -2.8021540371  4.9032651833  3.7973033081 -0.0164556591 -0.1099508790  1.0000000000  0.1809222002 -0.0774163267  1.0000000000
-3.5999126001  6.7935968707  2.0946784511 -2.8547155955  7.1763023971  4.8634640001 -0.0016410693  0.1188880869  1.0000000000 -0.1410569664 -0.2216143837  1.0000000000
-4.1971858851  5.5055449052  4.1600966775 -1.0658577763  5.6991080237  3.0224400195 -0.0519229833 -0.0356912071  1.0000000000  0.2314677640 -0.1184052465  1.0000000000
-1.9802939283  6.7814962496  2.1796303779 -3.3590142078  4.2043461899  3.5923148523  0.1039953881 -0.0359002474  1.0000000000  0.1813140199  0.0268518432  1.0000000000
-3.6036797865  6.7282822795  2.2584979651 -1.8232153760  6.4594974414  2.6969706870 -0.0171297320  0.0681890844  1.0000000000  0.1083499631 -0.0469401674  1.0000000000
-2.6594369497  4.8648506906  1.2912402699 -3.6831155971  5.5474736362  5.4703735491  0.2146653443  0.1037940732  1.0000000000 -0.1123105671 -0.2187935933  1.0000000000
-5.1360677873  7.9597202434  1.9763318255 -5.0792648787  6.4345340899  4.2764720585 -0.2075957620  0.1858914908  1.0000000000 -0.2405715357  0.0237142169  1.0000000000
-4.1896128661  5.6755984611  2.3908126915 -2.5819731733  6.3815675033  2.0156811283 0.0218935791 0.1489691449 1.0000000000 0.1074776033 0.0471752126 1.0000000000
-4.0968510773  7.7266295970  3.1050322758 -4.0091144867  5.4148408424  2.4901855902 -0.1924191823  0.0359867203  1.0000000000  0.0105958574  0.1333656573  1.0000000000
-4.6726528899  5.7709428105  4.1495583298 -2.7847827696  6.1900640951  3.1199057471 -0.1274444744 -0.0172612300  1.0000000000  0.0283443619 -0.0087124187  1.0000000000
-3.0819716629  6.1490219640  5.0529516107 -3.1678666574  5.7135819101  4.4671466959 -0.0880058282 -0.2403040085  1.0000000000  0.0249341989 -0.1429288182  1.0000000000
-2.3984955995  6.8619037785  4.3758473876 -1.7987736665  5.2592123572  2.6346152438 -0.0801631883 -0.2145742739  1.0000000000  0.2232984068 -0.0682229148  1.0000000000
