689.4000000000
0
50
-4.1712379900 12.1798868245  5.5317281319 -4.0858598124 10.9284698762  8.1467110823  0.1241744251  0.2113877874  1.0000000000  0.2007717162 -0.0083396883  1.0000000000
-3.8207503655 11.5216671997  7.3573980873 -5.7304352716  9.6498302917  6.2874698426  0.2062212588  0.0830790747  1.0000000000  0.0502847998 -0.2207890175  1.0000000000
-5.3622399386 12.4853955684  6.4286572934 -4.4683491452  9.3636762824  4.9825160974 -0.0026839434  0.1774391227  1.0000000000  0.2351022090 -0.1323746656  1.0000000000
-7.3474802721  9.5688437459  5.3775412419 -5.3766076626  9.5770252975  8.2426858597 -0.1704915873 -0.3121460885  1.0000000000  0.1113002053 -0.1692967629  1.0000000000
-6.4947342375 13.3216623453  7.0087268958 -6.6151431521 10.0959751886  8.3469739171 -0.1825850195  0.1700940545  1.0000000000 -0.0314726813 -0.1597496886  1.0000000000
-6.1024264574 10.6248646245  5.3110214925 -4.8673133003 10.1636370040  8.4902768648 -0.0892895129 -0.0823210061  1.0000000000  0.1397983571 -0.1042669052  1.0000000000
-4.9014926372 13.0437554649  7.5010902406 -5.2490944600 10.5359833075  7.8231939315  0.0434376596  0.1885543615  1.0000000000  0.1414581249 -0.0718316808  1.0000000000
-4.7996120227 12.4822098894  5.5923382285 -4.0546392156 12.6301321481  7.4932156926 0.0317042893 0.2108634274 1.0000000000 0.1289428566 0.1248458329 1.0000000000
-5.0579920750  9.5771667350  7.4433449225 -3.6476292418 12.6816626015  7.4830241480  0.1447427684 -0.1824878484  1.0000000000  0.1946860649  0.2142112194  1.0000000000
-4.2634176564 11.9857262097  6.6555615918 -4.2073228664 11.8171015340  7.3030279871 0.1376505569 0.1231558417 1.0000000000 0.1499451095 0.0928987994 1.0000000000
-5.8349792268 12.8917238932  4.4936823194 -5.2985862703 12.6471288864  6.1478037995 -0.2001018789  0.2188377659  1.0000000000 -0.0209659478  0.1690722971  1.0000000000
-5.6625385227 12.1145346285  5.6542267112 -5.1200616128 11.5310067122  8.2286309935 -0.0741032370  0.1437759722  1.0000000000  0.0403504843 -0.0014568919  1.0000000000
-4.7260522668 12.6895763379  6.7226405890 -5.0404758574 11.6039978457  4.9664775732 0.0245336773 0.1515600768 1.0000000000 0.0147440287 0.1243172652 1.0000000000
-5.5263003164 10.9195845061  8.3754811935 -5.8328748262 10.0224033762  7.7663646905  0.1004462568 -0.0584446200  1.0000000000  0.0700850416 -0.1250214497  1.0000000000
-5.6459296691 12.2450791499  6.6458082702 -6.9176777555 11.3073735735  5.6478660415 -0.0689154448  0.1190166530  1.0000000000 -0.1590792175 -0.0306201541  1.0000000000
-6.7001435072 11.7874022366  4.7363515696 -4.3072174637  9.1384388924  6.6006191891 -0.1838736003  0.1225095681  1.0000000000  0.2533849103 -0.1384037017  1.0000000000
-4.8928194838 11.3540822466  7.6749779032 -6.3187448952 11.1120922106  4.8387774421  0.0866697800  0.0153001077  1.0000000000 -0.1555313910 -0.0381053332  1.0000000000
-7.5480215249 10.6954337953  7.5990270953 -4.4214629009  9.9294017518  6.5147372093 -0.1599176158 -0.1311115896  1.0000000000  0.2125592994 -0.1006312490  1.0000000000
-7.1395571787 11.1762889339  7.8832949525 -6.7500202359  9.7456796178  6.8247979203 -0.1075986709 -0.0623237245  1.0000000000 -0.0579922357 -0.1821948438  1.0000000000
-6.5837526923 12.0094721548  4.5845501876 -6.1194042341  9.6125861490  7.0129685162 -0.2393127693  0.1148366650  1.0000000000  0.0608364491 -0.2275995174  1.0000000000
-7.3189695901 10.9498024175  7.0370898216 -6.2571230889 12.2116964182  7.2358641558 -0.1709919865 -0.1099902068  1.0000000000 -0.0696206217  0.0512818308  1.0000000000
-4.5517638844 10.7267746443  7.7552936338 -6.0137075649 11.6537917221  6.0681300888  0.1587871815 -0.0661436593  1.0000000000 -0.0728589629  0.0494019718  1.0000000000
-5.8642964604 11.0944417931  7.2654960079 -4.1478946573 12.3170310222  7.8085742180  0.0067572515 -0.0547654157  1.0000000000  0.1512816948  0.0776815322  1.0000000000
-6.8401318990 12.8242371395  6.7360033105 -7.4654143437 11.3801645072  7.9721761092 -0.1692223577  0.1203228807  1.0000000000 -0.1484504959 -0.0703317316  1.0000000000
-4.3653194992 10.3939248925  6.0511240835 -4.8258631443  8.8410843075  6.8095062837  0.1924219868 -0.0202235233  1.0000000000  0.2312352818 -0.2466522413  1.0000000000
-6.7932864158 12.9460673500  7.6323146415 -4.3203055132 10.4776580755  5.1164297945 -0.1667705900  0.1004111131  1.0000000000  0.2069793351  0.0153418994  1.0000000000
-6.9318119298 10.7028287310  5.9376459600 -3.9905797929 11.4768544765  5.4927462008 -0.1516633341 -0.0603017703  1.0000000000  0.1376537854  0.1561815460  1.0000000000
-6.7530359255 11.5908375923  6.4764386796 -7.3100390863 10.8039978271  4.4567373293 -0.1515982599 -0.0082047002  1.0000000000 -0.2756961873 -0.0750948882  1.0000000000
-5.4404914805  9.7322409553  8.4065398245 -8.1429796742 10.6217593132  8.1401313803  0.1147783795 -0.1800529651  1.0000000000 -0.2271626852 -0.2393141160  1.0000000000
-5.5014178941 10.2943439077  4.9842703188 -5.2293039304 12.6647875830  7.7968189925  0.0214884144 -0.0694319603  1.0000000000  0.0168604429  0.1290599143  1.0000000000
-6.2287229143 12.7591363072  7.1428771472 -4.2170362301 12.6103770455  8.0576815374 -0.0853171741  0.1058223743  1.0000000000  0.1341785827  0.1521163000  1.0000000000
-7.5811889689 11.1796239426  7.0032105818 -4.5100100185 11.3002207751  8.2457924440 -0.1755935624 -0.1114931571  1.0000000000  0.1498099902  0.0277905937  1.0000000000
-6.9078056918 10.2857082175  7.2724444543 -5.6186069180 10.3107815956  8.2735439621 -0.0758093015 -0.1695662929  1.0000000000  0.0921592637 -0.1436902203  1.0000000000
-5.4790333373  9.7986150325  8.5223704247 -5.2088233059  9.3826908569  7.6682464031  0.0809336438 -0.1396354310  1.0000000000  0.1369973963 -0.1581128907  1.0000000000
-7.3535529170 10.6534320754  7.2226516984 -4.2538480479  8.7984716876  6.1174107844 -0.1356470558 -0.1506237795  1.0000000000  0.2892456910 -0.1794516765  1.0000000000
-4.1987805744 12.6128188878  7.2887646628 -4.3329903609 11.8148188161  4.3751005258 0.1467634531 0.1802646848 1.0000000000 0.0656044034 0.2342204605 1.0000000000
-4.1461930571 11.2493026087  7.8318219791 -5.9978679073 11.6407498582  7.7502096871  0.1902441707  0.0319473816  1.0000000000 -0.0148409804  0.0142567303  1.0000000000
-5.8739703483 10.2086631190  7.4663222922 -4.8835489011  8.8335804616  5.1145004067  0.0749790831 -0.1406376955  1.0000000000  0.1842796776 -0.2847085025  1.0000000000
-5.0266916662  9.1146966137  7.7947180583 -3.6221041280 11.2161478976  6.3733316115  0.1774347136 -0.2341055892  1.0000000000  0.2453053394  0.1000212523  1.0000000000
-6.9424240638 11.1203886283  5.0829603652 -6.3135512688 12.0295081122  5.6688956494 -0.2128208716 -0.0507074378  1.0000000000 -0.1249480448  0.0633232270  1.0000000000
-6.9765056249 11.2783630241  5.6991859913 -3.6401838340  9.9413112333  5.4693566538 -0.1709109824 -0.0106200932  1.0000000000  0.3178492776  0.0031368137  1.0000000000
-5.8062266279 10.4359802776  7.5928712262 -7.7712524287 10.5348423000  6.8527490080  0.0272557607 -0.0970747508  1.0000000000 -0.1956181675 -0.2320512209  1.0000000000
-5.6568259980 12.2305922803  4.3256010905 -5.5740104942 12.7750047252  6.5661466226 -0.1099686425  0.2098737916  1.0000000000 -0.0816219832  0.1674534503  1.0000000000
-5.8622223805 11.3706237502  5.9793132664 -6.2516752088 13.2156604882  4.8714420700 -0.0712677755  0.0160697608  1.0000000000 -0.1892820314  0.2873773569  1.0000000000
-5.8126265171  9.8177111875  5.6196363467 -6.4949533678 11.8872196013  5.4239039729  0.0178083308 -0.1516451298  1.0000000000 -0.2155554346  0.0497383792  1.0000000000
-5.9610713459  9.3535834640  7.1049165250 -7.8431925268 10.7121650300  6.9903320892  0.0542752718 -0.2157699795  1.0000000000 -0.1926690934 -0.1352736200  1.0000000000
-5.7797972164 13.0804050711  6.5879234744 -5.6084940276 11.1815702333  5.3435071744 -0.1001697947  0.1898341478  1.0000000000 -0.0382655770  0.0114714430  1.0000000000
-6.1290150448 11.7818514631  5.4026768593 -7.3351809235 11.0029235884  6.5907852478 -0.1130148391  0.0555236547  1.0000000000 -0.2044227766 -0.0761337183  1.0000000000
-4.9199459670 12.2339883873  8.1605232600 -5.7325302473  9.0875593715  6.3618469365  0.0692371013  0.1094835823  1.0000000000  0.0741941143 -0.2434627639  1.0000000000
-4.6518782583  9.7632685829  6.6909435416 -5.7821287656 12.0794175876  8.0261900306  0.1734568724 -0.0953912320  1.0000000000 -0.0191747482  0.0564883885  1.0000000000
