726.7000000000
0
50
-9.8628882515  1.6854972200 -6.7781402642 -7.1122587067  0.4752799640 -5.6314056013  0.1299367410 -0.1917266769  1.0000000000  0.2008517990  0.1935953925  1.0000000000
-10.8947789008   3.2345963755  -4.1702968596  -7.2648478325   2.9747179255  -5.8558271097 -0.1631465840 -0.1123075556  1.0000000000 -0.0670128664 -0.1064905995  1.0000000000
-9.7005704837  1.8683241835 -4.4906667326 -8.5411050086  0.7633142534 -6.0838373092 -0.0606285815 -0.0323390251  1.0000000000  0.2004674087 -0.0167595739  1.0000000000
-7.9085218167  0.6627620283 -5.3645037206 -8.4279291613  0.3279317914 -6.3959245831  0.1294226138  0.0800700323  1.0000000000  0.2488340008 -0.0319357341  1.0000000000
 -9.4045551148   2.1977157933  -3.4582964117 -10.0414644641   1.9256078770  -5.1005225141 -0.1588822248  0.0777739298  1.0000000000 -0.0013889116 -0.0968855211  1.0000000000
-8.8703688477  0.4602205176 -3.5191715333 -9.5540105026  3.0902910476 -5.6452130487  0.0259641670  0.1981443832  1.0000000000 -0.1175225934 -0.2081217232  1.0000000000
-8.9987326041  2.5682166143 -6.4359315489 -9.1510838583  1.1107902078 -7.0907858388  0.0271804734 -0.2005214054  1.0000000000  0.2305613519 -0.1705386176  1.0000000000
-8.8266348856  0.8480439033 -3.0634829465 -7.7781173227  1.0538575995 -6.6921882408 -0.0464325386  0.2396074870  1.0000000000  0.2376680404 -0.0392654923  1.0000000000
 -6.4490956714   1.4450721172  -5.1135895545 -10.2036334192   3.4510919913  -4.3511924611  0.0500543122  0.1999221771  1.0000000000 -0.1899814678 -0.0928625729  1.0000000000
-10.5122713424   1.6989973693  -6.4368173265  -9.5415464492   2.1316646961  -2.3128560032  0.1023035624 -0.1992338334  1.0000000000 -0.1289203258  0.1480083065  1.0000000000
 -8.0856704549   0.0515258781  -5.8552510176 -10.8022544450   3.1785622934  -4.2705135359  0.2682311484  0.0411152663  1.0000000000 -0.1471909264 -0.1201872639  1.0000000000
 -7.6067379738   2.7241942794  -4.5604874063 -10.4899528634   2.6551633346  -5.6566155315 -0.1439285805  0.0903708817  1.0000000000 -0.0516304635 -0.2186236072  1.0000000000
-8.6062372511  1.2170576329 -3.3883430899 -8.0539634058  2.0864464644 -7.5998821461 -0.1064686225  0.1981931322  1.0000000000  0.2260411077 -0.2349684504  1.0000000000
-10.9868180771   1.6425095862  -5.6392968703  -7.8830786944  -0.2980345187  -4.5964201334  0.0841811109 -0.1435502195  1.0000000000  0.1755532981  0.2169432108  1.0000000000
-8.4686259475 -0.0908324472 -5.2588267112 -7.5119473135  0.7924887517 -5.5191442833 0.2062390880 0.1128675965 1.0000000000 0.1258717217 0.1043114361 1.0000000000
-8.7105939646  3.0348513051 -6.3414325022 -8.6285041157  2.4327292728 -7.0137296457 -0.0474730781 -0.2099073440  1.0000000000  0.0795581944 -0.2371060622  1.0000000000
-8.4134957563  3.0586244435 -5.2124421338 -9.5915826360  2.9848402736 -5.6193590614 -0.1027028879 -0.1185940445  1.0000000000 -0.0528648909 -0.1813753863  1.0000000000
-9.5915118907  1.4885425506 -2.7007018354 -7.1741758234  1.6577112894 -3.6501956318 -0.1172277413  0.1501501790  1.0000000000 -0.1209096111  0.2620249084  1.0000000000
-6.4871517516  1.4709338202 -4.4051123707 -9.5037832289  1.9041721319 -4.6584504415 -0.0324448892  0.3338757091  1.0000000000  0.0158227529 -0.0090575450  1.0000000000
-9.7821363496  3.7782836062 -5.5075986523 -8.8996516537  1.0307642309 -6.4472855888 -0.1810880264 -0.2775232265  1.0000000000  0.1949943354 -0.0414994684  1.0000000000
-7.4412410920  0.2769945465 -6.2390444585 -8.3420952493  2.2903950313 -2.7305414636  0.2674983113  0.0741095703  1.0000000000 -0.1857580537  0.1622032025  1.0000000000
-8.3246101343  2.8074927973 -5.9779856000 -8.0638057834  0.8850472890 -4.2691488145 -0.0260397301 -0.1424916646  1.0000000000  0.0555579367  0.1565619796  1.0000000000
-9.2339372123  1.0449755690 -3.4983716676 -7.7714999037  3.3496013209 -6.5731453644  0.0017048808  0.1499931685  1.0000000000 -0.0383214995 -0.2278063210  1.0000000000
 -8.6027340761   2.9701283288  -5.5640326997 -10.7291690103   1.4787337056  -6.6716718008 -0.1083224969 -0.1002933322  1.0000000000  0.1232630561 -0.1976363404  1.0000000000
-7.5341138415  0.8140589801 -6.0896691668 -9.0372346559  3.9011266965 -5.8263771058  0.1805972418  0.0674811032  1.0000000000 -0.1630474925 -0.2828436339  1.0000000000
-8.0475409842  1.5070855105 -6.8875472009 -6.6570001088  0.5647049827 -4.8899374451  0.1854389735 -0.0591344543  1.0000000000  0.1625822439  0.2759757421  1.0000000000
-8.2495625348  1.0956305428 -7.4746037912 -8.6454043283  0.1211282799 -4.9533777590  0.2999431719 -0.1169662295  1.0000000000  0.1550252387  0.0795066921  1.0000000000
-7.3948001685  1.5160173601 -5.6859333205 -8.7397220738  0.4286066289 -5.1975420266 0.1155713915 0.0524205844 1.0000000000 0.1617435454 0.0538295934 1.0000000000
-11.2775809370   3.6351152158  -4.7490967157  -7.2829342475   2.6921824738  -3.5302458041 -0.1524210132 -0.1479223909  1.0000000000 -0.2441534514  0.1998928081  1.0000000000
 -8.0471778680   2.5385511610  -7.4270447802 -10.2231133865   0.6644825043  -5.1661706189  0.1050936998 -0.2521679594  1.0000000000  0.1074985375 -0.0515819998  1.0000000000
-6.8616356805  3.4586937820 -4.3023420703 -9.3518219814 -0.8658578810 -4.6488880473 -0.2851482788  0.1037206057  1.0000000000  0.2176695995  0.1719179692  1.0000000000
-9.8228753932  3.5664748460 -5.5455809350 -8.5108913766 -0.1172500609 -5.4741724972 -0.1206458982 -0.2120874344  1.0000000000  0.1827660263  0.0954366794  1.0000000000
-7.4720988112  1.0469782448 -4.2905888218 -6.9292444384  3.3854093966 -5.2070239824  0.0176751796  0.2148947602  1.0000000000 -0.2016432748  0.0434104922  1.0000000000
-9.6922388490  2.4870058970 -4.0106020661 -9.3288319433  2.3210032110 -2.6669498555 -0.1141244887 -0.0029711861  1.0000000000 -0.1603324753  0.1319194611  1.0000000000
-9.4368911379  1.8207515702 -2.4465063060 -8.4500639624  0.8808874745 -4.2258182731 -0.1636693048  0.1668658330  1.0000000000  0.0601355195  0.1927712687  1.0000000000
-7.3531001361  2.1240209293 -3.6381219801 -7.6813249412  2.8563245830 -3.5344503990 -0.1429257286  0.2229108696  1.0000000000 -0.2264363307  0.1382790229  1.0000000000
-8.3788060183  3.4899224112 -4.8733433812 -7.9633152652 -0.1492667869 -4.5266746699 -0.2248012560 -0.0451589274  1.0000000000  0.1689419270  0.2378344603  1.0000000000
-8.9430283774  1.5243290416 -6.1427041439 -7.2529325332  3.6666623058 -5.7297014852  0.1265111715 -0.1008550564  1.0000000000 -0.2269756876 -0.1306299990  1.0000000000
-8.2799860760  2.2799397354 -7.1402845482 -7.2694481368  1.0133102181 -3.8813963524  0.1106441273 -0.2049999650  1.0000000000  0.0036248799  0.2528454662  1.0000000000
-7.5029213353  1.4726124534 -3.7117572724 -8.6288800350  2.7797293331 -4.1904809549 -0.0616939859  0.2067426199  1.0000000000 -0.1603135453  0.0147506357  1.0000000000
-6.3856088574  2.9467643938 -3.6538425235 -8.3573059823  1.4228064640 -6.8444180052 -0.2929775141  0.2308195613  1.0000000000  0.2147678558 -0.0993518843  1.0000000000
-7.8142341227  2.7356029433 -4.3115613217 -9.0797636703  3.7313166751 -5.2844088108 -0.1590308133  0.0476674044  1.0000000000 -0.1984310800 -0.1588154973  1.0000000000
-7.4710864651  1.9260746360 -4.9427424012 -9.8903974198  0.0619193642 -4.5440303930 -0.0393619341  0.0894399447  1.0000000000  0.0710619725  0.0248138800  1.0000000000
 -6.7154437452   0.1529339165  -5.6032889083 -10.3021141547   0.6783099353  -6.2495834361  0.2780052202  0.2286137615  1.0000000000  0.1967072367 -0.1451976666  1.0000000000
-7.6501692752  0.6263084112 -5.7550775371 -9.8062935128  2.6689548443 -5.5023411026  0.1930373125  0.0790358215  1.0000000000 -0.0423030791 -0.1472135809  1.0000000000
-10.2025384237   2.6742594168  -4.7834526395  -9.7946238794   1.1300940166  -4.5127427308 -0.0826420744 -0.1009080727  1.0000000000 -0.0102191390  0.0137154699  1.0000000000
 -8.4778193474   1.8603734221  -3.0001101178 -10.1983468614   2.1767287254  -4.6866180986 -0.1249577515  0.1701085471  1.0000000000 -0.0379394721 -0.0708372739  1.0000000000
-10.1096228565   2.6409304258  -2.9893494919  -8.2654422070   1.1430399003  -5.5694355372 -0.1551579139  0.0358244605  1.0000000000  0.1009786948  0.0333244525  1.0000000000
-7.1722592104  1.5677614818 -5.2038409803 -7.1535475662  1.2398081477 -6.4146601223  0.0251258586  0.0607704799  1.0000000000  0.2100811478 -0.0033196157  1.0000000000
-9.6524997350  0.7880070236 -3.3382872996 -9.7034793348  1.0612944898 -5.0237909800 -0.0304675389  0.1659654040  1.0000000000  0.0808447014  0.0135324816  1.0000000000
