563.5000000000
0
50
-10.0313158332   9.6017444759  10.0380216970 -10.0952412360  10.7999302285   9.0575761089 -0.0247450947  0.0776663557  1.0000000000  0.0104203000 -0.0624696566  1.0000000000
-8.7546054003  8.3690686554 10.7433081536 -7.9415623751  8.4706502424  9.9147484919 -0.2296272388  0.1373327369  1.0000000000 -0.2416851112  0.0301083459  1.0000000000
-7.8779564929  9.2530464074  7.1377724971 -8.7596727863 10.2552720179  8.3895079129  0.0375895908 -0.3288794247  1.0000000000  0.0398044020 -0.1983517957  1.0000000000
-10.9441842101  11.2002284838   8.6412118176 -10.7806009090   9.0093396383  10.6938673963  0.1491978485 -0.0712877757  1.0000000000 -0.0256598001  0.2219955735  1.0000000000
-10.1917954694   8.7701780726  10.8152384201  -9.6745612325  10.7853078480   8.2988365159 -0.0895924312  0.1554451809  1.0000000000  0.0928853095 -0.1569849411  1.0000000000
-10.1496200274   9.3007096401  10.9975411553  -9.5210694543   8.0953845077   8.5888688216 -0.1126159629  0.1399116274  1.0000000000  0.0800939905  0.0587536451  1.0000000000
 -8.8293348328  11.5097261202   8.9213245594 -10.9994022173  11.0890236021   7.9969155170 -0.0304717634 -0.2065149289  1.0000000000  0.2268591851 -0.1382615561  1.0000000000
-11.2504380766  11.2416530010   8.0636287047  -8.7228971963   8.7277574855  10.5003063306  0.1721519094 -0.1212342871  1.0000000000 -0.2192574981  0.1192736011  1.0000000000
-10.2867640957  10.2624558874  10.4171102927  -9.1776727225  10.4066995618   9.6967234953 -0.0207305775  0.0072899738  1.0000000000 -0.0468103988 -0.0674358951  1.0000000000
-9.0841388323  7.0559829252 10.3188758704 -9.4654667669  8.9215569867  9.7315338444 -0.1712820100  0.2759186319  1.0000000000 -0.0855348859  0.1133985939  1.0000000000
 -7.8128812475   8.5411920682   8.9502232243 -10.5123023733   8.8072764297   8.1314865350 -0.1777734607 -0.0950738158  1.0000000000  0.2153332708  0.0562196681  1.0000000000
-11.2024702937  11.1849132848   8.6617872679  -7.3949749375   9.9006954972   9.2173859941  0.1335962343 -0.1046209124  1.0000000000 -0.1826980995 -0.1784535751  1.0000000000
 -7.7438830337   9.9399384230   8.2045206476 -10.4974984561   8.6020987434   7.1709763805 -0.1077720076 -0.2326460952  1.0000000000  0.2646432018 -0.0292843314  1.0000000000
 -9.3292302963   9.2946187367   8.1733577455 -10.4951610224  11.2480289231   7.2670444883  0.0631238986 -0.0883630886  1.0000000000  0.2584675870 -0.2043843170  1.0000000000
-9.4043033276  8.8641714172  6.2766921595 -9.6586932724  8.3324970338  8.6722235459  0.3553378607 -0.2136199926  1.0000000000  0.0352763310  0.0266715556  1.0000000000
-11.7037777801   9.1277291704   8.4954003374  -9.6045976121  11.5079986041   8.6727723505  0.2925575968  0.0877071339  1.0000000000  0.0014578842 -0.1895531207  1.0000000000
-10.1352542591  11.1154466779   7.3694492707  -8.0076185432   9.9222914013  10.1189980288  0.1825720470 -0.2153030755  1.0000000000 -0.1865653785 -0.1026654469  1.0000000000
 -8.7799201263   9.4539456818  10.6830433938 -11.1525233527   9.7280660232  10.4670421813 -0.2064494492  0.0798782169  1.0000000000  0.0636789711  0.1359136372  1.0000000000
-10.8336764042  11.5192140681   8.0131847985 -11.5670147795   8.4425801824   8.7551790492  0.1865411580 -0.1726825877  1.0000000000  0.2499400801  0.1784260569  1.0000000000
-9.1046713478  8.3764418448 11.0147631561 -9.3315683683 10.1989767390  7.5523211603 -0.1992624410  0.2106225407  1.0000000000  0.1602481343 -0.2292878091  1.0000000000
 -8.8920174300   7.3846479361   8.9308768147 -10.6604119436  10.7756726310  10.2058815101 -0.0290934283  0.1518898792  1.0000000000  0.0192115636  0.0463222952  1.0000000000
 -9.2096077376  10.3917562653   8.5286964123 -10.9800304205   8.6154588607   8.4674865928  0.0050014864 -0.1315595057  1.0000000000  0.1785724841  0.0948345667  1.0000000000
-9.0545151756  9.8936328944  8.6944245257 -8.4475098675 10.4472391620  9.1165181148 -0.0334965927 -0.1311004769  1.0000000000 -0.0587025098 -0.1583752251  1.0000000000
-7.7453375568  9.3862281001  7.6509105616 -9.9807106820 10.6844287502 10.8841271296 -0.0287285522 -0.2731819055  1.0000000000 -0.1049053541  0.0120640108  1.0000000000
-8.3973548761 11.9386500997  9.9129957126 -9.6904997475 11.0777089716 10.7032326914 -0.1087668529 -0.1741117075  1.0000000000 -0.0835258040 -0.0575139869  1.0000000000
-11.2387459603  10.1067978890   8.1899376206  -8.7625321499   8.4688156899   8.3268636616  0.2100346574 -0.0357081348  1.0000000000  0.0137636463 -0.0414199014  1.0000000000
-11.3498099663   8.4082186136   9.9432210768  -8.4394016797   8.5742227125   8.5725927760  0.0900478473  0.2079710612  1.0000000000 -0.0558828590 -0.0519258895  1.0000000000
-11.8260559304   9.8485811872  10.4583614625 -10.4048581961   9.4984385547   7.9409978035  0.1082019118  0.0972377783  1.0000000000  0.2132102014 -0.0481707602  1.0000000000
-11.2930877325  10.0825871855   8.4758949723  -8.8450097407   8.4681723871   8.4873625572  0.1589503666  0.0178895417  1.0000000000  0.0077289543 -0.0433423734  1.0000000000
 -9.2165840543   9.4774995628   8.6760143905 -10.7109813585   9.7925871748   7.6844962949  0.0166253335 -0.0323990841  1.0000000000  0.2588824927 -0.0407638846  1.0000000000
 -8.9441603510  11.3490816045   8.9752905922 -10.3484671008  10.8183657257   7.9380600289  0.0055434010 -0.1477944817  1.0000000000  0.1551984675 -0.1771039892  1.0000000000
-10.5125161162   7.6633818561   8.3473762421 -10.3672180358   9.4123924068  11.5288323116  0.2078319549  0.1671441317  1.0000000000 -0.1107547228  0.1825645516  1.0000000000
 -8.8016787092   7.6378163742  10.6922273625 -10.2298655996  11.0160815535   9.6426336315 -0.2041136839  0.2276174759  1.0000000000  0.0315219095 -0.0332963976  1.0000000000
-7.9412379693 11.3366715771 10.1454312721 -9.4215810082 10.6092172669  9.0097981503 -0.2182584765 -0.1767740689  1.0000000000 -0.0032721094 -0.1055221736  1.0000000000
-10.2716344249   7.9326851026   7.8794414361  -8.4414339819  10.7977752420   9.5119969287  0.2306976394  0.1022492466  1.0000000000 -0.1184995529 -0.1187379488  1.0000000000
 -9.9681597746   8.5974699083  10.8788598716 -10.6389016847  10.5321179349  10.4405085636 -0.1478013452  0.1966626096  1.0000000000 -0.0094021297  0.0403603075  1.0000000000
-10.0396904874   9.5470333590  11.0803186763  -9.1671002753   9.3629284540  10.6455541550 -0.1095112461  0.1051458610  1.0000000000 -0.1474882462  0.0813300558  1.0000000000
 -9.8235693193   9.3598721766  11.8713859048 -10.9270386565   9.8136903776  10.8690753245 -0.1729342302  0.1945521249  1.0000000000 -0.0131307089  0.1213521197  1.0000000000
-9.8238855156  8.9894692600  9.1210941904 -9.9202462654  9.8477134080  7.7119224091  0.0074648565  0.0509392788  1.0000000000  0.1686408178 -0.1340659604  1.0000000000
-10.0956989453  10.8906986114   9.8916407734  -9.6023342689  11.3554082009   8.3525055857 -0.0669078111 -0.0596744478  1.0000000000  0.0199343275 -0.1656640034  1.0000000000
-10.9033517980  10.3827186618  10.2787050201  -8.3122404317   8.3533970376   9.8978573696  0.0097584806  0.0638779149  1.0000000000 -0.1980604309  0.0913132302  1.0000000000
-11.0907220887  10.1202018816   8.1362806770  -9.7839407054  11.9380717206   8.6598391098  0.2247041721 -0.0463422409  1.0000000000  0.0829517910 -0.1587106611  1.0000000000
-9.5101582189  7.2234403868  9.1486590174 -8.9905030076  7.6405899643  9.5907033426 -0.0143425363  0.2498502537  1.0000000000 -0.0965989100  0.1570981677  1.0000000000
-10.4435510958  10.3687093777   7.5570779250  -8.2583081160   7.9342205655   9.6728631520  0.2180613750 -0.1469455278  1.0000000000 -0.1895930798  0.0898331757  1.0000000000
-10.7932401110  10.4550272682   9.8624880103  -9.4018670467   9.4700466537   8.1003048593  0.0438660808  0.0405647099  1.0000000000  0.0909752709 -0.1001796025  1.0000000000
 -9.4646591186  11.4300021041  10.1419556256 -10.8072639841   9.3341028164   8.0535319979 -0.1226421195 -0.0623567223  1.0000000000  0.2187268589  0.0136886700  1.0000000000
-8.7441041921 10.6877235894  9.2009290626 -8.5162641532 10.6978999839  8.8257854712 -0.0651232482 -0.1734035465  1.0000000000 -0.0834673907 -0.1754918699  1.0000000000
 -7.4395372975   9.2963140291   8.6096160343 -10.9409596434  10.2594044923   7.7291006728 -0.1814878249 -0.1780106267  1.0000000000  0.2497498473 -0.1250327312  1.0000000000
-10.3960227296   9.7485302577  11.7627872713 -10.4036498152  11.7727084234   7.8521359350 -0.1388464303  0.1620463946  1.0000000000  0.1418226447 -0.2416785828  1.0000000000
 -9.3054642360   6.9288688997   9.4844032152 -10.0711223235  10.3394099779   8.2854002750 -0.0031283054  0.3372672712  1.0000000000  0.1419811507 -0.0774308291  1.0000000000
