539.7000000000
0
50
-4.2211435115 14.8479740773 -7.7314736880 -3.5146244452 14.4454387063 -8.3728416422 0.1067418123 0.0113147777 1.0000000000 0.0205049895 0.0545391318 1.0000000000
-4.4651706453 16.5800072083 -7.2148277239 -3.9691174462 15.9404293061 -9.7762836118  0.0560423388  0.0546634407  1.0000000000 -0.1700800946 -0.1149365432  1.0000000000
-5.4508858431 16.7867111502 -6.0906283150 -3.2528387511 17.9693672678 -7.8558790574  0.1627958935  0.1195572285  1.0000000000 -0.1418901271  0.0790109861  1.0000000000
-1.1625487890 15.0352065473 -8.0569879432 -3.0002544196 14.3545359572 -7.8992395181 -0.2795218203  0.3220060661  1.0000000000  0.0075676952  0.1655930261  1.0000000000
-6.2917676504 15.9817556082 -8.9980025250 -2.3613043061 15.5010295499 -7.4582366495  0.0891748850 -0.2628358071  1.0000000000 -0.1193809009  0.2269232597  1.0000000000
-6.1968855306 15.6562422231 -7.9688339611 -4.1785317341 15.1971434611 -8.8735472999  0.1821665509 -0.1268410017  1.0000000000  0.0141477864 -0.0442435330  1.0000000000
-4.5089565867 17.5295166877 -9.8496058836 -3.5497086730 15.6176013608 -8.5081209365 -0.1696949619 -0.1546367495  1.0000000000 -0.0525028614  0.0378659727  1.0000000000
-3.1834289300 16.8302110513 -8.9430956680 -5.2501035473 15.0919278730 -7.7491912801 -0.1900024346  0.0036096960  1.0000000000  0.1643971251 -0.0718570888  1.0000000000
-5.2428263825 15.5254646721 -7.4516554793 -4.3702032639 16.1597892826 -7.6850078771 0.1994593064 0.0130982125 1.0000000000 0.0495687761 0.0483810210 1.0000000000
-4.4659377969 14.1955992970 -9.1990028821 -4.5600946741 16.9163419032 -7.5914508969  0.0721475789 -0.1945013090  1.0000000000  0.0002298918  0.0411714332  1.0000000000
-5.0437071577 13.9095337090 -8.8651105352 -3.7789707011 18.2014201662 -8.2881942784  0.1432267454 -0.1915333479  1.0000000000 -0.0829642801  0.0568762223  1.0000000000
-3.8352117590 15.9912684073 -9.1877102149 -4.6249881254 15.4531504030 -6.6766163775 -0.0716636625 -0.0944068992  1.0000000000  0.1805415477  0.1040454834  1.0000000000
-4.7417688996 17.5329132254 -8.6852390199 -4.9688692616 17.0726044813 -6.1645617603 -0.0464272077 -0.0670000490  1.0000000000  0.1059874654  0.0580290456  1.0000000000
-4.2692397500 17.2665128177 -8.7949578815 -6.5254261171 15.4778236304 -8.9192771434 -0.0757804076 -0.0026900937  1.0000000000  0.1732588364 -0.2309880333  1.0000000000
 -3.5210071989  15.1632065690 -10.6915012595  -4.0005040854  16.2110646835  -6.2192411391 -0.2403871495 -0.2666678827  1.0000000000  0.0587498034  0.2403499248  1.0000000000
-6.1053593956 13.9559656190 -9.0560596304 -5.9674248099 17.4326284294 -9.2530553952  0.2063107092 -0.2420448695  1.0000000000 -0.0221546332 -0.2296742734  1.0000000000
-4.6526619961 13.6687919294 -7.9636350996 -5.3658713869 15.0355830028 -9.6484636739  0.2210237655  0.0034176273  1.0000000000  0.0598127457 -0.2775310909  1.0000000000
-3.8348533316 13.7729211767 -6.2517720828 -3.7544329837 15.2620759315 -6.3981063909 0.2388925603 0.2895005562 1.0000000000 0.0850244368 0.2467755048 1.0000000000
-2.1326539747 15.4714070093 -8.6626433198 -3.5071829131 16.3164162074 -9.6816366729 -0.2543838600  0.1224831889  1.0000000000 -0.1654665716 -0.0912886294  1.0000000000
 -3.2535465832  15.5197605463  -9.1997872363  -3.9109299666  15.9582517112 -10.1976649701 -0.1214179681 -0.0642416452  1.0000000000 -0.1888052731 -0.2128119806  1.0000000000
-3.0517873992 14.7064105125 -9.8024793988 -4.5763668989 17.8900340324 -8.9153071310 -0.1595941106 -0.0758406944  1.0000000000 -0.1177383130 -0.1195024905  1.0000000000
-4.9624599264 15.1307594232 -8.1793179190 -4.0061857303 14.4752220078 -7.1889293371  0.1219167899 -0.0639607440  1.0000000000  0.1656368695  0.1024586853  1.0000000000
-4.3405479906 16.6414494185 -6.2583413628 -5.3203803319 16.4110814041 -8.2373782891  0.0645436516  0.1680043577  1.0000000000  0.0603118863 -0.1237773855  1.0000000000
-3.6108039966 15.8662294658 -8.4829369130 -3.5379403671 15.6327845448 -6.2527517579 -0.0935562808 -0.0107949000  1.0000000000  0.0917522563  0.2580890075  1.0000000000
-3.8437870432 16.9381592412 -9.6286422821 -3.6648550289 17.4264406455 -7.8769091339 -0.1741445902 -0.1144460954  1.0000000000 -0.0813411130  0.0601817073  1.0000000000
-4.7689110040 17.2869641747 -6.8093264018 -4.5749344858 13.7973846045 -7.1364658859 0.0314376608 0.0630289389 1.0000000000 0.2838436072 0.0869107056 1.0000000000
 -4.5652586621  15.6286769586 -10.0787645128  -2.7499780190  15.0240360941 -10.1793108086 -0.0944966861 -0.2386421928  1.0000000000 -0.2789567078 -0.1342657068  1.0000000000
-6.7095206579 16.0639736927 -8.0579063616 -2.5610823761 16.1373498581 -7.5114468699  0.1864177222 -0.1440542549  1.0000000000 -0.1157724176  0.2106585901  1.0000000000
-4.8609824219 13.7328081796 -8.5324582706 -4.0414007441 14.9492386838 -6.5126613955  0.2060560376 -0.1162544870  1.0000000000  0.1437497823  0.1874250314  1.0000000000
-2.3794903141 14.9629597286 -9.6419813660 -4.7748541778 14.1179708822 -8.6398349846 -0.2619397259  0.0164800190  1.0000000000  0.1705602029 -0.1136957697  1.0000000000
-4.3477132676 15.5351537246 -9.1113324090 -3.8705221570 18.3184639231 -8.7311813515 -0.0265969833 -0.0751294328  1.0000000000 -0.1464147858 -0.0247217186  1.0000000000
-3.0659105362 17.8995223816 -7.4717348719 -2.8339577378 14.8421771071 -7.2791955077 -0.1399865103  0.0964158316  1.0000000000  0.0124353085  0.2336893773  1.0000000000
-3.8276978106 14.6991297333 -7.5468386164 -4.6734562693 14.5638587302 -9.5593285089  0.0668971446  0.1385473030  1.0000000000  0.0229163689 -0.2528011134  1.0000000000
-5.7927612787 14.8464300743 -8.3334196580 -4.1097389977 14.3388080640 -7.5646476130  0.1713712834 -0.1365109056  1.0000000000  0.1659469849  0.0991919759  1.0000000000
-3.6708124908 18.0323339621 -7.6904032975 -2.8646657412 14.0766322009 -7.5036080102 -0.1160630105  0.0650650815  1.0000000000  0.0112683469  0.2279627973  1.0000000000
-6.2174815006 16.0485069207 -8.0335197863 -3.8282294054 14.9210559084 -9.8412979146  0.1711050184 -0.1157150919  1.0000000000 -0.1153052217 -0.1462232964  1.0000000000
 -3.6483941796  15.4646084456 -10.4215153839  -3.0157081097  16.1780450205  -9.7989513803 -0.1932095658 -0.2029680276  1.0000000000 -0.2114075208 -0.0582967989  1.0000000000
-5.0196519282 16.6370139135 -6.9686142856 -4.5004229920 15.0236528476 -6.4485508744 0.1087673880 0.0644776207 1.0000000000 0.2070028516 0.1878596332 1.0000000000
-4.4817641150 18.2185980894 -9.4083820806 -5.5852396908 16.5453757467 -7.5099347389 -0.1489119603 -0.1528295903  1.0000000000  0.0977555843 -0.0394483870  1.0000000000
-4.3406519037 16.0735222709 -8.5289357874 -4.0947606479 17.0945571447 -8.5361872008 -0.0056386023 -0.0271708646  1.0000000000 -0.0713452705 -0.0143973903  1.0000000000
-4.6838256544 14.9863497160 -9.3153267370 -4.7079754364 13.9784840083 -8.4708172732  0.0378182074 -0.1879494154  1.0000000000  0.1887024642 -0.0746921648  1.0000000000
-4.9895618172 14.7634006996 -7.1216921351 -2.4691158178 16.3378978179 -7.1921771007  0.2107451660 -0.0019685066  1.0000000000 -0.1578265799  0.2093447578  1.0000000000
-4.6516658008 15.2371781148 -6.3146852360 -4.9502494463 14.4825959571 -8.7455609563  0.1926729214  0.1801227797  1.0000000000  0.1301093184 -0.1750102775  1.0000000000
 -5.4289219796  13.5648614468  -8.4384108232  -4.3602054875  14.9064686424 -10.0847489384  0.2575792083 -0.1211857905  1.0000000000 -0.0542271668 -0.2573400969  1.0000000000
-5.2884735660 16.8100164701 -6.6393963868 -3.5090657136 15.7315891890 -9.1914709066  0.0933077166  0.0613540015  1.0000000000 -0.1742088354 -0.0707002721  1.0000000000
-3.7954994392 16.3390792720 -7.5348866293 -3.8310150399 13.9136989449 -6.8641929844 -0.0475154487  0.0467482786  1.0000000000  0.1896993979  0.1659063161  1.0000000000
-5.1894971577 17.2434669939 -8.8428139681 -3.6557939055 16.9053334595 -7.3481875559 -0.0256792938 -0.1287230961  1.0000000000 -0.0437887680  0.0965700605  1.0000000000
 -3.1436799980  14.5414039711 -10.0169386110  -4.6436389077  17.1953596581  -7.7264732927 -0.2401192351 -0.1318026675  1.0000000000 -0.0357231406 -0.0097929917  1.0000000000
-4.7087087823 15.6026189672 -7.1696619164 -4.4188135663 15.1267306103 -6.4247358300 0.0834157545 0.0624505177 1.0000000000 0.1927913896 0.2066771376 1.0000000000
-4.1311095891 17.0015587260 -7.0389100813 -6.5236917141 15.4162361733 -8.4328281970  0.0562087418  0.0991673628  1.0000000000  0.2256264550 -0.1851294775  1.0000000000
