783.1000000000
0
50
 -3.0970199254 -14.8247149070   8.7451203108  -4.6591504482 -14.1744455004   8.6433643300 -0.1632752165 -0.1280357235  1.0000000000 -0.1729092825  0.1063745632  1.0000000000
 -3.3536109219 -14.8379552618  10.6597399859  -6.2088090406 -16.8196788702  10.0794464720  0.0955800131 -0.1464601184  1.0000000000 -0.1419048233 -0.0203459769  1.0000000000
 -4.8249851081 -16.3911734497  12.4618866286  -4.1074793093 -12.7989375594  11.6023299595  0.1498458977 -0.1123342369  1.0000000000  0.2614912425  0.1465989345  1.0000000000
 -6.5674283382 -15.6714535100  10.6529917486  -4.8440379023 -15.8575488680  11.8067020394 -0.0326746097  0.0374973169  1.0000000000  0.0956413612 -0.1194712186  1.0000000000
 -5.0563043708 -14.7625770402  11.7878719349  -4.1284892072 -13.5233503275   9.8743910542 0.1209059621 0.0258345437 1.0000000000 0.0173458049 0.0893810316 1.0000000000
 -5.0279807931 -13.9624294853  11.6059225615  -6.4386301600 -14.2696453179  10.6631536634  0.1366118695  0.0772049999  1.0000000000 -0.0150550518  0.1679887269  1.0000000000
 -4.7213084604 -16.5528700236  12.3164725854  -4.1611592888 -16.6839953604   9.4380842241  0.1754093787 -0.1874038761  1.0000000000 -0.1446169004 -0.2267748415  1.0000000000
 -6.7598008490 -14.0613837148   9.7893334539  -4.4336902797 -16.4754522464   9.0467921008 -0.0962329773  0.2385031433  1.0000000000 -0.2231937442 -0.1731307998  1.0000000000
 -3.6517081600 -15.7257825989  11.3091250255  -6.4172595728 -13.7889767745  12.5183002589  0.0733751705 -0.1875640594  1.0000000000  0.1980834297  0.1725835636  1.0000000000
 -5.1539458383 -14.8856699262  10.5216718478  -5.1618710222 -14.4904212954   8.9636738263  0.0006937157  0.0369516584  1.0000000000 -0.1386361388  0.1042258945  1.0000000000
 -4.8802985768 -16.1408381220  12.5033356971  -6.3203894809 -13.6762502293  11.3816834050  0.1403052671 -0.1326499034  1.0000000000  0.0776123988  0.2024335967  1.0000000000
 -4.4519768031 -12.7858461581  11.0598816916  -5.4766247966 -15.8283262301  12.8734101178  0.2154230726  0.1814031584  1.0000000000  0.1884883090 -0.0633624219  1.0000000000
 -2.1476105940 -14.9734805156  11.6642319980  -5.0587213196 -15.2006070426   8.9203768374  0.2832041175 -0.3088848173  1.0000000000 -0.1822796578  0.0328984162  1.0000000000
 -3.8014037433 -16.7466658766   9.7772180552  -5.0868965158 -13.5925221824   8.4824289711 -0.0876853907 -0.2491811637  1.0000000000 -0.1732168957  0.2360936313  1.0000000000
 -3.3764153200 -14.0835916327  10.6824781378  -6.0314955697 -14.4704083884  10.1219874137  0.1449994766 -0.0585803895  1.0000000000 -0.0188101551  0.1285110908  1.0000000000
 -6.0391026438 -14.9167260547  11.2139922243  -4.8981982057 -15.5754958164  10.9294298664  0.0722561770  0.0554118039  1.0000000000  0.0172186162 -0.0600388495  1.0000000000
 -4.7411838783 -14.5754152926   9.7774955845  -3.8836700040 -13.7787330033  10.8018934810 -0.0281313401  0.0538443171  1.0000000000  0.1753184944  0.0765579001  1.0000000000
 -3.9646825296 -13.1684126080  10.7325024238  -2.7281717114 -15.3689534816   9.1997746431  0.1466057704  0.1054565980  1.0000000000 -0.1317205171 -0.2284430524  1.0000000000
 -4.2661197905 -14.0635041611   9.1537378070  -5.5536685010 -14.2268852268   8.9340824706 -0.1185831011  0.0300290425  1.0000000000 -0.1710474781  0.1770547541  1.0000000000
 -5.9363820876 -13.5059461762  10.6379569990  -4.3182206301 -14.2705741343   9.5817850001  0.0465762875  0.2249032597  1.0000000000 -0.0486573741  0.0001092480  1.0000000000
 -5.2726493432 -16.1633230375   9.0811730278  -2.8461987788 -15.8410126525   9.9752385862 -0.1894466682 -0.0441168253  1.0000000000  0.0380042983 -0.2804852768  1.0000000000
 -4.8511656630 -15.0664760635  12.7283369120  -3.9130645050 -13.6699903968  10.0347230882  0.2281187211 -0.0154556549  1.0000000000  0.0521658334  0.0981857066  1.0000000000
 -6.6810648708 -15.2457219564   9.9890953573  -5.9617925363 -14.3844932528  10.0385975264 -0.1085866736  0.1203955302  1.0000000000 -0.0725159810  0.1744244896  1.0000000000
 -6.6339137867 -13.6809601389  12.6712371985  -3.2250676628 -14.3032638082  11.1493064822  0.2134309972  0.1659024629  1.0000000000  0.1831811831 -0.0962767258  1.0000000000
 -5.1087415006 -13.0895435005  10.9141879365  -5.3353427733 -17.2988773509  10.6923854181  0.1223838226  0.1959979071  1.0000000000 -0.1009083953 -0.1754982685  1.0000000000
 -4.6903569702 -13.5319693626  10.7663820130  -5.3339362856 -12.9369118562  10.8369674691 0.0978273365 0.1106726323 1.0000000000 0.1705742509 0.2270471054 1.0000000000
 -6.5054353479 -15.4232809903   9.4543907924  -6.2296667442 -14.1922393997  11.6089939302 -0.1510204072  0.0979879563  1.0000000000  0.1564872556  0.1425964669  1.0000000000
 -4.7596015432 -14.0534075489  10.0627247436  -4.6878263452 -16.0994695656   9.9210307329  0.0003678117  0.1127114450  1.0000000000 -0.0550687408 -0.1217217059  1.0000000000
 -5.5745888135 -17.3203331184  10.3947350603  -5.7228190364 -16.2519647207  11.5515021061 -0.1175353741 -0.1677418621  1.0000000000  0.0434647845 -0.0554717782  1.0000000000
 -6.1101035108 -14.8851639666  10.6177110330  -5.0748569740 -14.3278157496  10.6598040936 0.0001443702 0.0858136265 1.0000000000 0.0622010622 0.0564355489 1.0000000000
 -7.0505167336 -14.3785647359  10.0255856876  -4.5834834339 -15.7185684022   9.6803761857 -0.0408335431  0.1921841687  1.0000000000 -0.1231747150 -0.1437881647  1.0000000000
 -2.5564582117 -14.8075335466  11.9013031637  -5.0412572447 -12.9230958878  11.0516652636  0.2516920038 -0.2413408065  1.0000000000  0.1256904172  0.2041642956  1.0000000000
 -2.8893216139 -14.8434124878   9.7782019040  -5.5328133647 -13.7160172783  11.2183645993 -0.0141111640 -0.1628415593  1.0000000000  0.1011800949  0.1245357353  1.0000000000
 -6.1076176027 -14.2132308119  12.2586268011  -4.3100710248 -13.5618420322   8.7031587118  0.1758729404  0.1201128345  1.0000000000 -0.1179415778  0.0991035251  1.0000000000
 -4.7419100887 -14.5949640950  12.3008039499  -4.6836652491 -12.3998932968   9.9091548828  0.2341636840 -0.0135934049  1.0000000000  0.0836311630  0.3292426267  1.0000000000
 -5.9190638988 -14.2974569939  10.8028769357  -5.2505568966 -16.0753273689  12.7782048727  0.0570118282  0.0924513871  1.0000000000  0.1684285034 -0.1118993602  1.0000000000
 -4.3945022433 -15.0417448731   8.3026625431  -4.2784087317 -12.7044620082  11.3439634249 -0.2920480186 -0.0072400559  1.0000000000  0.2767800803  0.1629510029  1.0000000000
 -7.4921025279 -15.2536990533   9.7607390083  -3.9774017457 -14.3426642969  12.1199367912 -0.0851096791  0.1441700242  1.0000000000  0.2615282663 -0.0579465139  1.0000000000
 -2.9271466123 -14.5970070630  10.9813280157  -2.9655255042 -14.5570292648   9.8247294125  0.1546488251 -0.1587984762  1.0000000000 -0.0048876633 -0.1166856372  1.0000000000
 -4.7908572591 -12.4802468274  11.6652783757  -2.3370355724 -15.2035956183  11.9819809252  0.3207485407  0.2267600848  1.0000000000  0.3005921357 -0.2770601594  1.0000000000
 -5.9464096684 -14.7700816828  11.7786537779  -5.2340733182 -14.9201311059   8.4511263716  0.0961465870  0.0590777476  1.0000000000 -0.2925213327  0.0807435663  1.0000000000
 -5.0502482545 -13.3358751982   9.9175956016  -3.2367737783 -16.1179461722   9.6791371404  0.0126875341  0.1931781377  1.0000000000 -0.1164626853 -0.2548397364  1.0000000000
 -3.0360947366 -16.1778429181   9.1170580395  -4.1698120902 -14.5932662452  10.6780471613 -0.1896258582 -0.2505840551  1.0000000000  0.1147012499 -0.0122256444  1.0000000000
 -4.2447173348 -13.6970116463  11.4517008376  -4.2656161887 -13.9726970274   8.4831865299  0.2060086378  0.0630859684  1.0000000000 -0.1970360664  0.1040477696  1.0000000000
 -6.4998883025 -14.2525550717   8.8298511824  -4.4936257506 -16.5601653295   9.2207200472 -0.1971115779  0.1934211143  1.0000000000 -0.1932250625 -0.1588356151  1.0000000000
 -5.8174401953 -13.0375133833  11.1451617226  -3.8357488096 -14.8805974771   9.7117131820  0.1317553559  0.2381508998  1.0000000000 -0.0404269469 -0.0336696840  1.0000000000
 -4.6990991560 -14.2481716945   9.0703290457  -6.8546394271 -14.3460469973   9.8662626644 -0.1203667861  0.0454827814  1.0000000000 -0.1019284454  0.2319223962  1.0000000000
 -2.7796154254 -15.2357348542   9.2624935220  -3.8025531211 -13.9047205654  11.0175571997 -0.1016590006 -0.2704283914  1.0000000000  0.1818071690  0.0578908980  1.0000000000
 -6.7926698274 -14.7463726348  10.3965031771  -6.8761329061 -14.6683121561   8.8911531961 -0.0387107408  0.1699696001  1.0000000000 -0.2513477525  0.2001263728  1.0000000000
 -5.3680470711 -15.0476417566  12.8040286024  -5.2266109988 -17.7645627837  10.1663239598  0.2392028990 -0.0004930292  1.0000000000 -0.0875095762 -0.1558558761  1.0000000000
