556.1000000000
0
50
13.2472308789  9.9065970952  3.9369447012 10.2258578840  6.5612437707  3.6344554018 -0.1506105182 -0.1163502517  1.0000000000  0.1343668360  0.1309723460  1.0000000000
12.3925090211  7.1615804450  6.0101273496 13.0124514154  8.5156065829  5.2477585258 -0.1477894263 -0.3258731592  1.0000000000 -0.1824561194 -0.2464927380  1.0000000000
14.0992129436  7.6265545266  2.4278478548 12.4995502145  6.3942046764  4.6649007008  0.1247163599 -0.2060024405  1.0000000000  0.0739684322 -0.2612328461  1.0000000000
 9.8824023789  7.2471461261  3.4672525009 10.8166314842  6.6525080185  3.7417795980 0.0705442185 0.1925200212 1.0000000000 0.0915978398 0.0680696153 1.0000000000
11.3159030276  8.4015566715  5.8570166904 12.3847906388  5.8865699815  4.6416551288 -0.2689545696 -0.0464047076  1.0000000000  0.1301220343 -0.2815718506  1.0000000000
14.0033326914  7.2801364768  2.0969643329 13.6509208169  8.5355060334  2.4876925962  0.1564553732 -0.1953359241  1.0000000000  0.0440047561 -0.1190317025  1.0000000000
12.8394477563  7.7376149356  2.9587725285 11.4590556700  8.6455659907  1.5369016501  0.0942632133 -0.1417703351  1.0000000000  0.0835955265  0.0964750244  1.0000000000
10.2584977986  6.2495569874  3.8458724373 10.9744037889  8.2264998887  1.3617682407 0.1941990176 0.1369689882 1.0000000000 0.1476948728 0.1520102780 1.0000000000
13.0051391280  6.8123050528  3.9040197259 11.5413865867  7.2446728659  5.8238388837  0.0672468334 -0.2484831874  1.0000000000 -0.1576751360 -0.1702509976  1.0000000000
12.1116624842  8.1192439028  2.7629301912 11.8042178842  8.0022415446  2.3703988828  0.0468257997 -0.0581388804  1.0000000000  0.0632033025  0.0552828738  1.0000000000
11.6447110681  6.9780537075  3.2054034873 11.5219814745  6.2637521497  2.9894723080  0.1278597278 -0.0133428260  1.0000000000  0.2109391602 -0.0203750306  1.0000000000
13.4473418089  9.6651674954  3.9609475487 13.2861399791  6.5647013259  2.8432579155 -0.1052837669 -0.1345772361  1.0000000000  0.2056340564 -0.1448433810  1.0000000000
12.5458192725  6.8755694151  4.4349001092  9.0337716612  7.5074856632  4.3907765686  0.0645556300 -0.2139072696  1.0000000000 -0.0354892816  0.2904764849  1.0000000000
12.5278482291  8.8196235120  2.9377707030 11.8581896720  7.2295945629  3.0103980943  0.0023953898 -0.0121296012  1.0000000000  0.1273695089 -0.0343375455  1.0000000000
13.1204790758  9.0664548339  4.3468645718  9.9487263556  7.2521828246  2.7605118509 -0.1297825537 -0.1406971277  1.0000000000  0.1365797446  0.2287993776  1.0000000000
11.3858924888  7.4208834519  5.8741381868 11.6027643266  8.3754003024  2.3467557065 -0.1556996233 -0.1188821200  1.0000000000  0.0636094414  0.0424870389  1.0000000000
11.7106462210  7.5804939796  2.2772791018 13.4768263990  7.2782276512  2.2572587622  0.1367225302  0.0362061399  1.0000000000  0.1830676812 -0.1756388467  1.0000000000
11.9839207237  9.8022004447  4.5228038924 11.3081274606  5.9031982976  2.9110757780 -0.2247860258 -0.0426257989  1.0000000000  0.2817918386 -0.0009038950  1.0000000000
12.3711867221  8.4860660775  3.8238485777  9.7011577677  6.3924523085  3.2498331009 -0.0920367127 -0.0702685631  1.0000000000  0.1978211199  0.2190697949  1.0000000000
11.9406745243  7.5395839677  1.3715875953  9.2436738052  6.1088698385  3.2574571507 0.2001767227 0.0567156856 1.0000000000 0.2527750110 0.2907299771 1.0000000000
10.1980455599 10.0449315434  3.3013174984 11.4794930448  8.4896467863  1.4163740441 -0.1572019788  0.1819254381  1.0000000000  0.1148126350  0.1017105051  1.0000000000
11.9289963120  8.4510213675  4.0501705592 12.2637906595  7.2993130457  4.4599601630 -0.0837561338 -0.0355751801  1.0000000000 -0.0107713405 -0.1397114427  1.0000000000
 9.6092856516  6.4375088418  2.5647704728 12.1758929875  7.1387121235  5.0568681745  0.2506690648  0.2404591408  1.0000000000 -0.0318785334 -0.1890171301  1.0000000000
 9.8882861081  6.7929081051  3.3148717041 10.1073285964  8.2965197346  2.6954197550 0.1461124678 0.1759383610 1.0000000000 0.0509239000 0.2018912775 1.0000000000
10.2789082579  8.7941015398  4.6156145691 10.1543277907  8.8950796145  4.9257295350 -0.1397912008  0.1412082159  1.0000000000 -0.1995374747  0.1831687857  1.0000000000
10.8003484211  8.2985450170  5.7720647831 11.5013214298  6.4727336489  3.4473669977 -0.2521541410 -0.0650308706  1.0000000000  0.1914717448 -0.0480493932  1.0000000000
 8.9692875290  8.1538974183  4.9009596601 11.9599022905  7.6611642496  4.3909588715 -0.1512426256  0.2918283292  1.0000000000 -0.0642887540 -0.0893366377  1.0000000000
11.9951333657  9.2953388946  3.1440605515 11.1214906933  8.7713009148  2.5822034487 -0.0739790872 -0.0079705740  1.0000000000 -0.0068322390  0.1009602138  1.0000000000
 9.3704282670  7.8836860160  4.3661452187 12.2407629716  9.4720289181  3.4088548855 -0.1094642161  0.2481157011  1.0000000000 -0.1168515779 -0.0333676590  1.0000000000
10.1905709374  9.4033156660  4.7209215396 13.1456366705  6.8458014173  3.2293207543 -0.2107699318  0.1417195572  1.0000000000  0.1265956223 -0.2171845550  1.0000000000
12.6485563159  8.5847402763  4.2606402689 11.7973466798  7.7555476376  2.5924115403 -0.0965236942 -0.1301113075  1.0000000000  0.0894907650  0.0334787746  1.0000000000
11.2191681009  7.2880126850  3.1361541243 10.0261596856 10.1103509563  4.0453529280  0.1036020460 -0.0060176733  1.0000000000 -0.2185874803  0.2085072265  1.0000000000
 9.6988468326  6.8922603526  4.2813629058 11.1196348193  8.2315027732  4.5261361978  0.0410078849  0.1411954191  1.0000000000 -0.1337042169  0.0250079955  1.0000000000
11.5011523252  9.9311581786  3.2840119414 10.9801377472  6.7263022612  3.8717975144 -0.1444407219  0.0757421276  1.0000000000  0.1009372702  0.0239710289  1.0000000000
 9.8913723962  8.3952493172  3.1925541055 11.5372719194  7.6660214148  3.5046033903 -0.0153296186  0.1929344272  1.0000000000  0.0341564229 -0.0270007162  1.0000000000
12.5630030098  5.9952099529  3.9416083257 10.5681041102  8.7754680338  3.6810922117  0.1726148982 -0.2415485151  1.0000000000 -0.0708773869  0.1357022934  1.0000000000
12.2281461639  5.7667696603  3.6310758508 11.1782311385  8.3368406889  1.2133274882  0.2587941243 -0.1974302859  1.0000000000  0.1416855454  0.1363679686  1.0000000000
11.0438908157  8.9734322630  1.7745413672 12.4320931813  8.4012032696  5.1494690452  0.0677653396  0.1042726696  1.0000000000 -0.2048430630 -0.1549650963  1.0000000000
13.5354683089  7.0423807034  2.7937638498 13.0285509931  9.1018009160  3.3759239390  0.2026053358 -0.1958117801  1.0000000000 -0.0702808935 -0.0638271509  1.0000000000
10.7575078255  8.8577544222  3.7895451039 13.5684051635  8.0636824554  2.0192155094 -0.1321193571  0.1310483190  1.0000000000  0.1483317227 -0.1389376420  1.0000000000
11.9505962534  6.8423566403  2.4849355354  9.6753981675  7.5122332055  2.9339682843  0.2133898015 -0.0194271061  1.0000000000  0.0834470369  0.2639398060  1.0000000000
13.0761514472  6.9150849594  2.6885745155 13.1923080641  7.0228018649  3.6380645704  0.1993302091 -0.1841360116  1.0000000000  0.1053009143 -0.2122477916  1.0000000000
 9.6234105257  7.9867303631  3.2607405206 12.7928007513  8.4106769981  1.9693319573  0.0344280519  0.2563855991  1.0000000000  0.1121733591 -0.0532025541  1.0000000000
12.4218558926  5.7033341636  4.3462333339 10.4879140834 10.8670110311  3.1160351912  0.1838601485 -0.2223698605  1.0000000000 -0.1674247693  0.2306218944  1.0000000000
11.1956855310  6.6059233055  3.4022168873 11.7731752722  6.7698201550  2.1851527693  0.1255259588 -0.0377609834  1.0000000000  0.2464679710 -0.0234007893  1.0000000000
12.8934243248  7.3110519815  4.9759849942 11.4865870977  7.5075734025  4.9400591449 -0.0510988370 -0.2600005370  1.0000000000 -0.0777609780 -0.0898780909  1.0000000000
13.9438820522  8.3415105853  3.3335431280 11.8195027423  8.3285682260  2.7868619089  0.0358456632 -0.2008087223  1.0000000000  0.0831355982  0.0177235915  1.0000000000
 9.9716279616  7.9481364426  3.2202621775 11.0700731949  8.1123867978  0.8903051604 0.0549752173 0.2258853664 1.0000000000 0.1944019397 0.1652335528 1.0000000000
 9.9275408345 10.0774819259  4.0000357824  9.9954548505  6.6315725842  1.9479966522 -0.1899224876  0.1957930885  1.0000000000  0.2387898449  0.1824207704  1.0000000000
12.5371933394  7.3607291763  4.2425541829 10.2287351260  5.9055754623  2.6980253462 -0.0179063509 -0.1534590542  1.0000000000  0.2870167709  0.1207092923  1.0000000000
