440.5000000000
0
50
3.5745819243 0.3216563621 4.6855120888 2.1102420783 0.5375931956 5.0460819702 -0.1478336635  0.1635733848  1.0000000000 -0.1293850689  0.0689791984  1.0000000000
 3.0606027642  0.4015998401  4.2889303637  1.0855232494 -1.1605241907  5.8504464712 -0.0836330379  0.1658284303  1.0000000000 -0.1555971859 -0.1030338123  1.0000000000
0.7771557832 1.3567484859 3.3016266063 2.8427119980 0.0453496925 4.0034453502 -0.0125830348  0.1248198236  1.0000000000 -0.0453277235  0.1124781727  1.0000000000
 2.1105478251 -1.2564784266  2.9558202601  1.4639541716  0.6711891329  2.7092513147 0.1054219172 0.0866552939 1.0000000000 0.0907467699 0.1775877803 1.0000000000
 1.4802793216  0.2486076970  5.7240041873  1.0542522092 -0.5331809653  3.4833870231 -0.2085018013 -0.0413778235  1.0000000000  0.0702476436  0.0528441901  1.0000000000
 1.9658182691 -1.6498177962  4.2240590563 -1.1789200993  0.4935202501  5.0278941660  0.0321288008 -0.0032978032  1.0000000000 -0.1600794364 -0.2609231347  1.0000000000
1.3902494585 2.2024418549 4.0788002675 1.4547790625 0.8126147888 4.0594577870 -0.1973587614  0.2403148970  1.0000000000 -0.0730912410  0.0591720194  1.0000000000
 2.5499843337  1.2600695038  4.8166481057 -0.1044331611  0.7136742897  1.6182542678 -0.2257827873  0.1678542273  1.0000000000  0.2207357293  0.1199517167  1.0000000000
0.5706974177 0.0389522396 3.5102985570 1.0570057623 1.8227850382 3.2013611075  0.0235575523 -0.0215667429  1.0000000000 -0.0700355721  0.2158535709  1.0000000000
 1.4757584268 -1.4839435792  2.9008352472  0.5037945863 -1.5545249395  5.3789383341  0.1360182781  0.0175293628  1.0000000000 -0.0689059325 -0.2043365361  1.0000000000
-1.0014744934 -1.4467261927  3.5563141750  0.7240128181 -2.8712777562  3.6547538692  0.1405175367 -0.2285950942  1.0000000000  0.1988799560 -0.1626877718  1.0000000000
-0.8344559662 -0.1355183138  2.8908510325  0.9110320144  1.0663145139  3.2947993604  0.1184994563 -0.1234161973  1.0000000000 -0.0360195546  0.1372549325  1.0000000000
 0.6714504474 -0.4031080033  4.7158505429  1.0211764468  0.1468872120  5.8361608021 -0.0930157271 -0.0756356986  1.0000000000 -0.2179342228 -0.1057994511  1.0000000000
1.4965032584 0.3031246478 3.3521211203 0.6911225555 2.0950169968 3.0788989404  0.0592657015  0.0879273767  1.0000000000 -0.0629252403  0.1861246398  1.0000000000
 0.7236926900 -0.4771135510  2.1479307752 -0.4921355237 -0.6915009169  2.1721948546  0.2112188616  0.0768068363  1.0000000000  0.3029379759 -0.0699582151  1.0000000000
 1.4295155767 -0.8147101181  1.8874490695  0.9980148498  1.3195559192  4.9128572907  0.2477526789  0.1078617582  1.0000000000 -0.2259823377  0.0670744738  1.0000000000
0.7759238438 1.3911782089 3.5450440789 3.6942436911 0.4727189937 4.8507205658 -0.0700610415  0.1506545782  1.0000000000 -0.1891620555  0.1771968153  1.0000000000
 0.7039818546  0.2868776233  3.9300840590  0.2658055461 -2.1988713449  3.8048838910 -0.0026745748  0.0477287756  1.0000000000  0.1646246094 -0.1823625743  1.0000000000
 1.8110494018 -0.6056545855  3.9648889520  0.5975211888  1.0307117853  3.9071275644 -0.0093332078  0.0672818090  1.0000000000 -0.0591814478  0.0683232297  1.0000000000
 2.4377151204 -0.2704366471  1.5516304589  0.3079466404 -0.4725724661  5.0069471210  0.2294320672  0.2243002167  1.0000000000 -0.0918033871 -0.1760007316  1.0000000000
 1.3686231321 -0.4777058930  1.5596789198 -0.4103474829 -1.1295968444  4.0514376434  0.2495717238  0.1138819499  1.0000000000  0.0510651740 -0.2213234211  1.0000000000
 0.4595190572 -0.3602753145  4.7642253181  1.2894543517 -1.4273365329  5.3765000734 -0.0904916862 -0.0779509178  1.0000000000 -0.0572477837 -0.1417984798  1.0000000000
 2.3353331083 -1.8086204758  3.0415995193 -0.1443512043 -1.0801163211  2.5682733353  0.1001256338  0.0202213544  1.0000000000  0.1932245804 -0.0555981624  1.0000000000
-1.3442425211 -0.2367243161  4.2364487228  0.8811744192 -0.2106463796  5.7087538538  0.0026810420 -0.2594210684  1.0000000000 -0.1917833890 -0.1207973302  1.0000000000
 3.5630831773  0.2860062959  5.0040937820  1.8857513114 -1.0667685470  5.0154053313 -0.1544667230  0.1537619485  1.0000000000 -0.0514080596 -0.0461485101  1.0000000000
 1.3691539485  2.3182113168  4.2190719344 -0.2934790720  0.8534832223  4.8295154205 -0.2124710460  0.2714508099  1.0000000000 -0.1418243856 -0.1380872453  1.0000000000
 2.6380456078 -0.1905234190  3.5989347602  0.2640589580  0.8953137895  2.3518327662 0.0024677203 0.1306985182 1.0000000000 0.1637973696 0.0772472586 1.0000000000
 1.1791044164  0.7880354328  4.1031315239 -1.3061611577 -0.7129423453  3.8768822095 -0.0754742422  0.1057531905  1.0000000000  0.0760705805 -0.2697367398  1.0000000000
-1.2075764328 -0.2441660152  3.3888046377  1.7192618411 -0.7181065492  1.8670136678  0.0969256679 -0.2379414569  1.0000000000  0.2666731567  0.1602642689  1.0000000000
 1.8739853495 -0.8758056330  2.3825098173  2.1163538161 -0.2222519619  4.6864469955  0.1549919463  0.1086538584  1.0000000000 -0.0763317324  0.0303037731  1.0000000000
0.7553273646 2.2605987756 4.0448998793 1.3032929464 1.8050204639 2.7306545858 -0.2069534114  0.1872767625  1.0000000000 -0.0043221690  0.2646640254  1.0000000000
 1.2936923961  1.1389518012  3.9250058632  2.5160182176 -1.2608621708  1.8744338955 -0.0732288452  0.1421460558  1.0000000000  0.2366014353  0.1267025866  1.0000000000
 0.1605502198 -1.1337827393  3.8142045434  1.5454789666 -1.5436233795  3.7106236460  0.0380296228 -0.1637113919  1.0000000000  0.0900132197 -0.0149900695  1.0000000000
 0.6983147896 -0.6001732612  2.5785627578 -1.2607437276 -0.1814035816  3.7097980814  0.1249561865  0.0230055076  1.0000000000  0.0660634152 -0.2058010263  1.0000000000
 0.6675602964  2.0166847488  3.4401226812  2.0150062743 -1.9808234596  2.6444889949 -0.0994399764  0.1908216193  1.0000000000  0.1612392262  0.0396728046  1.0000000000
0.2926083270 0.5554428236 2.4849472854 1.1643339691 0.5707833046 2.5140698021 0.1647413227 0.0895002765 1.0000000000 0.1354733477 0.1611385549 1.0000000000
 0.7552627055 -1.6560160790  5.0517316458  1.2061227458  2.3938969027  3.4502599236 -0.0415505103 -0.1252320727  1.0000000000 -0.1797205610  0.3132079087  1.0000000000
-0.3258450728  0.9080077848  3.4679264808  0.6839550469 -2.0250382058  2.9674400594  0.0110597377  0.0056059817  1.0000000000  0.2165040507 -0.1378153271  1.0000000000
1.2410437244 0.7914452553 3.4542910484 0.9615514412 1.2811598314 2.6484781915 -0.0610673718  0.1144401353  1.0000000000  0.0192504111  0.2585307076  1.0000000000
2.8627196498 0.2055839932 3.8619784776 0.3731157410 0.7339475771 1.3486365255 -0.0105840020  0.2104106935  1.0000000000  0.2893502096  0.2063467265  1.0000000000
 0.8495294443  2.0341865103  2.2364241094  1.0208476602 -0.9788039845  4.8931775063  0.0644053041  0.2870911656  1.0000000000 -0.0714271001 -0.0697699820  1.0000000000
-0.5521173803 -0.8168546003  4.4601780480  0.8515513067 -1.6235047546  4.9216975432  0.0018451699 -0.2174781195  1.0000000000 -0.0216380863 -0.1638072003  1.0000000000
-1.3036317192 -0.3576374998  2.3886629053  2.4061985687  1.3227876819  4.1352218966  0.2871286755 -0.1886289335  1.0000000000 -0.1346345148  0.2158310856  1.0000000000
-0.0740796146 -1.2803678787  2.6192279635  1.7340806068 -1.7444037881  3.3456174649  0.2327535561 -0.1106970107  1.0000000000  0.1249993567 -0.0202715357  1.0000000000
-0.0765211809 -0.8860648982  3.6641623334  1.2778896015 -1.2897313804  4.6190453159  0.0914631074 -0.1566270963  1.0000000000  0.0016816505 -0.0914762845  1.0000000000
 1.1141223685 -1.0318520326  4.6558075569 -1.0645955216 -1.0674237039  3.6953426725 -0.0570787642 -0.1067431877  1.0000000000  0.1302503275 -0.2556408723  1.0000000000
 0.9548181033 -1.3000004670  3.1299781777 -1.1604066124 -0.6892688220  2.3674782036  0.1506991864 -0.0566338363  1.0000000000  0.3005369423 -0.1602269023  1.0000000000
 0.5767869642 -0.2613864660  5.3948430875  1.7930733203  1.2968294716  4.6108138894 -0.1650656479 -0.1172389174  1.0000000000 -0.2011251492  0.1243839236  1.0000000000
 0.5161627472 -1.0750024571  4.7765656233 -0.3663672770 -2.0797898107  3.2917702695 -0.0395225392 -0.1312146899  1.0000000000  0.1761067887 -0.2299454149  1.0000000000
 0.5820557406  1.0164676947  4.9203425548  1.6011980549 -1.7968396873  4.8587257857 -0.2051420588 -0.0193251053  1.0000000000 -0.0144295592 -0.1019683483  1.0000000000
