975.6000000000
0
50
12.7925024659 -2.6213438274 16.1760796222 13.7549454601 -2.8868714424 18.4634619269  0.0620247628  0.0979699686  1.0000000000  0.0777898085 -0.0245076780  1.0000000000
11.9908232600 -3.2713659735 17.6101333485 11.5373490521 -3.2049018056 17.1719330392 -0.0716714798  0.0010590370  1.0000000000 -0.1161070555  0.0704849065  1.0000000000
11.6492042633 -1.7796572433 16.0068333188 13.2191793488 -0.8479507366 18.0671954837 -0.0542723269  0.2553379694  1.0000000000  0.0801749094  0.2383875173  1.0000000000
10.9936666364 -2.3259687821 16.9072334478 11.9638147918 -1.4718227703 17.4266441379 -0.2030617485  0.1725762668  1.0000000000 -0.0299127036  0.1881837504  1.0000000000
12.7304590005 -3.4628236639 18.9979556850 12.1481948315 -3.2765677795 18.0812919427 -0.0652669655 -0.0569799736  1.0000000000 -0.0591776655 -0.0454600306  1.0000000000
14.2065805330 -1.9952741299 16.4485523736 11.9087395895 -3.6703747989 15.6418156235  0.2515241755  0.1262575061  1.0000000000 -0.0796357747  0.0105481835  1.0000000000
14.7717144884 -4.3867284924 18.1544446185 12.8666248276 -3.0537632783 19.3541832569  0.1636773913 -0.2406754002  1.0000000000 -0.0191898447 -0.0356041840  1.0000000000
11.8642748046 -3.1575013106 16.2423544576 12.1269413869 -3.4690829998 17.9108756929 -0.1070115416  0.0311096531  1.0000000000 -0.0550651628 -0.0551640031  1.0000000000
10.8082571671 -2.6322079408 16.6177244768 11.0810594252 -4.1449755904 17.6043539998 -0.2482299653  0.1702509553  1.0000000000 -0.2241277965 -0.0895888335  1.0000000000
12.7247885269 -3.9938230031 18.9244623938 13.2863502636 -1.9011370848 15.5926884158 -0.0603856541 -0.1273046794  1.0000000000  0.1929596105  0.2002460640  1.0000000000
12.9852588754 -4.0996860031 17.4982077426 14.8281563468 -3.6658015674 16.8399457412  0.0170021844 -0.1210939247  1.0000000000  0.2759034088 -0.1510544830  1.0000000000
14.3301738059 -0.7261620885 17.6542619986 11.9404753432 -1.5569566672 17.6823971982  0.2079964980  0.2223610346  1.0000000000 -0.0411851370  0.2205686623  1.0000000000
14.6701263017 -4.7079287899 15.5272239195 12.0678591220 -2.7530749161 16.9286494763  0.3166567873 -0.3026259877  1.0000000000 -0.0682993008  0.0500816298  1.0000000000
11.1123821217 -1.6958211032 18.0409751911 13.1504684718 -3.5018455479 18.5957798393 -0.1409412029  0.1597653568  1.0000000000  0.0164796144 -0.1102368815  1.0000000000
14.1367785933 -4.0424272529 18.6595710033 12.8062025821 -4.2504858770 16.1899586811  0.0923825991 -0.1619522852  1.0000000000  0.0454493678 -0.1226189549  1.0000000000
13.7014752624 -1.4676969737 18.5983154698 14.8729320496 -3.9679235113 16.8817076241  0.1122143438  0.0694719878  1.0000000000  0.2382073002 -0.2037119122  1.0000000000
13.6756409198 -1.1296902716 16.2457085774 13.6535088995 -2.6391357148 16.5906274943 0.2426637476 0.1943256424 1.0000000000 0.1605389171 0.0451189665 1.0000000000
14.1350716108 -2.0668433598 17.9028014089 12.3143342494 -1.0175147981 17.7892970545  0.1552722800  0.0698828315  1.0000000000 -0.0038499732  0.2304619600  1.0000000000
11.8477367326 -3.0009151448 15.7888013848 13.3373510509 -3.4243946609 16.2406017552 -0.0419644683  0.0975665554  1.0000000000  0.1266107422 -0.0286973287  1.0000000000
14.2917929287 -3.5848204643 18.1715757200 11.1691035093 -4.0543608032 17.5622624652  0.1601286662 -0.1205870546  1.0000000000 -0.1923406713 -0.0672771608  1.0000000000
14.3949790668 -3.1115468874 18.8498396013 14.3503093892 -1.6933735881 17.3602955925  0.1447310333 -0.0964968655  1.0000000000  0.2508303313  0.0847426150  1.0000000000
14.7838858130 -4.0575133946 17.8048686620 12.6647541684 -3.1568648276 17.4821838046  0.1901573922 -0.1439972713  1.0000000000 -0.0207039050 -0.0054275078  1.0000000000
11.2967998527 -4.7070055440 17.2179157449 10.3354842412 -2.2311185696 16.0688229360 -0.2276776579 -0.1444134174  1.0000000000 -0.3080652943  0.2850920597  1.0000000000
14.1622280736 -4.5758010425 18.0349224519 12.0059834143 -3.8556190126 19.8255454407  0.0983938812 -0.2459733187  1.0000000000 -0.1003627455 -0.1179367598  1.0000000000
11.8225199545 -1.2920281833 17.8030004366 13.6986459313 -3.4195956716 17.1096331598 -0.0183183635  0.2472924694  1.0000000000  0.0991714296 -0.0905591719  1.0000000000
11.1586252923 -4.3375164302 18.0473886100 12.9466039818 -1.4689984727 16.0537447175 -0.2409113496 -0.1097957711  1.0000000000  0.1245231907  0.2231203952  1.0000000000
13.6994851686 -2.8529636337 16.0813831389 12.1764203923 -5.2876602428 16.5661149452  0.1952679746  0.0188569082  1.0000000000 -0.0775218700 -0.2679972049  1.0000000000
13.0015312071 -3.5324967130 17.8759993790 12.6131084002 -3.0366342570 18.0859200716  0.0251095531 -0.0641844738  1.0000000000 -0.0045833988 -0.0599257339  1.0000000000
13.1018440537 -4.4247457230 18.5762991842 13.7857344673 -4.5485503744 17.2222346861 -0.0366436140 -0.1803700597  1.0000000000  0.1147563907 -0.1980878874  1.0000000000
12.9456214372 -1.9447216601 17.2000210477 15.1555441232 -3.3175012098 18.6407207442  0.0925215370  0.1238993440  1.0000000000  0.1997492865 -0.1201970144  1.0000000000
11.6424000073 -2.3997330051 17.8258991260 11.0229569511 -1.3674819794 17.6769024023 -0.1390139948  0.0797169316  1.0000000000 -0.1300535439  0.2907384345  1.0000000000
13.7149479371 -4.0137159913 16.6756716153 13.6319275604 -3.6661831816 15.7771719222  0.1396119498 -0.1585059812  1.0000000000  0.1471966929 -0.0465478617  1.0000000000
10.6736012414 -1.7518052694 16.9712298014 13.1889376042 -2.0830519191 18.6847118331 -0.2013053171  0.2622945349  1.0000000000  0.0406439259  0.0392137707  1.0000000000
13.4432165987 -3.7029705901 16.6369248720 13.5939759010 -1.6565995609 17.8476897760  0.1479939831 -0.0971507465  1.0000000000  0.0644376883  0.0729641468  1.0000000000
12.9377950988 -3.9835942907 17.1775604974 13.5576536916 -4.6344569613 15.6125167501  0.0093922880 -0.1450030681  1.0000000000  0.1671919663 -0.2201076683  1.0000000000
12.4544240968 -1.6611179282 19.0943012002 12.3561591876 -3.9487134862 16.5473482196 -0.0006542218  0.1109721139  1.0000000000 -0.0457975793 -0.0797765234  1.0000000000
13.0305096565 -2.3979703307 16.6917148223 10.3281302100 -2.8448926265 16.0809638117  0.0695795404  0.0437580717  1.0000000000 -0.2955307619  0.1503521577  1.0000000000
15.1912764602 -3.4483086299 18.5531646577 13.9752343189 -4.1039865171 19.3849848509  0.2165309878 -0.1374743134  1.0000000000  0.0604313962 -0.2243649225  1.0000000000
14.5915938822 -3.0822666334 17.2021674276 13.6721432927 -4.6629241007 16.3862601165  0.2106055430 -0.0820879081  1.0000000000  0.1483790377 -0.2259083648  1.0000000000
14.7906889844 -2.1510715710 18.6297860575 11.2509474154 -3.4074444439 17.5041586130  0.1732025910 -0.0067949834  1.0000000000 -0.2008147588  0.0430332985  1.0000000000
13.9132427595 -3.1006437170 15.6562122601 11.5133007425 -2.4353898684 17.6087028335  0.2463330084  0.0088250619  1.0000000000 -0.0870503202  0.1093883163  1.0000000000
14.9882588065 -3.7101195980 18.9920139279 13.7974837688 -3.9293008259 17.7452459951  0.1784461277 -0.1488064357  1.0000000000  0.1103665831 -0.1253302135  1.0000000000
14.6182610152 -4.2987453039 17.7378259412 14.8810994880 -4.4230359833 17.6273022107  0.1774462371 -0.2215698232  1.0000000000  0.1800207384 -0.2478567395  1.0000000000
11.6280853223 -3.4108933656 16.2811439486 11.7605319758 -2.6424730229 15.7799967310 -0.1226440211  0.0204851813  1.0000000000 -0.0461276734  0.1426647074  1.0000000000
14.1945472387 -1.7011532282 17.9266098789 12.9425214450 -4.3101464115 18.6696985866  0.2034641946  0.0553588472  1.0000000000 -0.0178139521 -0.1576075747  1.0000000000
14.7278217335 -3.2364474209 18.5169612982 12.9610125963 -1.6210216855 17.8419568478  0.1352232549 -0.0977762325  1.0000000000  0.0247346923  0.1521893705  1.0000000000
13.5803435883 -1.5397191422 18.6446183815 14.7297403795 -3.0783420271 18.3821665806  0.1033076543  0.0766388020  1.0000000000  0.1870093316 -0.0997796203  1.0000000000
14.0556806571 -1.1849433090 16.5936036586 14.4862450141 -2.9888424002 16.3393007978  0.2418034209  0.1505583527  1.0000000000  0.2731069576 -0.0521562089  1.0000000000
12.5235255925 -2.8922193572 16.2668345525 11.6335719566 -2.4696426954 17.4649024848  0.0041162340  0.0553625211  1.0000000000 -0.0659901993  0.0898220825  1.0000000000
14.7317973798 -2.2865682478 18.4340014926 11.6317018047 -4.2310526994 19.0280937290  0.1526423831  0.0082785894  1.0000000000 -0.2023823221 -0.1190868207  1.0000000000
