290.9000000000
0
50
-2.0012840548 14.7452889874 12.8821928915 -0.9673775590 13.2881954162 13.2760979379 0.0390579983 0.1280811915 1.0000000000 0.2105989969 0.1359375691 1.0000000000
-1.6516926782 12.8582620043 13.9085970925 -3.8040328927 11.1125669413 14.0551614502  0.1955805277 -0.0106821563  1.0000000000 -0.0443788686 -0.2506289174  1.0000000000
-3.4213259036 10.9919297998 12.2545847655 -2.9734574432 13.2463708312 14.3479125123 -0.0673623253  0.0085709517  1.0000000000  0.0313160091 -0.0481600636  1.0000000000
-3.4998830252 10.8246237111 13.6471357635 -1.6415312421 13.2698980546 15.1456200941  0.0414012925 -0.2007172439  1.0000000000  0.2157058417 -0.0927236084  1.0000000000
-4.7991335274 12.5892931937 13.1046829524 -3.8970083718 13.1650558168 14.5026562393 -0.1883684482 -0.1146520182  1.0000000000 -0.0738102873 -0.1124656174  1.0000000000
-4.4465840549 10.6414481052 13.1881948188 -4.1129127877 13.9534303483 11.5370366131 -0.1122463943 -0.2196780016  1.0000000000 -0.2022675414  0.1411715769  1.0000000000
-2.9249919513 12.7835997206 13.4045058707 -2.1619505650 12.5906544400 12.4231789198  0.0488391141 -0.0425082707  1.0000000000  0.0390422604  0.1091308886  1.0000000000
-3.9511403561 14.7491784035 12.1393513233 -3.2234158041 11.9138005270 12.3262806687 -0.1753441357  0.1230074982  1.0000000000 -0.0710557250  0.0922745181  1.0000000000
-2.3545522328 14.1725039655 13.0475967150 -1.5138028931 11.9580733510 13.1634636193 0.0609604712 0.0770322970 1.0000000000 0.2030686777 0.0763217107 1.0000000000
-4.9173051445 11.6130972055 13.5350840292 -2.9207146903 12.9421194126 11.3985990402 -0.1654285309 -0.2472489310  1.0000000000 -0.0797736883  0.2034106710  1.0000000000
-2.3110248239 14.4139362778 12.0468380241 -3.5605034849 11.3209914363 11.6319356956 -0.0093482046  0.1821830707  1.0000000000 -0.1102624321  0.1056759591  1.0000000000
-2.6658733484 10.4102959702 13.7797897449 -2.8618323672 13.1447633057 12.7739097046  0.1335847176 -0.1710704198  1.0000000000 -0.0307598739  0.0556263172  1.0000000000
-3.7941255421 11.6862102397 12.0814779346 -1.2779578878 11.9508616152 12.2575597888 -0.1627366467  0.0082859560  1.0000000000  0.1684724028  0.1945687016  1.0000000000
-2.5162170757 13.3302634555 12.8879666537 -5.0953947306 11.0381891114 13.5438889252  0.0339696365  0.0590043428  1.0000000000 -0.1785331530 -0.2545371222  1.0000000000
-4.1242945613 10.8966434422 12.3908357026 -3.7966062478 12.1036605814 11.0968556264 -0.1678628545 -0.0867036699  1.0000000000 -0.1783073204  0.1938484209  1.0000000000
-4.2951051496 12.9773530675 12.1418037086 -1.9884206881 14.2591565561 13.6750499274 -0.2075603076  0.0562331412  1.0000000000  0.0908438123  0.0470356391  1.0000000000
-1.1238533645 11.5353922660 12.5396920565 -3.1881360904 13.8455322391 14.4206361067  0.2213295540  0.1168965746  1.0000000000  0.0029967167 -0.0567966495  1.0000000000
-4.4865605216 12.4753446285 12.1125083692 -1.1349664865 13.1718142983 12.9596548188 -0.2529782933  0.0107915400  1.0000000000  0.1913916682  0.1336412205  1.0000000000
-2.9569975239 12.1925153712 13.2202616572 -2.5089127163 14.4183570017 13.4902385753  0.0161784501 -0.0288863044  1.0000000000  0.0055716241  0.0263890781  1.0000000000
-1.1105579803 11.0552451356 12.5007859088 -1.5927106976 12.3488184052 11.8814747617 0.2913343182 0.1330893497 1.0000000000 0.0982827129 0.2099075270 1.0000000000
-3.9917758746 12.3361034601 13.0154134913 -1.7793685073 12.0657934219 14.4014251099 -0.1269757309 -0.0379215425  1.0000000000  0.2194574327 -0.1248198297  1.0000000000
-2.3796694391 11.4384848722 12.7816918012 -1.3494943192 10.6947517370 13.3741891737 0.0593560589 0.0608665421 1.0000000000 0.3380154566 0.0010677702 1.0000000000
-2.3900104997 13.4965905240 12.1939666797 -3.8248881944 13.2769375747 13.1689746843 -0.0310105742  0.1335820310  1.0000000000 -0.1311759386  0.0230802559  1.0000000000
-1.4728373044 13.0699159196 12.2793958988 -2.8030744995 11.5200603516 11.0293933863  0.1038979392  0.1977676477  1.0000000000 -0.0498673644  0.1748384935  1.0000000000
-3.7594382562 13.8796717466 11.1258993198 -1.8283671992 11.9207406548 14.6411759958 -0.2014187014  0.1978647671  1.0000000000  0.2622761901 -0.1035453847  1.0000000000
-3.2366595826 11.8449414526 11.6575460684 -2.9636935324 11.8598363231 14.1948849918 -0.0261668068  0.1023283056  1.0000000000  0.0968595550 -0.1303210166  1.0000000000
-4.2744478307 12.1838537479 12.5874324847 -2.4666195212 10.6842639031 12.4284480291 -0.1672666942 -0.0419975150  1.0000000000  0.0756594023 -0.0071638890  1.0000000000
-3.7759992504 13.7510771822 14.9732783713 -0.9277081700 12.5306275598 12.6995924296 -0.0057639994 -0.1444006308  1.0000000000  0.1994795639  0.1577002398  1.0000000000
-2.2118003119 12.9177933548 14.4873743177 -2.6770966263 12.0650796709 13.6022012621  0.1527074734 -0.0470161855  1.0000000000  0.0823230177 -0.0555149693  1.0000000000
-1.8490274331 14.3049031432 12.1314307448 -1.8260254165 13.5797830720 14.2359171026  0.0329744721  0.1896712646  1.0000000000  0.1527595801 -0.0168589645  1.0000000000
-2.5702540750 13.8267800260 13.0096918609 -2.7806935291 10.3560454422 14.0213035079  0.0284358107  0.0860190297  1.0000000000  0.1322494375 -0.2076451213  1.0000000000
-4.2129299834 13.6222537802 12.9243974623 -2.3633466603 13.8445552457 14.0472648233 -0.1387128998 -0.0057326577  1.0000000000  0.0779284067 -0.0278600825  1.0000000000
-1.9279513267 12.2907837187 13.7642664951 -1.8233400902 14.7305113524 12.7313794012  0.1563168816 -0.0385155468  1.0000000000  0.0632823326  0.1641169797  1.0000000000
-1.1272724497 13.7323878732 14.0401312584 -4.3359627178 12.5602707186 14.5026542548  0.2088192463  0.0442163143  1.0000000000 -0.0778492485 -0.1952252151  1.0000000000
-2.9520094396 12.3907214813 11.2816694211 -1.4964584762 13.8608840880 13.5189674010 -0.1235800696  0.1889687091  1.0000000000  0.1112667608  0.0960893544  1.0000000000
-3.0385470888 13.0928381550 13.4116020164 -2.3984784729 11.3547967522 12.5370357229 -0.0097581226  0.0273439933  1.0000000000  0.0991999305  0.0166362904  1.0000000000
-4.7295794143 13.9578003915 13.7781306714 -3.1459113402 10.3253222712 13.5641904219 -0.1150326267 -0.0728395967  1.0000000000  0.0865785371 -0.1908359517  1.0000000000
-4.2004838416 13.8836549666 12.1189857399 -1.0542290096 12.4510290294 13.4436627597 -0.2198638745  0.0825157600  1.0000000000  0.2241218780  0.0977242473  1.0000000000
-2.6415149825 11.0888015867 12.6423405480 -3.0670027618 10.3238627641 13.8078847445  0.0674068138 -0.0361719774  1.0000000000  0.1091543876 -0.2449455790  1.0000000000
-3.1027204811 12.0345374947 13.2182854126 -4.4822445179 13.1463733811 13.7694605020  0.0042731376 -0.0513120527  1.0000000000 -0.1450076330 -0.1042976861  1.0000000000
-1.5978910596 13.0513931519 12.1183423230 -4.6670707223 13.8895145371 14.9067555295  0.0552295209  0.1976628069  1.0000000000 -0.0578916824 -0.1860990075  1.0000000000
-2.0090250025 13.5800088329 11.8610802895 -1.3086896092 13.8886285804 12.2097538180 -0.0047521406  0.2368851768  1.0000000000  0.0835658314  0.2163175049  1.0000000000
-2.9702925832 12.2088618356 11.9916750853 -5.1685236521 11.9369728775 13.0854452853 -0.0484051670  0.0974540552  1.0000000000 -0.2202616971 -0.1849143509  1.0000000000
-3.1984363535 11.5997359316 13.4578339308 -2.6144441605 13.7111510149 14.4395066441  0.0334675994 -0.0937667386  1.0000000000  0.0658232271 -0.0626449991  1.0000000000
-3.9999071120 13.3964815237 11.6049698960 -3.6390727207 10.9424694003 12.1505449391 -0.1907584196  0.1536806112  1.0000000000 -0.0991056306 -0.0342821378  1.0000000000
-3.0937868115 12.4753751897 10.6525986362 -2.9084415823 14.8678547727 11.8908414811 -0.1695830983  0.2686985561  1.0000000000 -0.0720289091  0.1943345791  1.0000000000
-3.7699939712 11.5361373177 11.8588821834 -4.3527546622 13.0457445562 13.6627324995 -0.1326634735  0.0400533352  1.0000000000 -0.1324397085 -0.0763502685  1.0000000000
-1.3247254556 11.9392975469 13.3405428651 -3.5580791108 14.4659045819 11.4812906741  0.2650171269  0.0764238650  1.0000000000 -0.1504987402  0.1872968209  1.0000000000
-3.6784224190 13.3267574721 14.2616805125 -2.5175031289 11.1516811366 14.4241476611 -0.0107346965 -0.1402725890  1.0000000000  0.1531529336 -0.2039224252  1.0000000000
-2.4115826986 14.5082513034 13.3580887828 -4.2241184713 11.5349844540 10.8389004649  0.0137208108  0.0772706134  1.0000000000 -0.2890763199  0.1454881090  1.0000000000
