182.8000000000
0
50
 1.8902388133 -4.3542912430  0.9087598877  4.7397040594 -3.8185505424 -1.7147382638 -0.2240685198  0.0329131903  1.0000000000  0.0422614534 -0.0150437379  1.0000000000
 4.0738598541 -5.3225814712 -2.2893335713  5.7291919748 -3.7878573219  0.1358765946 -0.1728225832 -0.1790875858  1.0000000000  0.2224507161 -0.0849129221  1.0000000000
 3.2418673960 -5.3256962025 -0.6609020142  3.9385722520 -6.1306171556 -2.1141906009 -0.1784847497 -0.0715997884  1.0000000000 -0.1652689681 -0.2744494798  1.0000000000
 3.4201113622 -5.6611506990  0.4253728397  5.6971998803 -3.5563286222 -0.9585271809 -0.0905170957 -0.1474779043  1.0000000000  0.2475271711 -0.0438990625  1.0000000000
 3.4191639916 -3.3565467897  0.5210590399  4.3737404021 -2.8318289420  0.5527397047 -0.0070867382  0.0644572107  1.0000000000  0.1003703913  0.0897275409  1.0000000000
 3.2342870008 -3.8152776414 -0.9310877807  4.3704436698 -2.0539832079 -0.8499933728 -0.0899435911  0.0578636950  1.0000000000  0.1429487009  0.2090356566  1.0000000000
 1.7274535798 -3.3429776203 -2.5001222392  3.2133483270 -3.8213340796 -1.0027295407 -0.2956410430  0.2921203381  1.0000000000 -0.0950936397  0.0656626753  1.0000000000
 5.1635317655 -4.9516473856 -1.0395901509  5.0931591555 -4.3258250807 -0.4427415022  0.1347088540 -0.2158500682  1.0000000000  0.0661119118 -0.1314794220  1.0000000000
 5.9542210578 -4.7355157209  0.4594180829  2.9392276670 -4.4973531495  0.7721985786  0.1557352749 -0.2549436937  1.0000000000 -0.1126646321 -0.0163406599  1.0000000000
 5.5355000162 -3.7787543963  0.6776513962  4.9093398946 -5.2159514350 -1.4559078073  0.1890505932 -0.1002335473  1.0000000000  0.0229304503 -0.2153725669  1.0000000000
 2.7959836798 -4.3639433774 -2.8653296701  3.0988164555 -6.2505861052 -1.2947936261 -0.1994726974  0.0440002956  1.0000000000 -0.2612474588 -0.2547585291  1.0000000000
 6.2153912880 -3.8915448617 -1.8594517225  3.9884623599 -2.9956719965 -2.0475496106  0.2700295534 -0.1353133163  1.0000000000  0.0987828513  0.1418607180  1.0000000000
 5.5251981127 -4.7764800861 -0.3503474540  2.1622697394 -4.4764573548 -2.3625430240  0.1289021502 -0.1585649731  1.0000000000 -0.2614761082  0.0908327820  1.0000000000
 2.5047633834 -5.1271397655  0.5286909388  4.3410333945 -4.6264079416  0.0972645258 -0.2170628084 -0.0704226605  1.0000000000  0.0185228070 -0.1167828507  1.0000000000
 5.6280260067 -4.6310506997  1.1774375566  5.6277410998 -3.4603734390  0.5772515855  0.1382042748 -0.1729302326  1.0000000000  0.2022319901 -0.0508129864  1.0000000000
 4.5295085545 -4.3262777913 -1.4312202384  4.1982326172 -2.8239679872 -1.0171729001  0.0311953273 -0.0800812157  1.0000000000  0.1183092919  0.1474858928  1.0000000000
 4.8508700539 -1.7322229988 -0.9964137524  5.5198283745 -5.0195187968 -0.8055954297  0.2698143522  0.2050429487  1.0000000000  0.1257166535 -0.2358100405  1.0000000000
 5.1137594632 -3.0618457920 -2.6949805696  3.2367139970 -2.9843025876  0.0088606733  0.2195916463  0.1065214250  1.0000000000 -0.0004948849  0.1318531927  1.0000000000
 4.8393397611 -2.7870871928  0.2062827720  2.9087258753 -5.2779728085  0.3488060647  0.1768991030  0.0493001171  1.0000000000 -0.1467423214 -0.1118617203  1.0000000000
 3.6354427036 -5.5685349751 -1.5538015281  3.4748612192 -2.1933731490 -2.6557009246 -0.1680775822 -0.1721153699  1.0000000000  0.0362508009  0.3423427837  1.0000000000
 6.1226558829 -3.8802283696 -2.4494197183  4.0046393269 -2.6867472740 -0.5970674386  0.3027044723 -0.1226127240  1.0000000000  0.0845013386  0.1301670557  1.0000000000
 4.8011235567 -4.9085892628 -1.6490222363  4.3039526307 -3.3160390179 -2.0561446390  0.0255702937 -0.1528654976  1.0000000000  0.0733918979  0.1469290301  1.0000000000
 2.6073632119 -3.8441669498  0.5594176452  5.8869625922 -3.3142012971  0.1726195405 -0.1237205688  0.0831725911  1.0000000000  0.2675287334 -0.0715451934  1.0000000000
 5.3336584637 -5.1671594796 -1.9317654965  4.4352915866 -1.5972944405  1.0535748723  0.0982489407 -0.2496778776  1.0000000000  0.2034495211  0.1245807793  1.0000000000
 3.5399096141 -5.9094430631 -2.3043106890  3.2755865436 -5.5589211985 -1.5540274003 -0.1927136181 -0.2008866086  1.0000000000 -0.1418878937 -0.1785583403  1.0000000000
 4.0289149770 -4.7219087130  0.7474478444  2.1507906262 -3.2547355809  0.1058153913  0.0271799031 -0.0505725561  1.0000000000 -0.1527319936  0.1294178423  1.0000000000
 4.5593767281 -5.5845845633 -0.7958714703  2.6736559273 -5.4996054224  1.1070312739 -0.0146324648 -0.2525959721  1.0000000000 -0.2032623284 -0.0908300850  1.0000000000
 5.3388474666 -4.8007346751 -0.1626791222  1.7368522656 -3.5974689829  0.1980139745  0.0780806954 -0.2054147587  1.0000000000 -0.2071821491  0.1488811244  1.0000000000
 1.8372211207 -2.8886264488  0.1492969713  1.6996294488 -3.2937334384 -1.4091091745 -0.0996065213  0.1925666475  1.0000000000 -0.2040834746  0.2417018090  1.0000000000
 4.0928875250 -6.1165225511 -1.2286264588  4.3552520377 -4.5447474149 -0.8165891012 -0.1510957312 -0.2830563722  1.0000000000  0.0012411413 -0.0862214547  1.0000000000
 5.5140574689 -4.4668517344 -0.1689137058  3.7313837305 -2.2336580637 -2.8736913937  0.1795751450 -0.1527877868  1.0000000000  0.0662415403  0.3090230192  1.0000000000
 4.9592166244 -3.9678087829 -1.7872297665  5.6809975595 -3.4260716574 -0.0628134594  0.1297340757 -0.0579639093  1.0000000000  0.2346888745 -0.0626081613  1.0000000000
 1.5022377185 -3.0889219132 -0.4336404243  4.8252725720 -2.2262321623 -1.3182117750 -0.2427303587  0.2204786534  1.0000000000  0.2163420705  0.1675296259  1.0000000000
 4.9845646467 -2.9374973311 -0.9801518786  5.7659356367 -5.0014632076 -0.0156145096  0.1832042038  0.0497417881  1.0000000000  0.1121179281 -0.2392876318  1.0000000000
 5.1799120005 -3.7520775203  0.0659680592  1.8204840959 -3.4037697448  0.5634752364  0.1451419092 -0.0760401404  1.0000000000 -0.1178558023  0.1582722434  1.0000000000
 3.5005649784 -4.6408436199 -1.1546970119  3.4687425599 -4.7079742522 -2.0859717740 -0.1317331316 -0.0272078708  1.0000000000 -0.0873164439 -0.0291737626  1.0000000000
 4.1574330517 -2.9692335729  0.3238969904  2.8944885429 -5.5763430465 -0.9275646090  0.0804438037  0.0479111322  1.0000000000 -0.2439760208 -0.1226123875  1.0000000000
 1.5174813700 -3.3040789153 -1.5486069556  5.4249380303 -3.9239503880 -0.7264471624 -0.2516188116  0.2956176978  1.0000000000  0.1732341021 -0.0862134727  1.0000000000
 3.2755933458 -3.2440013660 -1.5705025432  4.2224525625 -4.6079879865 -2.0346916786 -0.0416811897  0.1291104086  1.0000000000 -0.0485177125 -0.0886708934  1.0000000000
 5.7370142522 -4.7912573523  1.2593403475  3.5104644344 -2.0421312231 -0.1033380605  0.1667581100 -0.1673064584  1.0000000000  0.0437253546  0.2336850547  1.0000000000
 2.5721428370 -5.2182051930  0.4841109920  4.1183586179 -3.9752851607 -2.2721213652 -0.1741132147 -0.0847693521  1.0000000000 -0.0038711472  0.0162225278  1.0000000000
 3.1928564644 -5.3360789432 -1.2305204243  3.4447479579 -3.2869101216 -2.7003134794 -0.1932878884 -0.1296240750  1.0000000000 -0.0729958832  0.1684490275  1.0000000000
 4.4285773603 -5.4411204515 -2.1938874203  4.6626520445 -3.1875776989 -2.2600606016 -0.0515670165 -0.2140237377  1.0000000000  0.1414963820  0.1165764243  1.0000000000
 2.7647126074 -2.2374871762  0.6797627811  5.9474421035 -4.5990737912 -1.1085234598 -0.0375825410  0.1945254104  1.0000000000  0.1756321636 -0.2031276700  1.0000000000
 5.9869261866 -4.6476139433  0.6703506985  4.5188986885 -2.3377808756 -0.4963286686  0.1998820369 -0.1967958082  1.0000000000  0.1747731281  0.1015145166  1.0000000000
 2.7794999787 -4.3280583343 -2.0445688305  4.3351122833 -2.8583692098 -1.7491392626 -0.1986727810  0.0482876659  1.0000000000  0.1491880255  0.1006061261  1.0000000000
 6.3287784389 -4.2446777331  0.5982179331  5.3522864286 -4.4793374489  1.0534021095  0.2391920482 -0.1794499588  1.0000000000  0.1260517895 -0.1564023011  1.0000000000
 6.0331157446 -3.9800786098 -1.2488367376  4.3133467130 -4.1673836907  0.0642919297  0.2398991266 -0.1013584402  1.0000000000  0.0325685133 -0.0697136720  1.0000000000
 4.4834388861 -4.5734773811 -1.0816102361  4.0454588428 -2.9995757437  0.6118349538  0.0192040473 -0.0969839902  1.0000000000  0.1107164792  0.0364542541  1.0000000000
 4.7612999796 -3.7217043466  0.0741938756  4.8470812768 -5.6699933780 -0.3037853696  0.1234367032 -0.0356415534  1.0000000000 -0.0228614898 -0.2598866356  1.0000000000
