823.3000000000
0
50
-1.2863448514  2.7061760444  8.1149671991 -1.8191541577  2.2711107009 10.5880896788 -0.0132116086 -0.0092461097  1.0000000000  0.2630466320 -0.0177674306  1.0000000000
-0.3163068021  3.2202886184  7.9040273470 -0.9661806504  1.6263499205 11.1695355342 -0.0755801607  0.0455168472  1.0000000000  0.3067835239  0.1834594494  1.0000000000
 1.1050909137 -0.0641816539  9.0635380081 -2.6786768710  1.0362414339  7.7201711342 -0.2162416703  0.3283338519  1.0000000000 -0.0989709524 -0.2296540882  1.0000000000
-0.5400841827  3.8846714485  9.3122366599  1.2491497753  0.8677720987  7.9776848835  0.1393393784  0.1340621846  1.0000000000 -0.2361052901  0.2566709640  1.0000000000
 0.1585175277  2.6379642694 10.6651165558 -1.8089338496  1.2134579335 10.0395614615  0.1475766238  0.2346930163  1.0000000000  0.1473729963 -0.0485296582  1.0000000000
-1.9386244261  1.2019962453  7.3579330373 -1.0920975959  3.8365617355  8.8351610168 -0.1226961498 -0.1310096563  1.0000000000  0.0826741716  0.0136148145  1.0000000000
-1.0178734248  3.2261845312  7.5659046071  0.0860362191  0.6178590250  7.8775612608 -0.0830697187  0.0085776418  1.0000000000 -0.2341572447  0.0917938317  1.0000000000
 0.2275968879  0.5275294535  7.8955379092 -2.0172179013  0.9352923199  6.9153569849 -0.1896937015  0.1319975231  1.0000000000 -0.1696781923 -0.1882574889  1.0000000000
-3.3927185651  3.2402085274  8.8099597176 -2.0162116139  2.4853935110  9.5170845541  0.1777258117 -0.2163401335  1.0000000000  0.1586532240 -0.0512657666  1.0000000000
-0.1650208859  2.8135567690 10.0129474136 -2.3069844363  1.0384847043  7.2295294436  0.1464727323  0.2216432907  1.0000000000 -0.1291821137 -0.1968171277  1.0000000000
-0.7386123932  0.7134177246  8.8193126605 -1.7517069111  2.3174818679 10.3832840303 -0.0808797141  0.0075637008  1.0000000000  0.2253052034 -0.0075739376  1.0000000000
-1.3000144719  0.3770672024  8.9676401758  0.3157106149  1.3636155097  7.6420597827 -0.0334865267 -0.0739066948  1.0000000000 -0.2142426690  0.1346471509  1.0000000000
-3.3453607406  2.3805223996  8.9890090432 -1.7379443131  3.0446276485  9.8591478286  0.1709653186 -0.2540483472  1.0000000000  0.2197821231 -0.0242012861  1.0000000000
-2.5066364231  3.3002287477  9.5051111200  0.4574698860  2.0315298128  8.3297234764  0.2183071703 -0.0833986420  1.0000000000 -0.1095923096  0.1339379827  1.0000000000
-0.8902527491  0.8545522341  7.6338354491  0.7240961534  0.3794780556  8.8328182664 -0.1751538431 -0.0346602348  1.0000000000 -0.1625288729  0.1928931133  1.0000000000
-2.9309567618  1.5414678190  9.4332797262 -0.5867087868  2.3398820894  7.6708087022  0.1312400366 -0.1733446101  1.0000000000 -0.0846021208  0.0032982860  1.0000000000
-0.6710419963  2.8575041952  9.3928836495 -2.2023034070  0.0464007652  8.7718835127  0.0699931504  0.0863406148  1.0000000000 -0.0600157981 -0.1893270681  1.0000000000
-0.0203058930  0.6876347694  9.4265555356 -1.9496575657  4.1323180559  9.3519917054 -0.0320408600  0.1474177770  1.0000000000  0.2240026279 -0.0026379787  1.0000000000
-1.9129667732  2.5318635460  6.7235971770  0.4922960059  2.2810971849  7.0624750656 -0.0937119562 -0.1331794457  1.0000000000 -0.1952492971  0.0865660392  1.0000000000
-2.4610349247  0.0055403788  8.8965666076 -1.7185241815  0.4309614741  8.4901152639 -0.0072081360 -0.2381623072  1.0000000000 -0.0637187643 -0.1277789177  1.0000000000
-0.5606959070  1.5695053859  9.0011188949 -1.0129897762 -0.1115991472  7.4809045413 -0.0132374597  0.0427044796  1.0000000000 -0.2854095606 -0.0929838885  1.0000000000
-3.2248896822  1.7343641078  8.9734996725 -3.2105631158  0.9282823338 10.2159528915  0.1144915932 -0.2482993033  1.0000000000  0.2478706389 -0.2680617001  1.0000000000
-2.2623312603  2.2017899307  8.9668571165 -1.6241875196  2.8811033296  6.2401866599  0.1100590774 -0.0994070885  1.0000000000 -0.1141620315 -0.1110205727  1.0000000000
-2.4173525326  2.7541251501  6.7788673344  0.7681401021 -0.1662203958  8.2293905063 -0.0638206302 -0.1346760332  1.0000000000 -0.2872032850  0.2181528225  1.0000000000
 0.7853587797  0.1987667395  8.7057823616 -2.6175326389  1.9278758254  7.9143843149 -0.1767202790  0.2393833953  1.0000000000 -0.0531332469 -0.2135976456  1.0000000000
-0.5772460712  2.8862305658  6.6303898853 -0.4411218309  1.5989213139  8.9325005079 -0.1904524988 -0.0488301092  1.0000000000 -0.0026895532  0.0806028721  1.0000000000
-2.5696741521  1.4302963437  8.2349470704 -2.2297826196  0.5970475092  9.1919861980 -0.0105930691 -0.1925498267  1.0000000000  0.0952981146 -0.2098758541  1.0000000000
-0.5307104638  0.9190214978 10.9454117068  0.5267578066  2.1660629173  7.1338818628  0.2197628981  0.1742651581  1.0000000000 -0.2111761266  0.1370190858  1.0000000000
 0.0540586943  2.5778655215  7.0628156957 -0.7898968849  1.2403593861 11.2148083514 -0.1767768145  0.0523797044  1.0000000000  0.3491529023  0.1501166376  1.0000000000
-0.1564463684  1.2319407334 10.9505301578 -1.7922078387  1.7393032606 10.4472953694 0.2169047372 0.2290679910 1.0000000000 0.2647041848 0.0098387875 1.0000000000
-1.2609213599  2.5851705500  7.8967039057  0.7872286069  2.6301662396  7.1345619200 -0.0261515012 -0.0399656941  1.0000000000 -0.1472219573  0.1053635915  1.0000000000
-1.4584196062  0.4923905606  7.6660244885 -1.1577651789  2.6506062700  7.9081445669 -0.1687354638 -0.1257001562  1.0000000000 -0.0173792819 -0.0409607536  1.0000000000
-0.6465432149  0.7589024344  7.9449020413 -2.7081920474  1.1521436764 10.5089265047 -0.1602795702 -0.0287298585  1.0000000000  0.2793047127 -0.1671841612  1.0000000000
-2.8572718279  0.6814404181  9.0796088858 -2.1107520679  0.7312665053  8.2081151850  0.0632657946 -0.2552408861  1.0000000000 -0.0308282591 -0.1708423298  1.0000000000
-1.4479270502  0.3814061016  8.0753568739 -1.0024429582  0.6140995973 10.3617246140 -0.1627364803 -0.0890111649  1.0000000000  0.1488353547  0.0538981190  1.0000000000
-1.1016312996  2.9071748773  6.5882805233 -2.8881986430  1.9011137102 10.2461594710 -0.1676475094 -0.0466892196  1.0000000000  0.2813380197 -0.1325291955  1.0000000000
-0.8001880216  1.1757419099  8.0875581043 -2.3036294824  2.3310195280  9.0544972985 -0.1082294092 -0.0507917736  1.0000000000  0.0864980946 -0.0984661460  1.0000000000
-0.3750096925  3.1920342994  7.1557168211 -0.1796416837  0.6351734174  9.5202549627 -0.1690205386  0.0291400942  1.0000000000  0.0145895709  0.1218885462  1.0000000000
 0.4170672496  0.6423299378 10.1283776659 -2.4738257144  2.7663159915  8.8773886658  0.0677617845  0.2766276505  1.0000000000  0.1223828867 -0.1223233244  1.0000000000
-0.7128869881 -0.5104628466  7.8769548915 -1.3684114198  1.3285198620  9.6611827701 -0.2479456825 -0.0399681690  1.0000000000  0.1132217089  0.0089403075  1.0000000000
-0.6228342334  2.9299323116  6.2718558369  0.3645878348  0.2509814523  8.8293799495 -0.1698690898 -0.0291580724  1.0000000000 -0.1152384337  0.1902139274  1.0000000000
-2.5465955548  0.6079848493  9.8194524759 -0.7557860381  2.2578778515 11.0226845608  0.1691555614 -0.1870556343  1.0000000000  0.2696528962  0.1065168514  1.0000000000
-0.3319440738  0.5424716281 10.0403663774  0.5682250607  1.0150318840  8.9830313160  0.0670697061  0.1389755760  1.0000000000 -0.0820903684  0.2190511350  1.0000000000
 0.9998888822  2.6403085178  8.1029976417 -0.5011006507  1.1373098315  9.2002198208 -0.1076539741  0.2009989492  1.0000000000 -0.0249542900  0.1133299106  1.0000000000
-0.9658601949  0.8471849387 11.2295854899  0.7937401126  0.3911967851  9.7912740295  0.2593115748  0.1687097895  1.0000000000 -0.0432169549  0.3334092947  1.0000000000
 0.1757435439  3.4983342872 10.2573572425 -2.8294279154  2.8280018139  8.4115930029  0.1825926586  0.2443846478  1.0000000000  0.0826712669 -0.1837065139  1.0000000000
-2.7395693640  4.0409889363  8.8814997135 -1.0999156568  2.8949187126  9.0264958626  0.1802301427 -0.1235987291  1.0000000000  0.1013382916  0.0334170921  1.0000000000
-0.4932058213  2.4966285861  8.2544600448  0.7147892278  0.9241768106  8.9128207300 -0.0086310737  0.0562254026  1.0000000000 -0.1327901529  0.2345703275  1.0000000000
-0.1777049211  1.9100279482  7.9664936784  0.0051747946  3.9752470708 10.1817042257 -0.0923177004  0.1026188075  1.0000000000  0.1796770205  0.1645899993  1.0000000000
 0.4506360929  1.5828786976 10.0349191574 -3.0523805173  0.7615587838  8.9075694066  0.0543459113  0.2662189536  1.0000000000  0.0384413884 -0.2605517100  1.0000000000
