777.4000000000
0
50
9.2444391014 1.5777512076 3.5332535596 8.4651049667 1.6347722477 2.8196150929  0.0786707667 -0.0156137906  1.0000000000  0.1240787050  0.0307749715  1.0000000000
8.3227709968 1.3490917804 2.9644767150 7.6905093806 0.4233052544 2.4469191470  0.1192988600 -0.0113480262  1.0000000000  0.2787374392 -0.1181298685  1.0000000000
8.4280591125 1.6219508833 3.0021370833 7.7729136641 2.3997465670 5.3003665084  0.1191995666 -0.0325140911  1.0000000000 -0.1329873397  0.0740816350  1.0000000000
8.5237794305 3.1279268544 5.0567105941 7.9914302145 1.3788374856 5.5382969172 -0.1478065773  0.0871328126  1.0000000000 -0.1159957079 -0.1163735570  1.0000000000
7.9322985115 0.2617504985 4.1655590838 5.7804345436 1.7661042402 4.5568057380  0.0529508481 -0.1982370013  1.0000000000 -0.1550682008  0.0637042164  1.0000000000
8.2633715735 1.9369100914 3.3986642092 7.0885240576 0.9800266482 5.5193397339  0.0978087464  0.0129604660  1.0000000000 -0.1548220220 -0.1484251972  1.0000000000
5.7913023170 2.6595410753 2.9917299251 9.6971541675 1.4601328866 2.6524506933  0.0436749764  0.2367829373  1.0000000000  0.1677162092 -0.0583339698  1.0000000000
9.4973005149 0.8834782853 4.9067284931 8.0955395817 2.4314088907 1.9386586147 -0.0090532620 -0.1157251778  1.0000000000  0.2228229303  0.1100804971  1.0000000000
 8.4959626804  2.6855527508  3.3410406882  6.1590815476 -0.0819240902  2.4422911895  0.0479593306  0.0994619995  1.0000000000  0.2789976551 -0.1053027295  1.0000000000
5.4761094104 2.8029162498 5.1656738501 7.7572267311 3.5275329935 2.7477937659 -0.2508814960  0.2434048024  1.0000000000  0.0702512114  0.1834790999  1.0000000000
5.1192999706 1.8977370431 4.6030484959 8.5046005984 0.4214406694 4.4594691446 -0.1514086903  0.1162482515  1.0000000000  0.0388369203 -0.1689601287  1.0000000000
8.7372224750 1.4366118197 4.4705371353 7.4825471213 0.4326463403 2.9359053642 -0.0458122595 -0.0294065501  1.0000000000  0.1837526745 -0.0941747689  1.0000000000
 7.3180690907 -0.0236441267  2.6265614670  7.7237127171  3.3035734125  2.7617984553  0.2996097961 -0.1342342197  1.0000000000  0.0894783760  0.1840108922  1.0000000000
7.5559006491 2.9704635981 4.0882308758 6.3528094569 2.1703156333 2.6482018283 0.0044024365 0.1093626968 1.0000000000 0.1470906670 0.1780806720 1.0000000000
5.6489250647 2.8556118941 3.0035780511 6.1745706924 1.9982233861 3.3591585836 0.0908656174 0.2787170713 1.0000000000 0.0829562191 0.1804274150 1.0000000000
8.4738454756 3.3257500548 4.6434766503 6.1367088259 0.8290647863 4.4188870990 -0.0655991458  0.1017670219  1.0000000000 -0.0598997590 -0.0803994504  1.0000000000
8.4607172381 0.5427181992 3.5962683920 5.3855850420 1.8038910953 5.6092767048  0.1291611053 -0.1568627714  1.0000000000 -0.3085775101  0.0647988806  1.0000000000
8.1628501203 3.8606997555 4.5560163795 8.1778597459 2.7444130603 5.0892749637 -0.1116733648  0.1791534807  1.0000000000 -0.1142330681  0.0328778031  1.0000000000
8.0156544154 0.2944446217 2.4059897601 8.9297921653 2.0726828237 2.8917659244  0.2336677178 -0.1210959985  1.0000000000  0.1489698012  0.0143915147  1.0000000000
7.6556180182 2.3549461668 2.5897987714 5.5493251685 2.8388485177 3.1837673563 0.1320316117 0.1033118347 1.0000000000 0.0098618819 0.2958513489 1.0000000000
 7.5539821644  3.6314458018  4.4058654999  6.2784808887 -0.9172302146  3.6838587024 -0.0858663202  0.1555928231  1.0000000000  0.1518202167 -0.2726275509  1.0000000000
6.9631072768 1.7301675396 2.2654080612 5.4355359518 1.9688154282 3.6316330790  0.1985970043  0.0981247166  1.0000000000 -0.0199776034  0.2009485955  1.0000000000
5.5109318397 1.6966115474 4.1423298334 7.1003277862 0.7528418853 2.1250005029 -0.0310055833  0.1070626349  1.0000000000  0.2643586179 -0.0191298064  1.0000000000
6.6306474766 3.5190175179 4.3714011475 7.0805077280 2.4827605345 2.3847389703 -0.1546732100  0.2438646489  1.0000000000  0.1497102833  0.1881781954  1.0000000000
6.6446526149 0.9942065327 3.7469743050 5.6113183786 1.2959388058 3.5203517999  0.0374552855 -0.0248537634  1.0000000000  0.0169831001  0.0649817094  1.0000000000
7.8423160826 1.1938116720 4.3337271941 8.8706780281 1.5413698774 4.2109226688  0.0223355173 -0.0663218136  1.0000000000 -0.0001203843 -0.0748802520  1.0000000000
6.9206210725 2.7139599543 4.8429556398 6.8818393481 2.0090897448 1.7784050417 -0.1502321293  0.1393672619  1.0000000000  0.2580047040  0.1157199890  1.0000000000
8.2725425024 3.2914652787 3.0928453824 6.4605983608 0.4325216073 5.7285111170  0.0465154924  0.1152502937  1.0000000000 -0.2316473939 -0.1960030983  1.0000000000
 5.6516639937  2.2343258764  5.2596467805  7.8364068588 -0.1131636835  2.7396699408 -0.3125065652  0.0855091363  1.0000000000  0.1933129411 -0.1959828834  1.0000000000
6.3586756907 1.0892417722 4.4884088654 8.7586065364 1.4631384784 2.2447515183 -0.0813261180 -0.0228365383  1.0000000000  0.2321543471 -0.0055517136  1.0000000000
 7.1782205942 -0.1038765202  5.1158532333  7.9615398460  3.2162442428  2.9360875656 -0.0844715292 -0.2689336560  1.0000000000  0.0546932991  0.1383946203  1.0000000000
6.5875293502 0.9862990060 4.4245057779 6.6585058771 2.8262707251 4.8083513416 -0.0265484511 -0.0521112908  1.0000000000 -0.1342316958  0.1201592092  1.0000000000
6.6544764479 2.3383161515 5.4806166512 5.1520235197 2.3389427447 4.4180917688 -0.1803684847  0.0500118352  1.0000000000 -0.1257807401  0.2052521837  1.0000000000
5.7873624156 2.4315577472 1.5988680453 6.2478764832 1.2819369440 5.4635036878  0.2627805413  0.3285294697  1.0000000000 -0.2291105288 -0.0764757153  1.0000000000
5.9249775483 1.5011455638 3.5215181283 7.1906358044 1.7186474145 5.8653212868  0.0289184992  0.0977442310  1.0000000000 -0.2513065870 -0.0190212453  1.0000000000
6.7020248327 2.7310005578 5.2886796171 8.8118272038 1.4498739552 2.2677460063 -0.2119082274  0.0901728254  1.0000000000  0.2122498905 -0.0443840501  1.0000000000
6.7895630830 2.4869106000 4.1580056008 8.7954346559 1.3363605366 5.7709509608 -0.0607378263  0.0851762590  1.0000000000 -0.1591699019 -0.1196738978  1.0000000000
5.6340869564 1.0196604169 2.6909461509 5.6354769251 1.4737562725 3.3253009628 0.2141164662 0.0415018183 1.0000000000 0.0889208912 0.1263961265 1.0000000000
 6.3136646825  2.4072976932  3.2197895853  7.3937196870 -0.8624321429  2.5295288530  0.0329179865  0.2058087475  1.0000000000  0.2667726094 -0.2655896215  1.0000000000
7.3455834468 0.1600598486 3.7866812933 8.2722641562 3.3279743826 5.6270375968  0.0443804307 -0.1782175444  1.0000000000 -0.2098972862  0.0347828241  1.0000000000
9.5736182538 0.7374177654 3.5438906641 8.4469346988 4.1718034020 4.6476948316  0.1222447489 -0.1251421911  1.0000000000 -0.0766340166  0.1807333615  1.0000000000
9.5858904804 1.3957994822 2.4930102845 6.9021459494 0.6522391699 5.5944191023  0.1665273214 -0.0283564384  1.0000000000 -0.1564147114 -0.1416015476  1.0000000000
7.8284066105 0.2949675746 3.2841652403 6.6046654713 0.5048236359 4.4030908262  0.1621413438 -0.1169583334  1.0000000000 -0.0122655308 -0.1223535325  1.0000000000
8.2079261486 2.6359535075 4.8628494744 6.3396513697 2.8177622466 4.2387609506 -0.0847371336  0.0654242199  1.0000000000 -0.0591581698  0.2033051298  1.0000000000
7.3047659221 0.2761360142 4.2566578675 9.5454953501 1.1149509737 5.7415980578  0.0171057173 -0.1754183732  1.0000000000 -0.1139072101 -0.1321734135  1.0000000000
4.8256216760 2.7892383026 3.7859633296 7.5407850940 3.9193153081 4.2463839847 -0.0734402334  0.3339784511  1.0000000000 -0.0899600190  0.2063707828  1.0000000000
8.6577009360 3.7133189316 2.9065778767 9.5281380577 1.0146405217 2.8906417524  0.0796647456  0.2200254892  1.0000000000  0.1720169856 -0.0693065839  1.0000000000
5.1898737681 2.1822276926 5.0570042278 7.8928739211 3.8023384387 3.9081635625 -0.2224371685  0.1632307717  1.0000000000 -0.0260743873  0.1747426091  1.0000000000
 6.4405662717  1.6251353404  1.7020874011  8.0989935116 -0.0987183447  3.1211527475  0.3416883319  0.0918743145  1.0000000000  0.1679124507 -0.2075200253  1.0000000000
8.1894196297 2.4472930531 5.8681659718 6.4253602374 1.5644825957 5.4375863044 -0.1630304090  0.0028446426  1.0000000000 -0.2020696146 -0.0042018304  1.0000000000
