532.0000000000
0
50
13.7922698523 -3.7156884665 13.2674789505 12.1459101315 -5.7962758697 10.6827488061  0.0595306459  0.1244979218  1.0000000000  0.1158573102 -0.3581068550  1.0000000000
12.6152011838 -5.1486711926 12.6647765843 12.0329039409 -3.3065177649 14.3286773646  0.0511872511 -0.0832793308  1.0000000000 -0.1158414011  0.1107509412  1.0000000000
13.1596235013 -5.0862741742 13.2209681470 13.1678496403 -6.1321814322 13.4948432778  0.0635020711 -0.0390596117  1.0000000000  0.0920561959 -0.1050657920  1.0000000000
11.5377338060 -4.3524682098 14.4288046166 12.6638738924 -4.0288728711 13.8486341370 -0.1372144014  0.0250641496  1.0000000000 -0.0454546819  0.0579117419  1.0000000000
12.7774726313 -4.4770632748 13.9358162449 10.6422013946 -5.3927779114 13.2009761770  0.0163631929  0.0390695310  1.0000000000 -0.1788401738 -0.1438077346  1.0000000000
14.6362836086 -4.1182766356 13.4104727817 14.7202193366 -2.9863501808 12.5496359963 0.1985402452 0.0990781781 1.0000000000 0.2589641261 0.2360860394 1.0000000000
11.4716837885 -3.1410485683 11.7114590245 10.8983403683 -4.5686125955 13.7997994959 -0.1225738519  0.0568741249  1.0000000000 -0.1649557547 -0.0760007361  1.0000000000
12.2808435458 -6.2234869289 13.6730428898 12.7279270380 -6.2710283442 12.0496656051 -0.0029690239 -0.1423585717  1.0000000000  0.0976417465 -0.2055663764  1.0000000000
12.1299350200 -2.2116774545 12.5843929840 14.3549287515 -3.9868819246 12.0225394303 -0.0984820047  0.2643990036  1.0000000000  0.2782202271  0.1278496889  1.0000000000
12.9491903507 -4.7350385392 13.8717420322 12.5513943333 -5.3094349956 11.3947047304  0.0088897721  0.0024096232  1.0000000000  0.0992605244 -0.1771701013  1.0000000000
13.0559234057 -2.5141307115 12.9220366419 12.2138046540 -4.2289851397 11.9975516642  0.0119609416  0.2858203450  1.0000000000 -0.0080957179 -0.0026725853  1.0000000000
10.9297788231 -3.1437845472 12.3524461744 12.1336664892 -4.9193818880 12.4815514765 -0.2244234025  0.0231176702  1.0000000000 -0.0319988363 -0.0687188728  1.0000000000
12.5745503645 -5.4522825330 12.4444772953 13.2422741511 -2.7215968541 11.2417090873  0.0523161226 -0.0854196584  1.0000000000  0.1260611462  0.2086346123  1.0000000000
12.5103823150 -6.2607435487 13.1537375095 11.5255924014 -3.3029929675 11.3726550230  0.0712029911 -0.1545023118  1.0000000000 -0.1313581199  0.0737545891  1.0000000000
13.2575367999 -4.3331092156 10.3391418679 11.2456644065 -3.0803197876 13.6400528182  0.2292002441 -0.0979798593  1.0000000000 -0.2168774976  0.1215924663  1.0000000000
10.0868748842 -4.5513091757 11.8365739916 12.6152290013 -4.5396142122 13.4184110734 -0.2433029005 -0.2226232028  1.0000000000  0.0155727032  0.0176462244  1.0000000000
11.1578967993 -2.3620454883 12.3151629254 11.7103931224 -4.5458247627 11.6520937770 -0.2870965690  0.1946400255  1.0000000000 -0.0110147045 -0.0716944788  1.0000000000
13.8303886362 -3.4679068377 13.7237922184 13.0280281238 -2.3854517019 12.6172069118 0.0876992196 0.2014376651 1.0000000000 0.0146478583 0.2437404436 1.0000000000
12.9237014190 -2.6551345930 11.0403805675 11.8665100338 -2.7382845695 13.8589291285  0.0868352734  0.1924738077  1.0000000000 -0.1764462673  0.1736125732  1.0000000000
13.6251052348 -3.5312080725 14.4975011210 11.9167316578 -4.5352087584 13.7669205959  0.0397561300  0.1577746060  1.0000000000 -0.0981849803 -0.0023800753  1.0000000000
12.9492144930 -3.9484731402 14.0150089322 14.4678707275 -5.5638693391 13.1463771760 -0.0052821342  0.0863723659  1.0000000000  0.1993716312 -0.0229133235  1.0000000000
13.6046028210 -3.8572697688 11.7429267853 11.5702357310 -2.2326406176 13.2002163220  0.2067788651  0.0757646580  1.0000000000 -0.1921334750  0.2118900226  1.0000000000
14.7675717809 -4.7453666623 13.2986055317 13.4894530584 -6.4891184523 11.3388569035  0.2299422749  0.0406152813  1.0000000000  0.2774396526 -0.2562265865  1.0000000000
13.1467700055 -6.9284056497 13.3692508871 13.3330625253 -4.0267063242 12.7738067410  0.0978091396 -0.1599749672  1.0000000000  0.0741615517  0.0779006441  1.0000000000
13.0293169391 -4.4529052208 13.3255176685 10.4790671118 -4.0434903945 12.0766215191  0.0752790306  0.0499014505  1.0000000000 -0.2823334736 -0.0805568026  1.0000000000
13.0859321517 -5.9517292594 12.0395683262 11.9178340039 -1.5619361454 11.7641143280  0.1142862208 -0.1721949996  1.0000000000 -0.1651265015  0.3138793090  1.0000000000
13.2662412397 -4.6667160110 10.1701716404 14.1749501282 -4.3336450053 13.5851249599  0.2350113497 -0.1074099188  1.0000000000  0.1389813120  0.1066054880  1.0000000000
12.7693209310 -4.7686237847 14.1328943848 12.0764442058 -6.6484286806 13.4711566480  0.0017179006 -0.0132811442  1.0000000000  0.0090978541 -0.1754516166  1.0000000000
13.6218729249 -3.2687992520 14.4356898194 11.5531116648 -4.0997886823 13.5171120151 -0.0110160241  0.1600994132  1.0000000000 -0.1616142356  0.0424244353  1.0000000000
12.9613766217 -5.2497985388 11.2349234628 11.3917394242 -4.4332386584 14.4404588856  0.1635872895 -0.1723965403  1.0000000000 -0.1270418641 -0.0035975803  1.0000000000
11.3639032203 -6.2482134945 13.9689159456 11.2480217158 -5.8201749229 13.2509376149 -0.0126675791 -0.1844709556  1.0000000000 -0.0624503225 -0.1786137943  1.0000000000
12.6399529886 -6.4479491099 13.7608767477 12.7504494484 -3.0987367272 14.6225498439  0.0465190584 -0.1403395700  1.0000000000 -0.0541074649  0.2029699787  1.0000000000
14.4397946654 -3.7279255898 13.1631229185 13.9500603962 -3.2929447687 11.1386536499 0.1925523101 0.1991354385 1.0000000000 0.2085473824 0.1610784105 1.0000000000
14.0484159381 -4.4421635858 12.8504484882 11.4809951073 -4.4668842994 11.3621261623  0.1674090668  0.0892723865  1.0000000000 -0.0603171608 -0.1111427187  1.0000000000
12.9665327161 -3.9492239006 12.1503611034 10.8394827899 -3.4756433281 11.8022468328  0.0691372531  0.0853812264  1.0000000000 -0.2148251155  0.0060636344  1.0000000000
11.1102896688 -3.9214780921 12.0742914911 11.3091123375 -5.3750746676 12.6328999305 -0.1635412844 -0.0413500987  1.0000000000 -0.0800135656 -0.1435995047  1.0000000000
11.9566771354 -6.0054575768 13.4331028993 11.2385313764 -5.8097699260 11.8692231034 -0.0503552543 -0.1494907178  1.0000000000 -0.0378990989 -0.2333270727  1.0000000000
11.9359630793 -3.7488517975 13.9828340519 14.8082377942 -3.8545886218 12.7149099011 -0.1296214482  0.0980963338  1.0000000000  0.2250198584  0.1545848588  1.0000000000
12.8738313126 -4.4936938063 12.2883426562 14.0866253368 -3.8962759333 11.5910706542 0.0271537794 0.0161963331 1.0000000000 0.2549763305 0.0730149473 1.0000000000
12.0060553819 -6.1517055280 12.7428085429 13.7100379878 -5.5108850771 10.9596036857  0.0098300383 -0.1961228185  1.0000000000  0.3027313198 -0.1613366306  1.0000000000
12.1344364666 -4.0489566947 12.4494009138 12.2284724342 -6.0887888737 12.4559406962 -0.0475006848  0.0221236965  1.0000000000  0.0291783159 -0.2112516209  1.0000000000
14.1932587192 -3.7664604624 14.3374063396 12.9321588218 -4.9579971050 11.6008500938  0.0909102095  0.1155882872  1.0000000000  0.1104651004 -0.1015165678  1.0000000000
11.6619137849 -6.0748921759 13.0536236522 12.0873605438 -4.1028519286 14.7855053281 -0.0255227417 -0.2049222898  1.0000000000 -0.1308754580  0.0516782499  1.0000000000
13.0351491696 -6.4805294756 13.5381781467 12.0107468262 -4.4315281565 12.9368550397  0.0462787430 -0.1536097852  1.0000000000 -0.0116321053 -0.0434224898  1.0000000000
11.7171556240 -5.4651997014 12.1737202625 13.3990310080 -5.4054853523 14.0777662588 -0.0198603303 -0.1959451296  1.0000000000  0.0767729922 -0.0757273478  1.0000000000
12.2705448009 -3.3217914327 15.1126900794 11.5588896895 -3.8334706720 12.4515798075 -0.0715401207  0.1948057658  1.0000000000 -0.1376265837  0.0012848256  1.0000000000
11.5538783073 -4.8385463593 14.5675997921 13.0724675521 -3.4983444090 13.5503529592 -0.1623637258 -0.0323057062  1.0000000000  0.0098670021  0.1832104843  1.0000000000
12.7326523433 -4.0898986960 12.1446851689 11.7855950495 -4.4499956655 13.9505306639  0.0301676833 -0.0030300665  1.0000000000 -0.0835507634  0.0054454256  1.0000000000
11.6449609559 -3.6233807012 10.9061693738 13.2156467780 -6.7032077254 12.3979189604 -0.0804949577 -0.0048649267  1.0000000000  0.1543396978 -0.1999150975  1.0000000000
13.9863901589 -4.2193867351 10.4975013110 12.3082934791 -4.3068501215 12.7338890498  0.3536178404 -0.0081030094  1.0000000000 -0.0333054783  0.0133785159  1.0000000000
