289.7000000000
0
50
-13.9789428950 -11.4051602658  -4.3593893864 -13.6614107149 -12.0590054884  -4.5027469346  0.1849216020 -0.0228626921  1.0000000000  0.0880136273  0.0051409159  1.0000000000
-12.6431693996 -13.7142712655  -3.4688753570 -13.9303016218 -14.2909679235  -4.1240237161 -0.1831896048  0.0810642277  1.0000000000 -0.1853408790  0.1173749688  1.0000000000
-14.5051795085 -10.6998020585  -3.5190463908 -14.2583543612 -13.4753919134  -4.4059950445  0.1794139762 -0.2241477447  1.0000000000 -0.0762292806  0.0544217334  1.0000000000
-16.4936835844 -11.3153600085  -4.7705849210 -14.6132126737 -12.2682578588  -2.8398287840  0.1347390226 -0.1005247080  1.0000000000 -0.0644816038 -0.1531296108  1.0000000000
-14.5219499291 -11.3485201214  -5.7320149175 -14.4118655135 -11.4414989958  -3.5923842919  0.2216281109  0.0654135943  1.0000000000  0.1012163119 -0.1561976264  1.0000000000
-14.9870899269 -14.2110574393  -3.6769354348 -13.9372048616 -12.7461492175  -5.4921912139 -0.1900236792  0.0011769214  1.0000000000  0.0557025418  0.1717734856  1.0000000000
-12.5469238628 -14.0986689639  -4.4749292177 -13.7862487130 -10.5339618526  -3.9208229773 -0.1900193952  0.1997392516  1.0000000000  0.2795192889 -0.1681910757  1.0000000000
-13.8730889712 -14.3951102580  -3.5771102134 -13.7573179889 -10.9891624158  -2.8953274530 -0.2792861652  0.0514895491  1.0000000000  0.1256070621 -0.2545025267  1.0000000000
-15.0829831715 -13.3220380123  -1.6749804486 -14.1801693712 -13.5305624609  -3.3444639390 -0.2130671899 -0.2442003469  1.0000000000 -0.1266490924 -0.0509453887  1.0000000000
-15.3669067519 -12.4055583597  -6.7058569358 -15.7275801721 -13.8939346770  -3.0804715732  0.1700432667  0.2238974694  1.0000000000 -0.1908355571 -0.0699476994  1.0000000000
-13.9706329451 -13.0228678550  -6.0350566433 -14.8523395375 -12.5641020522  -3.7088760148  0.0896956073  0.2497791055  1.0000000000  0.0143498633 -0.0394670197  1.0000000000
-13.3506230728 -13.0511188507  -3.3171913233 -13.9682251103 -12.8018750533  -4.6740259264 -0.0958448275 -0.0741735977  1.0000000000  0.0125887915  0.0630155557  1.0000000000
-13.3018778776 -14.7847735471  -5.0271948546 -14.1730249566 -13.0145178536  -2.4076283194 -0.1845370672  0.2844857913  1.0000000000 -0.1431365646 -0.1673497637  1.0000000000
-12.4994584298 -13.8259177838  -3.9753912813 -13.2262073090 -11.1394180726  -2.7949966570 -0.1884946376  0.1543984147  1.0000000000  0.1446550376 -0.2291086009  1.0000000000
-13.2772890086 -12.9313801347  -5.5480189826 -12.9738611504 -11.2209318529  -5.3188820250 0.0508176904 0.2481073277 1.0000000000 0.2488734750 0.1017519093 1.0000000000
-13.8216232319 -10.3328385330  -3.4241052022 -15.7877073221 -13.8927614443  -4.4594771176  0.3073128551 -0.2134903780  1.0000000000 -0.1135055617  0.0295972614  1.0000000000
-13.5381276574 -12.4725225880  -5.4658804645 -15.2131360679 -12.6450464316  -2.8565591756  0.1477079965  0.1703045652  1.0000000000 -0.0476743542 -0.1353728633  1.0000000000
-13.0748769351 -12.9717467107  -3.4772897172 -13.2974389948 -13.0360510877  -5.0341638185 -0.0679134859 -0.0113092507  1.0000000000  0.0280605439  0.1871914035  1.0000000000
-14.0103267378 -14.1938888192  -4.6407736344 -14.7581599693 -14.0868835529  -5.1522410735 -0.1283494476  0.1336975046  1.0000000000 -0.0625059678  0.2093815275  1.0000000000
-14.0253014939 -12.8638304865  -2.1159920263 -16.2914763019 -11.1218114159  -4.2225656285 -0.1540715671 -0.2145795678  1.0000000000  0.2167512357 -0.1267308921  1.0000000000
-15.8701141457 -11.1548020086  -5.0498182806 -15.5890409750 -12.0824577094  -3.7044075245  0.2280028250 -0.0150659499  1.0000000000  0.0482235930 -0.0525404370  1.0000000000
-16.3352774173 -13.4787355125  -4.5027856794 -15.4885240622 -11.9301484906  -3.2153409589 -0.0594563357  0.0127996015  1.0000000000  0.0197967167 -0.1546866450  1.0000000000
-16.7220983409 -10.6927036356  -4.7390196711 -13.8813598109 -11.5405044128  -4.6188050217  0.2120007188 -0.0953242510  1.0000000000  0.1804261567 -0.0219864246  1.0000000000
-15.4712013214 -13.2936092767  -6.0537338018 -12.7187034212 -12.6780218504  -3.9293362147  0.0382310277  0.1904032320  1.0000000000 -0.0114413388  0.0240434639  1.0000000000
-13.6606900925 -12.9744104045  -5.2883245334 -14.5272589209 -12.0481167347  -5.4098896898 0.0659140145 0.2068817233 1.0000000000 0.1438895069 0.0706879915 1.0000000000
-14.0262199582 -13.5928226268  -3.4766393619 -14.0396485123 -12.0665104813  -2.9357531817 -0.1593551609 -0.0052902813  1.0000000000 -0.0043792174 -0.1495938996  1.0000000000
-16.2282872011 -13.8080570495  -2.3555665034 -13.1655221141 -14.2198172312  -4.3804844000 -0.1604788715 -0.1796361830  1.0000000000 -0.1486837409  0.1620013687  1.0000000000
-15.2782873881 -13.5696260491  -5.2167632622 -15.9114378270 -10.5477667978  -3.8418718180  0.0056115866  0.1122576540  1.0000000000  0.1714770941 -0.1958401486  1.0000000000
-14.3352673036 -12.3084680985  -6.2943765992 -12.6718107780 -13.7478262133  -5.1903130054  0.1978928197  0.2042411479  1.0000000000 -0.0801405600  0.2367486853  1.0000000000
-14.9959708740 -13.3346111237  -2.8886629093 -12.8461730188 -11.7441322384  -5.6767971589 -0.0985791155 -0.1216131084  1.0000000000  0.2404402421  0.2031277721  1.0000000000
-16.4044949583 -12.6910385457  -3.0464874858 -13.0346028835 -12.1962800224  -3.7984067153 -0.0647618007 -0.1288447033  1.0000000000  0.0467902134 -0.0538991290  1.0000000000
-14.9829131448 -11.6185780857  -3.9242624278 -14.8689037296 -12.7286582973  -4.2523470768  0.1212990265 -0.0970008008  1.0000000000  0.0076358217 -0.0144302075  1.0000000000
-15.7464467266 -13.0801650981  -3.0689419444 -12.8504350334 -13.8903186034  -5.3304127298 -0.0773776802 -0.0809899025  1.0000000000 -0.0946600581  0.3206934049  1.0000000000
-12.9290573791 -13.2403759788  -3.4688906023 -16.0515360181 -14.0712435811  -4.3439492944 -0.1305022794  0.0089103260  1.0000000000 -0.1239997672  0.0626002584  1.0000000000
-14.0110485480 -11.9545608090  -2.9238406441 -14.6188447312 -12.9777474174  -3.0404041258  0.0177267891 -0.1960995255  1.0000000000 -0.0797069534 -0.1115539485  1.0000000000
-14.2093777939 -12.1681245678  -2.8664792423 -15.5318713062 -10.9817855061  -4.2937444951 -0.0474010196 -0.1933126101  1.0000000000  0.1854295438 -0.1366842830  1.0000000000
-13.1860102297 -14.2728743779  -4.4066185136 -16.2790204878 -12.0640921434  -4.4475959742 -0.2034612506  0.1458048702  1.0000000000  0.0616021317 -0.0498336427  1.0000000000
-14.5202703276 -10.4749393647  -3.6668438161 -15.4098470618 -11.0009550468  -4.3849660501  0.2134544039 -0.1711710057  1.0000000000  0.1705002274 -0.0541546992  1.0000000000
-12.8013810859 -12.5616368112  -3.1886406893 -13.9763956316 -10.3872526140  -4.2834486420 -0.0659641710 -0.0742397857  1.0000000000  0.2972459714 -0.1206203501  1.0000000000
-14.4924113106 -13.9025383367  -3.7360604633 -16.8831871782 -12.1243257003  -2.8347855627 -0.1259036507  0.0224749852  1.0000000000 -0.0099127412 -0.1949748703  1.0000000000
-13.7957058857 -11.7916276416  -3.7640637298 -15.7856027637 -10.4897432967  -3.5151656715  0.0998202270 -0.0951987548  1.0000000000  0.1693993869 -0.2104586824  1.0000000000
-15.0829563990 -11.5025958842  -3.7807955525 -15.7567900134 -13.5468404642  -2.3462419820  0.1051209017 -0.1188938017  1.0000000000 -0.2141862927 -0.1609772820  1.0000000000
-14.0942682837 -13.6950744453  -3.6589272284 -14.0346285302 -11.9797955841  -2.9883967853 -0.1463554197  0.0220304039  1.0000000000  0.0313070660 -0.2072537540  1.0000000000
-13.5786182009 -10.6677275490  -3.6731975672 -14.7608279368 -13.9229033737  -3.4726265218  0.2099621265 -0.1950927240  1.0000000000 -0.1677423965 -0.0445004606  1.0000000000
-14.3363376728 -12.9532362236  -6.2317964065 -15.0004416236 -12.9489021552  -6.3042904746 0.1163401234 0.2436877133 1.0000000000 0.1442966497 0.1534760442 1.0000000000
-13.4704629342 -13.5345707504  -2.0745029922 -15.2884577151 -15.0955685286  -4.9243855384 -0.2771460173 -0.1888785750  1.0000000000 -0.1685532026  0.1458862859  1.0000000000
-15.2431399370 -13.3687491899  -3.8311398274 -14.3056119186 -12.1931918219  -2.9554275045 -0.0796290241 -0.0279132907  1.0000000000 -0.0265626439 -0.1709082499  1.0000000000
-14.2945931553 -11.1253625022  -5.3738567499 -14.7569741626 -14.5994471279  -4.8805657345  0.2660380661  0.0424797076  1.0000000000 -0.1604494507  0.1370960372  1.0000000000
-13.5173793847 -12.0466414865  -2.0662279484 -16.3998942145 -11.8501205953  -5.5101204369 -0.0944914040 -0.2949131587  1.0000000000  0.1817002602  0.0748991491  1.0000000000
-13.4124066634 -10.6186134407  -3.2555392641 -15.4305791813 -12.4775405390  -6.0588365176  0.2181076944 -0.2251125454  1.0000000000  0.1195645860  0.1187853909  1.0000000000
