883.4000000000
0
50
-12.3223449690 -10.7230214712  11.0994281613 -13.4042793601 -10.4290945472  10.0787880776 -0.0466996252  0.1496384653  1.0000000000 -0.2010829749  0.1776089668  1.0000000000
-10.9752087733 -13.2171724570  11.5868402624 -12.7067604610  -9.7081641648  10.4506381894  0.2175817960 -0.0849342483  1.0000000000 -0.0641693860  0.3143782226  1.0000000000
-10.5418333553 -11.9190601540  10.1439923575 -13.2259532713 -12.1793252498  12.0664399296  0.3164575246  0.0002870026  1.0000000000 -0.0534934177  0.0293314608  1.0000000000
-11.7540259621 -13.1120314513  10.9993774197 -10.8355163186 -10.4226051843  11.2401514201  0.0881160737 -0.1679346636  1.0000000000  0.2282714999  0.2127407476  1.0000000000
-14.5013030054 -13.1614176872  10.8200940098 -11.7503214969 -12.4583450573  11.0835529497 -0.1960991233 -0.1704747047  1.0000000000  0.1021634975 -0.0138571120  1.0000000000
-12.3525914801 -11.1090223117  11.2088873947 -13.6219019741 -11.0330997252  12.9217835636  0.0099748993  0.1292792207  1.0000000000 -0.1051192014  0.1624835297  1.0000000000
-12.8236666040 -13.1732406657  13.0991206648 -12.7403402752 -12.6300601239  12.9183292304  0.0043050731 -0.0423897832  1.0000000000  0.0189034978  0.0208190668  1.0000000000
-14.0268660604 -11.2586789797  10.0096518154 -12.0329704403 -12.6156969018   9.6669430339 -0.2667451889  0.0647918029  1.0000000000  0.0401104416 -0.2039868317  1.0000000000
-11.2597672914 -11.5503340866  11.7073953495 -11.1825661567 -10.2504118894  10.7998246344 0.1672545195 0.0926644921 1.0000000000 0.1421413895 0.2540111865 1.0000000000
-11.4964065526 -12.9761920928  13.4373572117 -13.6639331785 -11.1178197868  13.5396946404  0.1389875691  0.0240354935  1.0000000000 -0.0683329965  0.1667659103  1.0000000000
-14.6432572318 -12.9663211506  11.3270921859 -10.9335862535 -13.5221191054   9.8716696533 -0.2152956496 -0.0925359595  1.0000000000  0.2230450654 -0.2254432713  1.0000000000
-13.6171545398 -13.4863303570  10.3031605955 -11.9251659567 -10.9962604227  13.8120439135 -0.1139341318 -0.2191235434  1.0000000000  0.0857875162  0.1782792942  1.0000000000
-13.4684979185 -13.2257403488  10.7329513689 -12.4635974755 -13.0369524888  11.1410014267 -0.1271460081 -0.1785657186  1.0000000000  0.0218795213 -0.1287245075  1.0000000000
-13.0969604835 -10.6096988345   9.7345170228 -14.0911948144 -10.8930889247  12.7823435236 -0.1820515501  0.1471660362  1.0000000000 -0.1391710832  0.0997772131  1.0000000000
-11.9977646059 -10.9800586824  12.0436773363 -12.3711290271 -10.7936868624  11.4531676811  0.0580743788  0.1890655061  1.0000000000 -0.0265990863  0.1525258075  1.0000000000
-11.8139590487 -12.5347441642  12.2754123496 -11.4520889047 -12.0432726526  12.5369531332  0.1267320513 -0.0057928005  1.0000000000  0.1608556549  0.0525924098  1.0000000000
-11.2760118530 -14.1857121638  11.2967961210 -11.3030907670 -10.8403672123  13.2547292151  0.2065533694 -0.2269216228  1.0000000000  0.1457362868  0.1975594079  1.0000000000
-10.5876351690 -12.6086357888  11.6557746085 -13.5299684535 -10.5723384243  12.6811289899  0.2811192726 -0.0085593249  1.0000000000 -0.1276533941  0.2077107148  1.0000000000
-10.3095859136 -10.3448890219  11.5289369163 -11.1166746522 -11.1585962635  11.9742028188 0.2865998771 0.2957609357 1.0000000000 0.1588768397 0.1538295278 1.0000000000
-12.0734346019 -12.9624341169  11.7486155937 -12.2606087464 -10.8662790227  10.6285757080  0.0679699063 -0.0979860628  1.0000000000 -0.0426646565  0.1837407698  1.0000000000
-10.9606409483 -12.8878428236  12.3989191512 -12.2541309562 -13.5107537548  10.6777735811  0.2683129941 -0.0210696645  1.0000000000  0.0197002845 -0.2076356939  1.0000000000
-11.7715235375 -11.2479399797  10.6287178938 -11.8472181981 -11.9675727833   9.8132174003  0.0702675028  0.0931902872  1.0000000000  0.0384684552 -0.0039381467  1.0000000000
-14.6173311287 -10.7497993660  13.0301644785 -11.0622704140 -12.2873873579  13.4209155756 -0.1712023868  0.1997519201  1.0000000000  0.1922005463  0.0282000860  1.0000000000
-10.3516373506 -10.4053343853  10.9393601983 -11.2773215955 -12.2133413153   9.9941767394  0.3129636476  0.2262815798  1.0000000000  0.1730048035 -0.0750725063  1.0000000000
-14.7712870398 -14.2008621268  12.0333684897 -11.5007576266 -13.4578528689  11.5728929075 -0.1627648551 -0.2205414667  1.0000000000  0.1124574627 -0.1272645642  1.0000000000
-12.9735410239  -9.8893440785   9.9746221226 -13.6241618931 -13.2618100395  12.8605480418 -0.1702942878  0.2716749840  1.0000000000 -0.0424240309 -0.0770414344  1.0000000000
-10.5906351808 -12.3924374391  12.0520928655 -12.4094709177 -11.2971820540  10.1924680505  0.2702131686  0.0244442720  1.0000000000 -0.0319006665  0.0236591728  1.0000000000
-13.3679996722 -12.2410877563  12.1031283525 -10.9218726888 -13.0652871739  12.5198820758 -0.1053795969  0.0227612046  1.0000000000  0.2528026136 -0.0356075026  1.0000000000
-11.1545126499 -12.4253817042  12.4351009669 -13.3954721171 -11.5794604620  11.7959045522  0.1941276832  0.0161430546  1.0000000000 -0.1409653168  0.0528408468  1.0000000000
-13.1522020489 -11.5673743264  10.6729821681 -12.5254866046 -13.3971790830  10.5258053179 -0.0887880213  0.0280172082  1.0000000000  0.0125346331 -0.2112273942  1.0000000000
-12.6899440735 -12.9795821889   9.7346553092 -11.6921255903 -13.4977180833  10.7875469987 -0.0821138161 -0.1796028898  1.0000000000  0.1516330785 -0.2238828768  1.0000000000
-13.6580367919 -11.4914868388  12.3517388103 -11.2799456790 -11.2933625782  13.0123726736 -0.1162369539  0.0767290602  1.0000000000  0.1810274300  0.1382735399  1.0000000000
-12.7589090374 -11.4089017692  10.1252902687 -11.6370132993 -13.0485901350  11.3091265651 -0.1105202167  0.0158010572  1.0000000000  0.1441434948 -0.0941956199  1.0000000000
-13.1722351883 -10.1593720234  11.6542508152 -10.7435688641 -11.9328299373  11.2342417941 -0.1116702154  0.2718652269  1.0000000000  0.2150166334  0.0774492968  1.0000000000
-12.6043198325 -10.7368608610  12.3102487930 -12.5978006577 -13.4696158854  12.6868487297  0.0261653528  0.1809355837  1.0000000000  0.0849781082 -0.0691897131  1.0000000000
-11.4344875339 -12.3254396153  11.1521154306 -11.1239494290 -11.3421934638  13.2418272420  0.1521911516 -0.0433757829  1.0000000000  0.1374499316  0.1499645704  1.0000000000
-12.1315199114 -11.8145853030  11.6074218521 -13.0536012512 -12.9720118673  12.0436691813  0.0353271802  0.0387992080  1.0000000000 -0.0305116743 -0.0294211897  1.0000000000
-10.6704734452 -12.5194597097  12.0877085946 -13.5729146422 -10.6143321214  13.3886903974  0.2202355954 -0.0269443163  1.0000000000 -0.1237408151  0.2320549591  1.0000000000
-13.6471647483 -12.3577119367  11.7024264617 -11.5865454995 -11.7270421101  13.5699051627 -0.0825145614 -0.0458249940  1.0000000000  0.2033859035  0.0904824087  1.0000000000
-12.0495388629 -13.0102014033  12.6508395495 -10.5164443867 -12.9769038712  10.7317129048  0.0866837341 -0.0822223487  1.0000000000  0.2901774029 -0.1293735517  1.0000000000
-13.0537533696 -11.8256727911  12.9578534883 -13.4589763268 -12.2595477177  11.6387797131 -0.0073004511  0.0421739703  1.0000000000 -0.0941070278 -0.0327133670  1.0000000000
-10.8816235992 -10.6108189403  12.3124111064 -13.1639182070 -10.7260681666   9.8995685091  0.2385045681  0.2457902701  1.0000000000 -0.1541068791  0.1404751950  1.0000000000
-11.7993548612 -13.1247205579  11.3523886689 -11.8839415007 -13.4224697979  11.1832402005  0.0912789201 -0.1165837979  1.0000000000  0.1075436889 -0.1477868498  1.0000000000
-14.0889485501 -10.9236451445  12.5601838377 -10.3928581520 -10.8673237852  10.2532168412 -0.1313216340  0.1592669992  1.0000000000  0.2655010255  0.1890472200  1.0000000000
-13.5732120313 -12.0752649015  12.5549358039 -12.0826021581 -10.8489999547  12.0137314770 -0.0932124859 -0.0154219950  1.0000000000 -0.0019315488  0.1705795627  1.0000000000
-13.3658706253 -11.1153334484  11.4954600360 -12.1215043015 -13.3336760077  12.9765721229 -0.0938064146  0.0870288365  1.0000000000  0.1089194641 -0.0441389551  1.0000000000
-11.4160152274 -10.5873966307  10.8862394915 -12.4395625616  -9.9273489353  10.2774839914  0.0968253138  0.2247251426  1.0000000000 -0.0447128794  0.2436660528  1.0000000000
-11.7587755960 -12.1732642842  10.6542157742 -11.5283392846 -11.1841315201  14.0222882531  0.0955020254 -0.0562652545  1.0000000000  0.1596948943  0.1780845926  1.0000000000
-11.9500913579 -11.5814499059  12.4321076137 -13.0211457367 -11.5060482225  12.7039766951  0.0814922204  0.1056232925  1.0000000000 -0.0306525923  0.0968655271  1.0000000000
-10.7717549006 -12.4171251883  12.5636747656 -11.7796856995 -14.4591455914  12.9404364497  0.2425655106 -0.0140297810  1.0000000000  0.1826568229 -0.1894304360  1.0000000000
