240.2000000000
0
50
13.7537072108  5.5078429055  5.4581218842 14.5025267228  5.6233019999  9.4971540516 -0.0129105813 -0.0979582612  1.0000000000  0.2376677858  0.1186749465  1.0000000000
13.5535992213  4.3145075262  6.7132868307 13.5823606592  5.9300974883  8.5060854921 -0.1094015465  0.0871816066  1.0000000000  0.2428072204  0.1294317009  1.0000000000
13.0362645092  4.9509100751  6.7861050606 16.1534834141  4.7164789996  5.3651738548 -0.0103574868  0.0708911718  1.0000000000 -0.1558078375 -0.2200979556  1.0000000000
13.1274036472  4.3576525824  6.1400091496 14.0510690567  3.3153899521  6.2686250752 -0.1289153796  0.0387954745  1.0000000000 -0.2237293121  0.0659234512  1.0000000000
14.2403895441  6.3742210322  6.9949181005 14.1599645431  3.3563819934  8.2032302167  0.1586961374 -0.0883182536  1.0000000000 -0.0935411873  0.2003102729  1.0000000000
13.8694561736  6.3616902157  5.2639471186 13.5922108322  3.8845041056  8.0560334296  0.0374944829 -0.2252247135  1.0000000000 -0.0314315474  0.2131951773  1.0000000000
14.9713013730  4.0526268970  5.3995136069 14.7174303082  5.3956576427  9.0002047041 -0.1968709840 -0.1554107139  1.0000000000  0.1521788422  0.1114966975  1.0000000000
14.1199226520  3.8951649784  8.6689771356 13.0523852966  4.9899272405  6.8526167856 0.0161013013 0.2344172872 1.0000000000 0.0272708673 0.1091581827 1.0000000000
13.4340908990  3.1709687175  6.8592061993 15.2935449676  6.2003028575  7.1842915451 -0.1989460039  0.1830598692  1.0000000000  0.1010951978 -0.0902463234  1.0000000000
14.8648640110  3.1630042051  7.0931756944 14.8092586449  3.7406761372  5.7296253691 -0.1868862896  0.0713542951  1.0000000000 -0.2110305693 -0.0396119558  1.0000000000
15.5406361520  3.6291614003  6.9052373771 15.1105364030  4.6533053670  4.6193226297 -0.1649746597  0.0034258271  1.0000000000 -0.2004794728 -0.2562655483  1.0000000000
15.3615782907  4.2844816449  7.3523727477 16.0867043795  3.7746644474  6.4846679178 -0.0568950744 -0.0006454781  1.0000000000 -0.1115913852 -0.0642572405  1.0000000000
16.1074759334  4.3399053563  5.3066049458 13.6196319161  6.5645694046  6.2333293186 -0.1529361173 -0.2208335474  1.0000000000  0.1734875085 -0.1333351073  1.0000000000
14.5752544476  4.8311441659  7.9868132881 15.5418986416  6.3101658979  7.8641045136  0.0128553467  0.0684682227  1.0000000000  0.1427636186 -0.0691918002  1.0000000000
15.4251331375  6.0005369988  5.9233419540 14.5239535425  6.2324221690  8.3318170700  0.0542741130 -0.2173274421  1.0000000000  0.2071235363  0.0441918995  1.0000000000
15.3039046883  4.8848729082  6.8918366320 15.0014752779  4.1481025734  8.3607991662  0.0013766162 -0.0581358899  1.0000000000 -0.0057656217  0.1179186023  1.0000000000
15.4988350988  6.2534012777  9.0849126215 13.9192401557  4.7982666365  6.0657630785  0.2358137772  0.0238487452  1.0000000000 -0.0788330979 -0.0501126255  1.0000000000
14.9382867197  5.5305645703  5.6086744385 14.7213738624  6.0734128963  6.8663060335  0.0065303238 -0.1956796398  1.0000000000  0.1186956021 -0.0958532528  1.0000000000
12.5511195584  3.8154983470  7.5703859896 14.7734173202  4.9001321287  8.9014116784 -0.0520822606  0.3081600499  1.0000000000  0.1277659348  0.1386168372  1.0000000000
15.2085251490  6.1152943236  7.4771003054 12.4606585145  3.7391411199  7.4351365703  0.0959958783 -0.0856193181  1.0000000000 -0.0797911249  0.2553345658  1.0000000000
12.6735804624  5.6819857140  7.2430265846 14.5210953091  4.8202358300  7.2292290423 0.1677666349 0.0870461993 1.0000000000 0.0098183495 0.0207945618 1.0000000000
13.0493348674  3.8680935388  5.1183743424 12.1975818709  4.7280639823  6.8679646822 -0.2562210388  0.0277626096  1.0000000000 -0.0206745839  0.1722730829  1.0000000000
14.5034319116  6.0145752688  6.2490036469 14.6501657348  5.7163275765  9.1340278486  0.0176068535 -0.1400080936  1.0000000000  0.1883240141  0.1283974659  1.0000000000
15.1950659554  7.3991264397  6.4659577861 14.7302185490  4.7588208065  9.1012336034  0.2499016381 -0.2410897935  1.0000000000  0.1038228713  0.1346746278  1.0000000000
14.6941201800  3.3719742228  6.2969884176 13.4344163554  3.0839613484  6.4456745645 -0.1968980724  0.0606362892  1.0000000000 -0.2364548866  0.1651401088  1.0000000000
13.9341779314  4.8643914976  8.9804386617 14.0690064734  4.3936887397  6.3186050064  0.1001205259  0.2303834454  1.0000000000 -0.1449638750 -0.0334758463  1.0000000000
15.3516432753  5.5963641523  8.4744900321 15.4786320429  4.8081620492  8.3125534107 0.1188090391 0.0229199085 1.0000000000 0.0265896880 0.0863207296 1.0000000000
14.9100215334  7.2222800937  6.0817771864 11.9918593541  5.1146686150  6.9902830883  0.1906812546 -0.2501334571  1.0000000000  0.0845256771  0.2078182145  1.0000000000
16.1280437572  5.4142281769  7.4748834534 16.1778182659  5.2571852816  6.6127717453 -0.0017627421 -0.0588451506  1.0000000000 -0.0014440260 -0.1563200702  1.0000000000
13.7316394832  6.2147488178  8.7303239092 15.3947514485  6.7058438548  6.5391429186  0.2798722260  0.1218040376  1.0000000000  0.1330066969 -0.1915662261  1.0000000000
14.1292115427  5.0885375771  8.3333555090 14.7438217745  4.8235811876  5.0951020251  0.0866373701  0.1646091208  1.0000000000 -0.2109982443 -0.1499768095  1.0000000000
15.7228389127  6.7414477132  6.4844582752 13.2153314335  3.7896932677  7.7789189693  0.1396980031 -0.1963787480  1.0000000000 -0.0611753865  0.2006780618  1.0000000000
13.1243379959  5.3205156861  5.3085230810 15.9866626128  4.0001421192  6.6009239733 -0.0926482209 -0.0679149299  1.0000000000 -0.1475593270 -0.0995516904  1.0000000000
14.6176545065  5.5320658179  6.1735625093 13.5427132851  6.7711182718  5.2395530398  0.0360771323 -0.1451236189  1.0000000000  0.1529727978 -0.3148790883  1.0000000000
14.0243364494  4.4892569544  7.0843236595 14.8502243798  5.5993643384  6.0948214504 -0.0425753012  0.0836159271  1.0000000000  0.0231186618 -0.0937295110  1.0000000000
12.8448615197  3.7445167041  6.8489495823 16.4660946635  4.9710309241  6.7932176543 -0.1246316612  0.2314338078  1.0000000000 -0.0385686144 -0.1705936621  1.0000000000
12.3937539450  4.4363349779  7.0059850718 16.1813318021  4.7720887815  6.8440334717 -0.0249524157  0.2221795556  1.0000000000 -0.0087880973 -0.0814479782  1.0000000000
13.8698769599  6.4006562975  6.3439627371 15.7375692172  4.1863458999  5.3367119966  0.1445007887 -0.1018644208  1.0000000000 -0.1861881138 -0.2072913406  1.0000000000
15.3227188145  4.0965105847  7.4619112742 13.5153027430  4.7811570691  6.7150674201 -0.0829069872  0.0259204729  1.0000000000 -0.0713593432  0.0273931349  1.0000000000
17.0198195986  4.0384393031  5.8401424002 13.9333342002  4.3238491355  6.3810148567 -0.1840269586 -0.1875005877  1.0000000000 -0.1361956270 -0.0024547874  1.0000000000
15.1497428234  2.9281888520  7.6847996719 12.6971987590  4.3459303029  6.3830703331 -0.1377916855  0.1112820234  1.0000000000 -0.1293631200  0.1202317549  1.0000000000
13.8536798954  3.2418227912  7.2133725391 15.4247504875  4.0419284320  8.3187932885 -0.1520342806  0.1461996271  1.0000000000  0.0167622740  0.1331723362  1.0000000000
12.6582315205  5.0269994064  8.3609781223 12.4384245806  6.4586489478  7.0644325936 0.1518135284 0.2742653164 1.0000000000 0.2444339015 0.0768354081 1.0000000000
13.2462692000  5.3233710159  5.8034561995 13.8984214798  3.0968191738  6.4977416900 -0.0442648668 -0.0949191775  1.0000000000 -0.2272040607  0.0889887447  1.0000000000
15.3865662815  3.0654942740  7.4461199161 16.6967319068  6.0842430576  6.9867188706 -0.1072443059  0.0818221795  1.0000000000  0.0881043023 -0.2275275171  1.0000000000
12.5428180749  4.2061190981  7.4644810961 14.9635569210  4.8518813203  4.6574949272 -0.0106821167  0.2323962730  1.0000000000 -0.1728706018 -0.2557859561  1.0000000000
14.5750975867  6.3920833810  8.4601772656 15.3609664885  5.3977258125  8.0495302392 0.2046543958 0.0257468730 1.0000000000 0.1102329805 0.0008078014 1.0000000000
12.7845851867  5.1091449131  7.7275371322 15.3045173417  3.0858071165  8.4629115309  0.0723795024  0.1699785261  1.0000000000 -0.0675420320  0.1307231644  1.0000000000
14.4356244596  4.3792623561  9.3447174441 13.8504176963  4.9720743391  6.0935285855  0.0585335578  0.2235348604  1.0000000000 -0.0103135460 -0.0603263970  1.0000000000
14.3748596616  4.1281317489  5.1873817540 14.8471534045  4.3660071109  5.3966597155 -0.2198260390 -0.0924527521  1.0000000000 -0.2065499342 -0.1174777612  1.0000000000
