155.9000000000
0
50
-3.8005510575  9.5852745317  4.2727646424 -2.7475121981  8.2801576615  3.1644252611  0.1951821809 -0.0279906120  1.0000000000  0.0220110632  0.0096715289  1.0000000000
-4.2671145758  7.5141969358  3.0719954474 -5.4732550604  7.2952685909  0.7228815068  0.0486251521  0.0294967767  1.0000000000 -0.1560702248 -0.3045449347  1.0000000000
-3.0023633084  7.3268115749  4.4776317535 -5.4524091568  8.4289223202  3.7436822432  0.0976209272  0.1659188541  1.0000000000  0.2221374182 -0.1260199449  1.0000000000
-5.8551330725  6.6770987633  2.6323357542 -1.6310454889  7.4175775727  2.2570812398  0.0470742793 -0.0874881441  1.0000000000 -0.1490004886  0.0569443321  1.0000000000
-5.9876740025  8.3906714434  2.9008674028 -3.1071175390  9.2790787265  1.6391022033  0.1750044111 -0.1562762594  1.0000000000 -0.0513078573 -0.1821942324  1.0000000000
-5.3682463174  8.6838672708  2.6041061881 -4.7971773095  7.9554715460  1.0300480530  0.0769875602 -0.2115931423  1.0000000000 -0.1333257173 -0.2498946949  1.0000000000
-3.4520649304  8.6714305046  4.0536395987 -4.4454051594  7.0231184000  4.3416246909 0.0883589093 0.0722555180 1.0000000000 0.1131686194 0.1041720983 1.0000000000
-3.9596165762  8.0257136332  3.4959671994 -4.7605534580  6.4086125521  5.4760897497  0.0907168428 -0.0224955304  1.0000000000  0.2354766482  0.2508941446  1.0000000000
-5.4228507769  7.4689719867  1.1518390572 -5.1141162151 10.1987398410  3.4049312055 -0.0946301393 -0.2194343889  1.0000000000  0.2365374694 -0.2158770345  1.0000000000
-2.5709609354  8.0594336124  1.6210162049 -3.3531076177  7.8196754835  1.8432773245 -0.1617278149 -0.0508400654  1.0000000000 -0.0944113523 -0.0563862044  1.0000000000
-4.6661834707  4.9245661459  3.0761449022 -3.6464685200  8.3052661486  2.0930187620 -0.1217942184  0.2562018854  1.0000000000 -0.0437018091 -0.1066475201  1.0000000000
-7.0857934454  7.5474554027  3.1541917840 -3.5249409574  8.0237233310  3.8597747733  0.3230935147 -0.1992677421  1.0000000000  0.0937007210  0.0468666338  1.0000000000
-3.8294361752  7.4073396149  1.4137533434 -4.2473052980  5.6411108545  1.9900653843 -0.1467324981 -0.1116417709  1.0000000000 -0.1580878039  0.0675124963  1.0000000000
-4.0367791435  5.0236612593  2.7497763412 -3.4531108115  6.3680530089  2.5168397263 -0.2041811323  0.2126453972  1.0000000000 -0.0975487844  0.1085418564  1.0000000000
-4.4094785676  7.2580923921  3.3223876191 -5.2918096547  8.8919743631  3.6886441715  0.0482548298  0.0745194795  1.0000000000  0.2215565634 -0.1156392422  1.0000000000
-4.2588190143  9.2186169289  3.3691627362 -5.2629192553  6.9306318849  0.1644262579  0.0840533454 -0.1148014880  1.0000000000 -0.2212484488 -0.2975357458  1.0000000000
-4.4966778970  8.1680932253  0.8864157414 -4.5482114408  7.0527981761  4.6645224075 -0.1342243560 -0.2338657048  1.0000000000  0.1780317044  0.1391740188  1.0000000000
-4.9873022232  6.1596025026  1.1410646189 -5.3669410915  7.1597473351  3.5399330333 -0.2282043723 -0.1105885385  1.0000000000  0.1361235084 -0.0133884556  1.0000000000
-4.3682971233  6.9642287374  3.5040550988 -4.0855106097  8.3120223236  1.2337757131  0.0345690527  0.0954033750  1.0000000000 -0.0999816748 -0.1799672930  1.0000000000
-3.6633468543  8.6673587650  4.1825658967 -4.1490994055  7.4027202217  0.6208607819  0.1296905547  0.0253190968  1.0000000000 -0.2212255628 -0.1666048395  1.0000000000
-3.3696537166  5.6418780005  3.4636989498 -5.5704050640  7.1912603893  1.2145242553 -0.1139122518  0.2206537015  1.0000000000 -0.1382647181 -0.2385186969  1.0000000000
-4.4640994753  6.0692678938  2.5901037845 -4.3666206240  7.7109053566  0.6028622118 -0.0759987461  0.0722182108  1.0000000000 -0.1941381178 -0.2272481172  1.0000000000
-5.2504236952  7.5449309529  1.7313665994 -5.3274627008  8.0179218386  3.9801458842 -0.0551231859 -0.1612175656  1.0000000000  0.2210374647 -0.0533247239  1.0000000000
-4.5737208066  5.6615776389  3.7839824283 -3.6879637327  8.3045236454  3.4125935598 0.0359775384 0.2122525357 1.0000000000 0.0916817194 0.0177977317 1.0000000000
-5.2375422731  5.9555865582  1.3081146009 -2.2887106181  7.1908794566  3.2295392177 -0.1836219661 -0.1051612921  1.0000000000 -0.0510769286  0.0893087101  1.0000000000
-3.1270596260  8.7803889263  1.5277638480 -4.9960607350  6.7110840180  1.9062974816 -0.1369702303 -0.1568595272  1.0000000000 -0.0886312192 -0.0885421835  1.0000000000
-4.8314276246  8.0068708670  4.5165897459 -2.9477136619  8.6972786156  0.4120776262  0.2293568454  0.0675074393  1.0000000000 -0.2294982987 -0.1917977405  1.0000000000
-2.3702494043  8.4936970209  1.7083730838 -4.1305705193  6.5675660905  3.8373694790 -0.1377874258 -0.0490251512  1.0000000000  0.0635174911  0.1057626659  1.0000000000
-3.7785576786  5.6376233371  3.7881156525 -3.5766670300  8.4304201988  4.9378445005 -0.0032583736  0.2736089175  1.0000000000  0.1814988761  0.0927536264  1.0000000000
-3.3123415258  6.2805966452  2.8013441138 -2.6709746804  6.8058983773  1.8188803802 -0.1063586680  0.1357334911  1.0000000000 -0.1975728246  0.0663182795  1.0000000000
-2.3156160161  8.1626631773  2.2269149664 -4.8260864715  6.1771082644  3.4520063753 -0.1104249461  0.0032217988  1.0000000000  0.0284096385  0.1165998072  1.0000000000
-3.8181186194  7.5142553124  1.1479860431 -4.2518722258  7.7320875126  0.9072377695 -0.1975737879 -0.1415978087  1.0000000000 -0.1628457470 -0.2131829247  1.0000000000
-4.9278961661  8.3042665679  1.9028457004 -3.2549704729  7.3115215329  2.3141136627 -0.0173823118 -0.1862605012  1.0000000000 -0.0718432758  0.0326433087  1.0000000000
-3.7888055162  5.3187134627  2.7585621205 -4.1869435783  8.0087110790  4.7986770322 -0.1644843464  0.1773023697  1.0000000000  0.2031211873  0.0922733179  1.0000000000
-4.8692274078  8.6601236686  2.6661824796 -2.0762918281  7.0027129003  3.1710084472  0.1040883947 -0.1558751456  1.0000000000 -0.0832746324  0.1030493699  1.0000000000
-2.9635349333  7.9850630110  4.5413730802 -4.2851805215  4.8724020983  3.7293454091  0.0959185219  0.1093993242  1.0000000000 -0.0375491711  0.3128903501  1.0000000000
-3.9377865444  7.8724069959  3.5577496820 -4.7064544022  9.6619458795  2.6740854544  0.0802137716 -0.0207331758  1.0000000000  0.1264123311 -0.2124267025  1.0000000000
-3.5350926881  9.0143270143  4.3085790275 -4.7070842136  7.7383187174  1.6810595464  0.1477543008  0.0389605945  1.0000000000 -0.1010789796 -0.1518358944  1.0000000000
-3.1774175897  7.5710088666  1.8894587042 -4.5394425264 10.0788257940  3.2656688849 -0.1206956872 -0.0648396319  1.0000000000  0.1366776420 -0.1814022424  1.0000000000
-2.0481634250  7.0488929391  2.1808837927 -4.9709987640  7.9214506613  4.1598919296 -0.2078550238  0.0563738373  1.0000000000  0.1967320832 -0.0128802438  1.0000000000
-4.0447973937  8.5264783201  3.3515769051 -4.6909604403  7.5339917812  3.4599931556  0.1087830778 -0.0401029438  1.0000000000  0.1310993985 -0.0412059790  1.0000000000
-3.2081240099  8.7327017209  1.3904216204 -2.9045278164  5.8783556445  3.3059726977 -0.0908028773 -0.1554434873  1.0000000000 -0.1181857092  0.1724842750  1.0000000000
-4.7977523669  6.2298459926  4.6570556875 -6.6292869319  7.5452332073  3.6998611638  0.1700388760  0.1751656774  1.0000000000  0.3173805559 -0.0956291108  1.0000000000
-4.9511798378  8.3132099308  1.3099978147 -2.8865682052  6.7177895713  3.9422935993 -0.0448579493 -0.2331216777  1.0000000000 -0.0205624200  0.1770054794  1.0000000000
-2.8892680180  6.3119533421  2.4339306868 -4.6664381832  8.5794510931  2.7433872188 -0.1723513065  0.1073708306  1.0000000000  0.0782738402 -0.1057460645  1.0000000000
-2.4427638385  5.4497943222  2.7075911253 -5.3576890990  6.7722605214  2.6905846763 -0.1974538463  0.1901885434  1.0000000000  0.0192051893 -0.0660971734  1.0000000000
-3.8914867756  9.1610973451  3.1432652381 -5.1197092574  5.7224105822  3.8400403137  0.0956385807 -0.0984532912  1.0000000000  0.0842022378  0.2052438556  1.0000000000
-5.4645714955  8.0634278403  1.7073227863 -6.4999221161  7.7375553463  2.8241564779  0.0409524639 -0.2279890319  1.0000000000  0.1606215002 -0.2099742822  1.0000000000
-5.7330690259  6.4771781647  4.0132167900 -5.0226845891  8.1626235805  3.0713975166  0.1947194769  0.0517135220  1.0000000000  0.1504044143 -0.0879602960  1.0000000000
-2.0960926205  7.5672291187  3.8748706523 -5.7919114950  6.5992060097  3.1473069154  0.0052991457  0.1143357681  1.0000000000  0.1248428929 -0.0369872630  1.0000000000
