862.8000000000
0
50
 8.8230712226  5.2359380925 13.9144078107  9.8919040794  3.7927142682 13.7014879997  0.0509957018 -0.0123161840  1.0000000000  0.2510332023 -0.0221166549  1.0000000000
10.2136528276  6.6055491598 15.2598472206  8.6920315013  4.4864563282 13.1632484432 -0.1169322231  0.2009447572  1.0000000000  0.1367666122 -0.1094698368  1.0000000000
 7.3254378615  6.1547391696 14.0637115704  7.2273686433  5.2025215602 15.3084080760 -0.1743819187 -0.0663784703  1.0000000000 -0.1553966745 -0.2221235069  1.0000000000
 8.4758516538  4.7596883146 16.4223173894  9.7564756131  4.7696612901 12.1940945912 -0.1232378613 -0.1350886028  1.0000000000  0.3093984335  0.1095563139  1.0000000000
 9.8353473176  7.7323308190 15.1300482810  7.2058368999  5.4721495288 13.8648239244 -0.1902180979  0.2504120451  1.0000000000 -0.1322215597 -0.1633098340  1.0000000000
10.2355148696  4.0818113207 15.0557976376  9.3782712919  7.0809209958 14.1408638534  0.1461031493 -0.0284072631  1.0000000000 -0.1172493817  0.1826251504  1.0000000000
 7.9716112828  6.4906250372 14.6663262056  9.6433083642  5.3520543108 14.8646910949 -0.2265805901 -0.0066400790  1.0000000000  0.0099415711  0.0301049796  1.0000000000
 9.9588202581  4.5819156252 13.3205639421 11.4594430515  4.9846197367 13.3606876717 0.1873634066 0.0448520241 1.0000000000 0.2757632515 0.2549060498 1.0000000000
 9.4882814582  6.5305787953 15.8064005179 11.4744225961  4.3119442969 15.4725941819 -0.1542319733  0.1000819958  1.0000000000  0.0934369889  0.0863426768  1.0000000000
 9.9057464728  3.0232891075 15.8444071919  8.5743859138  5.1955513381 17.5126145919  0.1663989702 -0.1102951743  1.0000000000 -0.1398040978 -0.0957226112  1.0000000000
10.1556032268  6.2374561966 13.5414353265  7.3776783658  4.8305007444 13.8695700613  0.0660070968  0.2040407101  1.0000000000 -0.0488726794 -0.1805813461  1.0000000000
 9.4838584938  3.7649266050 13.5539310209 10.4233531129  6.2409590698 14.1881995488  0.2294623602 -0.0588837524  1.0000000000 -0.0083811377  0.2374410184  1.0000000000
 8.6621667231  5.0481336902 17.3786719122  9.6225135375  6.4926320815 16.5726929886 -0.1285319621 -0.1484459929  1.0000000000 -0.1356578227  0.0861199929  1.0000000000
 9.9644266746  3.5639001939 15.5698834778  9.5480320397  4.1227073077 16.7539196190  0.1692374108 -0.0659051962  1.0000000000  0.0166507567 -0.0945805318  1.0000000000
 9.3331669181  3.3890546977 16.0250911399  9.3356084366  2.8203243929 15.1900256536  0.1226810581 -0.1452578282  1.0000000000  0.2090125089 -0.1897145321  1.0000000000
10.1207976193  3.7001200885 15.3986047227  9.7849222306  3.7364542096 13.5734701984  0.1227023498 -0.0830378822  1.0000000000  0.2584208821 -0.0492139042  1.0000000000
10.3606667357  5.9760332182 15.8996855003  8.4791711330  4.7990272770 16.4287796061 -0.0792258537  0.1039279199  1.0000000000 -0.0844413535 -0.1270134714  1.0000000000
 7.8048077344  4.4744091825 14.5065504582  9.7869853899  7.4978769549 14.7878813400  0.0190350515 -0.1953428311  1.0000000000 -0.1980419877  0.2029410342  1.0000000000
10.0657849908  6.0180043448 14.7392474801 10.0941739257  5.4055649424 13.5991303696 0.0081246682 0.1722296890 1.0000000000 0.0871929541 0.1277147536 1.0000000000
10.9090039000  4.1581900916 15.1950331364  9.6235136959  3.3088537561 14.2988527067  0.1628890539  0.0605296895  1.0000000000  0.2242348379 -0.0887052949  1.0000000000
 7.5675112034  4.6706643158 15.3665847149  9.0764133354  4.4974628865 13.5276203093 -0.1271897455 -0.2187891196  1.0000000000  0.1438140011 -0.0411723523  1.0000000000
 7.9868568972  4.7267538675 14.1244870146 11.2091751904  5.8056120738 14.2212531193  0.0141142180 -0.1470833711  1.0000000000  0.0640471986  0.2208795947  1.0000000000
 9.9894127231  3.2452218925 15.6677211084 10.1071003830  4.8515730293 13.5583822027  0.1595568858 -0.1390811696  1.0000000000  0.1740492940  0.0767190109  1.0000000000
 8.6148675194  4.1112776667 14.9718062554  9.9613019288  5.2529665394 16.6381541766  0.0749329202 -0.1544020011  1.0000000000 -0.0577082997 -0.0028051075  1.0000000000
10.0551227717  3.2762382846 14.7141056170  9.8080361277  6.8129651663 15.0114246763  0.2135331516 -0.0559282613  1.0000000000 -0.1036904535  0.1606823814  1.0000000000
 8.1903307612  5.0917173654 15.3083893954 10.3299507067  4.1324675479 15.3289845952 -0.1052004968 -0.1300630202  1.0000000000  0.1195248817  0.0038305918  1.0000000000
 8.9113096683  7.0638574769 15.7358217898  8.6529889615  3.4682525902 12.6726440211 -0.1805712039  0.0722263245  1.0000000000  0.3497007530 -0.1633436646  1.0000000000
 8.1527408832  4.6666708399 16.5960336721 10.1485652490  3.7103466465 14.4406779597 -0.0521978115 -0.1366291889  1.0000000000  0.2423448323 -0.0132914606  1.0000000000
 9.5817454075  7.4745176397 14.8311004278  9.6562057776  6.1690916617 12.5606111788 -0.2450588644  0.2167202280  1.0000000000  0.0926917229  0.2475244794  1.0000000000
10.0655337129  3.9993370307 13.5003198589  8.2811918872  3.1809737305 14.1673331314  0.2568434470  0.0326988870  1.0000000000  0.1770824609 -0.2580471927  1.0000000000
 8.6111295494  6.3168426260 15.9342261489  9.5888565656  4.0531159912 16.3576707858 -0.2115096762 -0.0051963537  1.0000000000  0.0335237535 -0.1225160948  1.0000000000
10.0100296937  6.5634000030 15.6121087564 10.6432529945  5.9412112548 15.1216781101 -0.1470133665  0.1241370672  1.0000000000  0.0556533433  0.1662916540  1.0000000000
10.1012184349  4.9836735005 15.1735593762  8.3174796661  5.3347235897 17.4990893332  0.0738503133 -0.0012495104  1.0000000000 -0.1900994192 -0.1010477173  1.0000000000
11.1621147184  3.7512349255 15.0673391208 11.1760834962  4.0208286000 15.7116235998 0.2262799900 0.0364910923 1.0000000000 0.1483251232 0.0306580402 1.0000000000
10.5702713655  6.6341326903 14.9970703545  8.6784289476  4.7798540061 15.5355687800 -0.0158361236  0.2390889352  1.0000000000 -0.0141011182 -0.1201354843  1.0000000000
10.9447805651  4.9909203860 13.3998988596  9.3952029393  6.7945795493 15.1583089768  0.2236912452  0.1793093861  1.0000000000 -0.1630646087  0.1582600720  1.0000000000
 9.1892020482  3.9472908333 12.5196092464  8.4712245745  3.3428336422 13.9842658085  0.3325569204 -0.0274390849  1.0000000000  0.1914322059 -0.2226985476  1.0000000000
10.5671571465  5.8718831848 15.7395289982  9.9007090542  5.4673156995 14.1372053909 -0.0159799385  0.1302764082  1.0000000000  0.0881701267  0.0866806586  1.0000000000
 8.7197610678  6.2346964106 15.2192526085  9.7390827462  4.4573327754 14.0310704161 -0.1302806168 -0.0104722211  1.0000000000  0.1695377470  0.0129474521  1.0000000000
 8.2267113587  3.6863323519 14.0038544417  9.2101104835  6.9804498929 16.0342597970  0.1557375495 -0.2110774541  1.0000000000 -0.1870139157  0.0951168625  1.0000000000
 8.0543991268  3.4012494186 13.0752260361 10.7899127052  4.6048826256 16.0930334309  0.2444029612 -0.2193727672  1.0000000000  0.0614652497  0.0572708673  1.0000000000
 8.1904483395  7.0686090330 14.3679812497  9.2528929670  7.5426094695 13.8086409787 -0.2593761644  0.0820771040  1.0000000000 -0.2345992311  0.2965254108  1.0000000000
11.9153865685  4.0516753906 15.3546797822  8.4905501042  3.8307450775 14.6201651687  0.2081969763  0.0614709991  1.0000000000  0.0962208858 -0.1710307202  1.0000000000
 8.0777053150  6.6310794923 13.7023062833  7.8229400313  3.4316908453 13.9988929279 -0.1435821285  0.0789476995  1.0000000000  0.1730715898 -0.2789438263  1.0000000000
 8.3763851641  3.9257894225 12.7791040862 11.0839505191  5.8406823055 15.1766681551  0.2520542669 -0.1460509379  1.0000000000  0.0067135612  0.1932569696  1.0000000000
11.5047194459  5.6579863689 15.0007669100 10.3785674096  6.8640719053 15.4104128160  0.0713834043  0.2106041679  1.0000000000 -0.0838482165  0.1825797411  1.0000000000
 8.5506581183  3.0710958970 13.8791069918  9.0201714739  3.5380081592 14.0939113955  0.2715515528 -0.2603071300  1.0000000000  0.2286712559 -0.1486876653  1.0000000000
 8.8598821137  4.0651054750 15.2269749984 10.2877199129  4.7211244804 14.4178543938  0.0416681462 -0.1195558232  1.0000000000  0.1731060165  0.0544060944  1.0000000000
 8.9110904737  6.2258964432 14.0662766599 10.0040450303  6.5871506108 14.5719635303 -0.0416613505  0.0985243369  1.0000000000 -0.0277856295  0.1745873154  1.0000000000
10.0373679417  6.0393920691 13.1807909533  8.8664815917  5.7732923752 13.1568524276 0.1306705630 0.2313098931 1.0000000000 0.0476585263 0.1105777831 1.0000000000
