501.1000000000
0
50
-2.7771178370 -9.1980405389  5.7691093630 -3.8931104089 -6.3590709591  6.0940553159 -0.1553342084 -0.2690665865  1.0000000000  0.0675688420  0.0859679157  1.0000000000
-5.6648475458 -5.6056888080  6.2471970367 -3.8472531580 -7.0270315695  7.2946381157  0.0664322855  0.1682224313  1.0000000000  0.1525732994 -0.0859945914  1.0000000000
-4.3465020813 -6.4542250441  8.1858144787 -3.5109204338 -6.3455438175  6.1713525648  0.2275060803 -0.0684175237  1.0000000000  0.0963946648  0.0395201276  1.0000000000
-1.9516970345 -6.9076393871  6.3164683950 -4.9564529294 -7.2158301230  3.9036893442  0.2069238140 -0.1579422701  1.0000000000 -0.2388661327  0.1450279514  1.0000000000
-4.6856777669 -8.5180889749  6.2609311897 -4.8527115624 -6.7353184037  4.1443156509 -0.1292859806 -0.0632082349  1.0000000000 -0.1692868211  0.2039405249  1.0000000000
-4.1264230954 -9.3360239187  6.3320084666 -4.6476474121 -6.5217051797  7.5366832208 -0.1520068266 -0.2506935026  1.0000000000  0.1338349459 -0.0668257958  1.0000000000
-3.3857309886 -7.3896807976  6.9460324220 -2.3582723992 -4.9126184418  5.9581627704  0.0774050178 -0.1304685961  1.0000000000  0.3194766818  0.2172430959  1.0000000000
-5.6824747724 -7.4248270042  6.0495465399 -5.1668718266 -4.9239546229  6.8195179898 -0.1039133976 -0.0030082832  1.0000000000  0.1732124797  0.1528528556  1.0000000000
-5.0290897333 -6.5917753426  4.4129962402 -3.7324871624 -8.8395391890  4.8786335039 -0.1426434696  0.2088399142  1.0000000000 -0.1963067078 -0.1323839916  1.0000000000
-4.3259322081 -6.3559419434  4.2219812165 -4.7503025960 -8.4951428724  5.7308394321 -0.0797069510  0.2345802094  1.0000000000 -0.1704369520 -0.0778567140  1.0000000000
-5.9464467666 -6.9024368111  4.9800031368 -5.7737335244 -6.6002084937  7.1231320454 -0.0940289972  0.1276107792  1.0000000000  0.0888228242  0.0553754449  1.0000000000
-5.2390598544 -4.7083296004  6.5964345347 -3.2506423470 -8.1436180103  7.5926765511  0.2182189481  0.1701761366  1.0000000000  0.1098026029 -0.2511776840  1.0000000000
-4.8075332209 -6.8008458381  4.4989383340 -5.8593888200 -7.8222335586  5.2694231037 -0.1052463103  0.1518390137  1.0000000000 -0.1435898392  0.0633451794  1.0000000000
-3.6691159954 -7.1739700114  8.7250683345 -5.7507604859 -8.2238050681  6.6249794295  0.2661405235 -0.2008275859  1.0000000000 -0.0671787914 -0.0595290985  1.0000000000
-6.4580121739 -7.5463105475  5.8170806860 -3.0009739177 -8.0325127312  6.3794656417 -0.1262231670  0.0268050618  1.0000000000  0.0604684409 -0.1767896408  1.0000000000
-4.7794238558 -6.2088600806  4.5177070890 -4.6703347121 -4.9526245439  6.5482407001 -0.0795934018  0.2360241803  1.0000000000  0.2172382205  0.1449979478  1.0000000000
-3.1394300337 -5.7655942069  6.3076985812 -2.0728181434 -7.4494504076  7.3820420771  0.1791077793  0.0406430251  1.0000000000  0.2080335681 -0.2880174832  1.0000000000
-5.2846369459 -6.6010126566  7.1368719129 -2.8147570168 -8.3285460429  5.1492294548  0.0659435769  0.0012399726  1.0000000000 -0.1476921273 -0.1211592051  1.0000000000
-3.9110370682 -6.1174188436  4.0490553926 -3.3521633064 -5.6441921558  5.1631966068 -0.0733606235  0.2660148495  1.0000000000  0.1164634067  0.1712968902  1.0000000000
-4.8704449935 -6.7800089144  4.7159689444 -4.4424431941 -8.6366646333  7.2659660180 -0.1249791021  0.1364045301  1.0000000000 -0.0298599066 -0.2034312653  1.0000000000
-3.3209438795 -7.4618248239  5.2188902873 -4.2294128498 -8.9304716311  6.3047542208 -0.0646107379 -0.0294681625  1.0000000000 -0.1109134446 -0.1927608240  1.0000000000
-3.2851944467 -6.4743713606  7.2805259635 -2.8224147173 -5.7688876417  6.8940544153  0.1982856367 -0.0648755040  1.0000000000  0.3141260109  0.0171742883  1.0000000000
-2.7841739807 -7.4674765935  5.6737927443 -4.9016690623 -6.5605877245  7.5268618188  0.0114607269 -0.0712800913  1.0000000000  0.1138792912 -0.0444049400  1.0000000000
-2.5897358362 -6.0855359905  5.6458687074 -4.2323454887 -5.9449709260  5.4017255636 0.1784010392 0.1040025309 1.0000000000 0.0524542523 0.1981536825 1.0000000000
-2.6496252869 -8.0595425776  5.3926785945 -4.3376353841 -5.8675765125  4.4897213435 -0.0661754229 -0.1380274538  1.0000000000 -0.0804937136  0.2340155094  1.0000000000
-4.3190719881 -7.1738170275  8.4522095337 -3.9282414927 -7.7949274993  3.6938195079  0.1926345455 -0.1723218046  1.0000000000 -0.2670643704  0.1061127374  1.0000000000
-3.6177574305 -8.6659092052  6.5222990294 -2.8235108679 -6.4948431765  7.2174197299  0.0000767357 -0.2141470262  1.0000000000  0.2718367600 -0.0347777235  1.0000000000
-3.7445392118 -7.7110302565  5.1736746405 -4.6825021819 -7.2216184985  7.7657142338 -0.1020839509 -0.0094514032  1.0000000000  0.1181668148 -0.1452114643  1.0000000000
-4.5025913954 -7.9341177621  6.1959626006 -4.2862120429 -7.1329657142  4.2785884909 -0.0287858232 -0.0229608172  1.0000000000 -0.1191716542  0.1068152585  1.0000000000
-6.0053853850 -6.2379599491  5.9773356462 -3.0025205052 -8.3639261934  6.2508477406  0.0233472687  0.1288469277  1.0000000000  0.0121246604 -0.1687257506  1.0000000000
-5.2065580145 -5.5976767652  5.6875146541 -4.2750437735 -9.0306023628  6.5051739442  0.0551867174  0.1684562960  1.0000000000 -0.0862154830 -0.2268833083  1.0000000000
-4.6726585140 -7.5547454524  5.8418389426 -5.9326317748 -5.7620627860  6.8251625186 -0.0469153178  0.0063519976  1.0000000000  0.0632227084  0.0988744014  1.0000000000
-5.5093664222 -9.3302467732  6.8294274261 -3.5514679440 -6.1974420011  4.5401763267 -0.1375974191 -0.1811481014  1.0000000000 -0.0219190505  0.1732027287  1.0000000000
-5.2100851230 -6.7189635974  7.7954084546 -3.6627087628 -6.4096958477  5.2864144093  0.1403578321 -0.0562457532  1.0000000000  0.0456067865  0.1041971106  1.0000000000
-4.4253552113 -7.3102299684  5.3839705983 -6.2139483167 -6.2536016962  6.0835705857 -0.0439486856  0.0187788403  1.0000000000  0.0037796012  0.1223014316  1.0000000000
-3.9221385177 -7.5024316771  5.6023191797 -5.4167795590 -8.7438940600  7.8673586874 -0.0878329558 -0.0172298059  1.0000000000 -0.0271002088 -0.2165603300  1.0000000000
-2.8301708863 -5.7610807635  6.5941524526 -4.3384942679 -6.5144525186  6.7338584136  0.2808563337  0.0313411611  1.0000000000  0.1552857033 -0.0116994054  1.0000000000
-3.0428329366 -6.7684829557  6.6504797982 -4.0700275426 -6.7034023135  6.1480116564  0.1314896804 -0.0282542433  1.0000000000  0.0070974166  0.0091162459  1.0000000000
-4.9761975930 -6.0183500078  8.2825043150 -4.9236920581 -5.9415791621  6.4424032674  0.2191035104 -0.0337507696  1.0000000000  0.1011386956  0.1129755711  1.0000000000
-3.1750887926 -8.6995780938  5.6178622800 -4.5501410293 -9.4342730040  5.8505722687 -0.1510182357 -0.1822908841  1.0000000000 -0.1733847947 -0.2122749834  1.0000000000
-2.4741242549 -7.0943512635  5.3498672883 -3.7813158555 -7.1967535662  6.1793491532  0.0188480379 -0.0200004887  1.0000000000  0.0362157059 -0.0307502232  1.0000000000
-6.2454361796 -7.5894342345  5.3123619838 -4.7751259579 -7.5320090141  7.5688672322 -0.1491012971  0.0531330741  1.0000000000  0.0985485529 -0.1622677187  1.0000000000
-4.8879150847 -8.1787993299  4.7002994118 -3.8224692717 -5.3471376573  4.7560453002 -0.1952544133  0.0660185604  1.0000000000  0.0321429128  0.2580425281  1.0000000000
-6.5732528998 -7.0891704800  4.5351616952 -5.1943916032 -6.2449112443  7.2405078427 -0.1949217585  0.1639458658  1.0000000000  0.1278749952  0.0640411380  1.0000000000
-4.1115208970 -5.1474836287  6.7028248236 -5.7238256721 -8.8612101292  5.7194025662  0.2053316596  0.1295979940  1.0000000000 -0.1812497359 -0.0354111115  1.0000000000
-5.3431994189 -7.6278285895  7.1078973665 -3.5577848783 -5.2732577716  6.5480645574  0.0302327587 -0.0475048441  1.0000000000  0.2508612449  0.1273941997  1.0000000000
-5.7942640776 -6.6263785529  6.9249442805 -2.0735865714 -6.6352363874  6.5092224059  0.0813788919  0.0889819726  1.0000000000  0.2217447228 -0.0505536949  1.0000000000
-5.6014282824 -6.3769336961  5.2973656444 -4.8533898479 -8.7460669881  7.0469761344 -0.0408865986  0.1442785015  1.0000000000 -0.0653967219 -0.1583053307  1.0000000000
-4.5388523684 -6.4243413419  4.1195289197 -3.7071049208 -5.4977626155  6.1485245509 -0.1294206173  0.2529696575  1.0000000000  0.1977869413  0.1662753584  1.0000000000
-2.5934694019 -7.5187437882  6.1629542191 -1.6720230770 -7.3631373304  7.4043628577  0.1301041232 -0.0886241302  1.0000000000  0.3442436224 -0.3277964925  1.0000000000
