349.0000000000
0
50
-7.2314807573 -1.0135213823  1.7111277987 -4.3210573851 -0.3048006831  3.7416334066 -0.0077398675  0.1284494560  1.0000000000 -0.1419715680 -0.2408281469  1.0000000000
-5.5837259428 -0.5962500468  3.1873762546 -6.8378671436  0.3754550400  3.6860418216 -0.0752903658 -0.1528681069  1.0000000000  0.1182085448 -0.0170449366  1.0000000000
-6.4384675412 -0.8980433576  4.5897571634 -7.4222671169 -0.5717494089  4.3030900004  0.1504047057 -0.2108680471  1.0000000000  0.1905367418 -0.0854326117  1.0000000000
-7.7588767707  0.0383329335  3.9770656464 -6.4419504419  0.8841823234  0.7458630192  0.2531440689 -0.0098576054  1.0000000000 -0.1765054786  0.2923339352  1.0000000000
-6.3701948258 -0.4893955071  0.8684412342 -6.4206201841 -2.5121974584  2.9287861569 -0.1502482317  0.2043291509  1.0000000000  0.0135134374 -0.0830381859  1.0000000000
-7.2264823587 -0.9662217885  0.5200816138 -4.9733092180  0.2021968219  3.2555539258 -0.0830965463  0.2395225747  1.0000000000 -0.1187860865 -0.1527524493  1.0000000000
-7.0359856112 -0.1179699078  2.5772091000 -6.2253878173 -1.3047167801  0.2043528635 -0.0086323776  0.1300242822  1.0000000000 -0.2050210476  0.1827632482  1.0000000000
-5.0479251975 -0.8208101800  2.4313075352 -7.0289063885  0.6513006580  2.2875228751 -0.1873977803 -0.0637861692  1.0000000000  0.0407442852  0.1354826239  1.0000000000
-3.8514416616  0.1606995761  3.0933905169 -4.3012764645  0.7651048254  2.3893095216 -0.2680564322 -0.2234337501  1.0000000000 -0.2853490600 -0.1233952292  1.0000000000
-8.3512337151  0.9307544667  2.7667830035 -6.1942687352  0.2203319680  1.0719138296  0.2226145938  0.1964188372  1.0000000000 -0.2247172342  0.1844669450  1.0000000000
-5.9422055735 -1.9470806348  1.3867863392 -6.5133950341  1.1240178318  2.1260384654 -0.1268834230  0.0064402918  1.0000000000 -0.0171092865  0.1669115587  1.0000000000
-4.2434125136 -0.6546527546  2.7177059735 -9.2891725822 -1.7499749492  2.1702687370 -0.2465786967 -0.1881921685  1.0000000000  0.1863028139  0.1846278083  1.0000000000
-5.9682813438 -2.4836121499  1.9364928110 -5.1260326523  1.0400544886  1.3882149223 -0.0752716500 -0.0216620482  1.0000000000 -0.2409018503  0.1271441285  1.0000000000
-6.2078689723 -0.7150722973  0.7424999364 -7.4375670426 -0.7250780772  1.3928067783 -0.1567583540  0.1528748600  1.0000000000 -0.0109983763  0.1961970870  1.0000000000
-5.2325816263 -1.7121119523  3.4169488142 -5.4712954757 -0.6658176763  2.0309234225 -0.0518570836 -0.1445855394  1.0000000000 -0.1608411180 -0.0101638065  1.0000000000
-6.9752338288 -1.3928126764  3.7697284823 -6.6133053392 -1.8311465795  2.6696198529  0.1107335169 -0.0847639240  1.0000000000 -0.0075123669 -0.0210597699  1.0000000000
-7.5300902924  0.9806649801  2.5161185540 -7.2490622595  0.7444974029  2.5173365214 0.1111610437 0.1869383136 1.0000000000 0.0552268319 0.1630851967 1.0000000000
-5.3075479479  0.9748819193  1.2573634901 -7.8045763018  0.2340607488  2.4677718378 -0.3052424953  0.1503524975  1.0000000000  0.0930056568  0.1722147485  1.0000000000
-6.3040217262 -0.2667999919  3.1306923404 -5.1632907276 -1.0926862182  3.7920860095  0.0471117112 -0.0033196422  1.0000000000 -0.0228513034 -0.2312808830  1.0000000000
-7.4228634833 -1.9627344581  1.7667112308 -7.0760207155 -0.0445155429  5.0765470876  0.0119816640  0.1145770064  1.0000000000  0.3284022253 -0.1558037320  1.0000000000
-6.7224653982  0.0711495002  1.3176978801 -7.3358291259  0.8670724161  3.3096227677 -0.1112085338  0.1746482381  1.0000000000  0.1509402526  0.1018016755  1.0000000000
-7.6347149606 -0.7621253477  1.9020263859 -4.7119833590 -0.3836372207  3.8988231163  0.0424258711  0.1115317049  1.0000000000 -0.0782675150 -0.2553115827  1.0000000000
-4.6623793196 -2.4825464950  2.2443562314 -8.0865234933 -2.0363306417  3.2427258386 -0.2084663654 -0.1147536262  1.0000000000  0.1736642696  0.0068700749  1.0000000000
-6.9919680597 -0.4167729446  0.9584231887 -5.5189588012  0.8317643786  3.1264064314 -0.0125287111  0.1986672599  1.0000000000 -0.0515292427 -0.0716379583  1.0000000000
-4.7760977022 -0.7695847926  2.3030556450 -6.4423207652 -2.3163371733  1.6529541589 -0.1745447624 -0.1351355033  1.0000000000 -0.0758150640  0.1004034004  1.0000000000
-6.9775673492 -1.6780364133  0.0728962761 -6.2799880360  0.0066182920  4.8472210745 -0.1190718674  0.2010369260  1.0000000000  0.2055144955 -0.1994720295  1.0000000000
-7.8790991549 -2.0229782617  1.8672127653 -5.8663922840 -1.2300502587  4.4791074182  0.0716131896  0.1129450526  1.0000000000  0.0592416317 -0.2448664101  1.0000000000
-8.7721544624 -1.3795917855  2.0934117644 -7.1257212661 -1.6969947495  1.2272366070  0.2051405688  0.1922893531  1.0000000000 -0.0388667836  0.1171533424  1.0000000000
-5.7136867492 -1.6819190790  2.4106120891 -6.5054111177  1.1532435442  3.8570059088 -0.1080195578 -0.0326558057  1.0000000000  0.1013239611 -0.0567670529  1.0000000000
-8.8782090381  0.3815404912  2.9799605249 -7.4932942578  0.0069836653  1.9233776246 0.2478819810 0.2010136330 1.0000000000 0.0093133919 0.1675002333 1.0000000000
-7.4825236532 -1.1759590339  1.8599958474 -8.5205906204 -1.4210240908  1.4575915849 0.0224085926 0.1145250567 1.0000000000 0.0469478550 0.1876301693 1.0000000000
-7.4864711187 -0.6492337026  1.2106651682 -6.0749962327  0.2878064580  3.1310630778 -0.0308381022  0.1885054642  1.0000000000 -0.0296035251 -0.0381439415  1.0000000000
-5.9087647926 -2.3383289556  2.8300249564 -4.7859885302 -1.7730297414  2.8647870150 -0.0635448279 -0.0775807810  1.0000000000 -0.1492398305 -0.1535114475  1.0000000000
-7.1097734839  1.6144459980  2.2720164592 -8.6901000610  0.6264719174  3.1299738725 0.0533551761 0.1989108180 1.0000000000 0.2573821018 0.2022698299 1.0000000000
-7.3897185570 -2.6905620163  4.1287931793 -7.9897341299 -2.0617583695  2.4813932049  0.1548943104 -0.1325838373  1.0000000000  0.0745259389  0.0962914689  1.0000000000
-6.2350876735 -0.6564595705  3.1139616771 -6.2838128243 -2.8128344389  3.0110194481 -0.0223664412 -0.0350213225  1.0000000000  0.0000178773 -0.1426347600  1.0000000000
-7.3341597719 -0.7187349009  1.2823095930 -6.3180063776  0.5735394305  5.1792515490 -0.0486566098  0.2462725492  1.0000000000  0.2526151978 -0.2485404706  1.0000000000
-6.5602077373 -0.1693204272  0.3411540188 -6.4702924055 -1.9808274373  1.3117507778 -0.2270191446  0.2170713848  1.0000000000 -0.0799151897  0.0704435441  1.0000000000
-5.3689622168  1.2131107902  1.6341355614 -9.1490346903 -0.3849438504  2.5312345458 -0.2412674887  0.1049323800  1.0000000000  0.2279815455  0.2217962991  1.0000000000
-6.6340374151 -0.3543119871  0.7105673293 -8.3846928293  0.1229160282  2.7628444775 -0.1573596486  0.2117225636  1.0000000000  0.1740438695  0.2037676411  1.0000000000
-4.9849289878  0.5133185466  3.0200609230 -6.1349063070 -1.3372508355  3.2698480078 -0.1268930032 -0.1033893271  1.0000000000 -0.0025093900 -0.1239772282  1.0000000000
-6.9150022225  1.4592973987  1.5866272647 -7.7723062353  0.0127630630  1.3580995533 -0.0543722933  0.2645546122  1.0000000000  0.0268606618  0.2588355550  1.0000000000
-6.4356316932  0.0381715565  2.8634925992 -5.2136311266 -0.5109921896  2.1921936848  0.0698658556  0.0062185796  1.0000000000 -0.1837624437 -0.0556491947  1.0000000000
-7.6217597591 -1.2943896758  3.5421595910 -6.5773432926 -2.1474200306  4.5759630339  0.1482732305 -0.0165716385  1.0000000000  0.1383262293 -0.2103573921  1.0000000000
-7.6181115254 -1.2912067539  2.7926727223 -5.8574047296 -2.6979880464  3.9487223863  0.0998773267  0.0696657436  1.0000000000  0.0117813926 -0.1788433966  1.0000000000
-6.9837973413 -1.9291478216  4.5116248502 -6.5204904692 -2.1201246241  0.6912641883  0.1276587263 -0.1528808631  1.0000000000 -0.1531273179  0.1014680210  1.0000000000
-6.1069812417 -0.0775616366  0.7448571212 -5.1694884061 -2.1525671150  1.9038045006 -0.2086855644  0.2270222732  1.0000000000 -0.1869507433 -0.0756608032  1.0000000000
-7.1412498696  0.1802972904  2.7453769989 -4.3749574380 -2.4117281633  2.4742479655  0.0402556183  0.0677971393  1.0000000000 -0.1817887235 -0.1645407333  1.0000000000
-7.5726935988 -2.1078806602  1.6204191514 -7.0173314005 -1.7110973284  2.6594603697 -0.0002460534  0.1058505271  1.0000000000  0.0685999577 -0.0351099518  1.0000000000
-4.9354689716 -1.2618295266  2.7173210055 -4.4783161033 -0.2479586553  3.3937620053 -0.1637840432 -0.1511008333  1.0000000000 -0.1281742664 -0.2379383085  1.0000000000
