440.9000000000
0
50
16.7978018179 -7.7911780453 -4.0552445705 14.2224390481 -5.6098651589 -3.8196173236  0.0052084084  0.0034090975  1.0000000000 -0.1923854346  0.2712702735  1.0000000000
14.0146119537 -9.1961496247 -4.8816090750 14.0784993495 -8.0788628599 -3.5073428814  0.0300678050 -0.2844503344  1.0000000000 -0.2096426818 -0.1469126204  1.0000000000
15.0720528018 -6.2637731672 -4.0361070467 15.9072118351 -6.1324558067 -5.8064025911 -0.0583804050  0.1285674089  1.0000000000  0.1855261226  0.1657103308  1.0000000000
14.7455090907 -8.5252857222 -3.7197113121 14.5453779021 -5.6175211482 -6.6229702325 -0.0757787975 -0.1613071239  1.0000000000  0.3071452343  0.3097512882  1.0000000000
14.5662095759 -9.2089878637 -4.4036357162 17.5956757892 -6.6957243061 -3.8074350517 -0.0583446723 -0.2623487187  1.0000000000  0.0093856335  0.0802282214  1.0000000000
17.3988845311 -7.4191746112 -5.8186001437 15.3567775999 -6.6278310308 -6.0616875824 0.2077516479 0.0471994035 1.0000000000 0.2385563011 0.1472458735 1.0000000000
16.4294498937 -6.2322250593 -5.9584192325 13.4800037640 -9.1314610843 -3.8311988383  0.2134481861  0.2027496541  1.0000000000 -0.1707381715 -0.2598615422  1.0000000000
14.1527031492 -7.8606133220 -2.8710053320 16.5563863517 -6.3807554779 -5.8289154754 -0.2974409033 -0.0573117416  1.0000000000  0.1740432282  0.1497113456  1.0000000000
14.8578808376 -8.8004201951 -3.0388640148 15.8521093262 -8.7757020076 -2.5250665460 -0.1761072553 -0.1601291431  1.0000000000 -0.2156208319 -0.1094177370  1.0000000000
15.8709879218 -7.5830622441 -2.7588323343 14.3823460908 -7.4206665988 -6.3256596886 -0.2001848445  0.0360350029  1.0000000000  0.2540143155  0.0224155130  1.0000000000
15.6398361041 -8.2884353995 -4.2989023634 15.2609696011 -7.0336344176 -3.2256376746  0.0265964356 -0.1140458093  1.0000000000 -0.1588076299  0.0954892481  1.0000000000
14.3661709942 -8.7216009345 -2.7821697605 14.0627026207 -8.4161117054 -3.0210072209 -0.2063059955 -0.1768885513  1.0000000000 -0.2606469288 -0.1652236448  1.0000000000
15.4091803590 -7.6025062031 -4.2728494925 15.1184153530 -9.2017901354 -3.5528439973  0.0144640916 -0.0050209490  1.0000000000 -0.1055294740 -0.2292770038  1.0000000000
15.0416597344 -7.4358369242 -4.2980840485 15.5087166338 -8.6940976750 -5.0339318957 -0.0469412716  0.0264264341  1.0000000000  0.1393019267 -0.1542913100  1.0000000000
15.5603749749 -6.1028274821 -3.0293740592 16.4316657749 -5.8708140330 -4.8082194415 -0.1715409230  0.1839195989  1.0000000000  0.0267752236  0.2072269435  1.0000000000
16.0047336231 -7.6905149060 -6.1892077811 17.6669237538 -6.0896249636 -4.2495175079  0.2766378603 -0.0301216450  1.0000000000  0.0362873320  0.1679327615  1.0000000000
14.2894930115 -8.3344156852 -5.7474419189 14.7094596659 -7.4519581136 -6.6429489093  0.1233440671 -0.1354229271  1.0000000000  0.3276469090  0.0119588041  1.0000000000
14.6853183690 -5.6569571125 -4.5359804929 16.1708026152 -7.9639967722 -4.4577446533 -0.0230888951  0.2407352759  1.0000000000  0.0283151855 -0.0371395242  1.0000000000
16.8714231276 -6.6520520235 -2.2877003270 14.5623104615 -8.4678413780 -3.6794880282 -0.1793944539  0.1239590641  1.0000000000 -0.1376673800 -0.1017813750  1.0000000000
17.1433190877 -6.7635394980 -2.5126495287 13.5669762893 -7.8501912153 -3.1147005039 -0.1335500683  0.1093265119  1.0000000000 -0.2356805938 -0.1055714197  1.0000000000
16.6618050309 -6.2794134762 -4.3250591072 16.3346369461 -6.4511987321 -4.1107938788 0.0399949212 0.1671693690 1.0000000000 0.0167167549 0.1474621885 1.0000000000
14.9422339070 -5.7548660547 -5.5091505428 16.8302298199 -9.5209708620 -2.8717036522  0.1279360826  0.2444302646  1.0000000000 -0.1238491374 -0.1557593631  1.0000000000
16.7711684609 -8.7156222637 -2.6387355022 15.3889928126 -5.9252732809 -4.7227280744 -0.1288672713 -0.1320636770  1.0000000000  0.0376092100  0.2307549369  1.0000000000
17.1562732380 -6.6290097520 -3.3457521611 17.1659416989 -9.3906032142 -4.2875922460 -0.0711486837  0.0878693137  1.0000000000 -0.0000022202 -0.1473962380  1.0000000000
14.0075917130 -9.1928943623 -4.0340769991 14.8146955645 -8.9347828323 -5.3343929198 -0.0618930387 -0.2874735396  1.0000000000  0.0924403069 -0.2032457626  1.0000000000
15.2391537877 -6.1478060045 -4.6531745418 16.8632978764 -7.8105906386 -3.3967193828 -0.0274918739  0.1619450461  1.0000000000 -0.0420777909  0.0151243810  1.0000000000
14.7727076961 -6.6951512719 -3.5779612972 13.6568533011 -6.7783066660 -4.0817184222 -0.1194342216  0.1251116054  1.0000000000 -0.0803215081  0.0564818121  1.0000000000
14.5784215916 -7.2376565660 -4.9045561248 15.1553326718 -5.8471975195 -4.3460045289  0.0450228333  0.0465174366  1.0000000000 -0.0347625032  0.1982538134  1.0000000000
16.9772417285 -6.5345593627 -3.0003842831 14.3816743192 -6.4383107993 -4.0189941143 -0.0657924104  0.1421430425  1.0000000000 -0.0841372230  0.1435720854  1.0000000000
16.6422645044 -6.0121742387 -3.6459617468 13.7057049649 -8.4610341310 -4.8345411939 -0.0896131723  0.1669769283  1.0000000000 -0.0092343111 -0.2273095086  1.0000000000
16.2973233494 -7.4509775884 -3.5372292219 14.8081709884 -7.7745764812 -5.8671135692 -0.0663737217  0.0209786859  1.0000000000  0.1839336326 -0.0120712653  1.0000000000
15.8788445296 -6.6910828160 -4.3350300577 16.4180175935 -6.7313738453 -2.6687255202  0.0284873249  0.1492466666  1.0000000000 -0.1468105031  0.0950225604  1.0000000000
14.2830748964 -5.5795175941 -5.4255352832 15.9275780422 -8.5201796632 -4.5957668866  0.1163233813  0.2869782226  1.0000000000  0.0143802266 -0.1246312477  1.0000000000
13.4948806865 -8.7263588185 -4.3632894335 14.1797050161 -8.1053249088 -3.1184516297 -0.0642818431 -0.2375599416  1.0000000000 -0.2429745081 -0.0897990954  1.0000000000
15.1635420990 -9.3213808807 -2.5210464239 16.7376360741 -9.3701761401 -2.9981097558 -0.2483490542 -0.2894590388  1.0000000000 -0.1218182811 -0.2002995658  1.0000000000
15.6168882801 -6.3340118136 -5.5787285428 15.8505433110 -9.5549833946 -3.0470357172  0.1553691189  0.2163800446  1.0000000000 -0.1538122550 -0.2488509538  1.0000000000
16.0049634347 -7.3795572027 -6.0106143933 17.4706368162 -8.5646617524 -4.5499831572  0.2016720805  0.0300487102  1.0000000000  0.0768933208 -0.0766345221  1.0000000000
13.9895296190 -7.9008894549 -5.1506758911 17.0369130367 -5.9241068778 -5.5493297017  0.0688104421 -0.0900193515  1.0000000000  0.1431474389  0.2270138585  1.0000000000
15.4489122847 -5.6010247028 -6.5048468391 15.7659143578 -8.7552509479 -3.5779220647  0.2809768204  0.2431462691  1.0000000000 -0.1170226503 -0.1566262693  1.0000000000
16.4464009708 -6.6120368495 -3.6652310786 16.5012739199 -6.9938485666 -4.0205402528 -0.0825880050  0.1204735903  1.0000000000 -0.0321110980  0.0509446921  1.0000000000
16.8060277445 -9.5363374044 -3.0660948691 16.2764857255 -6.6550676174 -3.3035373779 -0.1015804436 -0.1421021372  1.0000000000 -0.0809061685  0.0971519011  1.0000000000
17.1896966867 -8.8151728640 -5.3029008191 16.1166672091 -8.8583235380 -2.7152028362  0.1274300638 -0.1187154051  1.0000000000 -0.1256852970 -0.1289747084  1.0000000000
15.0638610335 -8.4099051304 -4.4390500617 17.5833726511 -5.8772012471 -3.6403169311 -0.0179785693 -0.1640174379  1.0000000000 -0.0331543636  0.1432503389  1.0000000000
16.5401672243 -8.7031961689 -3.7159781688 16.9689596480 -6.2552339758 -4.5101391920  0.0048777330 -0.1246993985  1.0000000000  0.0342498221  0.1105752130  1.0000000000
13.8739306534 -7.0361707930 -4.2662302599 14.7493882497 -8.3490470269 -2.6669429949 -0.0689595900  0.0542130850  1.0000000000 -0.2637338799 -0.1463441628  1.0000000000
16.4489624544 -8.8870067185 -2.4612050017 14.5658424382 -5.8037592353 -6.0394601889 -0.1903899628 -0.1461751336  1.0000000000  0.2237111414  0.2856475989  1.0000000000
14.7372571205 -6.4409699835 -2.8354433922 14.0162874653 -7.3136926872 -3.8128109151 -0.2139168273  0.1633543748  1.0000000000 -0.1548696350  0.0151623411  1.0000000000
14.8817500372 -5.8541696678 -4.7281406425 16.6200298191 -6.2714903110 -4.2266572242  0.0443602944  0.2262062380  1.0000000000 -0.0162988544  0.2163840540  1.0000000000
14.4545706749 -6.7885660629 -5.7573422292 15.6451707210 -7.8913804752 -4.8936809171  0.2006433034  0.0850260236  1.0000000000  0.0451906743 -0.0509045537  1.0000000000
13.6674007958 -7.3879902360 -3.6073396000 15.4760318056 -5.9512619568 -4.3438003598 -0.1866880106 -0.0078714379  1.0000000000 -0.0047351763  0.1892495333  1.0000000000
