96.0000000000
0
50
 6.0938292070 -5.7598724060  6.6335094029  5.7350115923 -5.0398441531  9.9556612192 -0.0896089308  0.0957175740  1.0000000000 -0.2239637952 -0.1591268450  1.0000000000
 6.4180236565 -7.9584825999  9.5840922193  4.4252102642 -7.3330939982 10.0032853193  0.1815574689 -0.0885054518  1.0000000000  0.0775261180  0.0077820325  1.0000000000
 7.2109027604 -8.3965051544  8.7933312274  4.8595306180 -6.5218540461  7.4822372841  0.2106768118 -0.1262109732  1.0000000000 -0.0509636136  0.1743863111  1.0000000000
 5.7611423964 -5.3011887075  6.4259602137  5.8833988805 -4.7976576634 10.6436983712 -0.1440977539  0.1743453185  1.0000000000 -0.2825127805 -0.2857769056  1.0000000000
 6.7803041323 -4.9429819396  7.7389353590  6.5818058744 -6.9452574919  8.2980049233 -0.1976221085 -0.0195082574  1.0000000000 -0.0039784805 -0.0082173095  1.0000000000
 7.2639539967 -6.1709284143  7.9526315474  4.1079184173 -7.4876363153  9.0302102633 -0.0789129853 -0.0457188102  1.0000000000  0.0642803026  0.1236413218  1.0000000000
 5.8013518257 -8.3293386518 10.5309650134  4.8090551490 -6.4623368913 10.7733308209  0.2222923147 -0.1916534264  1.0000000000  0.0082487265 -0.1633529948  1.0000000000
 7.4239141608 -7.4794614430 10.1271758556  5.7701138323 -7.3805727212  8.6174669319  0.1314880155 -0.2382875304  1.0000000000  0.0473617362  0.0220932058  1.0000000000
 7.0359003071 -6.8450484651  7.9498362032  6.6348804995 -7.2226591851  6.9798237295  0.0363279720 -0.0323777400  1.0000000000  0.0698201630  0.1372743346  1.0000000000
 6.6553696416 -5.1031586751  7.0939951001  4.6962278134 -7.1058522327 10.4925705515 -0.1772636647  0.0282854793  1.0000000000 -0.0136897717 -0.0885922434  1.0000000000
 6.7524940843 -8.5221821404  9.4138338777  7.3852821451 -7.5006923573  7.9852458205  0.2022409356 -0.1234726100  1.0000000000  0.0900214620 -0.0158889546  1.0000000000
 5.7744557290 -8.6248594286  8.4757020728  4.9859991710 -5.7695465819  8.5449435002  0.2549318151  0.0609068451  1.0000000000 -0.1686986620  0.0686350043  1.0000000000
 7.2352179694 -5.4797973295  8.7776045095  5.4441522480 -8.0728123262  8.0260208459 -0.1117583553 -0.1228010528  1.0000000000  0.1355772134  0.1209828305  1.0000000000
 4.2849333241 -6.0132293422  9.2273679624  6.4462840138 -8.7187246199  8.2149585776 -0.1411857775  0.1158369094  1.0000000000  0.1948116372  0.0380856433  1.0000000000
 5.0352430497 -7.3544003658  9.2527186858  5.4113446922 -8.7761306896  9.1154252215 0.0742531511 0.0541411211 1.0000000000 0.2928501056 0.0540828979 1.0000000000
 7.7697174549 -5.5829593465  8.8676256757  8.0678787250 -7.2549728967  9.3218649718 -0.0709236055 -0.1653599306  1.0000000000  0.0840714461 -0.1709331892  1.0000000000
 5.6249989590 -6.1946337114  8.4009839819  4.7462451762 -8.9783779442  7.5035589420 -0.0892793907  0.0561832403  1.0000000000  0.2227163095  0.2303672116  1.0000000000
 5.3681141461 -5.7703917809  7.3841975898  7.6133605782 -8.4020272483  8.4409195360 -0.1138949452  0.1349594524  1.0000000000  0.2122589799 -0.0760407856  1.0000000000
 6.2835459708 -7.0964085471  8.4316984492  7.5480479431 -5.1878672589  8.6469117286  0.0555921421  0.0039726346  1.0000000000 -0.0972491660 -0.1683617110  1.0000000000
 7.0870612500 -7.5470032568  8.0192225626  4.7379769796 -6.1799732955  7.8790262621  0.1083654664 -0.0331991185  1.0000000000 -0.1193097627  0.1705439377  1.0000000000
 4.9697443677 -6.6499884263  8.3388117673  6.1762767185 -6.7226779042  8.1585278101 -0.0385729743  0.0983189271  1.0000000000  0.0068708535  0.0219703029  1.0000000000
 6.1165436151 -4.8955682039 10.2256350055  5.8910560854 -5.0534902743  7.9455785192 -0.2258278662 -0.2391974783  1.0000000000 -0.1836898132  0.0689784976  1.0000000000
 7.0749765178 -8.0305758213  9.2646630893  7.5613218606 -5.3069998476  8.9615206560  0.2077945632 -0.1115769559  1.0000000000 -0.1160964297 -0.1406472953  1.0000000000
 6.0320578967 -7.6981819425  7.2583065394  5.1012637423 -8.5275347036  8.7462500588 0.1060562096 0.1152765079 1.0000000000 0.2325101952 0.0890000966 1.0000000000
 5.5819429736 -6.3270508708  8.6381449949  5.9202810571 -5.3885772467 10.9911647312 -0.0190442028  0.0025066965  1.0000000000 -0.1906479585 -0.3241903329  1.0000000000
 6.1116650090 -8.3734583648  9.1723599719  7.8928035063 -6.3355251509  8.9711673129  0.2336494862 -0.0152903933  1.0000000000 -0.0169464813 -0.1470768769  1.0000000000
 5.3976108028 -7.1337794634  9.2361445258  6.0750489763 -5.3007102854  9.9356925352  0.0129864660  0.0075740627  1.0000000000 -0.1689407651 -0.1498880102  1.0000000000
 4.7079130732 -6.6788064144  7.9037196588  4.7035640884 -7.1729446503  8.8250139246 -0.0402896585  0.1931955398  1.0000000000  0.0272554679  0.0582180041  1.0000000000
 5.6842773475 -6.1652708778  8.9585662275  3.6589096930 -5.2104306235  8.6048521182 -0.0570206460  0.0142672527  1.0000000000 -0.2708210415  0.1980097443  1.0000000000
 4.8880161481 -7.1135760361 10.5774569530  5.4699067669 -7.1765363842  9.0463459077  0.0166106168 -0.1332784234  1.0000000000  0.0372810917  0.0228924972  1.0000000000
 4.4669774057 -5.1853325116  6.9841945510  4.4879251139 -5.6262446099  7.6474597118 -0.2302440331  0.2438880990  1.0000000000 -0.1534589750  0.1513943136  1.0000000000
 7.7787516920 -7.0635791304  8.5909764142  5.5251597782 -8.1568485981  8.5474597922  0.0869125777 -0.0892983393  1.0000000000  0.1882929283  0.0874136612  1.0000000000
 7.2629569715 -7.1539651744  9.8288912046  4.5149253082 -6.2369147959 10.4169897942  0.1179860592 -0.2029892154  1.0000000000 -0.0891308481 -0.0739189001  1.0000000000
 5.2357682881 -8.1935956381  7.7270215821  8.2390469227 -6.8841476663  9.4064252684  0.1265877218  0.1814075686  1.0000000000  0.0766248628 -0.2079282886  1.0000000000
 8.3485131704 -8.1541910346  9.3411442329  5.7083152344 -6.6139038149  9.1418609928  0.1526336882 -0.1525238074  1.0000000000 -0.0432064014 -0.0369950144  1.0000000000
 5.4646653174 -6.4764021770 11.5520189902  4.2443390031 -6.2858187852 10.0934668791 -0.0212581275 -0.3354776112  1.0000000000 -0.1034682615 -0.0012009355  1.0000000000
 4.9897202476 -7.1366263621 10.0977063868  5.4743838844 -5.8185373490  6.9734094055  0.0528356509 -0.0733054220  1.0000000000 -0.1311734787  0.1409257190  1.0000000000
 5.9012936824 -5.9889194668  8.6792659024  5.0024573785 -7.5724927761  9.6629758511 -0.1197743023 -0.0146159930  1.0000000000  0.1413887523  0.0473250413  1.0000000000
 7.0384117655 -6.6007799983 10.1689631284  4.1958826359 -7.1835572309  8.0530558246  0.0041360122 -0.1865929326  1.0000000000  0.0183411845  0.2133335269  1.0000000000
 6.3656961530 -7.1178933949  6.8699264163  7.8055550428 -8.5576228318  8.9051746149  0.0419144846  0.0980018496  1.0000000000  0.2167196859 -0.0737815592  1.0000000000
 5.4988073650 -4.8387516859 10.0672116396  7.0863894769 -6.6140399371  9.0343247437 -0.2513345213 -0.1315169019  1.0000000000 -0.0072863900 -0.0961674648  1.0000000000
 4.9007724375 -8.4377328073 10.4679022922  7.1351095214 -7.5973980594  9.7382977640  0.2517853876 -0.0636914172  1.0000000000  0.1092671024 -0.2120037441  1.0000000000
 6.0191175975 -5.8053401383  7.3787252464  3.6207811951 -8.0588756104  8.7316687155 -0.1060377598  0.0982240817  1.0000000000  0.1436088870  0.2540925888  1.0000000000
 6.8452426619 -7.7380220873  8.4905606478  4.4832834672 -7.7050118850  8.7858359560  0.1039174090 -0.0603428361  1.0000000000  0.1021271680  0.1612943198  1.0000000000
 6.1044118533 -6.6859685868  7.6722792746  5.2724037187 -7.6212516974  9.3748022769 -0.0054701675  0.0295886182  1.0000000000  0.1203404899  0.0521620524  1.0000000000
 4.6834526769 -8.7113638718  8.5983737860  4.9766791598 -5.5667170974  9.2343718718  0.2438868680  0.1491496789  1.0000000000 -0.1851277263  0.0236693791  1.0000000000
 6.6000239976 -6.9630355632  7.9605974967  7.3411620653 -7.3124405049  9.5338341588  0.0534947355 -0.0310414739  1.0000000000  0.1102976875 -0.1858810069  1.0000000000
 4.3822843566 -6.6659247604  7.6845785357  7.3217107135 -5.6790703490  9.8902817819 -0.0410756340  0.2233976105  1.0000000000 -0.0667855902 -0.1897669211  1.0000000000
 4.8350143860 -7.8846403066  8.4912417775  3.3053981017 -7.0844164341  8.3314592587 0.1089124984 0.1256811904 1.0000000000 0.0134419349 0.2865066987 1.0000000000
 5.7439960710 -5.4185952930  7.3161199432  6.1269174491 -7.1535186780 11.0081699154 -0.1392531720  0.1027569612  1.0000000000  0.0726200748 -0.2512190944  1.0000000000
