575.2000000000
0
50
 9.7721421891 -6.9359173751  9.7939943643 11.1227706285 -8.5212016961  6.0787741597 -0.1023783453  0.0095840571  1.0000000000  0.2933206844 -0.2376455813  1.0000000000
11.1916318278 -5.5394883581  7.6107033738 11.0633082532 -8.4268480781  9.0321043200 -0.0676376477  0.1948579586  1.0000000000  0.1058387822 -0.0483163745  1.0000000000
 9.4150526500 -5.9618084401  8.1123838058 10.0383244473 -6.9457972665  7.0278276503 -0.2050372590 -0.0074252584  1.0000000000 -0.0120341067 -0.0604582302  1.0000000000
12.2748812938 -7.4681528961  6.8261469044 10.6313844269 -7.0841520673 10.4498200678  0.2885917765  0.0716423838  1.0000000000 -0.0357348452  0.0769860517  1.0000000000
 8.9719153462 -7.7335781602  9.6955343311 11.8479489869 -8.2596297051  8.3687577363 -0.1522746049 -0.1447975616  1.0000000000  0.1642709061  0.0185471190  1.0000000000
 9.5772076626 -7.8441643750  8.8486966486 10.3568412884 -8.3464192306  9.2799475199 -0.0507040004 -0.1132364181  1.0000000000  0.0297860723 -0.0956364274  1.0000000000
10.1467410947 -7.4766614523  9.3939136650 10.3534607834 -8.1878633538  6.4711680923 -0.0732457047 -0.0415733253  1.0000000000  0.1253095658 -0.2186419430  1.0000000000
 9.6964841815 -7.3505510009  9.8531645223 11.0577916125 -7.9899889879  9.8391680479 -0.1075213434 -0.0166338666  1.0000000000  0.0423802843 -0.0462207777  1.0000000000
10.0869026217 -5.7567974485  8.3928633523 11.7450327855 -7.3555420063  7.3287475104 -0.1765803009  0.0757669695  1.0000000000  0.1630665864  0.0715801290  1.0000000000
11.8388407982 -8.9206862476  7.9560824444 11.8480037772 -6.2787486492  9.6516163119  0.2807345602 -0.0802290445  1.0000000000 -0.0032565279  0.1736358829  1.0000000000
11.4286575132 -7.7271012226  8.4689667765 11.7894310743 -9.5739390846  9.1097805938  0.1251019340  0.0015221876  1.0000000000  0.1965869813 -0.0963158243  1.0000000000
11.6806026252 -5.4556654889  8.7445457860  9.9029594222 -8.9017009456  8.9708630143 -0.0557215848  0.2553214892  1.0000000000  0.0336204180 -0.1683907706  1.0000000000
13.0283267979 -7.0989318266  8.1847528897 11.2509695666 -6.6147275509  9.4483970768  0.2444734814  0.2144524519  1.0000000000 -0.0446493040  0.1145659059  1.0000000000
 8.2458270638 -7.1335615564  7.5810603314 10.6815573635 -7.9807743912  7.7058575973 -0.2408334946 -0.2470177694  1.0000000000  0.1045067704 -0.0929279861  1.0000000000
13.0672866577 -6.8705428333  7.0283089197 12.0023187243 -7.5775195451  6.7645038304 0.3164808266 0.2194592428 1.0000000000 0.2409272547 0.0671859622 1.0000000000
 9.5311279934 -8.5197119961  8.6592815047 12.5631454556 -6.1905378018  8.0157619612 -0.0215023863 -0.1888316018  1.0000000000  0.1363826357  0.2443852227  1.0000000000
10.9402142968 -7.8827882454  7.3703548810 10.6696324584 -9.4575566471  8.4467379760  0.1025339916 -0.0607200815  1.0000000000  0.1710555679 -0.1720426697  1.0000000000
11.3141611161 -7.1647029675  7.3286526570  9.6457613565 -7.4721135923  7.0436068167  0.0802011118  0.0468405300  1.0000000000  0.0004772985 -0.1741159095  1.0000000000
10.5184237375 -7.6471907496  8.7324024416 12.4522819104 -7.4001577187  8.9913712664 -0.0120435397 -0.0364992617  1.0000000000  0.1418105379  0.1138476363  1.0000000000
12.3239726572 -6.0572369511  8.0405181910  8.7165203294 -7.4390260513  7.7719538896  0.0954813920  0.2353209166  1.0000000000 -0.1718716463 -0.2683661275  1.0000000000
10.5477405951 -5.7077011840  7.9488627000  8.7836143487 -8.2512628508  8.9504748426 -0.1375286346  0.1024799469  1.0000000000 -0.0813194285 -0.2418479229  1.0000000000
10.5027715749 -7.7823254817  7.7744177040  9.8430051572 -8.4386794173  6.3033375190  0.1007401332 -0.1108935769  1.0000000000  0.1307294486 -0.3305290945  1.0000000000
 9.3037413127 -7.9575464348 10.0484786617 10.1661179352 -7.4760409920  8.7789865910 -0.1350624212 -0.1181883952  1.0000000000 -0.0676946522 -0.1012305291  1.0000000000
13.0316135159 -7.4162177441 10.4159066422 11.2820264967 -7.1233005021  8.4873412722 0.1025934906 0.1726782556 1.0000000000 0.0137024234 0.0483718555 1.0000000000
11.8261337585 -5.8107874958  8.1117590598 10.4938278878 -9.0604938551  9.7339750180  0.0463440535  0.2248007644  1.0000000000  0.0680508867 -0.1433842855  1.0000000000
 9.8867661541 -6.5551216141  7.3386948146  9.1385924927 -8.0642011979  7.9867560429 -0.0943724008 -0.0209387275  1.0000000000 -0.0726159515 -0.1932276379  1.0000000000
11.1404694534 -8.1019763338  8.7977753845 11.2159734650 -7.2488901341  7.3282844627  0.0595542039 -0.0006796532  1.0000000000  0.1430446245 -0.0180107989  1.0000000000
11.8295294936 -9.1473070064  9.3806683638 11.1430606114 -4.8742216059  7.7649255545  0.1804873708 -0.0504659487  1.0000000000 -0.1320812864  0.2942407661  1.0000000000
11.1303014711 -5.3953884819  9.2709687126 11.5543107205 -7.9759788705  7.2811400462 -0.1070746431  0.1973891008  1.0000000000  0.1927308324 -0.0355347672  1.0000000000
12.2248324975 -7.8375277931  9.7917286548 12.5218279371 -7.7476022426  7.7159273450 0.1523453380 0.0886340031 1.0000000000 0.2405835289 0.1175184395 1.0000000000
10.9735239849 -5.4071896300  7.1504724560  9.7399362982 -7.7316191924  7.7008666201 -0.0789864961  0.1846414925  1.0000000000 -0.0177609031 -0.1574431009  1.0000000000
12.8340197985 -7.3880846350  9.0694546227  9.2189053682 -7.9582612716  7.7307334003  0.1868930994  0.1449640968  1.0000000000 -0.0929847202 -0.2835735500  1.0000000000
12.6022273484 -5.7644940281  6.9104580388 10.4149408590 -9.6257826994  9.4367177240  0.1420173047  0.2710056141  1.0000000000  0.0800247697 -0.1919798212  1.0000000000
11.2787965181 -6.9613775790  7.3522513987 10.3994258227 -5.1523008226  9.2316875409  0.1135581554  0.0074415956  1.0000000000 -0.2045865546  0.1812926612  1.0000000000
12.1618423800 -6.9216248642  7.6591250831  9.4477918602 -7.4878127065  6.6227242109  0.1571242786  0.1705869312  1.0000000000 -0.0148352937 -0.2454745554  1.0000000000
 8.8072393714 -6.9200931595  6.7570579338 10.3990345124 -7.0131868486  8.2075652983 -0.1592833558 -0.2253579103  1.0000000000 -0.0553328836 -0.0544818169  1.0000000000
 9.2520439842 -8.2604270084  9.6949059775 10.3366274916 -7.2293928218  9.4297252808 -0.1093283069 -0.1328699886  1.0000000000 -0.0626873344  0.0175521557  1.0000000000
10.0891205302 -6.1371853522  7.1622922875 10.3747299594 -7.6820144951  9.7726077354 -0.1423470444  0.0212094655  1.0000000000 -0.0410127822 -0.0369626816  1.0000000000
12.5287273137 -7.9351796628  8.1641933594 10.5559992320 -8.6654296867  6.4920435858  0.2403245628  0.0458190953  1.0000000000  0.2172996084 -0.2529851808  1.0000000000
10.5542383269 -7.3176700301  7.3564740228 11.0103308180 -7.1360636120  6.4308743488  0.0391865130 -0.0832624890  1.0000000000  0.1240100580 -0.0321951377  1.0000000000
11.6137134893 -8.0768186881  7.8543501406 11.0986834047 -6.0544200230  9.6939800393  0.2073914041 -0.0068238321  1.0000000000 -0.1030335624  0.1309979131  1.0000000000
10.8846427395 -5.9923347895  7.2059944847 11.6557478260 -8.4246049876  7.2700461531  0.0053088856  0.1320949570  1.0000000000  0.2571949829 -0.0816056784  1.0000000000
10.4577243768 -7.6508860967  9.1931585491 11.4009115686 -9.6777511036  9.6254744330 -0.0495641914 -0.0293315510  1.0000000000  0.1522055585 -0.1565418148  1.0000000000
11.4581222578 -6.4301869597  8.3106584012 12.1343450140 -6.1182578861  8.1844480343 0.0158420846 0.1381953208 1.0000000000 0.0752865676 0.2345305485 1.0000000000
 8.2113642515 -6.6514153403  7.5485234244  9.7474572426 -8.4973898769  9.0572323495 -0.2943683832 -0.2184867500  1.0000000000  0.0210253818 -0.1700336039  1.0000000000
12.1438476291 -7.8009050621  7.7702954676 10.7131891701 -8.1666306686  7.0036645355  0.2221685440  0.0348715852  1.0000000000  0.1262336487 -0.1364373557  1.0000000000
10.0110842777 -7.6477908541  8.5711805123 12.1345837680 -8.1831384338 10.0621276328 -0.0431188190 -0.1357771938  1.0000000000  0.1450197022  0.0816357360  1.0000000000
 9.5300667013 -7.6644072659 10.2277793457 10.0309266469 -7.3690013782  7.8830138148 -0.0867325900 -0.1163013598  1.0000000000 -0.0003302332 -0.0880389235  1.0000000000
10.2299346963 -5.5098200778  8.1200345396  8.4147178173 -8.0179676248  9.5294702704 -0.1828586641  0.1012272713  1.0000000000 -0.1580392053 -0.1778594243  1.0000000000
 9.1042119737 -7.2946472827  8.1024894214 11.4016678713 -5.5762568208  8.6218953687 -0.1204052679 -0.1836093505  1.0000000000 -0.0755908733  0.1908182701  1.0000000000
