198.0000000000
0
50
-7.1573554152  8.2977845539  7.7659448797 -6.9886020032  7.7113823810  4.4451399193 -0.0206059171 -0.0054376513  1.0000000000  0.2395714124 -0.1523828601  1.0000000000
-8.9694125261  8.6362842032  6.0725991314 -5.9073359847  6.2333293283  4.9080669663  0.1815492909  0.1096374596  1.0000000000  0.0445564492 -0.2845254791  1.0000000000
-6.5747933105  6.7941839193  7.2068559722 -7.6962188079  5.9772913079  6.0118864679 -0.1099044406 -0.0464946047  1.0000000000 -0.0122199120  0.0535684226  1.0000000000
-7.1952310724  5.5151914888  6.8507468117 -8.1828272952  8.6150143701  5.8702796971 -0.1401762747  0.0173996736  1.0000000000  0.1979955097  0.0735206010  1.0000000000
-8.8305165832  8.1376244900  6.7865306176 -8.0215131948  6.7449556653  7.0718058861  0.1376257086  0.1459778544  1.0000000000 -0.0015637726  0.0898100769  1.0000000000
-8.9073886377  6.8921891408  4.7504675161 -5.4414944133  6.8165168149  7.2355301371  0.2700657060  0.1205546297  1.0000000000 -0.1226832849 -0.1270581279  1.0000000000
-9.4755755899  8.1003281558  5.8465451409 -5.2140686092  6.1812823064  7.4746450896  0.2722182820  0.1776078248  1.0000000000 -0.2452570984 -0.1736013080  1.0000000000
-8.2913347039  5.3506341713  6.2082860298 -6.2246410890  7.8631007757  4.0721166600 -0.0647727400  0.1741168946  1.0000000000  0.2462613487 -0.2756056272  1.0000000000
-6.4678184924  8.2733832907  6.9461016183 -5.3858733247  4.8970139497  6.0659245691  0.0387463848 -0.0618194316  1.0000000000 -0.2226121250 -0.2424501854  1.0000000000
-9.5058240575  6.1662780709  4.4674469562 -7.1314794618  8.1559988791  6.3514592786  0.3096884520  0.1978836689  1.0000000000  0.0672187438 -0.0501628329  1.0000000000
-7.8702074328  5.5013082064  6.2338311690 -6.8394459557  5.7883060378  5.2676565657  0.0111289900  0.0692736987  1.0000000000  0.0312153442 -0.1004945291  1.0000000000
-8.9474421492  5.8591995345  6.8011799561 -7.5555692734  6.2037473249  5.7812864912 -0.0295515882  0.2493421109  1.0000000000  0.0388815861  0.0234368598  1.0000000000
-7.7178872158  5.6184884828  6.7879975063 -5.3695594260  7.2339176865  6.8711791267 -0.0983355784  0.0848302494  1.0000000000 -0.1049680325 -0.2200806535  1.0000000000
-9.1365425345  7.4331010423  7.1816570946 -6.1469233198  6.4193017304  4.6449341081  0.0480910242  0.2203083601  1.0000000000  0.0681306915 -0.2499902800  1.0000000000
-6.0004797642  6.4457490139  5.4000126533 -9.4572794052  6.8632731906  5.1662430688  0.0100295101 -0.2578611580  1.0000000000  0.2513009326  0.2191478463  1.0000000000
-5.6401739192  8.6408524996  6.6042924523 -6.8782854523  7.2677138566  4.4953265227  0.0324302594 -0.1795710180  1.0000000000  0.2064059870 -0.1562290292  1.0000000000
-7.7122538230  8.6756597529  6.2967933695 -8.3145055123  5.5708848879  6.8656893053  0.1119033216 -0.0103140296  1.0000000000 -0.1168937143  0.1268224617  1.0000000000
-6.3737661123  9.1418519117  5.1359429213 -7.9974599431  4.3945694894  7.3115597588  0.2151892341 -0.1829057230  1.0000000000 -0.2821749663  0.1670093899  1.0000000000
-6.6401894031  5.4185512839  7.6202803775 -7.2365125809  7.4448802559  9.0047456448 -0.2146719272 -0.0004137319  1.0000000000 -0.1413684667  0.1000056124  1.0000000000
-5.0076373156  6.8936563900  6.9588555242 -6.0751687586  4.8974784525  6.6075204488 -0.1120742557 -0.1928844902  1.0000000000 -0.2356214506 -0.1317104200  1.0000000000
-6.0123076934  4.8094577348  6.1436559122 -7.3011363578  6.9728499677  7.2488465736 -0.2241017986 -0.1937141235  1.0000000000 -0.0720693630  0.0151184700  1.0000000000
-7.5477086106  7.7980696715  5.1940233289 -8.3925097114  6.5916071892  5.7523306401  0.1857233595 -0.0386031589  1.0000000000  0.1250936092  0.1078152517  1.0000000000
-7.7274747591  7.9317125424  5.9313037024 -7.8668704999  7.3410036914  6.6238599191  0.1606748013 -0.0069735865  1.0000000000  0.0377337430  0.0712520096  1.0000000000
-4.8936366546  6.5897403177  7.4259704178 -5.8344865860  8.1570059940  5.3846665048 -0.2189164309 -0.2139364035  1.0000000000  0.1153069151 -0.2356429376  1.0000000000
-8.2402032929  8.1459768605  6.4924720701 -7.7585144868  7.0861822076  9.3334258599  0.1054650446  0.0869235023  1.0000000000 -0.1724134131  0.0923046227  1.0000000000
-8.8116379794  4.5163307062  6.7061684044 -8.2316029421  6.4030550780  4.8613568634 -0.1413636126  0.2648740729  1.0000000000  0.1976788468  0.0622024534  1.0000000000
-5.4710034476  6.4617407473  6.7467613615 -7.7295654776  7.4582842436  4.8617466877 -0.1086785121 -0.1876800862  1.0000000000  0.2132042702 -0.0366546416  1.0000000000
-5.8851941011  5.4698753109  5.0951554889 -7.3181945244  6.8788683206  8.8288864827 -0.0580780828 -0.2362169560  1.0000000000 -0.2060748573  0.0751738171  1.0000000000
-6.2945290889  5.6900881687  7.3157711210 -5.0771954892  6.0667852964  6.9150694034 -0.2072116217 -0.0787890632  1.0000000000 -0.2050470255 -0.2486915403  1.0000000000
-8.9622279882  6.3890573128  5.3681273053 -8.2339876360  8.5000828513  7.4335172162 0.1656649926 0.1738110432 1.0000000000 0.0493828560 0.0894628441 1.0000000000
-8.2307082526  8.4009404922  7.7201456424 -8.6154958032  4.9044665214  7.5169364147  0.0390676346  0.0927138908  1.0000000000 -0.2147607150  0.2413643563  1.0000000000
-7.0864798558  4.7095209116  6.0940740977 -9.0952412464  6.2076548902  5.8402461151 -0.1702016649 -0.0266486144  1.0000000000  0.0930115536  0.2288386093  1.0000000000
-9.5464275913  6.0539217625  5.4912478030 -8.3884986010  6.8412400311  7.1141392206  0.1586086261  0.3054540331  1.0000000000 -0.0059638390  0.1734831498  1.0000000000
-6.7450191499  8.0820640976  5.3068844687 -8.5472672165  8.1899195247  6.0281437381  0.1683196726 -0.1241121714  1.0000000000  0.1807477873  0.1154466862  1.0000000000
-9.0316814097  7.9387593900  7.1572865226 -8.6386150184  6.6391282734  7.3423175410  0.0966164990  0.2164774113  1.0000000000 -0.0438768610  0.1618027222  1.0000000000
-8.4277143330  4.8844756270  7.1263922009 -5.2311311622  6.9154052985  7.4280244615 -0.1474539794  0.2418598130  1.0000000000 -0.1302425448 -0.2108467631  1.0000000000
-5.9473512531  8.3864803314  6.3459870044 -7.0208363557  5.4789420948  5.3471540435  0.0438483372 -0.1573871100  1.0000000000  0.0190408048 -0.0942343367  1.0000000000
-7.2157018583  7.4946266980  7.2052000273 -5.4624364769  6.4351571778  6.6358258390 -0.0361635513  0.0323590002  1.0000000000 -0.1218774421 -0.1846358488  1.0000000000
-7.8805447689  8.1604987124  7.8522747888 -6.4020439345  7.0654772306  7.9041375660 -0.0395114299  0.0947693258  1.0000000000 -0.1046184694 -0.0495686309  1.0000000000
-5.5622930596  6.5469774122  7.5189783066 -9.0342114103  7.1678643063  4.8784182745 -0.1773954102 -0.1274336709  1.0000000000  0.2964755479  0.1111693726  1.0000000000
-9.3084332046  8.1326669424  6.4279573049 -8.3227013490  9.0756009328  6.1601681424 0.1554278981 0.1724845347 1.0000000000 0.2176981410 0.0473608767 1.0000000000
-6.9217669026  4.3268007436  6.6165212104 -7.4842018180  7.0919525325  6.9814199865 -0.2519249673  0.0545875667  1.0000000000  0.0297697948  0.0314081439  1.0000000000
-7.5328015987  6.6543466330  3.8964905233 -7.9375881019  5.7920938440  8.2837218282  0.2680041947 -0.1263652632  1.0000000000 -0.1890036660  0.1615440214  1.0000000000
-8.6942721162  8.1687657091  6.6136919215 -7.3007469133  5.1566253802  6.8777676710  0.1052711031  0.1455661845  1.0000000000 -0.1939523961  0.0228715413  1.0000000000
-6.1900149290  6.2873207614  6.1821748328 -6.9374522638  5.8769885505  7.5751542723 -0.0711716305 -0.1081013202  1.0000000000 -0.1633854028  0.0115829991  1.0000000000
-5.7769725861  5.7547844209  7.3648470547 -6.3720001216  6.7385370552  4.9605480169 -0.2476398248 -0.1110084483  1.0000000000  0.1055996778 -0.2018743462  1.0000000000
-5.7865453709  5.3949674766  6.3985302237 -8.9111335814  6.6193764043  5.7175383647 -0.1459065522 -0.1937816978  1.0000000000  0.1645346927  0.1831120678  1.0000000000
-8.1633417968  6.4928611386  8.8653747147 -7.6254864698  8.4321327568  5.6242092307 -0.1844438351  0.2084491624  1.0000000000  0.2003589293 -0.0072902672  1.0000000000
-6.4411919390  8.2396890766  6.0302626426 -6.7881933322  6.4144823874  7.0795686123  0.0509625028 -0.1236135395  1.0000000000 -0.0721490385 -0.0080853477  1.0000000000
-8.4818404208  7.2984955257  7.3286431614 -6.1824112311  4.3906690914  6.5538752640  0.0390894880  0.1268184757  1.0000000000 -0.2832771154 -0.1429655413  1.0000000000
