408.6000000000
0
50
0.9502170789 5.0685888595 6.7329896015 3.0242116774 6.7913684293 8.2303259922 -0.2319393782  0.2472267090  1.0000000000 -0.0223214450 -0.0436538158  1.0000000000
3.2362452141 8.5286661863 7.2596497399 4.7044887415 8.1571940738 8.5251047748  0.1980046033  0.0804121510  1.0000000000  0.2163502669 -0.1486012829  1.0000000000
4.7913076892 6.3301209914 5.9462655896 1.5436684356 6.8196024667 7.2719727936  0.2725157832 -0.1364900616  1.0000000000 -0.0605850359  0.1805117364  1.0000000000
4.5812079007 4.8487337607 7.2527208127 3.7296671396 7.2843591489 5.3070285903 -0.0260207635 -0.2832459896  1.0000000000  0.3589546686  0.0991896111  1.0000000000
1.5299552851 5.8375405591 7.1449556691 2.0339013659 9.1106560939 7.4894082952 -0.1201320151  0.1059771134  1.0000000000  0.1481933992  0.1757815897  1.0000000000
4.7601735979 6.4991400266 7.4638777066 1.3058921954 5.8737051015 7.2036552569  0.1603210933 -0.2259516538  1.0000000000 -0.1483029297  0.1935117750  1.0000000000
3.1336426153 8.6262179996 8.0101036857 1.8666282195 5.8773159044 9.4756091368  0.1515045541  0.0211908332  1.0000000000 -0.1584092555 -0.0394859595  1.0000000000
2.4063224821 6.7374731044 8.5124819648 3.5517831354 5.5108175040 9.2161359170 -0.0612362362  0.0127748464  1.0000000000 -0.0997657081 -0.1460668926  1.0000000000
3.9452217205 4.3914842223 6.9710761635 2.3693434534 4.8464320825 8.5053467609 -0.1229549357 -0.1716060313  1.0000000000 -0.2265867240 -0.0809753887  1.0000000000
2.8309773105 7.6113961454 6.2481990542 2.6219683026 7.8529113113 7.1388002701 0.1943976253 0.0837091582 1.0000000000 0.1072635344 0.1096860772 1.0000000000
5.0787391912 7.1416663838 7.5690518712 3.5440599625 6.6188447926 6.1997346028  0.1781840422 -0.1890298570  1.0000000000  0.1552590505  0.0678951185  1.0000000000
2.7662027883 5.8034570502 7.6274041438 4.4117916095 6.4973077090 6.7177030025 -0.0726138876 -0.0079412140  1.0000000000  0.1213764728 -0.1149565443  1.0000000000
4.1377328190 4.8794745574 8.0709818765 2.0099609319 6.8866819607 7.6804201506 -0.1134584650 -0.2241728215  1.0000000000 -0.0052151437  0.0854842231  1.0000000000
2.2390649609 8.0722168470 7.9111983426 3.2155703835 3.9062005924 7.9297409698  0.0334493203  0.0779606579  1.0000000000 -0.3184021863 -0.2027835194  1.0000000000
3.5211760531 6.7705991486 5.7235765541 3.3507453512 7.5949294842 9.2878283032  0.1949073595  0.0824789814  1.0000000000  0.0221057694 -0.0532683510  1.0000000000
2.2897639808 7.9573235468 7.2513129953 3.9032278062 5.4952503331 9.1611486767  0.0923574560  0.1358593164  1.0000000000 -0.1049654826 -0.2309474821  1.0000000000
3.8322598235 6.7935200423 6.6749809739 1.1875396768 6.0170891629 8.2832510025  0.1749427648 -0.0357558121  1.0000000000 -0.1797570420  0.1081881041  1.0000000000
3.8493752539 4.7974569807 8.8672018421 3.0855412629 8.4500851140 7.2683602282 -0.1192213090 -0.2387371798  1.0000000000  0.2114914272  0.0683823909  1.0000000000
3.4879458390 6.0823645397 6.2167913245 2.8546082574 8.4609594840 7.4438141605 0.1130764895 0.0064868489 1.0000000000 0.1585265746 0.0850667252 1.0000000000
1.5081106507 7.7246018026 7.7470027776 2.4023859161 8.1236577928 6.6724545640 -0.0275712073  0.1688371953  1.0000000000  0.1250555136  0.1699525833  1.0000000000
3.2883296497 6.0924165237 6.2226249739 4.0522085571 7.4220852864 9.0127307292  0.0358438579  0.0473250627  1.0000000000  0.0739495529 -0.1265597476  1.0000000000
2.4353896215 4.5280845562 7.0192283219 4.4713138939 8.1046865052 8.6821400320 -0.2230732497  0.0218199440  1.0000000000  0.1660290820 -0.1130031785  1.0000000000
3.0401206455 8.9809036748 7.9775718217 3.8813917083 5.6811717115 6.4918881737  0.1657878200  0.0645357847  1.0000000000  0.0955320470 -0.0945045803  1.0000000000
2.4453409689 4.2916674855 6.6087905643 4.1011677600 7.6167009572 7.7004968763 -0.2176760905  0.0504566620  1.0000000000  0.1615855127 -0.0442259015  1.0000000000
4.5834681754 6.6403690149 7.7791258618 1.8493126370 8.2661350699 8.2442155928  0.1338349000 -0.1386771443  1.0000000000  0.0735250498  0.1181789742  1.0000000000
0.5355481760 6.7913018783 7.9974162013 1.7229278598 6.1803428262 6.7366168652 -0.1426825058  0.1990592795  1.0000000000 -0.0508626675  0.2313581722  1.0000000000
2.7632241400 7.0015988744 4.5018585468 1.2637132702 4.8514203081 6.4560942581  0.2205634034  0.2899773333  1.0000000000 -0.2783105587  0.1989293806  1.0000000000
2.9027242635 6.3272832484 5.0004245033 0.3611788991 6.9807970116 8.4915773225  0.1175069208  0.2520053485  1.0000000000 -0.1423213915  0.1966386546  1.0000000000
1.8950794032 7.5769993410 6.2321404156 1.5143420489 5.5769497510 8.4028317475  0.0830711803  0.2400128424  1.0000000000 -0.2391464045  0.0661694970  1.0000000000
3.7010746267 4.9870172383 8.6167897944 5.7841656793 6.5272971193 6.4378974653 -0.1248638391 -0.1827453288  1.0000000000  0.3384579274 -0.2559559860  1.0000000000
2.7277716708 8.8689042161 6.7057584737 4.2584990475 8.0035722500 8.7068400847  0.1799965802  0.1381100474  1.0000000000  0.1198310519 -0.0752549131  1.0000000000
4.7021855500 6.3466824914 6.7410796595 4.0505450817 5.8272193178 6.3300396966  0.1644363033 -0.1305870894  1.0000000000  0.0758186621 -0.0401880831  1.0000000000
3.5967143109 5.5325265319 6.8470802607 3.1920823685 7.0828681179 9.2882404997 -0.0149150975 -0.0376081766  1.0000000000 -0.0126111476 -0.0763181138  1.0000000000
2.3576653098 5.4700445618 5.6946818796 2.2166838702 5.5671131733 9.1585541248 -0.0329870739  0.1773360427  1.0000000000 -0.2400693493 -0.0307729897  1.0000000000
1.0258601282 6.5333517390 8.2012301236 0.5563419351 7.4762740365 8.3775659308 -0.1519317070  0.1771695544  1.0000000000 -0.0668560959  0.2155515044  1.0000000000
1.1218108177 6.7164816644 9.1615942200 2.0126102999 7.1691981496 8.9047772751 -0.1146544944  0.1007143222  1.0000000000 -0.0237554251  0.0476657818  1.0000000000
1.9645821987 7.7367446805 7.4376504776 2.6427923624 8.4867207192 5.8920529134 0.0639103638 0.1729620087 1.0000000000 0.2631343273 0.2544980324 1.0000000000
4.2355489146 4.8474457419 7.4631717788 4.7516254045 6.7792333608 8.5621736932 -0.0811601529 -0.1973757131  1.0000000000  0.1353600516 -0.1867931825  1.0000000000
4.6653285367 4.8176279918 7.1714922816 2.8664730015 7.8889354886 6.3622897844 -0.0128837916 -0.2400776278  1.0000000000  0.1713531671  0.1347502892  1.0000000000
3.2768039097 7.1809374177 7.3093819894 3.2541409571 7.4401018947 7.9369586092  0.1208814261  0.0390999452  1.0000000000  0.0837565099 -0.0251665887  1.0000000000
2.5590923939 7.1295077967 9.2908133432 4.9030255388 6.5147622112 5.7245007014 -0.0572140624 -0.0239504359  1.0000000000  0.3297707415 -0.0799799611  1.0000000000
5.0981001806 6.5076217290 7.5551898257 2.7854751005 8.4632319652 8.3910748667  0.1012929810 -0.2463039499  1.0000000000  0.0862038686  0.0587419249  1.0000000000
2.5621229187 9.0199757680 7.7621326018 4.3661427418 7.1713404570 6.4928673501  0.1698075930  0.1252254132  1.0000000000  0.2493195229 -0.0608868479  1.0000000000
4.5607273438 6.7209300496 5.2036937449 5.3039933285 6.6286558561 7.9346054788  0.3510356081 -0.0262206874  1.0000000000  0.1472045934 -0.2550430829  1.0000000000
2.6364757965 5.6390462020 7.1884947327 4.9108893385 5.8686519637 5.9670664809 -0.0494725219  0.0078477093  1.0000000000  0.2027175288 -0.1389752052  1.0000000000
3.2269262435 5.8001971246 9.0101908928 4.3640980896 5.3076308464 6.3572630394 -0.0804754328 -0.1407248870  1.0000000000  0.1037849232 -0.1267306984  1.0000000000
2.4424735009 8.4092312411 8.3119018287 1.8273751752 6.7101040784 8.3717616167  0.1302564880  0.0819382699  1.0000000000 -0.0488373086  0.0690061574  1.0000000000
1.6954413014 5.3295359425 8.0182211139 1.6454000630 6.6228603685 6.2271978932 -0.2124062951  0.0589969370  1.0000000000  0.0029140625  0.2327850154  1.0000000000
2.7806294424 7.8698892801 5.0885105595 4.4941695945 7.2068713117 6.1209208128  0.2802863500  0.2795314266  1.0000000000  0.2382075417 -0.0556037635  1.0000000000
2.6529766754 5.8377584697 5.6055449210 2.9345507792 7.4254361344 6.1285281833 0.0260319046 0.1935970531 1.0000000000 0.1818876414 0.1623100761 1.0000000000
