940.3000000000
0
50
-12.3614728116  -7.0102468202  -0.0160427260 -10.7475573141  -8.3679598801   3.4941287792 -0.1320662352 -0.1521309405  1.0000000000  0.1918939978 -0.0652035277  1.0000000000
-12.5795647362  -5.6074189794   1.9787416134 -12.9931097984  -6.9746645735   0.9526863807 -0.1273950148  0.0372348787  1.0000000000 -0.1883844557 -0.1010860728  1.0000000000
-12.0428493326  -7.5246679969   0.8507316627 -12.1554569361  -6.7693557731   3.1082868555  0.0064318173 -0.1379672294  1.0000000000 -0.0585192007  0.0596858436  1.0000000000
-12.3823689953  -4.9027712580   1.6522618954 -10.5334018355  -6.4126104966   3.1667310731 -0.1749274054  0.2051514712  1.0000000000  0.1256380432  0.1035023654  1.0000000000
-11.9848333161  -4.0682941847   0.3255494046  -9.5286129326  -7.8731835685   0.4381409206 -0.2422713991  0.2773641740  1.0000000000  0.3260150173 -0.1913708280  1.0000000000
-12.4524186452  -6.3994788866   0.5950358067 -11.7350514114  -6.9234036727   1.5931677756 -0.1113933152 -0.0354711658  1.0000000000 -0.0018021776 -0.0318063532  1.0000000000
-12.2696458432  -4.2289616406   1.5825231337 -11.8691101021  -6.6551142047   1.8000459193 -0.1875841383  0.2524488611  1.0000000000 -0.0682847395 -0.0345635091  1.0000000000
-10.9662559340  -5.4194625502   2.8889966566 -12.1144516037  -4.6466446636   0.0288610642  0.0938491146  0.1664951760  1.0000000000 -0.2292311453  0.1961004873  1.0000000000
 -9.8610784848  -7.9549833892   1.5996544665 -11.3465304685  -8.5882948307   1.6393989392  0.3094781498 -0.1376282793  1.0000000000  0.1082223235 -0.2315416885  1.0000000000
-11.2094441778  -8.0139164167   0.8360506799 -10.4583165408  -7.7295283186   1.6465881222  0.1296572920 -0.2071252336  1.0000000000  0.1515477602 -0.1069785102  1.0000000000
-12.3888523192  -5.8603496203   1.3911783623 -11.4855464547  -8.2206667318   1.8266251124 -0.1125494025  0.0313277922  1.0000000000  0.0318827072 -0.1557883243  1.0000000000
-10.5513729212  -6.1763591771   0.2311760606 -13.0397463124  -7.3126330809  -0.2649439896  0.0955009985 -0.0298634431  1.0000000000 -0.2580150317 -0.2464957038  1.0000000000
-9.6101864560 -6.1261764681  2.8060082078 -9.9015120662 -5.2821333560  1.1508578395 0.2545061747 0.1186685928 1.0000000000 0.1518399098 0.2195837806 1.0000000000
 -9.5141915728  -7.6616987017   1.1212314647 -12.5877659088  -4.2599250799   0.8772471192  0.2518060563 -0.1326497568  1.0000000000 -0.2495629932  0.1870967118  1.0000000000
-13.3916100260  -7.3046875189   2.6189113523 -11.4885833203  -5.3441939209   1.9752259177 -0.1585740447 -0.0685972686  1.0000000000 -0.0201516620  0.1481401594  1.0000000000
-13.2162146218  -6.6936203382   0.2228728772 -12.4456052182  -4.6241441935   1.8729973645 -0.2608688405 -0.1460834516  1.0000000000 -0.1403227201  0.2278770623  1.0000000000
-10.7651324162  -8.2081811495  -0.2949160865 -10.8896559745  -8.0999965217   2.2557948902  0.0846724184 -0.3192456164  1.0000000000  0.1327390059 -0.1130808128  1.0000000000
-11.2749746813  -5.6365921633   3.0575980101 -12.4763434659  -8.3849292795   1.7407908863  0.0409668976  0.1316065911  1.0000000000 -0.0555516927 -0.1880878624  1.0000000000
-10.7936358520  -7.2980017041   1.3864275893 -10.8751113176  -6.2237483043   1.5851067179  0.1163389618 -0.0957078690  1.0000000000  0.0701391357  0.0088901088  1.0000000000
 -9.8355574630  -6.9172837948   1.7965320696 -11.1133750316  -8.6724479133   1.5111879169  0.2053026768  0.0375072559  1.0000000000  0.0958280743 -0.2379161125  1.0000000000
-10.3126133725  -8.2458512827   3.6265756235 -10.2205617841  -6.2823514083   4.1894744747  0.2141533175 -0.1001703862  1.0000000000  0.1456251565  0.1285045039  1.0000000000
 -9.1536574407  -5.0478561762   1.0860249665 -13.0725071599  -5.9572066613   2.4900678883  0.2831445780  0.2517104730  1.0000000000 -0.1332061401  0.0552125886  1.0000000000
-9.8709204304 -7.5223165598  1.9772957556 -9.4756903791 -8.1939427736 -0.0808183972  0.2199273019 -0.0739155479  1.0000000000  0.2866127715 -0.2537806208  1.0000000000
-12.0077248669  -6.2019460089   1.2905401631  -9.0373064801  -4.9607725334   1.1120364818 -0.0711156982 -0.0341310557  1.0000000000  0.2664261719  0.2937595575  1.0000000000
-11.9901996609  -7.0701784728   2.2187372670 -11.3480835063  -4.8446769671   2.5474982709 -0.0252852250 -0.0699090565  1.0000000000  0.0098835482  0.1813198398  1.0000000000
 -9.8351650444  -4.9589639409   1.6832443183 -10.4815409612  -4.7793125209   1.4086868053 0.1748812373 0.2420991839 1.0000000000 0.0688418778 0.2569349495 1.0000000000
-11.3541434726  -7.8688936572  -0.1565764321 -12.0209437474  -4.4707459254   0.0633600313 -0.0017034290 -0.1968299000  1.0000000000 -0.2405293838  0.2557733534  1.0000000000
-11.0929318728  -6.7565432684   0.1977492346 -10.6440037165  -6.5614710655   0.1163099465  0.0163368624 -0.0999846797  1.0000000000  0.0520398141 -0.0686402290  1.0000000000
-12.0292387744  -4.3932082275   0.1348348751 -12.4629111557  -4.2361246115   1.3807196011 -0.1931492806  0.2373657541  1.0000000000 -0.2336656915  0.2486805937  1.0000000000
-11.1141725342  -5.6926495165   1.0241839659 -12.0158773038  -7.5733939638   2.0756723562  0.0054894539  0.0796981758  1.0000000000 -0.0476324242 -0.1339759284  1.0000000000
-11.3069747098  -5.8652671026   0.3167901845 -12.1411554655  -5.5448943014   3.4029572289 -0.0633596407  0.0173397414  1.0000000000 -0.0425330965  0.1151784012  1.0000000000
-11.3080170013  -4.6185900980   2.0737607925 -13.2636527120  -8.4804150708   2.6256024424 -0.0533590336  0.2625638646  1.0000000000 -0.0955791126 -0.1848937371  1.0000000000
-10.8047416059  -7.4536699282  -0.1393384973 -13.4630272832  -6.9833227165   1.3600262260  0.0799834385 -0.2333798077  1.0000000000 -0.2336381932 -0.0934083741  1.0000000000
-9.7395525957 -7.3111022059  0.6401340934 -9.6948643038 -6.0268493393  1.5096786267  0.2352782042 -0.0950900705  1.0000000000  0.1800664117  0.0881046734  1.0000000000
-10.7854594913  -4.6968166429   1.8467392689 -10.5469781603  -6.5609590638   3.4540122037 0.0251348537 0.2203123168 1.0000000000 0.1448788507 0.0797691235 1.0000000000
-11.4378079809  -5.0205664907   1.1932045153 -12.5893416443  -5.6243283016   2.4102473366 -0.0899977680  0.2321130586  1.0000000000 -0.1134755306  0.0917803723  1.0000000000
-12.3196180321  -6.9396406415  -0.6800241681 -12.6609325000  -7.4806170719   0.8263307875 -0.1921949338 -0.2017371312  1.0000000000 -0.1268961597 -0.1882535524  1.0000000000
-12.1484811997  -7.5668015283   1.9991614230 -10.1757321493  -5.2462671395   1.4941051369 -0.0266518157 -0.0836811108  1.0000000000  0.1035935818  0.1818257697  1.0000000000
-13.3564478737  -7.5411656211   0.0406423786 -10.3358000557  -7.0313322470   0.5845390216 -0.2690263311 -0.2636268177  1.0000000000  0.1351399655 -0.0870873450  1.0000000000
 -9.9239554326  -5.4284559548   0.4937097611 -11.8111962011  -6.1253863735   1.9930559759  0.1917947877  0.1691483329  1.0000000000 -0.0759396961  0.0053719960  1.0000000000
-11.9959718008  -4.6095156962   1.4364554361  -9.9445496482  -6.8622680118   2.9999097999 -0.1670442387  0.1875866755  1.0000000000  0.2383288978  0.0923597992  1.0000000000
-13.1679880679  -5.9944612054   3.0879890212 -12.0948465254  -7.4117443497  -0.4804521146 -0.1753315954  0.0595676727  1.0000000000 -0.1236460709 -0.2325977194  1.0000000000
-10.8123836251  -5.3314987047   1.4024604056 -12.3730480087  -8.1948902545   1.9330229639  0.0487871208  0.1419208383  1.0000000000 -0.0275989591 -0.1642691285  1.0000000000
-11.5652599774  -6.7470281281   1.2003127222 -10.0493606802  -6.4035806986   1.8319219017 -0.0554862263 -0.0583972318  1.0000000000  0.1593894322  0.0611294388  1.0000000000
-10.6231319251  -5.6460511954   0.6603135785 -13.2195255591  -7.4699272311   2.4290272272  0.0571099650  0.1085582102  1.0000000000 -0.1761697160 -0.1347855209  1.0000000000
-12.5737649805  -5.3915290048   0.5335214715 -10.7426240489  -7.2787507040   1.4965352292 -0.2064952812  0.0795336200  1.0000000000  0.0898049197 -0.0869523299  1.0000000000
-12.0245939303  -7.1249506569   0.8449467335 -11.6742892787  -6.9685157171   1.4999101389 -0.0738369416 -0.1051151723  1.0000000000 -0.0012684324 -0.0689989970  1.0000000000
-12.4779103974  -5.8156175230   2.7653695299 -11.8215846571  -6.4624302160   0.7949591310 -0.0872261152  0.0718739458  1.0000000000 -0.0696108806 -0.0435421224  1.0000000000
-10.3624725351  -5.7558705069   3.1212570083 -11.6221084478  -6.8947487304   0.0551219235  0.1456627951  0.1930251123  1.0000000000 -0.0331751679 -0.1381834118  1.0000000000
-13.6081866694  -6.7496751549   2.9919757357 -12.2624819649  -7.1192588163   1.4185494879 -0.1354883518 -0.0154373010  1.0000000000 -0.0596839654 -0.0617292255  1.0000000000
