785.2000000000
0
50
 3.6068021556 -4.4385269548  9.3909389644  2.6481669007 -3.8365132512  6.1240794783 -0.1136944306 -0.1818254714  1.0000000000  0.2075059686  0.0048741085  1.0000000000
 2.9538788254 -3.2443209643  9.6037913003  2.5044729556 -6.3571634665  6.3133351937 -0.0228992150 -0.1512696995  1.0000000000 -0.0391846566  0.2071479552  1.0000000000
 3.4962219067 -4.5050611901  9.6395070605  2.1930429416 -3.9483575621  7.7734189934 -0.0971245291 -0.1784532765  1.0000000000  0.0416027037  0.0273603923  1.0000000000
 0.5736773124 -3.7742593923  8.5586175228  3.7577415450 -3.2417524935  8.5089354315 -0.0663726181  0.1397417413  1.0000000000  0.0323463596 -0.2239665769  1.0000000000
 4.1290285901 -3.5928717560  6.6621244275  4.0174481384 -3.7174325156  8.8838680207  0.1891204114 -0.1948904062  1.0000000000 -0.0200678980 -0.1964450483  1.0000000000
 1.1413270904 -3.3483398585  8.4137155387  4.8676487193 -5.7407343583  8.6914162317  0.0567344827  0.0653216145  1.0000000000 -0.1864090325 -0.2844124906  1.0000000000
 1.7891131653 -6.9625614260  6.7687485546  1.0752636348 -6.5733977618  8.0982113248 -0.1163276346  0.2887794982  1.0000000000 -0.2279000328  0.2676149741  1.0000000000
 1.3428324012 -4.4758353624  9.0888832680  2.3031232403 -2.2228614689  8.1925187716 -0.1601352332  0.0531519199  1.0000000000  0.1010192913 -0.0641902848  1.0000000000
 3.1583274095 -3.8422276713  7.7962683028  5.3373917299 -4.6513892518  6.7300527075  0.0735534032 -0.1467691222  1.0000000000  0.1163388236 -0.3554438524  1.0000000000
 3.1477059661 -3.2125698758  7.0320072644  1.2664097286 -4.4757414334  5.7699480383  0.2169826236 -0.1096209046  1.0000000000  0.2083983688  0.2406768036  1.0000000000
 0.5592498414 -4.2609169782  7.7384822325  4.3732571411 -4.1105291106  7.6542119822  0.0307644788  0.1706611357  1.0000000000  0.0123105326 -0.2416852430  1.0000000000
 3.9365192106 -3.9550910326  7.8624073255  1.9999541973 -3.8437558968  7.9560066777  0.0529442207 -0.1996137507  1.0000000000 -0.0134158706 -0.0194274568  1.0000000000
 2.3269173531 -4.2977306094  9.3301548562  3.8774773084 -5.4677155533  6.6337457355 -0.0991734418 -0.0424222432  1.0000000000  0.0087755625 -0.0985687532  1.0000000000
 0.4218071980 -3.4134093662  6.7022321167  1.2104842025 -4.5154977095  5.7457671944 0.1695325790 0.2135246602 1.0000000000 0.2317958125 0.2546002542 1.0000000000
 3.4105095358 -6.5338978686  7.5985821389  0.3877797045 -5.0395648814  9.1174442947 -0.1940911197  0.0070391176  1.0000000000 -0.1585640739  0.2171006986  1.0000000000
 1.3535713781 -5.2998639613  9.2893602909  4.5710537052 -5.3683014352  8.7908914171 -0.1999904641  0.1109220768  1.0000000000 -0.2095831009 -0.2795470145  1.0000000000
 1.8735443172 -4.1271397425  9.0340750834  3.7239171704 -3.4447767063  6.6989434268 -0.1152254286  0.0183003136  1.0000000000  0.2211944368 -0.1377146107  1.0000000000
 3.3147705130 -3.2133543709  9.9791062881  4.7264140544 -4.2831267276  6.9385865336 -0.1136195668 -0.1784409067  1.0000000000  0.1165066250 -0.2732350337  1.0000000000
 0.8400160298 -4.1374299190  7.2310778042  3.2253443009 -3.7038299761  7.7864290123  0.0781006826  0.1790711299  1.0000000000  0.0830373717 -0.1038498454  1.0000000000
 3.2976748229 -5.3908114403  8.8400887712  3.3294986008 -4.9354552185  9.6347943878 -0.1937122121 -0.0869510189  1.0000000000 -0.1974512111 -0.1114472483  1.0000000000
 0.4670144504 -3.7911560548  6.7785914537  2.8793983132 -2.3795596562  7.6510792230  0.1290823182  0.1919999308  1.0000000000  0.1516078458 -0.0838455961  1.0000000000
 3.1164750662 -2.9979201845  9.6393151444  3.0949411421 -4.7930086108  6.7953344933 -0.0330553105 -0.1740050190  1.0000000000  0.0383479403 -0.0187183811  1.0000000000
 3.5364971546 -4.9716612458  6.3902781873  2.3998216003 -4.2749054583  6.5321976223  0.1095937259 -0.0480409943  1.0000000000  0.0948574426  0.0800765224  1.0000000000
 4.0258165839 -4.9804493963  6.4921880119  0.7826019946 -3.3660576752  6.3236036280  0.0976843049 -0.1043074405  1.0000000000  0.1997519742  0.1558257165  1.0000000000
 3.5078020899 -5.2774082530  8.1609361378  1.0964616485 -5.2231659244  6.9674162627 -0.1384008846 -0.0586482884  1.0000000000  0.0343675900  0.2140259042  1.0000000000
 1.8428392474 -4.7523779736  7.4788757494  2.9220308234 -4.3911533864  6.4529649602 -0.0072019039  0.0625359025  1.0000000000  0.1554729314 -0.0103881479  1.0000000000
 3.3390187633 -4.4752128890  5.8603901659  1.6620475208 -5.1848391276  7.8800529797  0.2373580206 -0.0279227361  1.0000000000 -0.0896452434  0.0983738109  1.0000000000
 1.9781336608 -5.1982101882  5.4847925972  2.7488943489 -3.5274776837  8.9135748803  0.2331902701  0.2465802234  1.0000000000 -0.0571826314 -0.1343598242  1.0000000000
 2.9646784230 -3.4163197870  7.2269969746  4.6285674116 -4.1720092909  7.0646383532  0.1657198463 -0.0652449921  1.0000000000  0.0982641636 -0.2583529002  1.0000000000
 3.5827707586 -6.5352355205  8.4887604992  1.4305439174 -3.9636810113  5.6168145091 -0.2850958626 -0.0492248359  1.0000000000  0.2767700844  0.2209212582  1.0000000000
 2.0757782719 -2.6511989523  8.2680097972  1.9849167289 -5.6736159291  8.1585580658  0.1057957903 -0.0355476269  1.0000000000 -0.1712078791  0.1464709484  1.0000000000
 1.9376380595 -5.2830176457  5.8955458534  3.8611445908 -5.6213901249  6.8889508430  0.1561430898  0.2134543415  1.0000000000  0.0011151073 -0.0484034253  1.0000000000
 2.6486250712 -5.2192596595  7.8283482360  3.6772706303 -4.7346150541  6.7405488007 -0.0827115665  0.0580608101  1.0000000000  0.1322681059 -0.0938585539  1.0000000000
 0.8340042990 -6.1065444702  8.8829689637  4.0200953056 -5.3653595843  9.0935001606 -0.2291323427  0.1734632194  1.0000000000 -0.1703760582 -0.1699341788  1.0000000000
 4.1184223637 -5.3816224173  6.8850845810  2.5454809555 -6.3005658083  6.7092958374  0.0319279689 -0.1199279919  1.0000000000 -0.0938166117  0.1599810503  1.0000000000
 2.7583529492 -5.2418545252  5.4842150372  3.3182317080 -3.3612782659  8.6307904380  0.1825242133  0.1618548623  1.0000000000  0.0110656213 -0.1270387312  1.0000000000
 2.1927453220 -3.4245715530  9.2578246360  2.6013103757 -3.2240763615  7.3187914554 -0.0219105666 -0.0590768748  1.0000000000  0.1431181688 -0.0659125317  1.0000000000
 2.2459515019 -6.3882051626  6.9563916406  4.3588863374 -3.3016332567  7.6720890485 -0.0871494388  0.1944750911  1.0000000000  0.0812612296 -0.2840478978  1.0000000000
 2.8917873416 -5.3166356725  6.2225580459  5.0286452491 -3.9661178882  6.5370348302  0.1066990187  0.0618175891  1.0000000000  0.2067043113 -0.3019873813  1.0000000000
 4.6315292299 -5.5725242908  8.7250445251  3.4009872906 -2.3370478044  7.4663922271 -0.1791039276 -0.2458900354  1.0000000000  0.1747405137 -0.1465723206  1.0000000000
 4.4219764413 -4.7581255136  6.8688145654  0.2993864761 -3.2924772424  7.1988460513  0.1036036307 -0.1883364854  1.0000000000  0.1406153270  0.1767268074  1.0000000000
 1.4149598503 -6.1757577187  8.0474364046  1.8697658729 -3.5875216809  8.0626345543 -0.2073140234  0.1857375572  1.0000000000  0.0698529990  0.0230564088  1.0000000000
 1.8518937570 -4.8484373938  7.9389513319  3.0105558977 -3.1799413424  9.3032369664 -0.0321736261  0.0977940460  1.0000000000 -0.0058775877 -0.1158069090  1.0000000000
 3.1582346711 -5.1058983225  9.5576616727  3.4030709178 -6.1868372739  8.5098353055 -0.2065396843 -0.1211026804  1.0000000000 -0.2309901180 -0.0440056006  1.0000000000
 3.0053572900 -6.8199591007  7.5408905063  3.6913269614 -5.6847084800  7.7202006538 -0.2149737249  0.0882464896  1.0000000000 -0.1427155473 -0.0956473658  1.0000000000
 3.4827281968 -5.6201706746  6.7146203469  2.5741599298 -4.0319660363  8.4036442239  0.0342171239  0.0237203919  1.0000000000  0.0097141244 -0.0679866051  1.0000000000
 1.5258640874 -5.5091151434  7.6985442789  1.9465574584 -3.3578619399  6.6369240010 -0.0206366943  0.1893588470  1.0000000000  0.1586077498  0.0396146392  1.0000000000
 4.2639472271 -4.6852130487  7.1886462788  3.8481881127 -3.0649826173  7.7032639134  0.0570400064 -0.1298666655  1.0000000000  0.1068146504 -0.2097300169  1.0000000000
 0.9431133386 -4.7174021971 10.0022377567  1.9815267391 -6.5024559899  6.2494878871 -0.2221533799  0.0680299938  1.0000000000  0.0123750643  0.2668867481  1.0000000000
 1.6716489113 -7.3204821574  7.4187891081  4.2594854849 -4.7373126694  7.6785127225 -0.2345198266  0.3009585980  1.0000000000  0.0037479012 -0.2218058540  1.0000000000
