434.6000000000
0
50
10.8150755591 11.8474588876 -7.6875842615 11.0806770234 12.4151812692 -5.9347580499 -0.2387572973 -0.1572884044  1.0000000000 -0.1876651337  0.0539062429  1.0000000000
11.5822377342 13.3122956805 -7.5253032123 11.0883872971 14.1816567380 -4.2467472057 -0.2024781369 -0.1943595117  1.0000000000 -0.0676502381  0.1430338619  1.0000000000
12.2401751602 14.1192924525 -6.3980324076  9.3549707180 15.6796727418 -7.1017520002 -0.2027597979 -0.0443488792  1.0000000000  0.1540869581 -0.1768965773  1.0000000000
10.1047247988 16.0204423345 -6.7492218172 12.0956629270 13.9554064849 -7.0340120834  0.0707870936 -0.1222185771  1.0000000000 -0.2207243941 -0.1038040113  1.0000000000
11.6324772570 14.5032057861 -6.7082522519  8.6007379811 15.1171044684 -5.1533533096 -0.1317707738 -0.0906816174  1.0000000000  0.2099559187  0.0648767332  1.0000000000
11.2730530854 13.3624583003 -5.1221346986  9.1968410660 15.2021639798 -7.0080843581 -0.1566538736  0.1244033041  1.0000000000  0.1214478646 -0.1427964596  1.0000000000
 8.8789582319 15.1212702413 -4.7037596688  9.3860434901 15.0857500122 -5.2017970922 0.2134749674 0.1261707837 1.0000000000 0.1069736628 0.0223069748 1.0000000000
10.3781832813 11.8988345906 -6.7223126949 10.1564495137 12.2919799304 -7.3922821910 -0.2625411268 -0.0415578450  1.0000000000 -0.0910420318 -0.1762420190  1.0000000000
11.2389973562 15.2092419956 -6.5293930056  9.8497401816 14.8105993558 -7.5419907555 -0.0651991965 -0.1297123936  1.0000000000  0.0332305011 -0.2158441930  1.0000000000
 9.0007877689 14.2671455823 -4.0862108930 10.8295717191 14.4093940550 -5.2202247737  0.1508498448  0.1799773863  1.0000000000 -0.0115848961 -0.0170435303  1.0000000000
11.7487037135 14.1770914745 -6.6422770125  9.7799098064 10.8564218050 -4.7234772523 -0.1428660475 -0.0826950792  1.0000000000 -0.1425868798  0.3633205646  1.0000000000
 8.8894949510 14.9708571791 -4.3314797880 10.2650367198 14.1627121566 -5.3971616948  0.1884726547  0.1054058735  1.0000000000 -0.0247122124  0.0669543219  1.0000000000
 8.3333989397 14.0857289147 -4.7063335143 11.2662999520 13.0260249316 -4.3277576274  0.2410449173  0.1348710831  1.0000000000 -0.1500028839  0.1801638055  1.0000000000
10.8351077210 14.2525799433 -4.0488496231  9.4694188578 12.5324219540 -5.9862517582 -0.0011133204  0.1497686497  1.0000000000 -0.0143713986  0.0345733624  1.0000000000
10.9366368255 14.6531141406 -6.7667435948  8.4396431319 15.3910742646 -7.1738354240 -0.0718317825 -0.0757171547  1.0000000000  0.2308259921 -0.1893951464  1.0000000000
 9.7922016415 11.1330287568 -5.1049771540 10.0445405043 11.5174388880 -4.9893439187 -0.1718796856  0.2453747598  1.0000000000 -0.1124868146  0.2442986660  1.0000000000
11.2720991906 12.1913650797 -5.7165174710  9.0430550194 13.3568502389 -6.5433490847 -0.2540251941  0.0492617584  1.0000000000  0.0716051313 -0.0904056245  1.0000000000
10.8727913816 13.9543779524 -4.2723253133 10.9575808093 13.9976638282 -5.6868737838 -0.0039888596  0.1734281016  1.0000000000 -0.0510344759  0.0500593655  1.0000000000
11.6259886826 14.5738626634 -6.0112855307  8.5452685976 13.4083482487 -5.3486904332 -0.1193769430 -0.0251334892  1.0000000000  0.1995017253  0.0715528262  1.0000000000
12.1148918020 13.7515144836 -6.0996802348 10.5932192637 12.1134849498 -8.1138617814 -0.1953416083 -0.0031330985  1.0000000000 -0.2248059782 -0.2435219715  1.0000000000
 7.4313958494 13.5550067339 -7.4779677360  8.3506385280 14.0217620839 -6.7021568070  0.2894608918 -0.1998313170  1.0000000000  0.1754826466 -0.0985546540  1.0000000000
10.0381393777 13.7767281705 -5.1376992354  8.7611876497 15.3625460852 -7.4746655582  0.0048250805  0.0601163409  1.0000000000  0.1795025071 -0.2557259110  1.0000000000
 8.5070207122 12.9073532972 -4.8381894064 10.8467873003 13.6233975428 -5.7370124759  0.1587168563  0.1627086384  1.0000000000 -0.1133823005 -0.0242535819  1.0000000000
 9.9738865108 15.5121271451 -5.4734025328  9.6986673594 11.8298474869 -5.1539362803  0.0965925242 -0.0238301480  1.0000000000 -0.0296486944  0.2012690292  1.0000000000
 9.5892662683 15.5248291726 -4.8415484996  9.2900004480 15.5553994425 -4.2103559568 0.1729974887 0.0332964678 1.0000000000 0.1745867764 0.0981598647 1.0000000000
10.5741940687 10.7431103394 -5.2569696185 11.4045356516 15.2316586181 -6.5329727069 -0.2631048759  0.2181817742  1.0000000000 -0.0549132272 -0.0795646061  1.0000000000
 8.7510630096 15.2173029464 -3.9165480367  7.7772371972 13.9705638475 -5.7596022153  0.1959313838  0.1595772705  1.0000000000  0.2812259630 -0.0225085482  1.0000000000
 8.2172781653 12.8905695672 -4.9701981513 11.2251495251 15.0113675681 -5.8418958701  0.1848287448  0.1720189660  1.0000000000 -0.0428498179 -0.0355986440  1.0000000000
 8.1974463717 13.5369665423 -6.4554454120 10.2009069645 15.3708155769 -5.2155538847  0.2171899614 -0.0437412155  1.0000000000  0.0879988435 -0.0201397614  1.0000000000
10.2886467374 12.5746651857 -6.2946657727 10.7432979718 11.5742061578 -6.7812662011 -0.1220859268  0.0279624717  1.0000000000 -0.2858522859 -0.0296703901  1.0000000000
 7.4948548133 12.8213259519 -6.1923764774 10.2159164388 11.5592249668 -6.6219134109  0.2577835183  0.0015869329  1.0000000000 -0.1798726372  0.0109856623  1.0000000000
11.3093637192 12.5601839129 -6.9899714807  9.5376468658 13.0763810591 -5.3562540372 -0.2712286854 -0.0413670780  1.0000000000 -0.0327220462  0.1218926633  1.0000000000
10.3198069929 12.4037723246 -4.6414120060  8.4635650682 12.5667617189 -4.6708812518 -0.0939024211  0.2209220552  1.0000000000  0.1221978972  0.2284274361  1.0000000000
11.3024880027 13.5021187498 -7.5088373957  9.0672804062 13.9662267796 -7.4756358977 -0.1736128047 -0.1901634355  1.0000000000  0.0927820174 -0.1782241749  1.0000000000
10.1836084134 11.4776057025 -6.9089068470  9.1247041920 13.0426118225 -5.8390810375 -0.2281047033 -0.0342075089  1.0000000000  0.0541427806  0.0232209833  1.0000000000
10.9829608863 12.1776752087 -5.9464817738  9.1035361479 12.6834315509 -5.4299026780 -0.2023410880  0.0379082743  1.0000000000  0.0485380363  0.0922125134  1.0000000000
 8.2130546034 14.5207486144 -7.3688023938  9.3954280779 13.5179548897 -6.0341413666  0.2480322952 -0.2453942120  1.0000000000  0.0734504134 -0.0187837332  1.0000000000
10.7790074564 14.6345702127 -4.0546113535  9.8357336815 13.0145029707 -7.8770726226 -0.0241544032  0.1810290356  1.0000000000 -0.0911973398 -0.2518580598  1.0000000000
10.7882317243 15.0490514220 -4.9064320196  8.6686538884 12.9554131683 -8.0677697854  0.0066604339  0.0767451964  1.0000000000  0.0842242871 -0.2912695488  1.0000000000
11.9327288584 14.0385629418 -7.6053947036 10.2490080462 15.1815925100 -5.9354101812 -0.2345195207 -0.1860589091  1.0000000000  0.0092099323 -0.0317570836  1.0000000000
10.8600672132 12.6941912281 -5.2678340057  8.6262630184 13.9301929908 -3.7796641812 -0.1027328754  0.1129135040  1.0000000000  0.2282483505  0.2522330998  1.0000000000
 7.4724727733 13.3485986317 -6.4026196007  9.1233541560 11.5741931533 -5.1757873352  0.3324695359 -0.0474678613  1.0000000000 -0.0170833966  0.2321184168  1.0000000000
10.6722975969 13.3547929858 -4.8343582880  9.3525114929 12.6372439525 -8.1356389816 -0.0801844270  0.1457721331  1.0000000000 -0.0821198558 -0.2848137199  1.0000000000
11.2905622535 13.1962774033 -8.0333421441 12.1232372671 14.8099519003 -7.1476615623 -0.2111629108 -0.2564415310  1.0000000000 -0.1620945810 -0.1461735292  1.0000000000
11.1183837251 12.7250804455 -4.6596969949  9.8086238232 13.6494625360 -4.8289807312 -0.1683629408  0.1880655478  1.0000000000  0.0431209769  0.0934475050  1.0000000000
 9.9320179769 12.3891834836 -7.3916026747 10.3804264527 12.3578670625 -5.0401183400 -0.1204064992 -0.1214626009  1.0000000000 -0.0712684789  0.1792553217  1.0000000000
 8.7580967070 12.5361090863 -4.3827520055  9.2969771238 12.0718543580 -4.3535766787 0.1120161338 0.2632767917 1.0000000000 0.0156844821 0.2607665173 1.0000000000
10.9018778060 13.6384576854 -5.4628725922  9.4551345405 11.3446228511 -5.7059598135 -0.0997180883  0.0678550230  1.0000000000 -0.1186486888  0.1180380978  1.0000000000
10.0965215036 13.4171935848 -7.3195017491  9.7420654934 13.8829412635 -7.3446813627 -0.0250578670 -0.1741364974  1.0000000000  0.0305280530 -0.1991722550  1.0000000000
10.3816315819 13.2958535529 -5.2012360741 11.5149814179 13.9107887360 -6.7736614229 -0.0577496581  0.1031845906  1.0000000000 -0.1594028595 -0.0881336267  1.0000000000
