452.9000000000
0
50
-5.2325403140  6.4904713259  5.9588878737 -3.4471862888  4.3572018455  5.1307827970 -0.1326654379  0.1556442831  1.0000000000 -0.1769266775 -0.1417107963  1.0000000000
-5.1994363157  6.2201015206  6.1574327430 -2.1884734290  6.5173739991  5.8779097515 -0.1510599276  0.1292859304  1.0000000000  0.1175299140 -0.0295795871  1.0000000000
-3.5862966359  7.7097979724  4.1658610057 -1.5144166525  7.7294360171  5.2777725860  0.0328419422  0.0406279848  1.0000000000  0.2842533907 -0.0056632953  1.0000000000
-3.8871105886  6.7574351009  6.1733356223 -1.9323792449  6.4643087303  6.1833330188 -0.0487562806  0.1034920292  1.0000000000  0.1127068251 -0.0159009754  1.0000000000
-4.1678965279  6.6073621095  3.0837275379 -3.5775690782  5.5710995529  1.9607639725 -0.1459861659 -0.0569132330  1.0000000000 -0.2932022791 -0.2813084584  1.0000000000
-3.1126083476  8.9353836741  6.0439882012 -5.6605813115  6.7171407276  5.4272508432  0.1940372747  0.2134219928  1.0000000000 -0.1794785608  0.1757983664  1.0000000000
-2.9962490841  8.4347438480  6.5346221000 -4.6579291832  6.5601134798  5.9621188470  0.2034903773  0.1392951822  1.0000000000 -0.1206618734  0.1098601616  1.0000000000
-1.2309614001  6.9934155760  4.4958286988 -4.8421866455  8.2705949049  3.0048501838  0.1716164328 -0.1657169154  1.0000000000 -0.1871323106  0.1830107412  1.0000000000
-2.2396367658  7.8844194835  6.9413407011 -4.3124033025  7.4738751091  4.1377614448  0.1869088524  0.1205737479  1.0000000000 -0.0906705715  0.1030564413  1.0000000000
-3.7624210969  9.6355021877  4.1187084042 -1.4083429828  7.3012374793  3.2028735967  0.1725992289  0.2469124854  1.0000000000  0.1793093241 -0.2155108369  1.0000000000
-3.2690443251  8.7654139726  4.1604165108 -2.8680841564  8.1405503118  3.1726630267 0.1006174196 0.1368720775 1.0000000000 0.0791152733 0.0220431450 1.0000000000
-2.7343582368  7.3156637670  2.7674385633 -2.8977894325  4.8473768298  5.2989783362  0.0337310336 -0.1345008044  1.0000000000 -0.0715171910 -0.0935230922  1.0000000000
-4.0671089433  8.1813181794  3.6618607689 -4.8211970095  8.0883614877  2.8956476562 -0.0284575298  0.1037911696  1.0000000000 -0.1781690033  0.1360800962  1.0000000000
-2.5388810693  9.2190566881  4.4322757233 -1.8964513381  7.0039733721  2.8793544684  0.2499845265  0.1700483722  1.0000000000  0.0681618535 -0.2112028025  1.0000000000
-2.2938963033  6.6248995288  4.0365073666 -2.6795948226  8.0402489753  3.5340511849  0.0186666148 -0.1337999064  1.0000000000  0.0883318264 -0.0193491267  1.0000000000
-3.9442716563  6.5678364409  6.2615474127 -2.8790054406  8.5681343596  5.8504101817 -0.0540394637  0.0934587591  1.0000000000  0.1549189482  0.1331191963  1.0000000000
-5.5144635347  7.9682094066  3.8422452930 -4.8661045725  7.3379894622  5.6256424531 -0.1652138592  0.2690449921  1.0000000000 -0.1326127268  0.1836121655  1.0000000000
-0.5417633947  6.4269007293  6.0113499410 -1.5250004361  7.0564996607  3.7176037933  0.2031763213 -0.1773480480  1.0000000000  0.1094279589 -0.1971486736  1.0000000000
-3.0070777608  6.6680997252  4.5136458336 -3.2480408991  7.5931413655  4.6167493361 -0.0293565104 -0.0580883708  1.0000000000  0.0625820745  0.0559510014  1.0000000000
-1.3676006681  7.5739428862  2.6255963760 -3.4204312340  5.7634927579  4.2524097030  0.2254671235 -0.2807934288  1.0000000000 -0.1513452077 -0.1202543162  1.0000000000
-1.2641836795  7.9908021516  3.7240892016 -3.4093440497  8.4651238024  5.8668574764  0.2884427704 -0.1398980423  1.0000000000  0.1360128876  0.1811555588  1.0000000000
-1.6794963735  6.6438548738  4.0148770483 -3.7714500967  8.0492592251  5.4728172554  0.0986035168 -0.1935248272  1.0000000000  0.0574758023  0.1853439330  1.0000000000
-3.3205337429  7.6857110040  6.4811200220 -1.3267931625  6.4124863822  5.5750256502  0.0933979346  0.1229313118  1.0000000000  0.1809682826 -0.1103946103  1.0000000000
-4.7512224819  6.9998492554  4.9053690133 -1.7644313387  8.1184329134  2.8029130166 -0.1721385087  0.1251462572  1.0000000000  0.1890236069 -0.1738780978  1.0000000000
-1.6120271451  7.4457856859  4.9228151887 -5.4757924112  7.8494619659  4.3166224620  0.1918313706 -0.0486563551  1.0000000000 -0.2237845288  0.2674773004  1.0000000000
-2.8127361809  6.0966788015  4.1657142422 -4.8709194559  7.6524596685  4.8069446251 -0.0887428991 -0.1399632519  1.0000000000 -0.1263861630  0.2034230832  1.0000000000
-3.2637958897  7.1475729179  3.1738102398 -5.1942542385  7.0311597008  6.2863074178 -0.0636942125 -0.1108697719  1.0000000000 -0.0912827577  0.1906074049  1.0000000000
-5.5832958437  7.0907937943  4.3807790659 -4.7566279377  7.8075218535  3.2346177433 -0.2064403866  0.1834500877  1.0000000000 -0.1735673248  0.1041059152  1.0000000000
-1.2122929397  6.9815828254  6.2349403436 -3.8151689981  6.9220729693  2.6662148827  0.2205698639 -0.1031676298  1.0000000000 -0.1234869547 -0.0519369002  1.0000000000
-4.1633931097  7.7085151582  6.7105469306 -2.6669264273  6.2220995861  5.1196101717  0.0251866450  0.1879498530  1.0000000000  0.0367178967 -0.0801899795  1.0000000000
-3.4274678214  7.9785057552  6.7911126823 -2.6451446038  7.6019202609  3.6713152983  0.1343157526  0.1624679667  1.0000000000  0.0411356567 -0.0832347393  1.0000000000
-2.0393133832  8.5480569627  5.3502225405 -1.7300163850  7.4752838200  6.4613662046 0.2740217038 0.0330638740 1.0000000000 0.1890702436 0.0197391529 1.0000000000
-3.5380460048  9.8834466582  4.2983889492 -2.1466846363  6.9815194998  2.6289482709  0.2361294853  0.3178291947  1.0000000000  0.0161665560 -0.2046224219  1.0000000000
-0.9670964555  7.2095177865  3.5692838006 -3.2401172631  6.1715976766  2.9372912998  0.2007326499 -0.2353314155  1.0000000000 -0.1303110070 -0.1705992916  1.0000000000
-3.0762367405  5.4687737581  3.4697779395 -4.1938928857  9.1287005385  3.4558142528 -0.1037632209 -0.2325656336  1.0000000000  0.0487693307  0.2497619127  1.0000000000
-4.1550359358  7.6969440670  4.9041174996 -1.1785373919  7.3261628597  3.2067770877 -0.0064658493  0.1690596487  1.0000000000  0.1725827846 -0.2078235189  1.0000000000
-3.6069454122  6.6851539405  5.7480465778 -1.8645119625  7.7458796429  6.0737772482 -0.0232943175  0.0556559303  1.0000000000  0.1835961769  0.0807752150  1.0000000000
-2.3061682150  8.1274640169  6.0676093623 -5.4397794827  6.7936276414  4.6260119923  0.1840954915  0.0776910250  1.0000000000 -0.1908229544  0.1509534465  1.0000000000
-3.6866175555  6.1187727511  1.9615581015 -3.6846825538  5.6483749603  5.6081119135 -0.2637137433 -0.2549153789  1.0000000000 -0.1237235861 -0.0201001117  1.0000000000
-4.8497970777  8.6869620139  3.8189144472 -5.2852303055  8.0962012883  4.3796615257 -0.0792919069  0.2982597758  1.0000000000 -0.1397950592  0.2834199876  1.0000000000
-1.5612532804  7.6874705964  6.2445229211 -5.1663222931  7.2812967105  3.5379782526  0.2211471757  0.0151806496  1.0000000000 -0.2548134942  0.1503653414  1.0000000000
-2.9271699230  8.6800251465  3.2676762089 -3.7374996027  6.2591405137  3.9071509114  0.1046237039  0.0603908302  1.0000000000 -0.0923086637 -0.0559157283  1.0000000000
-1.0716475760  7.3077141291  4.0088456825 -3.0963907582  8.4864046164  4.3643625961  0.1848827799 -0.1999305326  1.0000000000  0.1086627133  0.1158785311  1.0000000000
-2.8490529965  9.0227560303  4.7043146796 -4.3574381470  7.4222586494  4.1919547549  0.2372243271  0.1168787537  1.0000000000 -0.1070362315  0.0887995821  1.0000000000
-4.8809168710  7.2027096927  5.2376180944 -3.1884609719  4.7627828657  5.3431381308 -0.0747631115  0.1796564664  1.0000000000 -0.0791070315 -0.1383240858  1.0000000000
-1.4834375749  7.0742851423  2.9201877919 -2.9630128575  7.1436934546  3.0291507410  0.1329678330 -0.2956776404  1.0000000000 -0.0406095085 -0.1305667245  1.0000000000
-1.3668100474  8.5348439135  3.9788895856 -4.3640500762  7.0237051720  6.4193507452  0.3178486889 -0.0769200453  1.0000000000 -0.0602426878  0.2024897231  1.0000000000
-2.6615347674  7.3677111378  2.8603641251 -4.4984843896  7.6999390624  2.6002252861  0.0337499528 -0.1504343199  1.0000000000 -0.1582555875  0.0882661320  1.0000000000
-2.8840323636  9.0097816694  6.3879403369 -2.2974894985  7.0549026678  4.5034333495  0.2429512343  0.2358313907  1.0000000000  0.1100605524 -0.0784048087  1.0000000000
-4.3546506378  7.8242833960  6.3587516443 -3.9229345835  9.7728519323  3.8435482611 0.0439970741 0.2334580602 1.0000000000 0.1463333565 0.3555822829 1.0000000000
