591.8000000000
0
50
9.0634178858 3.6292939057 2.6835219040 7.5395868001 3.0200694353 2.0782680968  0.0290463728 -0.0717634174  1.0000000000 -0.1757646596 -0.1687199073  1.0000000000
9.7502137109 4.0073225768 3.7343160408 8.7287465448 3.9105620409 0.1725704793  0.0566753428 -0.0232248454  1.0000000000 -0.1763895209 -0.0499857122  1.0000000000
8.9746901790 2.5740289648 2.2666173729 7.9071556063 5.4982099716 2.9720234079 -0.0538287103 -0.2259704214  1.0000000000 -0.1114605861  0.0574378440  1.0000000000
8.3703473947 5.3085284224 2.0760998050 7.9609088080 6.1908777175 1.8288596186 -0.1585552146  0.0969877676  1.0000000000 -0.1985406510  0.1779322302  1.0000000000
 9.0443474577  2.9337783532  3.3332767882 11.2522434585  2.2786972913  1.4527683988  0.0223851142 -0.1443639724  1.0000000000  0.2432068546 -0.2286916504  1.0000000000
 9.0568741065  5.8932462417  1.8019224084  9.9159550563  4.4928077098 -0.1100723631 -0.0756323908  0.1647111165  1.0000000000 -0.0076298015  0.0699934729  1.0000000000
11.5848882014  4.1803288658  0.6916705605  8.8766445204  5.6166105704  2.6107285076  0.2521676357  0.0828156814  1.0000000000 -0.0448856891  0.1241586074  1.0000000000
 9.8019653846  3.9200768494 -0.3478515500  8.3577205921  4.1226839290  1.1079718752  0.0036650470 -0.0132635103  1.0000000000 -0.1242607323 -0.0155502180  1.0000000000
10.7964251756  2.5454537114  2.4109741888 10.8979946360  5.4145563673  2.8913286400  0.2241311098 -0.1822732995  1.0000000000  0.1789479918  0.1887463735  1.0000000000
11.4578268736  4.9892427110  3.1794683873  8.1528976585  2.6975447009  0.5150437049  0.2358196617  0.1295250257  1.0000000000 -0.2111246211 -0.2288943047  1.0000000000
 8.3521097989  5.1640264701  0.1025024067 10.4880941052  5.1164583241  1.9064491332 -0.2251202424  0.1309455838  1.0000000000  0.1259181102  0.0997180320  1.0000000000
8.7368990869 6.1118533394 3.1117285111 8.0617626426 5.4770234509 2.5298196092 -0.0802285789  0.1718058947  1.0000000000 -0.1591502605  0.0861479597  1.0000000000
10.6230542247  4.9227493514  0.4373543380  7.7119262875  3.3182099589  1.4999658842  0.0540111608  0.1422752755  1.0000000000 -0.1577921846 -0.1087339702  1.0000000000
8.6245181659 5.5147191086 2.1895098044 8.0616624448 4.5802535111 1.6712180679 -0.1031609032  0.1210037443  1.0000000000 -0.2060947032  0.0298682910  1.0000000000
11.0665463930  3.0783544747  1.8960515500 11.6748656587  4.1639891233  1.9334950959  0.2219326973 -0.0998581710  1.0000000000  0.2537468440  0.0665524930  1.0000000000
10.6565181230  5.3445617587  2.0824258231  9.4593594320  3.6718178305  2.0930371596  0.1174982315  0.1689410191  1.0000000000  0.0148962093 -0.0547895815  1.0000000000
9.5320779316 3.4343907937 0.7727491770 8.1818335975 3.1185651341 1.6755680994 -0.0351069057 -0.1219831459  1.0000000000 -0.1134629979 -0.1452481238  1.0000000000
11.0702063084  3.2916520472  2.9634583464  8.9604648514  5.9394641581  0.5265024670  0.2312485397 -0.0474328045  1.0000000000 -0.1647289261  0.2546535410  1.0000000000
11.6986339245  4.3610826075  1.6911025882  9.4436395313  3.2768194761  2.1568236934  0.2678914786  0.0882713112  1.0000000000 -0.0036004153 -0.0684700547  1.0000000000
10.8752874983  4.8455430146  2.8334015303  9.0879037804  2.8779441355  2.1065798060  0.1932205353  0.0435607938  1.0000000000  0.0078977939 -0.1362278235  1.0000000000
 8.9637374655  5.2120921207  1.8340199680 10.4194366259  3.3175722855  1.2218354988 -0.0655985532  0.1223210687  1.0000000000  0.1013877474 -0.0947300032  1.0000000000
7.6250748756 5.0687770812 2.3951433264 8.6151377746 3.0889203200 0.5280266499 -0.1852968167  0.0607803836  1.0000000000 -0.1636338274 -0.1669620685  1.0000000000
10.3064520810  5.6874386899  1.5578854634  9.5746934614  3.0495067388  1.4495770965  0.0590843487  0.2482308133  1.0000000000  0.0035898083 -0.1384644629  1.0000000000
8.4075881400 4.8571803856 1.7159664756 9.2236671533 3.1553086518 2.0034590870 -0.1695936472  0.0271643045  1.0000000000  0.0092565547 -0.1087181327  1.0000000000
 9.2578993243  6.0045291748 -0.2504288354  8.7450298599  4.7059272075  3.2269638703 -0.1803794695  0.2811979425  1.0000000000 -0.0062764253  0.0063755676  1.0000000000
8.0438499182 3.1788666282 0.8993489918 9.3150191871 4.3473782681 2.3921254248 -0.1659347221 -0.1598924514  1.0000000000 -0.0090274746  0.0206946838  1.0000000000
8.1380380867 3.8370812772 0.8197083708 9.1412112240 4.7843298879 1.1277211290 -0.1751122919 -0.0402247193  1.0000000000 -0.0767929401  0.1267861982  1.0000000000
8.2223434185 2.8543014881 1.9899324187 9.9135904486 4.2383094474 0.5728485513 -0.1118815376 -0.1919440705  1.0000000000  0.0201822590  0.0575881674  1.0000000000
7.6800651472 3.1782211300 2.2093862181 8.8828787301 5.4008093032 3.0651885390 -0.1798610926 -0.1307824692  1.0000000000 -0.0692923821  0.1177401868  1.0000000000
 9.4197358199  5.6744814150  0.9554226886 11.4210968328  5.1586031907  2.3630536644 -0.0370469992  0.1598104960  1.0000000000  0.2793420258  0.1558575913  1.0000000000
 7.5880741420  3.5058911754  3.0138015157 11.0998425985  5.5842021625  0.0577075699 -0.0914036838 -0.1525395975  1.0000000000  0.1269182508  0.2679149581  1.0000000000
 7.7930611090  3.8112241349  1.2510560372 10.4847962302  5.0676991574  2.2654518287 -0.1834829364 -0.0789772987  1.0000000000  0.1182443080  0.1323400993  1.0000000000
10.3654322414  3.7168566604  3.6734308082  9.6696411377  4.6399195989  0.2316202576  0.1875378993 -0.0434007301  1.0000000000 -0.0541178589  0.0627211133  1.0000000000
9.6417738640 3.6902440222 2.3269386808 8.5965344535 3.5841858341 2.5209351858  0.0336177614 -0.0348647923  1.0000000000 -0.0421099867 -0.0762737473  1.0000000000
 9.1243320897  4.9440722934 -0.1316547878  7.8536408216  3.5391038194  1.0355210990 -0.1721136338  0.1502034712  1.0000000000 -0.2215646179 -0.1026976806  1.0000000000
8.8228937944 3.1480368313 1.0136937766 8.5527747332 3.4619253564 1.4565733989 -0.0832949952 -0.1540794218  1.0000000000 -0.1291076919 -0.1357500428  1.0000000000
10.6094899186  5.1438494641  0.4839072097  9.4127285891  3.8184919037  0.4792884957  0.0552447616  0.1884889000  1.0000000000 -0.0598139816 -0.0291837883  1.0000000000
10.2313659400  3.5223301257  3.6358789197  9.2255922580  4.3750198811  2.5507702374  0.1546784423 -0.0502967441  1.0000000000 -0.0529119988  0.0112693952  1.0000000000
11.0991746318  2.5275125687  0.6761941103  8.5138197542  6.2185733110  1.9633063061  0.2507111857 -0.1850768906  1.0000000000 -0.1253664739  0.2175118041  1.0000000000
11.2079517406  2.0668291152  0.3137196637  8.6284288675  4.4379604910  0.2964535267  0.2589182630 -0.2484016455  1.0000000000 -0.1863740108  0.0062559644  1.0000000000
 9.7559420375  5.7920209712  0.7123665941 10.1912874262  3.7868390923  2.2804980390 -0.0397291863  0.2263784061  1.0000000000  0.0851084499 -0.0449903539  1.0000000000
 9.3725220925  4.7271157653  3.0306430713 11.6081855614  5.1836251873  1.9406637747 0.0615967377 0.0548893304 1.0000000000 0.2282455880 0.1747353461 1.0000000000
 8.7689438214  5.4761695136  2.7109901201 10.8374651237  4.0592890305  2.5679298075 -0.0365797697  0.1272296515  1.0000000000  0.1487716151  0.0458552434  1.0000000000
 8.4744907098  4.9508285807 -0.4477025845  7.2337952191  4.1094470591  2.8121167630 -0.2794100281  0.0896145736  1.0000000000 -0.1928909483 -0.0591280492  1.0000000000
 8.4832467989  3.8669649729 -0.3144966013  9.8613077658  4.7913222235  3.5725549340 -0.2461512604 -0.0744060172  1.0000000000  0.1129533164  0.0345115639  1.0000000000
10.7256687918  5.7378355923  0.1865296275  7.9245583349  4.7381030050  1.1414030658  0.0688324466  0.2709990195  1.0000000000 -0.2364592776  0.0386367725  1.0000000000
10.5320801419  3.6653240476  0.6397759070  9.8330819829  5.7892513568  2.3366532601 0.1153588048 0.0019987392 1.0000000000 0.0341966080 0.2169549913 1.0000000000
 8.9758937650  5.3092276646  1.8884173979 10.4312895678  3.6553691530  3.7109117301 -0.0811614557  0.1205099596  1.0000000000  0.1540003438 -0.0695430087  1.0000000000
 9.4435528213  4.1906204506  2.7507038813 10.7835310131  3.7066702381  3.3373870966  0.0303177034  0.0088715967  1.0000000000  0.1412344877 -0.0045902572  1.0000000000
 8.6224008870  4.5107293815  2.7068439302 10.9996318386  3.9595562100  3.8215563466 -0.0650563620  0.0288107074  1.0000000000  0.2237521912  0.0306390144  1.0000000000
