112.0000000000
0
50
2.7647711802 6.9286767075 7.5682678594 4.5775110632 7.8131103774 8.1047239787 -0.0332392388  0.0342266979  1.0000000000  0.2770156968  0.1743732376  1.0000000000
 4.4450471379  6.6532390912 10.0825660982  1.2371206724  7.6551212349  9.0354801375  0.2069023857  0.0192284433  1.0000000000 -0.1924781934  0.1601996743  1.0000000000
 2.2150298825  7.1189090154 11.0253145263  4.4252860447  8.0326486809  9.9211241272 -0.0751402999  0.0653254264  1.0000000000  0.2060153859  0.1776538407  1.0000000000
 3.8604960035  7.9348737310  7.4995892096  2.0982988265  6.1523506180 10.4878317368  0.1417494125  0.1984789014  1.0000000000 -0.0816900473 -0.0525463596  1.0000000000
2.0086090686 8.0888829566 8.2746838812 1.0699801824 5.7895567349 8.1551966455 -0.1314875194  0.2239802228  1.0000000000 -0.2742065514 -0.1026122320  1.0000000000
 3.4280961148  6.1144444883 10.2606014793  2.7222405498  7.0693334543  8.1105940881  0.0694029335 -0.0210637338  1.0000000000  0.0099728111  0.0591368854  1.0000000000
4.9137701704 5.9858663899 7.7366096373 4.0720788945 7.8468725463 7.3205410155  0.3374048025 -0.0564219276  1.0000000000  0.1958665650  0.2288446492  1.0000000000
2.7585864541 7.6792781001 7.6149002884 2.3086441182 6.3243635600 8.8715988421 -0.0176736103  0.1760595108  1.0000000000 -0.0852418261 -0.0363882345  1.0000000000
1.6911667246 6.6189899955 8.3846227775 3.4069300009 6.0030134922 7.2997842967 -0.1777272762  0.0398283417  1.0000000000  0.1136619215 -0.1279576503  1.0000000000
2.9573787186 7.0255381156 8.5153701565 4.2087847719 8.0237685838 9.6392441469 -0.0007358062  0.0649912672  1.0000000000  0.2320552599  0.1834215626  1.0000000000
1.8655672630 7.1204361784 9.7199129777 4.4142207849 8.1061676291 8.2873031509 -0.1243691490  0.0709445806  1.0000000000  0.2196903955  0.2179230625  1.0000000000
1.8424123609 4.6152328323 9.9314468692 1.1265019042 4.7158843704 9.9017614167 -0.1234491565 -0.1414968569  1.0000000000 -0.1689920372 -0.2106544059  1.0000000000
 4.2629775475  5.1647132377  9.0766408597  2.0628289338  6.8164186264 10.9354687839  0.1583186126 -0.1520249024  1.0000000000 -0.0583547936  0.0351864667  1.0000000000
4.1828037161 8.1391619263 8.3782289444 1.6177547765 8.2582781606 9.1175701882  0.1729944220  0.2189715898  1.0000000000 -0.1468368281  0.2459433021  1.0000000000
4.1445406673 5.6516984396 7.5117324684 3.6616812628 7.9901582280 9.6158599743  0.1984360447 -0.1281815882  1.0000000000  0.0987091557  0.1635539881  1.0000000000
2.3174316237 6.5572416214 8.8431619537 1.8824435410 7.5782373828 9.8207726251 -0.0685418495  0.0212780237  1.0000000000 -0.1241676527  0.1118030066  1.0000000000
 2.0393985706  6.4397194231  9.2652562589  2.2845280696  5.2249623739 10.1455205930 -0.1115685180  0.0238184074  1.0000000000 -0.0272572326 -0.1589453694  1.0000000000
 2.9422350525  7.1653270372 10.4225117068  1.3327198981  6.9531859599  9.7333844161  0.0036879605  0.1010167093  1.0000000000 -0.1557145208  0.0508972059  1.0000000000
 0.9322785982  8.0588183780 10.9221619502  4.7064033825  5.9981565744 10.1368312668 -0.1995311063  0.1427476928  1.0000000000  0.1830619655 -0.0808198201  1.0000000000
 1.7960688925  6.3359871811 10.8169849207  1.3145318820  4.7574417379  9.9588194636 -0.1119052374 -0.0192510567  1.0000000000 -0.1299396143 -0.1638977409  1.0000000000
 3.3739255434  6.4872980450  8.7789647381  2.4714183573  5.0672600978 10.1107382149  0.1029913376  0.0040693509  1.0000000000 -0.0597163532 -0.1627268530  1.0000000000
 4.4075020081  7.1480864425 11.1652914792  1.2014656994  6.2739169675  8.2179595354  0.2004771500  0.0831814444  1.0000000000 -0.2283382049 -0.0772303612  1.0000000000
3.9035049402 5.4672267950 9.5801637441 2.3962837346 8.0993575467 7.6851647943  0.1314986802 -0.1615719971  1.0000000000 -0.0752622067  0.2344700368  1.0000000000
2.0207233645 7.8061083349 8.0843830570 3.5552728967 6.7827087166 8.0879072514 -0.1123366893  0.1795403003  1.0000000000  0.0856762828  0.0231193490  1.0000000000
1.4582208177 6.4546127114 7.8453058576 1.7466384660 5.2949934983 8.6928714957 -0.2138818232 -0.0039655051  1.0000000000 -0.1505442026 -0.1589183064  1.0000000000
3.7167672257 6.8962642097 9.1587567940 4.3393448544 5.9523245573 7.5747150219  0.1038386559  0.0183445260  1.0000000000  0.2306493815 -0.0548495644  1.0000000000
3.0435039594 5.8607687028 9.1118241284 4.7950373699 6.9592730699 8.6661212283  0.0329199921 -0.0970175194  1.0000000000  0.2942098511  0.0888230764  1.0000000000
1.7806624191 5.3885720426 8.8506178209 1.3416077886 5.8948039526 7.8425122650 -0.1458348259 -0.1444942347  1.0000000000 -0.2095037217 -0.0775259617  1.0000000000
 4.6005692986  6.7344274709  9.3616383532  2.8370127555  7.6024685346 10.4634844920 0.2098219896 0.0240492318 1.0000000000 0.0376931593 0.1246764993 1.0000000000
4.7644836857 8.3510443921 9.1256676370 1.5516400532 5.9104994756 9.5320460411  0.2079249070  0.2314736048  1.0000000000 -0.1608903522 -0.0781291413  1.0000000000
 3.9382399884  7.8600121199 10.4355946378  1.3472341448  8.3150974465  9.2182007479  0.1287618542  0.1468974865  1.0000000000 -0.2153410298  0.2504759713  1.0000000000
 2.7205844183  6.3092229201  8.5581169224  1.1401909203  7.7021389941 10.7089177003 -0.0315315257  0.0022003556  1.0000000000 -0.1864068974  0.1458361666  1.0000000000
 2.0316760751  5.4460706172 10.5036457226  3.4158746082  6.2725798836  7.3922552726 -0.0472876178 -0.1044892496  1.0000000000  0.0606371373 -0.0516850747  1.0000000000
1.6492751775 8.4286887790 7.8533714752 4.8050764653 7.7080732706 7.5332357891 -0.1957212271  0.2678356312  1.0000000000  0.3431020093  0.2165590512  1.0000000000
4.6412146085 5.5237354402 9.3819062041 2.0684562993 7.9241015506 9.2829345172  0.1854482063 -0.1119460324  1.0000000000 -0.0631533104  0.1639133216  1.0000000000
1.4698829804 7.1166578961 9.8775285646 1.3068768113 5.1573470705 8.8335615638 -0.1474707147  0.0943501476  1.0000000000 -0.1968083464 -0.1722274524  1.0000000000
 3.0930091534  6.5486502389  9.3232049287  2.3411267796  6.0045223570 11.0870329677  0.0192078109  0.0075163208  1.0000000000 -0.0159958237 -0.0219433305  1.0000000000
3.3760758616 5.5213239856 7.3075954580 1.0801750298 5.7115044277 8.4097066475  0.0743857321 -0.1833631754  1.0000000000 -0.2295567256 -0.1157438986  1.0000000000
 0.9456730392  6.2606653011 10.9020206340  4.1257049322  6.6921730093  7.6584191628 -0.2037503029 -0.0265134377  1.0000000000  0.2004232885  0.0214454399  1.0000000000
1.1633885091 4.9287732495 7.4363684300 4.5948471812 7.0216938564 7.2548467129 -0.2641099324 -0.2606811109  1.0000000000  0.2729320648  0.0779241229  1.0000000000
3.2359660528 5.6855928207 8.3428840344 3.8817634803 7.3981594420 8.9597946896  0.0615039358 -0.1439136191  1.0000000000  0.1455817666  0.1363533333  1.0000000000
1.9406566880 5.5389777866 9.2530096860 3.5344007696 5.5502416454 7.4349106530 -0.1629005260 -0.1354247069  1.0000000000  0.1397403082 -0.1541084333  1.0000000000
4.4819761213 5.6774650995 8.8803020636 1.6877741751 7.0164737463 7.3312770601  0.2296595199 -0.0794389290  1.0000000000 -0.2101037473  0.0727434277  1.0000000000
3.5166486740 6.7786926118 7.4852609935 1.6569740640 7.2520036861 7.5196857798  0.0976078486  0.0514267589  1.0000000000 -0.1849842882  0.0679601888  1.0000000000
 2.0054557222  7.4865105651 10.7189583766  4.4591632845  7.5429206929 10.9616876432 -0.1146081477  0.1261174445  1.0000000000  0.1680883599  0.1167001044  1.0000000000
 1.6299522328  4.7565835567 10.4911697052  4.5341394179  6.5765313870  8.8801141617 -0.0959971732 -0.1838424489  1.0000000000  0.1864089970  0.0126363685  1.0000000000
1.5970625638 4.7399356120 7.7443461910 2.5811105580 5.0064302506 8.7765308333 -0.1684243653 -0.2789010450  1.0000000000 -0.0289383149 -0.1878015690  1.0000000000
 3.7590602692  6.7878173449  7.4385270168  2.1863565339  6.8240035360 10.9792211692  0.1158965850  0.0554934876  1.0000000000 -0.0751950935 -0.0067302282  1.0000000000
 4.4385268298  7.2486213073  7.7580256430  3.1162445704  7.4993824270 10.3318614822 0.2280200385 0.1136928821 1.0000000000 0.0350244485 0.1156974885 1.0000000000
 2.1569979029  7.0016182342 11.0234631609  1.2894580466  6.8477087177  8.1036453644 -0.0779307925  0.0648633838  1.0000000000 -0.2123935672  0.0615830181  1.0000000000
