248.7000000000
0
50
 1.4126878618 -2.8218854120 -0.5210412208  1.7174596179 -3.5712903784 -1.2720263077  0.0420799956  0.1868956138  1.0000000000 -0.0229308414  0.1632665055  1.0000000000
-0.4805832389 -3.3530884350 -3.3379870422  2.9638882616 -2.6763394366 -1.0064694981 -0.0958377325 -0.1202782936  1.0000000000  0.1054966642  0.1982729654  1.0000000000
 1.5411044460 -2.1703433960 -3.0545944305 -1.0817521326 -3.8857953338 -2.0167747129  0.1097238381 -0.0777179665  1.0000000000 -0.2044755940 -0.0364109891  1.0000000000
-0.3938574646 -3.2395033410 -3.7591897840  1.8718022407 -2.2802363058 -0.6964008314 -0.1002496346 -0.2041545422  1.0000000000  0.1758173015  0.2121451955  1.0000000000
 2.0199201003 -1.1394429213 -4.3654591075 -0.4083355213 -0.7120237063 -2.8674789543  0.2456617761 -0.1942235133  1.0000000000  0.2490368895 -0.2081189171  1.0000000000
 0.4889898786 -1.4407270161 -0.9440177295  2.1744669285 -2.5138311392 -2.8713876325  0.2099290834  0.1132590339  1.0000000000  0.0953606295 -0.0487927940  1.0000000000
 1.0273030965 -1.5875547633 -0.4209585149  1.8427836830 -2.0042779465 -1.0849843194 0.2238516482 0.1968806526 1.0000000000 0.1588109126 0.1429250806 1.0000000000
-0.1240532695 -4.0196906116 -1.8836460025 -0.2021926102 -2.1378890590 -0.5117965654 -0.1364803085  0.0679051616  1.0000000000  0.1364922976  0.1666888419  1.0000000000
-0.2867825738 -1.5238358907 -2.5989080084  1.4441503760 -2.6914282472 -0.7132695161  0.1568542958 -0.1444479474  1.0000000000  0.0489625755  0.1827756275  1.0000000000
 0.6164559712 -2.3018278510 -0.6846924629 -0.2481094899 -1.0248215535 -3.4890876618  0.1020987268  0.1247838382  1.0000000000  0.2110124712 -0.1803994744  1.0000000000
-0.6070672413 -2.2523035094 -2.3929651196 -0.5988137759 -0.3285576008 -2.3195225717  0.0329628441 -0.0892158769  1.0000000000  0.3079490762 -0.1789793676  1.0000000000
 2.2030119293 -1.8809153545 -2.0131507045  1.0920000932 -2.1480051575 -3.2389125592  0.1910986796  0.0415755218  1.0000000000  0.1031267241 -0.1021145238  1.0000000000
 0.4820483110 -3.8927441750 -1.6103230225  1.0294906763 -4.9972514564 -1.4142242904 -0.0801532800  0.0652891178  1.0000000000 -0.1680864302  0.1617489874  1.0000000000
-0.7592367427 -2.9759411858 -3.4781638052 -1.1203217321 -3.5170250953 -1.0194591524 -0.0689102755 -0.1867551406  1.0000000000 -0.1433301525  0.1006665092  1.0000000000
 0.1569515300 -4.3597960933 -4.4286907506 -0.5256815420 -4.1206422351 -2.7174907075 -0.1653169597 -0.2040956192  1.0000000000 -0.1954297794 -0.0735418215  1.0000000000
-0.3797651678 -2.8898742647 -1.4632169723  1.9970859087 -2.6541254673 -1.7972233094 -0.0281743919  0.0338722740  1.0000000000  0.1134957025  0.0916500669  1.0000000000
 1.2111868089 -3.8999934805 -2.6832767511  0.7256795966 -2.5046425149 -3.5677731315 -0.0937161469  0.0096153718  1.0000000000  0.0455557858 -0.1161532924  1.0000000000
-0.1529881015 -3.7756305799 -1.3049358175  0.2027026331 -4.4568579392 -2.8629445479 -0.1076050959  0.0821548334  1.0000000000 -0.1661679392 -0.0496485912  1.0000000000
 1.0075869426 -4.4246664019 -1.6044241550 -0.3426678574 -1.2146325051 -0.0400473913 -0.1350788829  0.0950406913  1.0000000000  0.2531042846  0.2396554217  1.0000000000
 0.2136104742 -1.1404151074 -1.3353572131  0.0922600423 -3.9512376640 -0.1419205905  0.2014225468  0.0407139629  1.0000000000 -0.1171539304  0.2510295900  1.0000000000
 0.3216081297 -1.1887263794 -2.8412581279  1.1869078400 -2.6407381628 -4.3811545705  0.2063992843 -0.1290539297  1.0000000000  0.0605069837 -0.2077647329  1.0000000000
 0.3552611853 -4.8396936782 -1.2223781799  1.2372754306 -4.2241882270 -2.8615751266 -0.1938686329  0.1382985434  1.0000000000 -0.1439243619  0.0135078078  1.0000000000
 1.0716522614 -1.4082802909 -0.6698375922  0.6706771652 -3.5978463963 -2.7027701303  0.2380326263  0.1886081300  1.0000000000 -0.0571975442 -0.0435982655  1.0000000000
 0.2254618880 -4.3301310674 -4.1212921866  2.0427008264 -1.3970003413 -4.0322642258 -0.1463818691 -0.2114092485  1.0000000000  0.2019375261 -0.1485844863  1.0000000000
 1.3053241420 -3.0178187714 -3.0990697226  1.3199818591 -3.1712533409 -1.8176263624  0.0271785907 -0.0450014494  1.0000000000  0.0175809852  0.0885516252  1.0000000000
 1.8282618808 -2.0468734842 -4.2873343522  2.4229671567 -2.4787201877 -0.9437361612  0.1167424416 -0.1386364300  1.0000000000  0.0615081470  0.1590575864  1.0000000000
-0.0120811938 -2.2656256535 -2.1222997642 -0.7771113552 -4.1477263882 -3.0408555553  0.0898656331 -0.0682907961  1.0000000000 -0.2410111454 -0.0892648079  1.0000000000
 1.6131811250 -1.6723830117 -1.5874389743  0.1260930940 -3.4130393700 -3.0253034310  0.2125070237  0.1142723977  1.0000000000 -0.0708131056 -0.0880188327  1.0000000000
 1.0850888643 -3.1470683223 -4.4775383470  2.6772706339 -3.5849119006 -1.1677013047 -0.0075172905 -0.1948634791  1.0000000000  0.0426875952  0.2161854170  1.0000000000
 2.6151998985 -1.9699154265 -1.7316531983  0.0021671325 -2.3963758368 -2.3434785541  0.1677690938  0.0818691546  1.0000000000  0.0355567406 -0.0595398322  1.0000000000
 1.8066370371 -2.6337314519 -3.2883627872  0.5376999506 -2.4871637931 -3.7212635909  0.0485262036 -0.0780256280  1.0000000000  0.0724009002 -0.1879854023  1.0000000000
 0.7859187494 -0.8788284712 -1.9473567292 -1.1484916398 -3.4927009033 -0.2004892515  0.2581432589  0.0092236868  1.0000000000 -0.1444054073  0.2065995894  1.0000000000
-0.4994092369 -0.7663083712 -1.4601158482  1.1229098353 -3.9751747045 -4.7377557803  0.2563339029 -0.0039307683  1.0000000000 -0.0677406361 -0.1742802943  1.0000000000
-0.1825897386 -3.8293549636 -0.5245445604  1.1751557622 -4.4732307625 -1.3594235699 -0.1488993051  0.2297342122  1.0000000000 -0.1345724118  0.1577967829  1.0000000000
 0.3461135634 -1.1400241366 -0.8718208324 -1.6164841855 -2.7475271142 -3.2657793440  0.2862548076  0.0723539982  1.0000000000 -0.0825436215 -0.2443850301  1.0000000000
 1.9271274351 -2.8743354020 -0.6892683981  0.3301012355 -1.6739637314 -1.4804633623 0.0799691026 0.2183923500 1.0000000000 0.1577925261 0.0331680418 1.0000000000
 2.0800571324 -4.6183283643 -0.9816679802  1.8680772302 -5.1272848594 -1.0107302577 -0.1022048278  0.2030247263  1.0000000000 -0.1470058612  0.1861116857  1.0000000000
-1.2790382613 -1.7210946412 -3.1807082920 -1.5927045830 -1.5359338288 -3.2249489410  0.0567216881 -0.2539361652  1.0000000000  0.0850234521 -0.3366297618  1.0000000000
-0.6127197890 -2.4657220185 -2.5977053046  0.9294340366 -3.9839001095 -0.4689361127  0.0144363511 -0.0880139012  1.0000000000 -0.0925870310  0.2210439154  1.0000000000
 0.2622029174 -4.6802593751 -3.7247486523  0.2410295188 -4.4104016945 -3.1072463339 -0.1707918465 -0.1135303376  1.0000000000 -0.1944071211 -0.0634575979  1.0000000000
 0.9220618459 -4.6630916472 -4.7471844949  0.8797281076 -2.3510288832 -2.8184616891 -0.1726265251 -0.2075181702  1.0000000000  0.0808180777 -0.0759292707  1.0000000000
-0.0770867241 -2.0143991941 -2.9774867168  0.6330131218 -2.1868583801 -3.8545117967  0.0776704111 -0.1939441586  1.0000000000  0.0946371931 -0.1891735425  1.0000000000
 1.2759723212 -2.1594426625 -3.5390590287 -0.0957515566 -1.6445626184 -2.7695940205  0.0991807435 -0.1411265950  1.0000000000  0.1125057736 -0.1360674632  1.0000000000
 1.4375841668 -5.1919624437 -2.9382022314 -1.0000004190 -4.2513886672 -3.9557894954 -0.1931413492  0.0216044680  1.0000000000 -0.2770556270 -0.2379809707  1.0000000000
 1.3159461469 -4.3916946516 -1.6540227164  1.3824167724 -2.8036298030 -2.8619286727 -0.1515152938  0.1157519521  1.0000000000  0.0322788878 -0.0506194622  1.0000000000
 1.6983384802 -2.7427911116 -3.1276656075  3.1134043323 -1.9862198642 -0.7882628509  0.0512185510 -0.0407102358  1.0000000000  0.1848024452  0.1609844784  1.0000000000
 0.0008111471 -3.9578251512 -2.8183707217 -1.6562657760 -2.9077478574 -3.5709383139 -0.1835736186 -0.0689246155  1.0000000000 -0.1185228551 -0.3079948088  1.0000000000
 1.7873315045 -3.4653937087 -1.6132369076  0.2139867586 -1.6179050573 -3.5027559301  0.0097354354  0.1197391038  1.0000000000  0.1351259504 -0.1835956546  1.0000000000
-1.5030990405 -3.0469143968 -3.4791144257 -0.8563215781 -3.2586158277 -1.8780821729 -0.1481668249 -0.2436658611  1.0000000000 -0.1027987234  0.0077548516  1.0000000000
-1.4847798944 -3.9190310406 -2.9129258042  0.8046477943 -3.2834509534 -0.2606021777 -0.2581309166 -0.1991491578  1.0000000000  0.0079037024  0.2478726950  1.0000000000
