981.4000000000
0
50
12.9479538420  0.1433990418  4.5383005936 10.1990990104  1.9720729125  3.7914448857  0.0464933183  0.0454868812  1.0000000000  0.2809893482 -0.2324895313  1.0000000000
11.2278732742 -0.8932679448  2.8506917064 12.8955251894  0.3627125046  2.4407173266 -0.0418797679  0.0558157991  1.0000000000 -0.1134081953 -0.0650492605  1.0000000000
12.3217616111  0.4586748802  3.7675580568 11.1098006391 -0.1284031457  2.2670252568  0.0401441187 -0.0548401327  1.0000000000 -0.0495605233 -0.0593704154  1.0000000000
 9.6592606531 -1.3787289145  4.5695790379 11.8029663380 -0.3591544733  3.8182083624 0.2432078548 0.2151456316 1.0000000000 0.0651406217 0.0229700220 1.0000000000
10.0106284198 -0.2968744719  2.3432870874 13.2019900844  0.7917347896  3.1366586282 -0.0013091670 -0.0890483052  1.0000000000 -0.0402947454 -0.0452666922  1.0000000000
13.8589188096  0.5401551025  1.8257868810 12.7434903701 -1.2617268469  2.2911225115 -0.1879829220 -0.0385726242  1.0000000000 -0.1780177559  0.0454133458  1.0000000000
11.0993176950  1.8514904760  2.9684622166 12.3519483705  0.1024867581  5.9896911420  0.1303630765 -0.2455899115  1.0000000000  0.2159646948  0.0822354253  1.0000000000
10.2812844475 -0.8610602603  2.8077455720 11.9672432809 -0.7380242589  5.2756850431 -0.0049702063 -0.0105825081  1.0000000000  0.1395787549  0.1247174567  1.0000000000
 9.8251947670 -2.0823555738  4.0782415825 13.1763244988 -0.1151732396  2.9774629186  0.0943721543  0.3214062337  1.0000000000 -0.1106256291 -0.0351136404  1.0000000000
11.0416183742 -0.4004662908  3.7974786199 12.0117676213  0.8887467593  5.3277502455 0.0559971586 0.0791939679 1.0000000000 0.2221271050 0.0068421907 1.0000000000
10.9272963414 -0.8857612957  2.1111500218  9.6511447565  1.5079582231  3.6488174503 -0.1412562642  0.0136552765  1.0000000000  0.2474835063 -0.2310329353  1.0000000000
10.1886871035 -0.2695173290  4.7383848134 12.8202809041  0.6189049945  4.6045728720 0.2363687717 0.0733199319 1.0000000000 0.1173904699 0.0589524802 1.0000000000
13.6170851006 -0.4825861076  3.3124389417 11.6388344989 -0.2966581304  1.6793318530 -0.0741482295  0.0484958784  1.0000000000 -0.1975229565 -0.0799269229  1.0000000000
11.0490333868 -0.6733355570  1.2881036435 12.4505591232  1.4709013479  3.4954646958 -0.2409461433 -0.0831722833  1.0000000000  0.0256559112 -0.1179297657  1.0000000000
10.7112277306 -1.4797902709  2.0245044263 12.0049897790  0.6845864446  4.2099219088 -0.1872625665  0.0757015633  1.0000000000  0.1016141244 -0.0215493523  1.0000000000
12.8299124066 -0.8547701767  2.8885045031 13.6671552888 -1.1975928009  3.9414327398 -0.1141128176  0.0674777708  1.0000000000 -0.0956781430  0.1598240357  1.0000000000
11.8602569297  2.1193108766  4.6511369398 12.2771481199  1.5213632262  2.8965670412  0.1729368310 -0.1510671124  1.0000000000 -0.0037701137 -0.1741242763  1.0000000000
11.7407030382  0.8443196902  1.2996022417 12.3550423410  0.3301153344  3.4859137889 -0.2066347682 -0.2362166735  1.0000000000  0.0040813721 -0.0533524213  1.0000000000
12.3744061641  0.3414664114  5.2135123780 13.8168967566 -0.2163730171  2.3595923307  0.1429576994  0.0783776052  1.0000000000 -0.1628639574 -0.0063188067  1.0000000000
11.4448921469 -0.2211990479  4.1289335718 12.8422644597  0.1069604089  1.9890683187  0.1271123556  0.0641430081  1.0000000000 -0.1726989528 -0.1080780965  1.0000000000
10.5645586195  1.7573731618  3.3015086994 12.1107509530 -1.4111153708  4.9202998240  0.1842944218 -0.2098914171  1.0000000000  0.0898196031  0.2288811701  1.0000000000
12.8704648975 -0.2218964357  5.5970831307 12.3686735606  0.7023471758  5.5119492220 0.1339050755 0.1203670569 1.0000000000 0.1982634306 0.0756819987 1.0000000000
11.7103100604  0.4642598430  0.8004864586 11.9883921959 -1.2308559421  3.8407695736 -0.2597633624 -0.2421968092  1.0000000000 -0.0000059274  0.1963742001  1.0000000000
10.6446204791 -1.9303612715  1.8269316070 12.8897171720  0.1252609441  4.3638516726 -0.2388586653  0.1423627141  1.0000000000  0.0357304148  0.0167324069  1.0000000000
13.4412778216  1.2533443836  2.2514537862 12.1553425603 -1.1550016173  4.3507394498 -0.0785593668 -0.1442361717  1.0000000000  0.0586001264  0.1891022935  1.0000000000
12.1213046838  1.0382453412  3.5764312450 11.7241786566 -1.5185338662  4.4567172692  0.0555198454 -0.1054737743  1.0000000000  0.0379196935  0.2236296016  1.0000000000
10.7247976161 -2.0597899344  3.4327969994 10.7027529701 -2.5627417789  1.7560802234 -0.0299884820  0.2340855209  1.0000000000 -0.3356558600  0.2364811799  1.0000000000
13.6200767118  0.8574221166  2.0289315337 12.6992504030  0.1672534396  5.7970703462 -0.1300714285 -0.1268887757  1.0000000000  0.2280632598  0.0797454989  1.0000000000
11.2973421771 -1.1632766300  4.1871223257 12.2430560693 -1.2494563363  2.8521105853  0.0715109047  0.1514566118  1.0000000000 -0.1249652515  0.1119814164  1.0000000000
10.5575965496 -1.4047748531  2.8221768858 11.3083445433 -0.0502523448  1.9362472193 -0.0222044182  0.1263055678  1.0000000000 -0.1252000717 -0.1304880127  1.0000000000
12.6767920285  1.9981324654  3.1006386181 11.6720420165 -0.3897428885  3.3934444385  0.0611817704 -0.1750944623  1.0000000000 -0.0316483916  0.0127070568  1.0000000000
10.4623929248 -1.6629183555  2.8935676647 12.2990059877 -1.4097846445  2.7651702086 -0.0234416280  0.1259728992  1.0000000000 -0.1075474677  0.1191317724  1.0000000000
12.0296746731 -0.8933690452  3.4394961789 12.7860063266 -0.9770534548  2.7291727891 -0.0343178653  0.0919711914  1.0000000000 -0.1376921490  0.0758572341  1.0000000000
10.8503922727  2.1423203999  4.3012757031 10.2399845991 -0.6498778798  3.8907692441  0.2295089693 -0.1986374792  1.0000000000  0.1619834029  0.0586080951  1.0000000000
11.6642779357 -1.3305066868  3.3398042076 12.1040586707  1.8613160965  3.6133878216 -0.0367832208  0.1548676764  1.0000000000  0.0947880733 -0.1851313243  1.0000000000
 9.2213898254  1.2745522571  2.7504987268 12.1834480234 -0.4734759206  2.8891067179  0.1833290245 -0.2819305013  1.0000000000 -0.0990974738  0.0116156805  1.0000000000
10.7845567989 -1.8968070127  1.6018276814 10.6427889874  1.3323944169  3.6452545251 -0.2798208613  0.0861045912  1.0000000000  0.1401825902 -0.1576871208  1.0000000000
12.1637072222 -0.8234466213  3.8910703591 10.3443625887 -0.9443810110  1.4606020440 -0.0043366636  0.1081954785  1.0000000000 -0.1957997542 -0.1215672881  1.0000000000
10.5613631831  0.8058208426  1.2144504053  9.6358316811  0.9962325055  3.6759421766 -0.1478309258 -0.2758523644  1.0000000000  0.2478127575 -0.1653443692  1.0000000000
12.8163268529  0.0360978968  4.5165443159 10.2597618071  0.0841536351  3.8454363598  0.0624357860  0.1013937955  1.0000000000  0.1392201930 -0.0207727849  1.0000000000
12.7240971057  0.8453472222  4.8498188520 12.2633632280  1.2813926911  2.2736723555  0.1343531538  0.0025408472  1.0000000000 -0.0476226263 -0.1755148709  1.0000000000
 8.7755526278  1.1479781309  3.7769155434 10.5587066192 -1.5378398314  1.9165905466  0.3668551961 -0.2331357010  1.0000000000 -0.1997043582  0.0661684955  1.0000000000
11.9910855415  1.8826351880  4.6215124835 11.1237983287  0.2430777906  2.1186287118  0.1875947277 -0.0966318287  1.0000000000 -0.0944693413 -0.1326554273  1.0000000000
11.7951580703 -0.2485649422  2.7096075777 12.4469464366 -0.2644502446  4.0725568450 -0.0484908343  0.0265649786  1.0000000000  0.0597167949  0.0797353858  1.0000000000
12.4666589916 -0.5629150596  2.5505725364 10.5857060807 -1.2745122788  4.1690329452 -0.1272448435  0.0003916447  1.0000000000  0.1025760957  0.2015763226  1.0000000000
10.4712738429 -2.1655112695  2.1718005737 12.9739681026  0.0364423888  2.8627154480 -0.1998094238  0.1731522521  1.0000000000 -0.0942712185  0.0351858115  1.0000000000
10.3391646302 -0.6175718317  2.6630927957 10.9912663952 -1.4478768340  1.4426399038 -0.0163495821 -0.0299272361  1.0000000000 -0.2464966643  0.0276462177  1.0000000000
11.1566283673 -0.3912143245  2.1476888552 10.6499726749 -1.3324802842  3.5690427397 -0.1080202446 -0.0510685225  1.0000000000  0.0165680361  0.1519077614  1.0000000000
10.7584487748  1.4998246801  4.5733445916 12.3666496091  2.2828859347  3.3284102823  0.2416614345 -0.1313444555  1.0000000000  0.1030942126 -0.1948290266  1.0000000000
11.8910619763 -1.1337395703  2.4214041831 11.4944185369 -0.5572185428  5.8364070263 -0.1626410558  0.0927553350  1.0000000000  0.2125951797  0.1854998131  1.0000000000
