595.6000000000
0
50
-1.5700151325 14.3761855855  3.2807315714 -3.0258313131 11.6338519226  6.2550717268  0.1522662964  0.1651008353  1.0000000000 -0.1333148132 -0.0911236400  1.0000000000
-2.2311694018 10.7626467975  5.8228080235 -2.9120182072 12.9839074348  6.3075627828 -0.0061351309 -0.1926238485  1.0000000000 -0.1680554546 -0.0421783592  1.0000000000
-3.3128082289 12.8998778841  3.8075950219 -2.1182633263 14.6748602908  3.8272725755 -0.0118942615  0.2545498934  1.0000000000  0.0768667031  0.1856397001  1.0000000000
-3.7043064552 12.7409033871  4.6640750296 -1.3441536273 12.7231413867  6.4237820916 -0.1026749563  0.1813309256  1.0000000000  0.0309009152 -0.1497327823  1.0000000000
-1.7118579666 13.4039570387  3.5373207326 -2.0280061666 14.4160697889  6.0410342977  0.1700352837  0.1753564114  1.0000000000 -0.0846413600  0.0175259452  1.0000000000
-3.4302183976 11.1986196821  5.7653479630 -1.6829331379 14.1780130711  4.6338378890 -0.1108445145 -0.0452722194  1.0000000000  0.0324375995  0.0802547273  1.0000000000
-2.7271622471 11.4136532657  3.0561088396 -2.6710108216 12.9200974322  6.0293587601  0.1615661158  0.1997945094  1.0000000000 -0.1115538559 -0.0185658049  1.0000000000
-3.4566156771 14.1493886371  4.9938686442 -4.3147796490 12.2331017192  4.8683548847 -0.1399847258  0.1746730572  1.0000000000 -0.1892727668  0.1794989524  1.0000000000
 0.4462289348 12.5837040170  4.9734324328 -4.6705725280 11.8995221168  4.4575027362  0.2035597914 -0.1036397462  1.0000000000 -0.1996638129  0.2626922529  1.0000000000
-3.7468770812 13.0487542526  6.0745871735 -2.5768222463 11.8057923559  4.5955962267 -0.1942656307  0.0087740476  1.0000000000  0.0635020329  0.0308676821  1.0000000000
-1.1033911158 12.5494506589  3.3100990655 -1.3543349722 13.5081410258  4.4668278985 0.1982607437 0.1110842342 1.0000000000 0.0721998154 0.0665789173 1.0000000000
-2.7437423618 12.3019247573  4.1488880327 -3.8154237413 11.3838307613  6.6121931644  0.0510345211  0.1402347174  1.0000000000 -0.2693550189 -0.0552011523  1.0000000000
-0.2791307043 10.9953601823  5.2920631439 -0.9218302436 12.1719850276  5.2483856466  0.2357944132 -0.1987706483  1.0000000000  0.1281750107 -0.0977587778  1.0000000000
 0.3690126533 12.2443864019  5.4090204326 -0.0715007216 12.4319403924  5.3815313641  0.2097591429 -0.1618982437  1.0000000000  0.1797799886 -0.1440871544  1.0000000000
-1.9894776166 14.2522786816  5.0177295603 -3.7397508867 15.1733184591  5.1998887008 -0.0206179595  0.0798454524  1.0000000000 -0.1566785425  0.1891952959  1.0000000000
-1.4841224683 12.2052892492  4.3397520973 -2.1512201318 12.1365149112  5.8835983815  0.1390389262  0.0038333599  1.0000000000 -0.0223577569 -0.0922549293  1.0000000000
-4.1681672103 11.8653805402  5.2173960125 -2.5237092236 13.7893887917  4.2539987773 -0.1875538783  0.1507748715  1.0000000000  0.0216299641  0.1993862085  1.0000000000
-0.9517485039 12.7939211964  5.8687348247 -1.5003170089 13.1086248582  3.3128435655  0.0405226599 -0.0779476708  1.0000000000  0.1484680745  0.1074171866  1.0000000000
-1.1319145770 11.6149208030  3.6277643148 -3.0731110885 11.6643993790  6.4767083012  0.2575451823  0.0472722169  1.0000000000 -0.1665954227 -0.0769270709  1.0000000000
-1.1511775920 10.3440094874  4.8311489263 -0.3054497806 11.8500385253  5.3662403598  0.2260382181 -0.1563720288  1.0000000000  0.1751801570 -0.1770191314  1.0000000000
-2.5987782507 13.2191126366  5.1352904564 -0.8850258031 11.2194713174  5.6809452862 -0.0526628646  0.1044287514  1.0000000000  0.1195801933 -0.1727878434  1.0000000000
-1.4186985189 13.1603481729  6.2470979827 -3.1152903639 15.0008473788  4.5762459326 -0.0335277782 -0.0811134869  1.0000000000 -0.0658291759  0.2039863211  1.0000000000
-2.7030089704 12.5867093653  4.3564228241 -3.1607334457 10.6780097288  5.5806335007  0.0392163332  0.1332909845  1.0000000000 -0.0929266843 -0.1018335442  1.0000000000
-0.7737798585 13.8617883067  3.6517867996 -1.3383954988 13.2601641389  7.5479491517  0.1958333608  0.1083765365  1.0000000000 -0.1063030280 -0.1994546021  1.0000000000
-2.4240274222 10.3009772443  6.0038568240 -1.7379256287 14.1132658625  4.4691767900 -0.0098004489 -0.2370086479  1.0000000000  0.0624881923  0.0982519191  1.0000000000
-2.2630393813 13.2397860597  6.3777284167 -3.8379835310 11.5597577137  4.4832551576 -0.1097288087 -0.0756737369  1.0000000000 -0.0553485944  0.1785180903  1.0000000000
-1.3617088608 13.4970954482  4.8981224836 -2.2463545663 11.3303035621  4.6648688025  0.0583583745 -0.0012144423  1.0000000000  0.0996779206 -0.0069765097  1.0000000000
-3.4806776108 13.2425790629  4.2152752661 -3.2475182199 11.2300305729  2.8259649575 -0.0385890600  0.2109120874  1.0000000000  0.2016375735  0.3235310390  1.0000000000
-3.1937668691 12.5207582093  4.0294937552 -2.9852553316 11.9797047295  4.2471556496 0.0203327017 0.1973993559 1.0000000000 0.0175198697 0.1411847092 1.0000000000
-2.2157477610 12.6494974858  3.8596182052 -1.9812280955 14.2285917292  5.1542049557  0.0898610388  0.1059099156  1.0000000000 -0.0398323813  0.0938571511  1.0000000000
-1.0069821399 11.9903287026  4.7321591086 -1.5021925915 13.1961127424  5.2174030001  0.1745813017 -0.0180330897  1.0000000000  0.0182298633  0.0055532632  1.0000000000
-3.5217891034 10.9832072026  6.4780949471 -1.4890975041 13.1156332091  4.9680135247 -0.1899703365 -0.1395395285  1.0000000000  0.0480978167  0.0299732993  1.0000000000
-1.2521286390 11.0204689246  6.3625860765 -0.7824769415 12.3661072321  6.6760204273  0.0541345585 -0.2670988738  1.0000000000  0.0174020587 -0.2002308703  1.0000000000
-2.4023435481 12.1626470889  5.7889255073 -2.9193937514 14.5605908147  6.0023168241 -0.0351693677 -0.0754236238  1.0000000000 -0.1234040538  0.0638337225  1.0000000000
-0.3922735589 11.3243605704  5.1942571854 -1.7465303039 10.3746145065  6.0909848044  0.1995914652 -0.1923717068  1.0000000000  0.0150247625 -0.2635994698  1.0000000000
-0.9735279890 12.3706267929  3.8914653811 -2.2809686836 11.7139019036  5.8542465510  0.2165811879  0.0437367710  1.0000000000 -0.0335533153 -0.1218225542  1.0000000000
-0.6555495204 13.5976571936  5.2225411697 -2.9714055492 10.4397381148  6.6925894060  0.1267249184 -0.0579337866  1.0000000000 -0.1900228316 -0.2614064953  1.0000000000
-2.5989857493 13.1396326372  6.0770197533 -2.6474261110 11.0210138320  6.5704781738 -0.1141384748  0.0201481133  1.0000000000 -0.1342688137 -0.1417721190  1.0000000000
-1.5819282109 13.1810655945  4.6008997767 -3.5005735300 11.1192655982  5.2414999287  0.0663215289  0.0285466723  1.0000000000 -0.1522287342 -0.0200167476  1.0000000000
-3.8434288938 12.0695240140  3.6024953507 -2.0098931398 10.1591867401  5.9296232228  0.0056803648  0.2590432775  1.0000000000  0.0458771549 -0.2831967565  1.0000000000
-3.5224251420 13.3518224322  5.7466237739 -1.3673293842 11.7476240990  6.7771526920 -0.2224283646  0.0704861850  1.0000000000 -0.0256227085 -0.2456206493  1.0000000000
-1.4517448358 14.3013547196  3.2608571799 -1.6969946679 13.1719680077  2.6081978520 0.1272153213 0.1753769824 1.0000000000 0.1926339959 0.2630033870 1.0000000000
-2.1563190739 13.8451569588  5.1850083172 -3.4270654892 11.2833313326  3.6356319694 -0.0077053418  0.0828247021  1.0000000000  0.0649106935  0.2139617977  1.0000000000
-3.5041647471 12.0777234335  5.7166053766 -0.9826757386 14.0136246426  4.5883190248 -0.1689993788  0.0397205295  1.0000000000  0.1136708118  0.0688068722  1.0000000000
-2.5879125233 11.8729394455  3.6488993637 -1.5778211780 13.4847236571  3.5498389633 0.1083589886 0.1887688473 1.0000000000 0.1429382668 0.1401749282 1.0000000000
-2.4708917234 11.4343406348  5.3112795421 -3.2939522289 12.5865907703  3.8108532049  0.0044441286 -0.0524904911  1.0000000000  0.0161138144  0.1911390497  1.0000000000
-2.5245667023 13.9639554631  4.5078433056 -2.0039908713 12.7149007407  5.5944469568 -0.0180543524  0.1179707366  1.0000000000 -0.0093686686 -0.0301765442  1.0000000000
-2.7435856719 12.5657467747  7.0378138827  0.3186060382 13.3461981325  5.0332555015 -0.2336190622 -0.0904501334  1.0000000000  0.1902672836 -0.0945993077  1.0000000000
-2.3892609214 12.7450953741  5.0186820833 -3.1089316148 13.6592157905  6.2898594676 -0.0134876589  0.0572768352  1.0000000000 -0.1642067094  0.0207706886  1.0000000000
-1.8764696153 12.3689808956  3.2781726081 -2.3116262105 10.9910816172  4.3157121280 0.1980287705 0.1537008380 1.0000000000 0.1402832433 0.0508210256 1.0000000000
