304.0000000000
0
50
-0.0280281062  2.8969692449  8.6388712583  0.7403615182  0.3508395290 11.4327076671  0.1300614827  0.2757494753  1.0000000000  0.1864583894 -0.0369564484  1.0000000000
-1.2901335010  2.8008712254  9.1400185842 -1.4040725174  1.5439144199  8.2648368747 -0.0205460716  0.2344367496  1.0000000000 -0.0941204656  0.0884677675  1.0000000000
-0.5165369246 -0.6741534532  7.7500343265  0.0501394910 -0.5550594373 10.5144106691  0.0521971796 -0.3298526834  1.0000000000  0.0985733959 -0.1517681496  1.0000000000
 0.5249282712  0.2814246825  9.4574918186 -1.1712218901  1.5790646794  9.9342645743  0.1927971183 -0.1349640987  1.0000000000  0.0034953922  0.0494705539  1.0000000000
 0.0254794781  2.1626946460  9.5311014438 -1.6160429692  2.1461796071  8.6474362672  0.1378422638  0.1195871341  1.0000000000 -0.1313334210  0.1447900385  1.0000000000
-2.1224334460  2.6518650469 11.4552314237 -0.7475076581  2.3995480767 10.3019120805 -0.1403486753  0.1802396142  1.0000000000  0.0201324364  0.1621518268  1.0000000000
-1.0016128556 -0.2903372893  9.7525645685 -2.7647645519  0.0666907746 11.2440136743 -0.0341909103 -0.1711072701  1.0000000000 -0.1968200076 -0.1191375655  1.0000000000
-2.5581475560  0.3553150098  8.6277347393 -2.2913115134 -0.9672959555 10.7201713897 -0.2497066391 -0.1519697228  1.0000000000 -0.1933243154 -0.1997706852  1.0000000000
-1.1799539756  0.8123829034  9.7929751024 -2.7249726901  2.9720021376  9.1793538996 -0.0119324969 -0.0416753380  1.0000000000 -0.2363164274  0.3259289583  1.0000000000
 0.2410922495  0.5852562039 10.8773245690 -0.7508732788  1.4957883535  9.7593131259  0.1319518536 -0.0469513406  1.0000000000  0.0307127925  0.0931518316  1.0000000000
-1.1263856930  1.0558577180 10.9006609949 -1.5945459690 -0.2953625248  7.6252693149 -0.0295648629 -0.0144134044  1.0000000000 -0.1530270379 -0.2520142825  1.0000000000
-1.1820239347  1.6609195245  9.9518841071 -0.1683478601  1.2208776314 11.7882269270 -0.0386814621  0.0688681635  1.0000000000  0.0775598444  0.0544552719  1.0000000000
-2.7677393702  2.4356269698  7.8509174492 -2.7292227621  1.6052803457  7.9968138000 -0.3378103526  0.1772465749  1.0000000000 -0.2790240195  0.0449106832  1.0000000000
-1.0024853814 -0.3136516150  8.5157595502 -1.2745648521  0.9581090614 10.2521729011 -0.0301038655 -0.1389679181  1.0000000000 -0.0518562702 -0.0071963325  1.0000000000
 0.2515689847  0.0772498777 10.4102379446 -1.3841875076  2.0562510672  9.5846581554  0.1104905926 -0.1197229354  1.0000000000 -0.0272177585  0.1552057465  1.0000000000
 0.5404391637  1.1176353371 11.7347542619  1.1267387706  1.2971424132  9.5507623476 0.1582446780 0.0078452705 1.0000000000 0.2632205990 0.0207387422 1.0000000000
-0.3158902220 -0.6409458770 10.4263983320 -1.9642748105 -0.5517756268  8.0154454540  0.0812590257 -0.1542899199  1.0000000000 -0.1800349869 -0.2482738364  1.0000000000
 1.1069930462 -0.5524590505 10.9900922110 -0.4813000118 -0.2809852212 10.9205378379  0.2203318140 -0.1755753768  1.0000000000  0.0533134517 -0.1329158263  1.0000000000
-0.0208036990  0.5948129425 11.0340446532 -1.9624570878 -0.7734414141  8.5500257352  0.0916107321 -0.0539015463  1.0000000000 -0.1192780517 -0.3017048594  1.0000000000
-1.1611760792  1.7897526505 10.3729279464 -2.1070839430 -0.3808123796  9.2650562436 -0.0226703717  0.0786975641  1.0000000000 -0.1820976819 -0.1590646682  1.0000000000
-0.0999176577 -0.5425206356 10.8440291862 -2.0144330029  1.1063725308 10.3430559187  0.0769006552 -0.1612652337  1.0000000000 -0.0968372388  0.0082147702  1.0000000000
-1.7032072566 -0.1251400543 10.2301259648 -1.3884458877  0.4231906492  8.7976992738 -0.0874263267 -0.1572847964  1.0000000000 -0.0774957110 -0.0918455161  1.0000000000
-1.0503371777 -0.3862150482  9.4980541504 -0.4756269802  2.8551502896  9.7300206334 -0.0312400714 -0.2119783023  1.0000000000  0.0510722300  0.2399736906  1.0000000000
 1.1708542656  2.2665104960  8.1647041000 -2.9505243686  2.9488664315 10.8716621959  0.3373945400  0.1568316997  1.0000000000 -0.1936793816  0.2449183223  1.0000000000
-0.2387265417  1.5482394582 11.6908390182  0.4611185504 -0.5936309744  9.3036675848  0.0982457824  0.0334817728  1.0000000000  0.1627734682 -0.2237256972  1.0000000000
 0.7224492984  2.5128736517 10.2084433950 -1.1047284190  1.1983149881  8.7682308716  0.2296226116  0.1879928026  1.0000000000 -0.0185038230  0.0231855868  1.0000000000
-0.2986545839 -0.2362332244  9.5784816197  0.8564140494  0.8318439859 10.8575880290  0.0505901717 -0.1955696956  1.0000000000  0.2148649536 -0.0341211579  1.0000000000
-2.5601927107  2.7733038503  8.1717547436  1.1156147419  0.5790680224  9.9682635647 -0.2735806933  0.2194390395  1.0000000000  0.2337601971 -0.0684605482  1.0000000000
 0.1735774199  0.8794721119  8.3374803031  0.1642355125 -0.0204809996  8.2185725925  0.1396023861 -0.0716116687  1.0000000000  0.1371388207 -0.2112291480  1.0000000000
-1.2892086539 -0.2009868033  8.1302216128 -1.2689696141  1.1998249962 10.9643170413 -0.0652354544 -0.1958034085  1.0000000000  0.0033209579  0.0188339161  1.0000000000
-1.8012031016 -0.4981997171 10.0413075688  0.2023867342  0.5960856913  9.8509862938 -0.0982176518 -0.1868947961  1.0000000000  0.1399796934 -0.0911444161  1.0000000000
 0.6691263106  2.3703409651 11.6899803570 -1.4772026142  1.4361059291  9.9938657319  0.1950880799  0.1737074663  1.0000000000 -0.0505322082  0.0141100801  1.0000000000
-1.8845688599  1.8380412189  9.7482701609 -0.4298524136 -0.0035076523  9.9364070312 -0.0922158755  0.0815507075  1.0000000000  0.0947114612 -0.1555308790  1.0000000000
-2.8069402105  0.4784543245  9.7875096469 -2.0365203517  1.0567568593  8.7911436734 -0.2420301179 -0.0990918614  1.0000000000 -0.1865478125  0.0357076256  1.0000000000
-1.6303727717  1.3602917168 11.7317301945  0.7055377599  0.8135844830  9.2386311782 -0.0306721901  0.0569725089  1.0000000000  0.2426094397 -0.0699566440  1.0000000000
 1.0912594396 -0.8415251740 10.7952417557 -1.3466279764  1.3623907066  7.8175994241  0.2622396497 -0.2078823705  1.0000000000 -0.0909610715  0.0165536107  1.0000000000
-2.1747171419  0.8817871379 10.7827246166  0.2406362097 -0.7848121149 10.4505644222 -0.1608516431  0.0202246372  1.0000000000  0.1333072879 -0.2455251677  1.0000000000
-0.9251457519  1.3540826910  7.9114571173 -0.0510148397 -0.4579798755  8.8134778284 -0.0045074605  0.0390435808  1.0000000000  0.1093112461 -0.2313447876  1.0000000000
-2.8251849611  1.4821307055 11.1953426551 -0.9583264607  2.6300508137 11.4038896051 -0.1634205455  0.0376397608  1.0000000000  0.0158158486  0.1788727074  1.0000000000
-2.3768310502  2.8048453461  8.0727021287 -0.7663997008  0.1734082609  9.3160273296 -0.2060703796  0.3029313375  1.0000000000 -0.0109267078 -0.1635184480  1.0000000000
-0.6549557737 -0.7302300534  8.7622847220 -2.5274680136 -0.7000725136  8.5969824124 -0.0133711456 -0.2584219883  1.0000000000 -0.2505635741 -0.2687981316  1.0000000000
-0.8304540452  2.3494223849 10.3012029219 -0.7200760059  1.0633289989 10.9419620256 -0.0072271867  0.1447450158  1.0000000000  0.0384211337 -0.0196228232  1.0000000000
-2.5605124556  1.2240776476  9.9167431339 -2.1353855246  2.5033078142  7.8367655371 -0.2073729862 -0.0043468139  1.0000000000 -0.2299437456  0.2165593738  1.0000000000
 0.2399564759  1.8935298198 10.6313010486 -0.1315911556  1.4129862556 10.6891947966 0.1618970015 0.1165152087 1.0000000000 0.0817593257 0.0581299629 1.0000000000
-0.4195764262  1.8258165361  8.7106711059  0.6478232652 -0.5529177410  9.0181597547  0.0691340670  0.0510862021  1.0000000000  0.1963925035 -0.2301189979  1.0000000000
 0.5810456951  0.4271947464 11.1158731669  0.8105540558  1.6230460856  9.2854964697  0.1737820049 -0.0937268589  1.0000000000  0.1991896545  0.0230410012  1.0000000000
 0.1077720287  0.0441642615  9.3390242015 -1.9604068974 -0.9774143099 11.2329450019  0.1178049134 -0.1805388486  1.0000000000 -0.0911496573 -0.2119626876  1.0000000000
 0.2341154813  1.4410050843  9.7060891781 -0.4978272702  1.4594089775  9.9631481170 0.1605023998 0.0258782127 1.0000000000 0.0600710971 0.0581760460 1.0000000000
-1.6963260749  0.1385912657 10.4382370451  0.5950748727  3.1128048044  9.9211608295 -0.0620375375 -0.1143904563  1.0000000000  0.1779347386  0.2832261957  1.0000000000
-0.6228375523  0.0515420200  8.4021537264 -0.5589449110  1.1801029074 10.8725717915  0.0387450276 -0.1549937233  1.0000000000  0.0721297261  0.0174899894  1.0000000000
