394.2000000000
0
50
 6.0809759026  3.6649428050 10.0244675746  3.4222977678  0.7390164832  8.2093411129  0.1505632213 -0.1599582726  1.0000000000 -0.1861413595  0.2000945234  1.0000000000
6.0010528160 0.5110891717 8.9444097414 6.0935096167 2.8473429879 9.3369472430 -0.1465809605 -0.0840497368  1.0000000000 -0.0080304516 -0.1538362157  1.0000000000
 5.8172255873  2.0291042254  9.0105600430  4.0857491972  3.5143002801 11.2138340651 -0.1047693251 -0.1196897862  1.0000000000  0.2449891525  0.0610897066  1.0000000000
3.3795683102 2.7400281771 8.2601896841 4.7498948367 1.9348253794 9.2387154522 -0.1119760122  0.2461952286  1.0000000000 -0.0413961250  0.0288374617  1.0000000000
5.0927926117 0.8715048927 9.4467626036 5.6397275345 2.1569245232 8.2493003550 -0.0657384173 -0.0376953606  1.0000000000 -0.1576939627 -0.0671710995  1.0000000000
4.6175986337 0.4492722517 9.5186097152 5.5014520752 1.6870540809 9.0016261848 -0.0651602171  0.0296162001  1.0000000000 -0.0907161072 -0.0473771724  1.0000000000
 5.7992994084  1.5833797898 10.2271980282  4.2529293898  1.2010594886 11.1004964424  0.0198298360 -0.0778286026  1.0000000000  0.1078421799  0.0503986528  1.0000000000
 6.6430496021  2.5589485603  8.1473573547  4.8232132964  2.1636222513 10.7796483243 -0.1889706557 -0.1562192317  1.0000000000  0.1742323815  0.0023482442  1.0000000000
 3.5576140434  2.1080094879 10.3741743421  5.4364955239  0.5657164976  9.3213349620  0.1318526964  0.1416200402  1.0000000000 -0.0735884914 -0.0269329605  1.0000000000
 5.9047354373  3.4466126278 10.5162227998  4.4560206875  1.3906079480  8.3397820058  0.1836676400 -0.1431499554  1.0000000000 -0.1360751309  0.1203827876  1.0000000000
 4.2739151664  1.5381885339 10.7669020538  6.2980827296  3.2911107546  7.9654774284  0.0980535751  0.0802027613  1.0000000000 -0.1762722858 -0.1754479990  1.0000000000
 3.2448739202  2.5057897967  8.8912742783  3.7898897940 -0.0887590584  8.1750086765  0.0114624854  0.2379076261  1.0000000000 -0.1895166034  0.1005797539  1.0000000000
 6.4136640857  0.8520540007  8.8985959159  3.6104483788  1.0106606076 10.5027674503 -0.1183995647 -0.1473623057  1.0000000000  0.0940772956  0.1107757984  1.0000000000
 5.2205525597  1.6746513463  9.7868929433  5.4372875892  3.2215467689 11.0170905951  0.0015506809 -0.0814501131  1.0000000000  0.2077953477 -0.1196392345  1.0000000000
 4.6715915670  1.2332617234  8.2835627639  5.7302827219  2.9300023234 10.7840289083 -0.1802488755  0.0800439554  1.0000000000  0.1520450679 -0.1160736414  1.0000000000
 6.7634221730  1.9152719050  9.6857975742  6.1184014926  3.1826920915 10.1958274608 -0.0379264661 -0.2345237832  1.0000000000  0.0821760762 -0.1846013108  1.0000000000
4.4138131017 2.6196976653 9.9179741858 4.4530615546 0.8829681403 9.8128180905  0.0430303772  0.1134954485  1.0000000000 -0.0217902667  0.0363942191  1.0000000000
 5.1792820294  0.9754647216 10.6204067044  5.8425355575  3.9088492530  8.9750095266  0.0788363306 -0.0307536118  1.0000000000 -0.0015832618 -0.1062084133  1.0000000000
 2.8103959750  1.8807059187 10.9667651425  5.7151894176  3.0586991568  8.2239232962  0.1433264228  0.2169980098  1.0000000000 -0.1891170390 -0.0872166923  1.0000000000
 6.6587563763  4.2411987646 10.6494805740  5.3331446856  2.9361460567  7.7551273665  0.2075867602 -0.2696340779  1.0000000000 -0.2334948364  0.0154205353  1.0000000000
6.9667400223 3.7821492136 7.9781866022 5.4679833150 2.3969545470 9.0056418857 -0.2066827424 -0.2838435591  1.0000000000 -0.0758714481 -0.0477074587  1.0000000000
 3.3299453490  4.4373179145 10.6975552585  3.9421631032  1.6378653731 10.0539831648 0.2988908587 0.2837496883 1.0000000000 0.0222745464 0.1337605056 1.0000000000
4.7857254717 3.0034975067 7.2630528461 4.2022968074 0.9495073769 9.1278170152 -0.2870363475  0.1034384443  1.0000000000 -0.0739803893  0.0894381287  1.0000000000
5.3623958674 3.0872092537 8.5698434358 4.2947283091 4.0320079675 9.6818762279 -0.1216642272 -0.0437938845  1.0000000000  0.1292983398  0.1020299320  1.0000000000
 3.8213512826  3.3221497575 10.0220301167  3.2798356731  3.3868048717  7.7302373582  0.1164388860  0.1253486044  1.0000000000 -0.1368919477  0.3096839840  1.0000000000
 7.1088032245  3.1010928795  8.7126464416  5.1095521915  3.0058156916 10.1337282592 -0.1088222728 -0.2692120897  1.0000000000  0.0780926341 -0.0354467091  1.0000000000
4.7291861347 1.5304744872 9.9665450532 6.0149307147 1.3264494020 9.1185417032  0.0517920707  0.0098886684  1.0000000000 -0.0720636070 -0.1176489886  1.0000000000
 5.0230913940  3.6336601927 10.9472180055  5.9468368018  3.2795185638  9.9662935501  0.2158890068 -0.0535275512  1.0000000000  0.1156683131 -0.1574174812  1.0000000000
 5.2462408758  1.4303033429  8.0816360767  4.3609980256  1.0793168123 10.8756999596 -0.2031224022 -0.0065875768  1.0000000000  0.0868422870  0.0237178946  1.0000000000
3.3276510669 2.0845421644 9.4305035812 6.8003926229 3.1637527441 9.5959761888  0.0479603117  0.1982316861  1.0000000000  0.0237705241 -0.2679163321  1.0000000000
 5.8476215304  2.4254528094  9.7114502727  4.0351117015  1.9305046089 11.4788940044  0.0254237767 -0.1153635911  1.0000000000  0.1847843805  0.0858597790  1.0000000000
 5.4500361459  2.6610693736  9.5515237739  6.3940896846  0.9173007091 11.3452743780  0.0266413593 -0.0879985232  1.0000000000  0.1249732172 -0.1786713283  1.0000000000
5.7149131601 3.0398866550 8.2018130397 4.4323965011 3.6747199928 8.8525773822 -0.1531749818 -0.0923121301  1.0000000000 -0.0494872426  0.0988830714  1.0000000000
 5.5853699198  1.8790682791 11.6670914396  6.1895417018  1.1672458886 10.2987042319  0.1969592383 -0.1387545299  1.0000000000  0.0024004005 -0.1152498869  1.0000000000
4.0372499614 2.1025193595 9.3115649201 6.9362719075 4.0644778781 9.3627388952 -0.0034773885  0.0975903710  1.0000000000  0.0179031326 -0.3267471827  1.0000000000
 4.7853914801  2.5167186030 10.6997826813  6.0789034828  4.0280040455  8.9929982099  0.1387280478  0.0048857734  1.0000000000 -0.0109238999 -0.1439538125  1.0000000000
 4.0306797969  0.8616611344 11.2906524105  4.2706974167  2.8926719242 11.0452902946 0.1377904808 0.0414347680 1.0000000000 0.2314610610 0.0631653820 1.0000000000
 3.7954209450  3.0932365319  8.2500739693  2.8372408411  3.1344525613 10.9007432873 -0.1084167069  0.1842490295  1.0000000000  0.2483275881  0.3027005166  1.0000000000
4.1504353182 0.5922359357 8.8031133632 4.7806060232 1.0555353215 9.4889095844 -0.1151712764  0.0481194643  1.0000000000 -0.0362421138  0.0363256661  1.0000000000
6.8019858086 2.5317163930 8.2551318560 6.5070175712 0.8503242488 8.8423800694 -0.2159172835 -0.2322122292  1.0000000000 -0.1243814998 -0.1710003478  1.0000000000
 4.1671556964  3.3678655389  9.8393274375  3.8982310881  4.5097400082 10.5108696531 0.1285222338 0.0722601313 1.0000000000 0.2947493440 0.1745117781 1.0000000000
4.0533644121 2.4402095306 9.7721791756 6.3533605156 2.6594503710 8.4482369110  0.0632581685  0.1160223245  1.0000000000 -0.1192245734 -0.1392020598  1.0000000000
5.5207825191 2.8354465856 7.6053492869 3.7750164713 1.7502766725 7.5852488155 -0.2508027619 -0.0220129869  1.0000000000 -0.2470922614  0.1999882013  1.0000000000
 3.8652509125  2.8290495355 10.3703996457  4.8645050827  1.4874540990  9.0444912177  0.1569916735  0.1395184013  1.0000000000 -0.0694374323  0.0450696755  1.0000000000
3.5894596505 3.9575974300 8.5079798722 4.3275195439 3.6383006822 9.3566887502 -0.0471978597  0.2512651560  1.0000000000  0.0582331659  0.0777272738  1.0000000000
 3.3591866539  2.6859020964  8.1972331884  6.5146835674  1.0103661027 12.3074299412 -0.1097941161  0.2021690981  1.0000000000  0.2208483672 -0.1936221528  1.0000000000
 4.7121918256  1.0228009294 10.8472254416  3.3843486291  2.8687875667 10.9345099445 0.1111208497 0.0191428721 1.0000000000 0.2631847457 0.1885603967 1.0000000000
6.7047482079 1.4409844339 9.5296815043 4.7492670308 1.1280127534 8.7909036617 -0.0666942623 -0.2341192771  1.0000000000 -0.1099756219  0.0287502977  1.0000000000
 6.4688387238  1.9060156679 11.9707997603  4.1426360701  2.3105536319  9.5752484059  0.1898760194 -0.1665026261  1.0000000000  0.0293304024  0.0851766386  1.0000000000
3.9428018291 0.9933841566 9.4693203178 3.5286883826 2.8636956596 7.4305551220 -0.0448108802  0.0506381757  1.0000000000 -0.2108683752  0.2449004274  1.0000000000
