214.4000000000
0
50
-10.2330681529   0.1333063014  -4.1278231427  -9.7730722548   1.2751180973  -2.9855655654 -0.0830700838  0.0973532674  1.0000000000 -0.1575355334  0.0700066165  1.0000000000
-6.8051965863  2.2071387370 -3.0992809651 -8.8984334877  0.6113620694 -4.6699259749  0.1580332182 -0.1637260193  1.0000000000 -0.0276549241 -0.0124550597  1.0000000000
-8.9262915564  3.4483227081 -2.6846349823 -8.9034572283  3.3175874760 -4.7082818582 -0.1635183191 -0.1038111509  1.0000000000 -0.1651871460 -0.2594497787  1.0000000000
-9.9092112116  1.3525632089 -3.7004213511 -7.8349394387  1.9645900842 -2.4577685565 -0.1130778182  0.0483897346  1.0000000000  0.0529383243  0.0184748544  1.0000000000
-6.0894035493  2.5539741543 -2.7557549664 -8.2934586634  1.4605992537 -0.7696958102  0.2700315881 -0.1994349830  1.0000000000  0.0484297704  0.2732723275  1.0000000000
-9.6145994321  1.3196332481 -1.7291277599 -6.7787520326  0.4159062581 -3.3812943005 -0.1045606828  0.2237286373  1.0000000000  0.2612398998 -0.0348485500  1.0000000000
-10.0493807125   0.7581948124  -3.6592220443  -8.2017064666   0.8086195176  -3.0895764098 -0.0841934266  0.0767400835  1.0000000000  0.0649399014  0.0346331576  1.0000000000
-6.5737754023  1.3125225937 -1.1562185437 -5.9257157423  2.1457924604 -3.0546903895  0.3031742686  0.1543026241  1.0000000000  0.3062726539 -0.1914101889  1.0000000000
-8.6760390626  0.9868804810 -1.6580734864 -9.4226409371  3.3761012445 -4.4946117144  0.0100498879  0.1981915934  1.0000000000 -0.2583157800 -0.2427789610  1.0000000000
-8.4180047215  3.9899583984 -3.0753900407 -9.8101163407  1.8124169536 -5.5106255832 -0.1894263242 -0.2087606413  1.0000000000 -0.1667864632 -0.1167121271  1.0000000000
-6.7361111459  0.4326991775 -3.0910002932 -8.2689397598  1.7973773295 -5.3085406341  0.2531889451 -0.0525876049  1.0000000000 -0.0201296720 -0.1901046496  1.0000000000
-10.6115087996   0.6051277699  -3.1458406677  -8.0841663631   0.0077411145  -4.8137138745 -0.1645228334  0.1764379703  1.0000000000  0.1288280661 -0.0311311477  1.0000000000
-8.7553823450  1.5599188355 -3.8294954775 -8.3804438704  0.9492671583 -3.1973573856 -0.0234757896 -0.0774749740  1.0000000000  0.0340999735  0.0017120418  1.0000000000
-9.3042254452  0.6153096446 -2.3004379334 -7.6474096877  2.9389608194 -2.4167419466 -0.0346657417  0.1818860824  1.0000000000  0.0215090367 -0.1372966369  1.0000000000
-7.2627878669  2.5156607328 -2.2876785808 -6.7625141918  1.8485569893 -2.9772012316  0.1084170571 -0.0853580578  1.0000000000  0.2017583350 -0.0986801821  1.0000000000
-9.4281354664  1.3562135230 -2.0232572623 -8.8694642137  1.7827291837 -2.5645302361 -0.0779736309  0.1542096106  1.0000000000 -0.1090983624  0.0795975957  1.0000000000
-9.5271418894  1.5088436835 -4.5404941422 -8.2467844178  0.5064929079 -4.8176517213 -0.0651974867 -0.1115500439  1.0000000000  0.0398616190 -0.0558873579  1.0000000000
-10.9528360322   0.9888083826  -2.5253618565  -7.5898911157   2.5187575201  -1.8535954662 -0.2293092165  0.2127472438  1.0000000000  0.0841974346 -0.0501833358  1.0000000000
-7.9415655921  2.4781331020 -4.8563573716 -7.3303401452  0.6434710188 -5.8146040577 -0.0484033737 -0.2297673704  1.0000000000  0.1436588352 -0.1604544966  1.0000000000
-9.0317253286  2.9633715878 -4.4404090877 -7.9514566454  2.6827965826 -2.5918058053 -0.1457078376 -0.1694548959  1.0000000000 -0.0433795204 -0.0696908261  1.0000000000
-10.0922721895   0.0910321108  -3.9739571929  -6.1768074444   2.2738273448  -3.6456892663 -0.0815962928  0.0733092644  1.0000000000  0.2452467669 -0.2060513652  1.0000000000
-10.0765626320   0.6698775354  -2.7258338364  -9.0050733417  -0.3104136451  -3.4926588223 -0.1222252218  0.1658607515  1.0000000000  0.0471393242  0.1537372816  1.0000000000
-8.1900567825  1.7433427756 -3.4951735418 -6.5144160168  0.7531431653 -3.3379804765  0.0365557955 -0.0395534882  1.0000000000  0.1909611047 -0.0496528639  1.0000000000
 -6.9298775292   0.4665494391  -0.5352029242 -10.7435244796   1.1628835572  -2.1291480852  0.2774688966  0.2922707309  1.0000000000 -0.1914288123  0.2072837272  1.0000000000
-9.2984715758  2.7237332967 -2.8488572373 -8.4000865316  1.2847762012 -2.7693378225 -0.2103221757 -0.0110760372  1.0000000000 -0.0232876504  0.0401494659  1.0000000000
-9.8062610965  0.7239533056 -4.3094148724 -9.1591715951  1.8164226240 -1.4867293722 -0.0984769820  0.0044458549  1.0000000000 -0.1025246676  0.2048574640  1.0000000000
-8.9442415158  3.2697621888 -2.1991835695 -6.3206032921  1.5354107646 -3.0137343392 -0.2089563069 -0.0394201994  1.0000000000  0.2914513967 -0.0899743159  1.0000000000
-9.8912297355  0.1413650783 -3.5496340324 -7.1610976964  1.9175120430 -3.4605518964 -0.0233472123  0.1509018002  1.0000000000  0.1228027555 -0.1402616895  1.0000000000
-7.3908097412  1.8773241242 -3.2895682865 -8.3395710203  0.7831488904 -1.8992150122  0.1034348654 -0.0904240128  1.0000000000  0.0634828707  0.1378825912  1.0000000000
-9.1514811607  3.4440503258 -4.2498866534 -7.9421850821  0.8798569190 -3.3012148774 -0.2006600892 -0.2262202982  1.0000000000  0.0604525547 -0.0222583914  1.0000000000
 -8.8221241649   3.2238628194  -2.4256835939 -10.0357658289   2.5232691708  -2.7488284387 -0.1350869952 -0.0614311809  1.0000000000 -0.2176566667  0.0534902857  1.0000000000
-8.9075539929  0.7078430836 -3.3972735296 -8.4978455871 -1.0302884578 -3.0248403500 -0.0039806898  0.0428594995  1.0000000000  0.1277373230  0.1631303017  1.0000000000
-9.0012004391 -0.1191084663 -3.3573800672 -6.3326385866  2.6587432103 -3.1362428512  0.0236924481  0.1171023461  1.0000000000  0.1792699799 -0.2050069669  1.0000000000
-10.0965639992   1.3085677105  -4.4013282164  -7.4352222450  -0.2261128718  -2.1977141221 -0.1148093578 -0.0290784739  1.0000000000  0.2352657643  0.1543169963  1.0000000000
-9.2394701543  3.9414933323 -3.1271018478 -8.4082987012  1.4419533615 -1.6096424379 -0.2419954148 -0.2008490458  1.0000000000  0.0971389181  0.1612770808  1.0000000000
-7.8826501727 -1.2533468874 -3.1268998935 -7.4338638491  3.1674721562 -2.8798686930  0.2156064165  0.1562744423  1.0000000000  0.0169466782 -0.2474759869  1.0000000000
 -9.8531082535   2.2455683657  -1.2134589144 -10.5010464596   1.5623387567  -3.0053424838 -0.1714285768  0.2496424170  1.0000000000 -0.2128959019  0.0873768563  1.0000000000
-7.2888169894  1.1498285170 -2.6748189196 -7.7011956872 -0.8021734960 -3.8576568337 0.2038868884 0.0136245924 1.0000000000 0.1894675418 0.1097152273 1.0000000000
 -9.0660198215   1.1026616478  -3.9594550676 -10.6222945761  -0.0596428400  -2.9638004845 -0.0758137378  0.0168547353  1.0000000000 -0.0706695025  0.2135754787  1.0000000000
-8.3976448758  1.7853160756 -5.1516792580 -9.5289907601  1.7024117536 -4.7361128424 -0.0271122835 -0.1642416413  1.0000000000 -0.1367459919 -0.0898152441  1.0000000000
-9.2859588347  3.5056990940 -3.8434050437 -8.6495836921  3.1062668649 -3.3907735910 -0.2276178816 -0.1875459671  1.0000000000 -0.1503772625 -0.1352599811  1.0000000000
-9.8611664991  1.8084000813 -4.6137283851 -8.4125724054 -1.2718280732 -3.1325692053 -0.1625433125 -0.0411421967  1.0000000000  0.1586812342  0.1369066425  1.0000000000
-9.1066860470  1.1080686404 -5.1968941539 -6.4750047205  0.6350393658 -4.6364758041 -0.0479289927 -0.1009732892  1.0000000000  0.2124219095 -0.1484645545  1.0000000000
-9.3317867326  0.1691900654 -2.5579856100 -8.4445861937  2.1986374142 -1.2618522734 -0.0041404473  0.1729410727  1.0000000000 -0.0102833342  0.1253517400  1.0000000000
-7.9548974869  2.0344902249 -2.4417803113 -7.0546211071  0.8855959740 -4.1148781565  0.0300516175  0.0265077791  1.0000000000  0.1625795817 -0.1097651875  1.0000000000
-10.7119528856   1.2335810346  -4.0417935936 -10.3527594405   0.0347121561  -3.3586740448 -0.1806145779  0.0489851473  1.0000000000 -0.1063908746  0.1770167342  1.0000000000
-7.9605820149  1.8777825879 -1.7225473977 -8.2448979589  1.9985953386 -2.3251766864 0.0639660762 0.0834289225 1.0000000000 0.0137071975 0.0253022881 1.0000000000
-7.0241784064  2.0915615630 -1.9129150615 -6.3817533663  1.5254351860 -3.5919231145  0.1953040110 -0.0024820321  1.0000000000  0.2370080289 -0.1768901172  1.0000000000
-7.7689160983  0.2600019433 -1.8168989401 -9.2861248328 -0.4445534391 -3.1867178163 0.1953940953 0.1766497348 1.0000000000 0.0817634789 0.1261055180 1.0000000000
-9.1820230696  3.8288419303 -3.9667122307 -9.8176463346  0.3705257680 -3.6370992784 -0.2406486026 -0.2153469876  1.0000000000 -0.0953922567  0.0648888573  1.0000000000
