48.3000000000
0
50
-13.1669053606   4.7640452691   5.8263459121 -13.9235299438   3.2884225506   6.1703082437 -0.2322552966  0.0268186168  1.0000000000 -0.1424339954 -0.0898880446  1.0000000000
-12.0261888985   2.1581693947   8.3719367052 -12.9729501801   2.9658542134   6.2910267022  0.2102652367 -0.1682922297  1.0000000000 -0.0696349558 -0.1765704311  1.0000000000
-12.2162178123   4.9671682789   5.7712194009 -12.0949932082   3.4221549858   7.9138611993 -0.2215432908  0.0451504067  1.0000000000  0.0858623352 -0.0268662301  1.0000000000
-11.7940536206   4.9914697051   8.1894512275 -14.0101598539   4.0856518312   7.2594825598  0.1015041505  0.2008654168  1.0000000000 -0.0742356598  0.0260804591  1.0000000000
-12.7903114583   1.4950438297   8.0323359535 -12.3265535361   3.8112059754   7.4970026257  0.1367202583 -0.1797177304  1.0000000000  0.0354630022 -0.0379396054  1.0000000000
-12.3953874744   6.1765464647   6.2054731418 -11.8949940215   4.7168690339   6.6966919914 -0.1910892270  0.2223694124  1.0000000000 -0.0342189876  0.0583041702  1.0000000000
-11.7858354596   3.0336597866   7.0131987981 -11.2721194146   4.8854455640   8.3696530842  0.0394716858 -0.0861068375  1.0000000000  0.1989722408  0.1658274660  1.0000000000
-13.3082926996   5.6938109172   7.9201359351 -12.7126947904   3.2120107498   8.8140723061 -0.0445397255  0.2186742614  1.0000000000  0.1996154997 -0.0150438533  1.0000000000
-12.2805833750   5.1068911811   8.3503723787 -12.0972727674   5.2522633963   6.0927399198  0.0681110587  0.1806553116  1.0000000000 -0.1448077111  0.1177692009  1.0000000000
-12.8838402937   4.2227623990   6.4239358374 -11.2986914803   5.6328515966   8.4105548425 -0.1166059429 -0.0186819904  1.0000000000  0.1956432328  0.2593205377  1.0000000000
-13.1418926262   2.1134692217   7.7856501361 -14.5117692539   3.3099154887   7.1934294761  0.0768136737 -0.1291957915  1.0000000000 -0.1056341413 -0.0688323366  1.0000000000
-12.1037470692   5.0662695255   7.5325098781 -14.3127789856   2.0128757758   6.8684400635  0.0584878694  0.1775806984  1.0000000000 -0.0658530075 -0.1792564967  1.0000000000
-13.9047233100   4.4478685270   7.4748484833 -10.6528298907   3.7156456046   7.5289865331 -0.0602549301  0.0667925284  1.0000000000  0.2041859606 -0.0425827761  1.0000000000
-13.8580996496   4.6389531118   9.4646776557 -13.0914691973   2.4660127194   6.4078135939  0.0836567708  0.1879388746  1.0000000000 -0.0323976705 -0.1738201105  1.0000000000
-12.9305673171   3.2446580152   9.0990656342 -10.5750035185   5.0362725060   8.0711899979 0.1749537846 0.0078022278 1.0000000000 0.2106584290 0.1784974379 1.0000000000
-12.6814641263   3.2961666649   9.6572374611 -12.7867266693   4.2589081028   7.0449037075  0.1998849011  0.0300549865  1.0000000000 -0.0456355200  0.0098600050  1.0000000000
-14.2560885878   5.5092505324   7.4125202074 -12.4709677395   5.8743351696   6.6743636545 -0.1761351308  0.2009974205  1.0000000000 -0.1206542818  0.1942952116  1.0000000000
-12.0053320791   3.8406234603   8.9927999989 -14.2997198041   4.7072625660   8.0503671911  0.1949636611  0.1010954865  1.0000000000 -0.0665140445  0.1291543693  1.0000000000
-13.8334515023   4.9354174011   7.4199607416 -12.4510076960   3.8227099722   6.5200246185 -0.0839830256  0.1132444414  1.0000000000 -0.0886151026 -0.0177300809  1.0000000000
-12.4159670413   2.1568090999   8.6380542559 -12.3953624090   2.9461472609   7.8743777796  0.2020733316 -0.0964154930  1.0000000000  0.1015491715 -0.0806364884  1.0000000000
-12.6069239652   3.0838066637   6.0916745286 -11.5402077072   4.2240746975   8.6601144994 -0.1265638004 -0.1632763422  1.0000000000  0.2251313438  0.0852717856  1.0000000000
-12.9376426593   2.9941080037   8.7063622798 -13.8531262884   3.9311338783   9.0906393318 0.1309890992 0.0074084686 1.0000000000 0.0680998139 0.0857748143 1.0000000000
-11.8993637665   3.7880191888   5.9059289373 -11.9856655642   3.7791820828   4.9437062850 -0.0697867246 -0.1436822181  1.0000000000 -0.1902882641 -0.1682202231  1.0000000000
-11.7305463022   5.0000600630   9.2027301803 -13.7114334865   3.2533769891   6.8209990818  0.2122804389  0.2170081668  1.0000000000 -0.0233187435 -0.0851104412  1.0000000000
-10.9751613436   2.8464116336   6.0116435296 -10.1658382125   4.7468096941   7.9332546327  0.0578678286 -0.2298042364  1.0000000000  0.2605498765  0.0797168118  1.0000000000
-14.0673484013   2.8775696151   5.7640236681 -10.4381902286   4.3901362782   7.3856748023 -0.1140432591 -0.1717177268  1.0000000000  0.1548595666  0.0299005956  1.0000000000
-14.4920161646   3.3661693240   6.9715788785 -12.2246946212   2.6696324200   8.8256474821 -0.1110317674 -0.0439893583  1.0000000000  0.2124323681 -0.0733287322  1.0000000000
-12.6801742126   4.6882465353   6.4342816196 -13.3358543208   4.5032042955   7.9113744444 -0.1407845746  0.0805684706  1.0000000000  0.0287486529  0.1022017886  1.0000000000
-13.7066430489   2.5419894339   7.0348948722 -12.9187020515   4.9471225718   9.1165432231 -0.0426354984 -0.1430097940  1.0000000000  0.1479089554  0.2229311807  1.0000000000
-10.0418441078   2.4318969768   6.6251271259 -12.4913889346   2.2261354738   6.7190398143  0.2192447770 -0.3379711533  1.0000000000  0.0205290376 -0.1954311999  1.0000000000
-12.0383187353   4.8108063233   8.1484952486 -13.2115326376   5.3923638019   7.0007034873  0.1201592855  0.1513852456  1.0000000000 -0.1292403049  0.1518927854  1.0000000000
-11.5443268668   4.8888666985   7.6419387155 -11.3432169114   3.1157178431   8.7137138767  0.0839874462  0.0963825005  1.0000000000  0.2562830648 -0.0172564384  1.0000000000
-12.1442406198   5.0549552260   7.9383951474 -13.4816645195   4.0089377829   7.0121230787  0.0535054033  0.1454502897  1.0000000000 -0.1074007543 -0.0136842543  1.0000000000
-11.2134292779   3.7497645947   6.3266249888 -12.5710122695   2.3375956008   6.3741807293  0.0247474538 -0.1181115282  1.0000000000 -0.0263969436 -0.1930527575  1.0000000000
-11.5636420483   2.6599772866   6.0161750462 -11.0199547348   4.8000118098   6.7819910912 -0.0245261927 -0.2385432069  1.0000000000  0.0261361855  0.0768154529  1.0000000000
-13.0234974665   2.3898579721   6.1126632191 -12.4638994180   4.8184404663   5.7658984090 -0.0638116011 -0.2466271278  1.0000000000 -0.2091111037  0.0585456012  1.0000000000
-11.7579017203   4.5901597038   8.9484780863 -11.5168765414   3.8166476433   5.6357365612  0.2158356159  0.1458205314  1.0000000000 -0.1031743199 -0.1321181567  1.0000000000
-12.0503608758   5.5269198448   5.7453461819 -12.7866529393   2.9707309745   7.8865764371 -0.1810968634  0.1266982649  1.0000000000  0.0749398603 -0.0370437254  1.0000000000
 -9.7911316080   3.8365164501   7.8701459239 -13.3369761283   2.6718044244   5.0154101668  0.3689741211  0.0093011597  1.0000000000 -0.2654744380 -0.2559674843  1.0000000000
-14.7375824726   2.9663970241   6.4204324937 -11.6709399164   3.0542679471   7.4825227919 -0.1401238516 -0.1038218882  1.0000000000  0.1264311594 -0.0963255563  1.0000000000
-13.5700039664   4.4699764848   9.5762333665 -11.9882605642   3.0970570133   5.6389493091  0.0931834815  0.1481230538  1.0000000000 -0.0745270768 -0.2008004424  1.0000000000
-13.0370010342   4.9051247946   6.0956833752 -12.0419780515   5.0849041523   6.9347022418 -0.2075684943  0.1110682805  1.0000000000 -0.0162650178  0.1316912437  1.0000000000
-13.7998055894   5.4565966268   6.7362983129 -13.3749852413   3.7474586862   7.5937875238 -0.1762722289  0.1831025916  1.0000000000 -0.0085805078 -0.0002179317  1.0000000000
-11.1684414372   3.5683974406   8.4665468409 -10.9372441244   1.7675546263   7.6184638753  0.2167740313  0.0057869272  1.0000000000  0.2591090478 -0.2691723785  1.0000000000
-13.0274076406   6.0198963907   6.8764205312 -12.4882180902   3.3746383629   7.0432323053 -0.1745324030  0.2307812299  1.0000000000  0.0192149790 -0.0557787389  1.0000000000
-11.7598691448   3.6301764163   6.0739298813 -14.1194551332   3.4977833466   8.3260115960 -0.0516620429 -0.1220345443  1.0000000000  0.0191992922 -0.0079198286  1.0000000000
-12.7861386849   6.2202045432   6.4991945478 -11.3691287802   2.5609465868   7.7620947324 -0.1922225955  0.2222481243  1.0000000000  0.2166638488 -0.1610490986  1.0000000000
-13.3196973435   4.4322637897   8.9277329197 -14.6011782960   3.9121158554   7.1321822672  0.0890319171  0.1248705046  1.0000000000 -0.1124913737  0.0466845804  1.0000000000
-11.8040478919   5.2887320136   8.3712724958 -11.3367693795   3.0407547052   7.2449275663  0.1092055415  0.2162054128  1.0000000000  0.1554005131 -0.1633157268  1.0000000000
-11.4006592150   4.6294877998   7.6366870339 -13.2475441718   3.4009201244   5.1293825174  0.0729425275  0.0898641993  1.0000000000 -0.2671183907 -0.1682523470  1.0000000000
