890.7000000000
0
50
 2.2918552554 -7.1295004755  5.7328676468  2.8290081352 -6.4748997399  3.0642682491  0.0116388159  0.0782441255  1.0000000000  0.2131055290 -0.2767238000  1.0000000000
-0.3217251923 -5.8707622459  5.4378879606 -0.0699934964 -4.2914593542  4.7824595931 -0.0683438896 -0.0699508984  1.0000000000 -0.2033466092 -0.2049555402  1.0000000000
 1.0941648521 -5.9725652459  5.9886767462 -0.0015584789 -8.8661040820  5.7456769930 -0.1260069029  0.0303933014  1.0000000000  0.1795811203  0.2029732850  1.0000000000
-0.5414691930 -8.1733117672  5.8869020699 -0.3500945075 -9.0449373459  5.7581857840 0.0507313887 0.1242968623 1.0000000000 0.1513633103 0.2123300667 1.0000000000
 1.2508186924 -6.9559631923  4.7193800484 -0.1870242347 -7.4015118995  5.1451714569  0.0958021127 -0.0424700248  1.0000000000  0.0587798101  0.0122296278  1.0000000000
 1.9039382569 -6.5076350853  6.5791920108 -0.2217063122 -7.0343349712  6.5979665645 -0.1012797264  0.1031763597  1.0000000000 -0.0799976506  0.1360045748  1.0000000000
 0.6026437653 -7.6930035537  5.0601062754 -0.5091634619 -7.1669507617  3.9904508063  0.1136614626 -0.0105751636  1.0000000000  0.1240799882 -0.0720034237  1.0000000000
-0.8071002847 -6.7519800761  6.5493346750  2.1048651015 -5.5745337960  6.2613193104 -0.1008130518  0.1216491865  1.0000000000 -0.1977475509  0.0538412107  1.0000000000
 3.1455883990 -7.8912747565  4.1271890449  0.5046725623 -7.7290295320  3.9989112533  0.3027508503 -0.0453508541  1.0000000000  0.1677922451 -0.0163976868  1.0000000000
 0.9613253976 -6.8556622252  6.8189178900  2.6302283649 -7.9918031569  4.9496030097 -0.0618702171  0.2121311821  1.0000000000  0.2630148937  0.0599410146  1.0000000000
 0.1413698358 -8.1037461620  6.3782216932  2.8381668044 -6.6084716457  6.3020493268  0.0558452759  0.1475048069  1.0000000000 -0.0263789966  0.1546466812  1.0000000000
 1.7129636759 -7.7881940765  3.7008928639  2.5178732321 -5.0789021493  5.0820770557  0.2715730431 -0.0849072305  1.0000000000 -0.1587158678 -0.1870859011  1.0000000000
-0.0651391901 -7.6491350749  3.1400373012  2.7096275391 -6.2468960688  4.8623222905  0.1833007035 -0.1737126108  1.0000000000  0.0242592678 -0.0983309944  1.0000000000
 2.3287872539 -7.8503706611  3.7747107702  2.1318707066 -5.0420768999  4.1509096591  0.2682655754 -0.0805131835  1.0000000000 -0.0759174489 -0.3173722867  1.0000000000
 2.7017816663 -5.6133273866  6.2110358507  1.8706629188 -8.1409178390  5.1206528758 -0.2140195701  0.0534144695  1.0000000000  0.1715580774  0.1012632335  1.0000000000
 2.3951845543 -7.1826900247  4.5544574924 -0.0340431565 -6.6601615676  5.3131625591  0.1549909135 -0.0163093689  1.0000000000 -0.0282246221 -0.0238363069  1.0000000000
 2.7098032456 -8.2970590074  5.7047431805  2.5479113050 -6.0149815926  7.7368640728  0.2256817928  0.2256161307  1.0000000000 -0.2900663461  0.2879680175  1.0000000000
 1.6404056376 -6.2590616367  6.6490087580  1.9635848743 -7.5698632828  5.9789714806 -0.1508298500  0.1168713723  1.0000000000  0.0790348517  0.1536099083  1.0000000000
 0.1744848216 -9.5451555167  5.7367953450 -0.3835767181 -4.5151659931  5.3288899778  0.2101918228  0.1906705119  1.0000000000 -0.2154323203 -0.1319078491  1.0000000000
 2.4266099160 -6.0292357856  4.1965959283  1.6494480417 -5.8989404012  5.9931011918  0.0573745454 -0.1572490947  1.0000000000 -0.1259846400  0.0302341832  1.0000000000
 2.5878708053 -7.6191124579  5.5171220490 -0.6112707962 -5.7482240420  5.9176272646  0.1605881374  0.1750617838  1.0000000000 -0.0993504651 -0.0236696680  1.0000000000
 1.5438137992 -5.2502648345  6.7308796174  2.7973373152 -8.2595247615  4.8586997572 -0.3055464167  0.0193031049  1.0000000000  0.2518675230  0.1149801260  1.0000000000
 2.6236138449 -8.1205041116  6.5687183653  1.4819609968 -5.8421696833  4.7790635577  0.0759310788  0.3247052938  1.0000000000 -0.0116440533 -0.0685862850  1.0000000000
-0.9004616249 -5.6274064131  4.1036512468 -0.4959318426 -7.9354879541  6.2187879716 -0.0322184549 -0.2269908105  1.0000000000  0.0258718792  0.1707926348  1.0000000000
-0.3983688606 -8.8763779731  6.1616202606  0.9785004387 -5.5230068183  5.0740526634  0.0902237558  0.2083961012  1.0000000000 -0.0996750220 -0.1144952504  1.0000000000
 0.3701735996 -8.2051502567  3.8356330537  1.3534793451 -5.9882456449  4.7081218695  0.2362502136 -0.0178914576  1.0000000000 -0.0055064741 -0.1544876217  1.0000000000
 0.6146676006 -5.4680064649  6.6973824606  0.9409778792 -7.8451196062  5.4632631637 -0.2344646329  0.0381738656  1.0000000000  0.0964570798  0.1168952885  1.0000000000
 1.3167356419 -8.0856582068  5.9423691727  2.7510775321 -7.2512501530  3.2336932585  0.1517961251  0.1655706720  1.0000000000  0.3054011057 -0.1627593452  1.0000000000
 0.7109159347 -4.3410900632  5.2215961438 -0.5020298407 -7.0084907831  2.9116816892 -0.2416027518 -0.1794590010  1.0000000000  0.1630982526 -0.1866603677  1.0000000000
 1.4847745252 -8.8238095064  5.9581702664  2.0003075450 -5.1401984551  5.9615504279  0.1982871135  0.2413475626  1.0000000000 -0.1917572610 -0.0695674898  1.0000000000
 0.9868547545 -5.9221512910  4.0310404597  1.2724063758 -7.7251322505  4.6342465373  0.0171880962 -0.1874004036  1.0000000000  0.1693878227  0.0028404101  1.0000000000
-0.7756725181 -5.5902370367  4.1225664950 -0.8589307356 -5.9284790108  6.6119606605 -0.0120504767 -0.1849558089  1.0000000000 -0.1734489517  0.0885612141  1.0000000000
 0.6134214240 -7.1754925048  2.9233351647  1.5560997708 -4.6330162306  5.1503889298  0.1634140895 -0.1794101867  1.0000000000 -0.1874771247 -0.1862277565  1.0000000000
 1.9392677970 -6.1882524429  6.4443659838  1.8558438843 -6.0576693214  6.0029486793 -0.1369921969  0.0800883251  1.0000000000 -0.1056271031  0.0133946846  1.0000000000
 2.2537132007 -4.5196564447  4.3401133007 -0.7845732659 -6.7461975188  3.9464318332 -0.1871792103 -0.3373175150  1.0000000000  0.0694035830 -0.1421592558  1.0000000000
 2.9480871229 -7.8247075039  5.2552332164  0.5419130890 -5.2984233413  4.6460131357  0.2214516633  0.1046720458  1.0000000000 -0.0570918894 -0.1833644427  1.0000000000
 1.3563167705 -5.1959545527  4.2008259027  0.3338669759 -9.5595831181  5.7183963515 -0.0083648402 -0.2538137040  1.0000000000  0.1984279834  0.2241868148  1.0000000000
-0.5161795866 -5.7741910092  6.6562115998 -0.0492583437 -6.9790828479  7.2075242317 -0.1485143426  0.0426321001  1.0000000000 -0.0938103136  0.1591246649  1.0000000000
-0.3820000691 -7.3973624524  3.1896330826  2.4986648290 -6.2162752081  5.1302203067  0.1927468654 -0.1250671630  1.0000000000 -0.0133557029 -0.0951523189  1.0000000000
 1.4305155197 -6.6570893593  5.4996262233  0.6064843065 -7.2990542219  4.8410782972 -0.0302020509 -0.0153574293  1.0000000000  0.0690653212  0.0238991736  1.0000000000
 1.8872054052 -6.2331755128  5.7777466915  2.7507748120 -5.5914930796  4.0455993824 -0.0437232373  0.0442954997  1.0000000000  0.0422924374 -0.2174337890  1.0000000000
 1.7236382672 -6.7953790194  5.0693860263  0.2375531504 -6.3746018386  4.2793137186  0.0676720903  0.0483338793  1.0000000000  0.0294741035 -0.1321019473  1.0000000000
 0.1156311192 -4.7422800386  4.6877631153  0.0397162694 -6.2616921941  7.3635691534 -0.2002854850 -0.2198772440  1.0000000000 -0.2051509343  0.1729268828  1.0000000000
-0.8377056398 -6.5650225900  6.5786603646 -0.2170707291 -8.1073156480  5.9658500365 -0.0972541134  0.0652812101  1.0000000000  0.0745024886  0.1440428977  1.0000000000
 1.5752107740 -4.9191055892  5.1238377071  0.1291825722 -8.1621745290  5.9407385054 -0.1307826371 -0.1461498882  1.0000000000  0.0645792980  0.1659060875  1.0000000000
 1.0727531538 -4.7829060310  4.6714795782 -0.2447674962 -5.3921547676  4.5031770860 -0.1270445711 -0.2162814047  1.0000000000 -0.0585410634 -0.1863363856  1.0000000000
 2.0403281603 -7.4179243322  4.4516847728 -0.6047196585 -4.5012887631  5.2093458849  0.1398655590 -0.0079400919  1.0000000000 -0.2214655202 -0.1721711467  1.0000000000
 1.3811693534 -6.0463372390  7.1885169476  1.0464714148 -8.1238931794  4.2921478537 -0.2155829001  0.1725536565  1.0000000000  0.2206133623  0.0137593621  1.0000000000
 0.6372780147 -7.0904777969  4.8099070539 -0.3498925413 -6.2564578173  4.7224642692  0.0692698730 -0.0460399045  1.0000000000 -0.0163375701 -0.0441250492  1.0000000000
 1.2722655229 -7.4427261459  5.2178544815  0.4497062516 -6.4150009156  4.8419365617  0.0462043313  0.0414401356  1.0000000000  0.0081508592 -0.0672567126  1.0000000000
