185.2000000000
0
50
 0.3386643395 -8.1118061897 -0.9556080803  1.0849072432 -6.5065186495 -2.0359799011 -0.0922866380 -0.0924184632  1.0000000000  0.0757516803 -0.0640008517  1.0000000000
 2.4570388008 -5.7122662950 -2.1380336874  2.0141034113 -5.9562503577 -1.0433721098 0.1749023255 0.1641519268 1.0000000000 0.0383390068 0.1034016155 1.0000000000
 3.7993371936 -8.0190171452 -2.9650423958 -0.2240417114 -7.4510158030 -0.8691870500  0.1934672511  0.1924802567  1.0000000000 -0.1203294830 -0.1443780807  1.0000000000
 3.0793971304 -7.1550205979 -1.9542497800  0.6097738663 -5.7861065825  0.1134103028  0.1652280832  0.1823885630  1.0000000000 -0.1885184819 -0.0423132748  1.0000000000
 0.8829989664 -8.5486659362 -1.0265499719  2.6846684257 -6.8501415565 -2.8171190248 -0.0806523111 -0.0509488507  1.0000000000  0.2212350301  0.0988704502  1.0000000000
 0.8213338286 -7.6353419976 -0.3457419082  2.9691297409 -7.8139934618 -1.6592091787 -0.1397337706 -0.0172904749  1.0000000000  0.0328357830  0.1509667388  1.0000000000
-0.1735028522 -7.0254257299 -1.0573691192  0.4509671026 -6.5627453191  0.5160479777 -0.0895368416 -0.1461608235  1.0000000000 -0.2324603168 -0.0599935305  1.0000000000
 1.4951773604 -7.2729244086 -3.6660433987  2.6306653381 -7.7434589537  0.1364691525  0.2332691606 -0.0489745872  1.0000000000 -0.1656593837  0.1897127563  1.0000000000
 1.3450854219 -8.8695965605 -0.0333045036  1.8579164077 -7.0697378886 -1.2480804885 -0.1663527193  0.0359101109  1.0000000000  0.0072563737  0.0346462155  1.0000000000
 1.6519468792 -7.3161139932 -3.0347957574  0.1415504398 -8.6766963292 -2.7115859053  0.1620961315 -0.0254144976  1.0000000000 -0.0058345756 -0.2002388798  1.0000000000
 1.7148409825 -8.7596257832  0.1090153733  1.7501721043 -8.3095817350 -3.4445632225 -0.1978042290  0.0578497843  1.0000000000  0.1640662107 -0.0365744860  1.0000000000
 2.3491815935 -7.5481169926  0.6116011423 -0.0279438967 -8.4369559148 -2.0996056186 -0.2226669313  0.1713153017  1.0000000000 -0.0031334743 -0.2038099749  1.0000000000
 3.1649347940 -7.7422736334 -2.7506378870  1.6236444120 -7.9302964493 -2.7312014996  0.1567985005  0.1515368410  1.0000000000  0.1057248749 -0.0272843469  1.0000000000
 0.7385472648 -9.0403522587 -1.3738740941  3.3621258271 -8.0776319012 -3.1563213981 -0.0911024654 -0.0527874345  1.0000000000  0.1492087633  0.1679465640  1.0000000000
 1.4159188848 -6.8169183286 -0.8552016002  1.1877665135 -6.1156287090 -1.0570611137 -0.0207884355  0.0258185539  1.0000000000 -0.0352958836  0.0099994387  1.0000000000
 0.6043576939 -8.7828139379 -0.5980611978  0.9149500032 -8.2532015170 -2.2316524407 -0.1289571498 -0.0702696401  1.0000000000  0.0462552294 -0.0909734410  1.0000000000
 2.7585371552 -7.7116078419 -1.0044326901  2.2413721999 -7.7220113704 -1.5411323720 -0.0244486207  0.1475388919  1.0000000000  0.0425727743  0.1031961644  1.0000000000
 1.1643621677 -5.8746205107 -0.4453453841  1.4779223859 -8.4644029821 -3.2572013787 -0.0798260566  0.0249270909  1.0000000000  0.1500381917 -0.0076669902  1.0000000000
 0.5370316843 -8.2877443585 -0.4412662435  1.3543102454 -8.2422217322 -3.9029107702 -0.2032428495 -0.0903202798  1.0000000000  0.2061766010 -0.0742093495  1.0000000000
 2.5441906387 -8.2812938167 -1.7129126905 -1.1283967747 -6.7609990088  0.0658774472  0.0353960275  0.1274799586  1.0000000000 -0.2548072426 -0.3052223009  1.0000000000
 2.7028202861 -7.7472166986 -0.8086790881  2.4570982389 -7.7918170137 -2.2542005055 -0.0401446300  0.1502773213  1.0000000000  0.0807671141  0.0378473633  1.0000000000
 0.8903704482 -6.3427514649 -1.4901177738 -0.1762792355 -8.3479921113 -1.0988647505  0.0814320475 -0.0767064241  1.0000000000 -0.1276596926 -0.1765041278  1.0000000000
 0.6187095309 -5.6932055782 -2.3622359634  0.2483748507 -7.7273579716 -0.4573114385  0.1796252430 -0.1537343920  1.0000000000 -0.1271815655 -0.1339682865  1.0000000000
 3.1450477606 -6.2501325128 -0.7334814062  3.4119554685 -6.2495349639 -2.0227302267 0.0097725493 0.2416535289 1.0000000000 0.1733512187 0.2610212663 1.0000000000
 2.6938180020 -6.4292612628 -1.1333601800  0.1353050642 -8.6037333201 -2.5368412423  0.0019554454  0.2037833942  1.0000000000  0.0241654854 -0.1685082583  1.0000000000
 2.6934325547 -8.5991543585 -1.2665230398  1.2303918192 -6.6026239134  0.3883035872 -0.0481480412  0.1055188800  1.0000000000 -0.2695943660  0.1024439187  1.0000000000
 3.3344502384 -8.4928657953 -1.4919668096  2.1378652629 -6.6034782246 -1.6791738366 -0.0145264305  0.2034726280  1.0000000000  0.0656369697  0.1217660812  1.0000000000
 3.4507882755 -6.9405591968 -2.7479653330  0.9885127715 -7.0762032713 -0.2828160954  0.2267428690  0.1959558422  1.0000000000 -0.1478698420 -0.0203632769  1.0000000000
 2.4454955949 -7.4655092755 -0.0395736865  0.0017151738 -5.7119533530  0.0860340126 -0.1452674744  0.1537366459  1.0000000000 -0.2149943486 -0.1272969373  1.0000000000
 1.9663201551 -8.7290065259  0.1506602592  1.4293777368 -6.8523713105  0.2276458275 -0.1878698204  0.1213346100  1.0000000000 -0.1954183743  0.0861153651  1.0000000000
 2.2315964463 -7.8978653981 -3.4035481707  2.5563545217 -5.9936725019 -0.9363617735 0.1802860123 0.0847963658 1.0000000000 0.0439926108 0.1240717822 1.0000000000
 2.3607525576 -6.4022476709 -0.8655515545  0.3466227545 -8.8225610423 -0.8057945067 -0.0009579298  0.1327568013  1.0000000000 -0.1564846655 -0.1209521885  1.0000000000
 2.6183666679 -7.2128380912  0.6419738810  0.8044074415 -6.4304583961 -1.6427240606 -0.1668552408  0.2080504230  1.0000000000  0.0399406359 -0.0427841191  1.0000000000
 2.9654157757 -7.1336715353 -0.6892495913  3.5203547506 -7.4175943308 -1.9751695281 -0.0516610940  0.2198585267  1.0000000000  0.0682679847  0.1953496859  1.0000000000
 2.7192657733 -8.4251036025 -1.2755995552 -0.0592930054 -9.1581584255 -0.6017135460 -0.0260019399  0.1212833479  1.0000000000 -0.2208690853 -0.1418305414  1.0000000000
-0.5312612375 -5.1249175290 -1.7738670820  1.0334698766 -8.6595849284 -1.9382057875  0.0604659646 -0.3051610953  1.0000000000  0.0250479408  0.0022031480  1.0000000000
 1.9513001600 -6.9417149120 -0.2319522430  1.9220335010 -8.3676521806 -1.8587245151 -0.1328422055  0.1223760825  1.0000000000  0.0407394050  0.0590285957  1.0000000000
-0.7605163349 -5.3640615777 -1.2007830688  1.0188107767 -4.9709334178 -2.2338191264 -0.0415060855 -0.2965438965  1.0000000000  0.2252724096 -0.0928978412  1.0000000000
 3.4516847307 -6.9029879692 -2.0253884324  2.0156569161 -4.7067845886 -1.5188430549 0.1072974599 0.1899257585 1.0000000000 0.1708746890 0.0959537141 1.0000000000
 1.8845523540 -7.5987442667 -1.7123741185  1.2698459354 -5.1735082005 -1.7607769162  0.0347095486  0.0029689369  1.0000000000  0.1515691078 -0.0272835200  1.0000000000
 1.4103569707 -5.2240530816 -2.0379405499  0.9428130606 -8.3368955632 -0.4206323643  0.1613254123  0.0154188537  1.0000000000 -0.1610238098 -0.0140040082  1.0000000000
 2.8992717240 -5.1708838245 -2.0064081601  2.2485353714 -6.6483296078 -0.8482938847  0.1813502822  0.2373151551  1.0000000000 -0.0159649206  0.1894871048  1.0000000000
 2.6974178107 -8.4732751035 -1.5617189180  2.9816470577 -5.7959991464 -2.3664798633 0.0149699909 0.1111399104 1.0000000000 0.2126903425 0.2270691298 1.0000000000
 1.3497415514 -5.2353526223 -2.4324631937  1.5834282848 -8.4017484744 -2.1858942957  0.2457755084 -0.0283643741  1.0000000000  0.0370531561 -0.0190675737  1.0000000000
-0.1395653695 -7.9501626508 -0.7005873063  0.3743846007 -5.4878083037 -1.9005505464 -0.1668938523 -0.1307649220  1.0000000000  0.1022113069 -0.1520624570  1.0000000000
 0.9235891391 -8.6764014013 -0.7571916870  0.1483740446 -7.3124902370 -2.3835108876 -0.1404768731 -0.0158051026  1.0000000000  0.0697089199 -0.1806748848  1.0000000000
 0.8175356217 -7.8456877230 -1.8649009058  2.1261939361 -7.3989067831 -0.3651744801  0.0169327784 -0.0562684702  1.0000000000 -0.1649599035  0.1064821163  1.0000000000
 1.9136945639 -9.2930163753 -0.1268003360 -0.1345111651 -6.4171801457 -3.3556696161 -0.1892178384  0.0880182914  1.0000000000  0.2148540774 -0.2620111639  1.0000000000
-0.0491379143 -6.5710896966 -1.1054979739 -0.0917660502 -5.4290919816 -2.7898524520 -0.0324987975 -0.1406991477  1.0000000000  0.1926062065 -0.2072780901  1.0000000000
 1.9209731870 -8.3537761218  0.2934963494  2.8229941200 -8.5332784835 -0.7169555430 -0.2309977832  0.0818224848  1.0000000000 -0.0780384888  0.1742237226  1.0000000000
