30.8000000000
0
50
 5.5252584570 -5.4118059291  3.4329637721  3.6237064266 -6.8716131853  5.3518947730 0.2819673063 0.1802427192 1.0000000000 0.0834100010 0.1152130616 1.0000000000
 3.9398030953 -7.8058255379  5.6553459543  3.7414694437 -8.3968346697  4.7291374161  0.1996488611  0.1076515162  1.0000000000  0.1960968662 -0.0301562441  1.0000000000
 1.9599705437 -5.9922762731  3.6901783549  3.5681725062 -7.1568018953  4.7340083706 -0.1327567333 -0.0752979350  1.0000000000  0.1231816705  0.0525352942  1.0000000000
 3.4416472425 -7.2334410752  4.5421363504  4.1301396824 -3.9301274657  4.4317755878  0.1279150783 -0.0009470161  1.0000000000 -0.0818681521  0.2963038420  1.0000000000
 2.2688795398 -7.1354688351  3.7897304215  4.8581310937 -5.4892692057  3.7336425164  0.0258806523 -0.1144728847  1.0000000000  0.1484627329  0.1298240774  1.0000000000
 3.7853718155 -5.2967675993  4.3531373624  2.6247995846 -4.6615262237  3.4023760605  0.0197031305  0.1243321420  1.0000000000 -0.1889751732 -0.0093780390  1.0000000000
 3.5773711415 -8.3075240256  4.3386653532  1.9146873134 -6.7305618837  3.9368042070  0.1690543257 -0.0641695652  1.0000000000 -0.0556297368 -0.1060877535  1.0000000000
 3.8979380802 -6.4251095665  5.1312587161  1.5278183682 -6.5282012631  5.1425996310  0.1064443438  0.1221565757  1.0000000000 -0.0823731144 -0.0116903836  1.0000000000
 2.9294875930 -7.5275606266  3.1643801948  3.2648147079 -6.4298573603  2.6565089557  0.1371114378 -0.1952810050  1.0000000000  0.0606101820 -0.1704958029  1.0000000000
 4.7598171572 -6.7065533434  5.4014588011  2.9670870391 -6.0998047647  1.6710427797  0.1722550992  0.1953900710  1.0000000000  0.0441635077 -0.2939989574  1.0000000000
 1.4939182060 -6.8029525336  4.6472141332  4.0821461551 -6.2629323676  3.5655762336 -0.0997926797 -0.0702676006  1.0000000000  0.1569992793  0.0288458572  1.0000000000
 1.4762199100 -5.4864157101  3.9087020684  3.7245872383 -4.7321309773  5.5516814866 -0.1846110279 -0.0918730524  1.0000000000 -0.0638861004  0.2667407553  1.0000000000
 1.6081608106 -5.7260387712  5.4091534019  3.3119838098 -6.1367121761  3.8219137452 -0.1454043723  0.0023703841  1.0000000000  0.0444761082 -0.0061139492  1.0000000000
 2.5822061720 -7.7517151131  2.9605521451  4.2493991957 -7.0151653725  2.9424418816  0.1339557554 -0.2315011367  1.0000000000  0.2208725161 -0.0852177199  1.0000000000
 4.0853936822 -7.3336733561  6.4234229020  2.6107303365 -8.4711073050  3.2824423796  0.1290153044  0.1516450321  1.0000000000  0.1090030891 -0.2098653650  1.0000000000
 2.9362414649 -4.1892329092  5.1046713771  2.6751481164 -7.2701770622  3.3667488832 -0.1750811463  0.2267758882  1.0000000000  0.0322071671 -0.1758657041  1.0000000000
 5.1277515067 -6.4656030547  3.9805843542  3.8013821369 -7.6473741775  2.3995422848  0.2274109561  0.1095123226  1.0000000000  0.2757029620 -0.1958310382  1.0000000000
 3.5501012333 -6.2215215322  5.8179704710  3.6670359156 -8.5912075333  3.9562163269  0.0318831716  0.1399479926  1.0000000000  0.2372318087 -0.1215663974  1.0000000000
 2.6985330309 -3.9397673629  5.2552677928  2.8553933910 -5.0406745636  2.1926259725 -0.2511880839  0.2175261870  1.0000000000 -0.0849248173 -0.1608059996  1.0000000000
 1.0679457531 -7.3013562871  4.2996675802  3.0817525593 -5.4497904833  6.0809793894 -0.0958300286 -0.1563311143  1.0000000000 -0.0209855814  0.2210770294  1.0000000000
 1.6912605815 -5.6790988670  3.5943027524  3.2304304110 -5.4243917991  5.5631810952 -0.1887139104 -0.1283308672  1.0000000000 -0.0736571527  0.1321104819  1.0000000000
 1.5228007658 -4.7754185001  2.6619287382  2.6943315637 -4.1780457511  3.5996170995 -0.2847977508 -0.1978519850  1.0000000000 -0.2222857341  0.0427598350  1.0000000000
 4.9084285020 -6.5985846949  2.0027584692  1.4444512171 -6.4941035660  3.1583625710  0.3295107722 -0.1393354014  1.0000000000 -0.0760033228 -0.2092421158  1.0000000000
 1.8101066870 -5.6057906441  4.2081964855  2.4679509731 -6.1596336821  4.1919678013 -0.1485055098 -0.0421043806  1.0000000000 -0.0625459242 -0.0704924637  1.0000000000
 2.1986377768 -7.6001118546  4.6801672878  2.5574761786 -6.0565761189  1.8974205614  0.0215829400 -0.0957133973  1.0000000000 -0.0541122346 -0.2708151395  1.0000000000
 3.8149480070 -6.7266088239  3.8986826218  2.2776928597 -7.5197654324  3.1156799935  0.1103078174 -0.0324858344  1.0000000000  0.0772226716 -0.1870549281  1.0000000000
 2.5936751375 -8.5211263797  4.4457405536  3.0346066746 -4.6399049942  2.6207331851  0.1165454301 -0.1048607793  1.0000000000 -0.0904594951 -0.0882913270  1.0000000000
 3.7301371583 -5.5649520342  2.8780581495  5.0666898479 -4.7612985737  4.4886900892  0.0792925857 -0.0872714183  1.0000000000  0.0615875909  0.3214415903  1.0000000000
 1.9065464912 -4.7478892261  4.1112157181  2.0961519540 -6.9521039939  2.8909739379 -0.2458913726 -0.0168486661  1.0000000000 -0.0009153419 -0.2278103399  1.0000000000
 4.3163062369 -7.2285931778  6.3439274684  3.4995833537 -7.3852436899  2.6007027503  0.1225930323  0.1836204824  1.0000000000  0.1904298807 -0.1577709374  1.0000000000
 2.0896524976 -6.4941834634  5.4997675422  1.9871234376 -6.5177167944  3.6498819954 -0.0623553600  0.0602098185  1.0000000000 -0.0748054716 -0.1577111176  1.0000000000
 3.3657538145 -6.0568372424  2.3704312331  3.2551518744 -8.9133897469  4.0434072885  0.0312416015 -0.2007972284  1.0000000000  0.2308971968 -0.1318461779  1.0000000000
 2.7989652119 -5.3445944630  3.0249779942  1.9523575134 -6.5286927021  4.8188325974 -0.1203227557 -0.0783186051  1.0000000000 -0.0757109089 -0.0420569234  1.0000000000
 4.7918388725 -6.1580695430  4.7169283757  3.9350285271 -7.1925395447  3.3372863777  0.1642225675  0.1878602503  1.0000000000  0.2265893273 -0.0284605720  1.0000000000
 2.8031381132 -8.4949253454  4.2042842210  4.3095845582 -7.5969071018  4.8585261255  0.1265314960 -0.1464914228  1.0000000000  0.1804558763  0.0676094505  1.0000000000
 3.0864183548 -6.3305077379  4.2176644517  2.4751565233 -8.3721110750  3.5482145710  0.0276731830  0.0009021831  1.0000000000  0.0813124789 -0.1936191125  1.0000000000
 4.4844919257 -6.8851012155  2.2751788204  0.9078703357 -6.6189532981  3.9879739063  0.2838668030 -0.1474805926  1.0000000000 -0.1295527213 -0.1928682782  1.0000000000
 2.4195119336 -6.9647000856  4.2853843785  4.3937049666 -6.7280218336  1.6663806951  0.0631415655 -0.0694585235  1.0000000000  0.2931667062 -0.2274830478  1.0000000000
 4.1422984454 -6.3716533610  3.7680419544  3.3380997032 -3.4155145000  5.0008468617  0.1561752760  0.0080473271  1.0000000000 -0.2350320138  0.3068492611  1.0000000000
 2.4853338877 -6.3381439553  6.7164017054  4.1921129575 -7.8408311319  4.9306147243 -0.1246456659  0.1758306763  1.0000000000  0.2171223806  0.0719268105  1.0000000000
 1.8333316364 -7.1412571442  3.6018531800  4.4881766268 -4.6416957040  4.8135864540  0.0023287717 -0.1813180103  1.0000000000  0.0256107094  0.2482366329  1.0000000000
 2.3706564650 -8.5657647539  4.0055933698  4.4322320593 -7.4843522777  6.0753187054  0.1017195042 -0.1591051157  1.0000000000  0.1708372002  0.1382316416  1.0000000000
 3.2750374930 -4.1034010252  3.4415141883  2.9998134299 -5.5769721825  4.7452655916 -0.1544209589  0.0891214455  1.0000000000 -0.0515402444  0.0841914723  1.0000000000
 3.4859711132 -7.7729672543  2.2597753962  4.1386665570 -6.7700919657  2.0488955599  0.1804007963 -0.2843928051  1.0000000000  0.2364576771 -0.1866297993  1.0000000000
 3.6543289035 -6.7102090079  2.2580428140  3.4963151137 -5.1987186156  5.6190461551  0.1421989339 -0.1855017235  1.0000000000 -0.0315196985  0.1751941188  1.0000000000
 3.4129269282 -5.8566137369  4.4223164164  2.9924263676 -6.5088943344  6.1202573797  0.0320375753  0.0948714430  1.0000000000 -0.0421347854  0.1408370954  1.0000000000
 4.0846375124 -5.5874063880  4.5650332583  3.9399414462 -4.8014237117  3.5671373884 0.0999945316 0.1103296809 1.0000000000 0.0081861597 0.0897018437 1.0000000000
 1.3293290357 -6.0789578662  6.0839588751  3.6128865887 -6.5322493137  2.1957930459 -0.1595007121  0.0888854982  1.0000000000  0.1663479893 -0.2605299320  1.0000000000
 3.9119489637 -6.8051051987  4.3471539092  4.8982851479 -6.6535295626  4.4185976385 0.1557074958 0.0168461760 1.0000000000 0.2468341089 0.0817823757 1.0000000000
 2.9555539420 -3.7933521930  5.2822770226  5.2527998196 -6.2541055197  2.6290695979 -0.2638915133  0.2678309101  1.0000000000  0.2816537997 -0.0235864464  1.0000000000
