90.4000000000
0
50
 -0.9247607022 -12.2250993765   7.7089462267  -1.8297029072 -13.5039777865   8.6258520600  0.1509965179 -0.1156211312  1.0000000000  0.0374667934  0.0192921019  1.0000000000
 -2.5326728761 -12.9298352246   9.3154098151  -3.6408125575 -12.8308729820   8.0435389019  0.0395423656  0.1343070407  1.0000000000 -0.0562892098  0.1327375760  1.0000000000
 -1.1529310593 -12.4637766995   7.9164480768  -2.5388200027 -13.0143110899  10.1711712595  0.1475151655 -0.0647638935  1.0000000000  0.0490467763  0.2231620976  1.0000000000
 -0.0926862577 -12.8124003373   8.0871907216  -1.2099478221 -12.8497945775   9.2167281446  0.1615510454 -0.0893427689  1.0000000000  0.1631892070  0.0751443279  1.0000000000
 -3.2636614940 -13.5100534477   5.4434119084  -3.3304913139 -13.3136918206   5.7859690772 -0.2467952245 -0.2302286087  1.0000000000 -0.1864062069 -0.1484863930  1.0000000000
 -3.0142041813 -13.0091484635   8.7729740593  -3.7293054545 -14.2036153755   7.1537611448  0.0508741844  0.1175974671  1.0000000000 -0.2202767979 -0.0005185050  1.0000000000
  0.1589968347 -13.1020038546   8.1177498833  -2.0722422556 -12.7181916524   7.8543470528  0.1450306054 -0.1680819013  1.0000000000  0.0944598265  0.0126366074  1.0000000000
  0.5870856439 -12.7339729474   7.7582009695  -1.8207531784 -11.7192293519   9.7065698628  0.2088294937 -0.1684720310  1.0000000000  0.2340165223  0.1584236587  1.0000000000
 -3.9612151869 -13.3999872768   7.4525070190  -2.4423777795 -11.3026639914   7.2193056776 -0.2397588249  0.0809208649  1.0000000000  0.1968473730 -0.0283594727  1.0000000000
 -0.5221860736 -12.6259321159   9.4164927796  -4.4758249656 -12.8638593111   6.9272504019  0.1901906664  0.0248639832  1.0000000000 -0.1642332785  0.0796383302  1.0000000000
 -1.1675323875 -11.1187824212   6.6243752675  -2.0317339667 -13.4749891630   8.3341137570  0.2459308805 -0.2068133238  1.0000000000 -0.0077582505  0.0100787740  1.0000000000
 -1.3076377705 -13.0517208966   8.2485428634  -3.9649219107 -14.0183809750   8.8722111007  0.0751717446 -0.0147724755  1.0000000000 -0.1485483690  0.2032863930  1.0000000000
 -4.3840288970 -12.9759847503   7.5497520986  -3.9303199770 -13.6220276439   6.1401601471 -0.1378990337  0.1841655881  1.0000000000 -0.2641169273 -0.0898998306  1.0000000000
 -3.1876792130 -11.2751940127   7.5045295014  -4.2854211717 -13.2713588527   7.7399409345  0.1530530212  0.0519848080  1.0000000000 -0.1497542275  0.1727722855  1.0000000000
 -3.3158764650 -11.0712800607   7.5400708889  -2.0261377014 -14.3742684042   9.3776492496  0.1477017380  0.1376211951  1.0000000000 -0.0311144082  0.0651658059  1.0000000000
 -4.0098767734 -11.7402366874   8.2972515325  -4.3458996528 -13.3336051837   6.6739641974  0.0448746641  0.2400953151  1.0000000000 -0.2268988028  0.0209800468  1.0000000000
 -1.5447151408 -13.3545279092   7.2617804284  -3.8305576254 -12.4849363021   8.1172040632  0.0179621219 -0.1176587352  1.0000000000 -0.0635387611  0.1631690641  1.0000000000
 -4.4003514629 -13.5013068881   8.6394020880  -0.9312134518 -13.3823818310   6.7025537757 -0.1566281242  0.2355425801  1.0000000000  0.0522773590 -0.2303005996  1.0000000000
 -1.7674356000 -14.5988102627   6.6117515226  -1.2838784170 -11.3332202225   7.4530747253 -0.1162131708 -0.1735852058  1.0000000000  0.2686879409 -0.0796462441  1.0000000000
 -1.6559887861 -12.7628783415   7.5410849606  -2.8282340907 -13.0940142967   6.4473352570  0.0640257416 -0.0615731325  1.0000000000 -0.0795591460 -0.1166033452  1.0000000000
 -2.4844807315 -14.2378205048   7.5719276606  -2.4478397799 -11.3401175917   7.3819927692 -0.1465769278 -0.0323421249  1.0000000000  0.1876551869  0.0016155187  1.0000000000
 -2.8863831113 -14.1655485276   5.4338572958  -0.4785399350 -12.6935041589   8.1438221714 -0.2420197432 -0.2245745462  1.0000000000  0.1907429276 -0.0798384393  1.0000000000
 -2.8314938683 -11.2130615903   7.9369185505  -1.3129027091 -11.7297458369   7.0562279271  0.1974746842  0.0735804746  1.0000000000  0.1865371063 -0.2001061468  1.0000000000
 -1.3069801516 -12.2743865314  10.3833987791  -3.0285964754 -12.8764838204   5.7654322930  0.1697921695  0.1636719757  1.0000000000 -0.1278820169 -0.1670272302  1.0000000000
 -3.5440351903 -11.3216548844   7.5990041460  -1.9850594485 -11.7143243033  10.0467709213 0.0679000303 0.1351453764 1.0000000000 0.2439211252 0.1816443742 1.0000000000
 -1.5936914475 -14.5780546149   8.9525567411  -2.6169011073 -11.0537529940   8.1981304428 -0.0553148177  0.0404411439  1.0000000000  0.2214495282  0.1182725427  1.0000000000
 -1.2404676699 -12.5557295008  10.7837460145  -4.3923895839 -12.6605283554   7.0837960560  0.2079922345  0.2086762471  1.0000000000 -0.1412408838  0.1147847832  1.0000000000
 -1.3374985629 -12.4511422067  10.1940889178  -1.8808543715 -14.7701994277   6.8422336938  0.1875983185  0.0991767465  1.0000000000 -0.1416538285 -0.1260058668  1.0000000000
 -2.2207607302 -14.8737012560   5.9940909045  -2.0263729350 -14.0748382360   6.3343384349 -0.2468012957 -0.2106547587  1.0000000000 -0.1312969490 -0.1933405676  1.0000000000
  0.1774232517 -12.5382279887   7.8242230839  -2.3320889972 -11.4655400876   9.0084844288  0.2114753568 -0.1600673270  1.0000000000  0.1825100229  0.1703496878  1.0000000000
 -3.4218803340 -12.7983531816   8.3568251361  -3.7399237621 -14.4961112497   9.5170550475 -0.0217403156  0.1430685610  1.0000000000 -0.1557577880  0.2431223779  1.0000000000
 -4.1563046748 -14.4073849400   9.1208695583  -2.8538344463 -12.1059094583   9.7806074071 -0.2262636715  0.2343632112  1.0000000000  0.1364371933  0.2488083231  1.0000000000
 -2.3865582749 -13.2593553975   9.7524635640  -1.4370018709 -12.7392573488   8.6747287935  0.0441218998  0.1649955260  1.0000000000  0.1348838446 -0.0077231886  1.0000000000
  0.1835135918 -13.2919421971   7.5593577028  -0.6138965160 -12.6830827232   9.2343379034  0.1318461569 -0.2351011628  1.0000000000  0.1403924336 -0.0212606981  1.0000000000
 -3.7226876867 -13.7243916121   5.8989079191  -3.0668324529 -10.8127208020   7.9198530844 -0.2699433233 -0.1476757581  1.0000000000  0.2048605634  0.1579930706  1.0000000000
 -0.0414323245 -14.0436081198   7.7130896381  -3.1784795090 -12.2463607453   8.7100419296  0.0833944824 -0.1642700504  1.0000000000  0.0316866593  0.2198174596  1.0000000000
 -2.0405842852 -12.9037823508   7.7414955477  -3.2342104303 -12.6742325104   9.5867963227  0.0559796343 -0.0453181713  1.0000000000  0.0422175760  0.2635424622  1.0000000000
 -3.6054634672 -12.5849700813   8.1770877058  -0.3392123489 -12.4465572530   9.0634212140 -0.0152628014  0.1405594753  1.0000000000  0.1907891657 -0.0178672808  1.0000000000
 -2.6819327893 -14.8855738354   7.0019613272  -1.6960465493 -12.7801896036   6.6797276402 -0.2315360847 -0.1232062712  1.0000000000  0.0430818597 -0.1496844490  1.0000000000
 -1.5322693211 -11.5155711958   7.1303957978  -2.2161123751 -12.4513700267   7.1331183342  0.2125569075 -0.1057626382  1.0000000000  0.0607694920 -0.0835432941  1.0000000000
 -2.2568208999 -11.8168758631   6.6923973660  -2.1281940694 -13.5540883785   9.0701904684  0.1378436491 -0.1446668904  1.0000000000  0.0029496149  0.1077235572  1.0000000000
 -0.8574082358 -11.5274841992   7.0295321734  -0.9209607767 -12.5057174743  10.0152389563  0.2704449998 -0.1488440813  1.0000000000  0.1795802588  0.0926913629  1.0000000000
 -0.7228848813 -12.6340916716   6.5467585207  -2.9933289737 -14.7578844068   9.6496601636  0.1350646343 -0.2503853655  1.0000000000 -0.1105825228  0.1468624805  1.0000000000
 -1.3827795357 -13.9873324535   8.6429867055  -1.7893683097 -13.2119791786  10.0887347709  0.0198500992 -0.0256110381  1.0000000000  0.0940334108  0.1041083212  1.0000000000
 -0.3650223260 -11.6956797547   7.1497215508  -2.8517008343 -13.1372420423   7.1769183705  0.2914779417 -0.1995629535  1.0000000000 -0.0510518346 -0.0171529275  1.0000000000
 -1.1803142889 -13.4247786080   9.3120205519  -2.0656728918 -13.7827903195   7.5236948162  0.0700582043  0.0451514236  1.0000000000 -0.0438606689 -0.0193080113  1.0000000000
 -3.6437851480 -11.7818579594   7.7207119950  -4.1538001714 -12.5414144710   7.0748375833  0.0465766970  0.1373076301  1.0000000000 -0.1212679716  0.0564960100  1.0000000000
 -0.6890169979 -15.0606280806   7.5879848554  -1.3702650735 -14.8279193342   6.5312942156 -0.0381673348 -0.1752862479  1.0000000000 -0.1096484169 -0.2127282668  1.0000000000
 -1.9879213552 -13.1800461787  10.1936274295  -3.2527704771 -12.5091499690   8.6169313336  0.1255541897  0.2064496660  1.0000000000 -0.0242153596  0.1396371901  1.0000000000
 -2.4168051921 -11.7175207225   6.3861021407  -4.4814525518 -13.2194436327   6.8387010449  0.1067924302 -0.1451121299  1.0000000000 -0.2223644556  0.0920206550  1.0000000000
