442.0000000000
0
50
 -5.4565984087 -15.4701415643   1.0217243894  -6.0765608974 -13.6255594721   0.8713888454 -0.1051281720 -0.0353507554  1.0000000000 -0.1633473883  0.1844391143  1.0000000000
 -1.8559649442 -15.1702731301   2.1874425373  -6.0980586479 -14.3819668832   0.9525627472  0.2664960779 -0.1743982932  1.0000000000 -0.1510513884  0.0755760297  1.0000000000
 -3.5300040506 -15.4240810506   2.6029451318  -3.9904870662 -16.1255526273   2.5903544066  0.1982502596 -0.0054631358  1.0000000000  0.1515736443 -0.0995921496  1.0000000000
 -3.3571612834 -15.7048660298   1.8030514506  -6.0046563688 -15.6263533279   1.1690245073  0.0893495317 -0.1278037047  1.0000000000 -0.0682308579  0.0156540899  1.0000000000
 -2.9477691209 -12.6726545919   2.7687945918  -3.0174393629 -15.3982075601   1.7229130516  0.1767818226  0.2651452715  1.0000000000  0.1050869957 -0.1148653492  1.0000000000
 -2.5507344288 -14.7161188709  -0.9157878976  -3.0506266612 -13.7495074809   3.5156744434 -0.2203803864 -0.2971067004  1.0000000000  0.2715761332  0.1418240822  1.0000000000
 -4.8472997334 -12.8002433709   1.1896121297  -2.9590921314 -13.8344540742   3.2911546921 -0.1497003235  0.2073205642  1.0000000000  0.2613822233  0.1176502980  1.0000000000
 -3.6534770715 -15.1122824225   0.6248040752  -2.1029544431 -15.8864600104   1.0846591972 -0.0619218192 -0.1026885961  1.0000000000  0.0795549762 -0.3262986563  1.0000000000
 -1.8603720278 -14.0778587240   2.5482082900  -4.9057457497 -15.2132452271   1.4090025110  0.2903579624  0.0066905935  1.0000000000 -0.0559602170 -0.0326361148  1.0000000000
 -5.9519488666 -15.4651194617   1.5376815078  -5.3988966922 -13.9887927451   2.8568908290 -0.0424839309  0.0308142561  1.0000000000  0.0589052253  0.1917104170  1.0000000000
 -4.2479803759 -13.3562665530   2.8846482678  -3.8324487500 -15.7922238695   1.1460524798  0.0968652027  0.2349893170  1.0000000000  0.0166341159 -0.1506354698  1.0000000000
 -4.4983487082 -14.5440324321   1.4944481595  -6.1317503857 -13.9738649938   1.2709500409 -0.0015938912  0.0078903478  1.0000000000 -0.1685281615  0.1499202001  1.0000000000
 -4.4849750271 -16.1069146926   1.2461991926  -2.7789712494 -14.0435706300   0.9499699550 -0.0184152950 -0.1122988350  1.0000000000  0.0290098175 -0.0049288534  1.0000000000
 -4.0889522768 -15.8257795352   3.4895912294  -4.2902521110 -16.1783723044   1.0957525067  0.1889068893  0.0201649993  1.0000000000 -0.0003038334 -0.1076093131  1.0000000000
 -1.3667251247 -15.4808386805   2.2802224889  -3.7841349122 -13.6934736161   3.5445625639  0.3303339846 -0.2294046058  1.0000000000  0.2567638222  0.1883931719  1.0000000000
 -1.6848601858 -14.6533959224   1.9599660613  -6.2047706467 -13.6881497734   0.8695888168  0.2283920695 -0.0862167316  1.0000000000 -0.2186166016  0.1489629801  1.0000000000
 -2.8217464559 -14.5761980736   1.6029473030  -4.1157941677 -16.0902860654   1.1506213518  0.0994597672 -0.0384795858  1.0000000000 -0.0102917856 -0.1381767733  1.0000000000
 -5.4775365231 -14.2557627425   3.3214928916  -3.2248378088 -15.5948106278  -0.6515994153  0.1173910032  0.1850901154  1.0000000000 -0.1686866435 -0.2716459652  1.0000000000
 -5.1809042475 -14.4884966787   2.7468619876  -4.2925391656 -15.5966071800   2.8643845249 0.0255133098 0.1065474043 1.0000000000 0.1745719885 0.0166907432 1.0000000000
 -2.4512075337 -14.2242972082   2.9161492419  -3.3384492614 -12.7190354095   3.1798508713 0.2977626825 0.0544414131 1.0000000000 0.2201472863 0.2881465784 1.0000000000
 -2.6605379652 -15.1399514386  -0.8877496042  -6.8009272315 -14.4586784922   0.7227230669 -0.1965227909 -0.2883705879  1.0000000000 -0.2088295435  0.0895058453  1.0000000000
 -3.4541414258 -12.0717541869   1.4857390505  -4.5976874581 -14.7405983867   2.2706857233 -0.0271931574  0.3280341163  1.0000000000  0.0842417340  0.0730615555  1.0000000000
 -2.7800556606 -14.1292838555   1.1400448041  -5.4876861050 -14.7309089110   2.4169124682  0.0050585487 -0.0586120950  1.0000000000  0.0639344036  0.0865739310  1.0000000000
 -5.9626494594 -15.6772039535   1.4385353888  -3.5018443770 -16.1404811593   2.2805388465 -0.0428447980  0.0293226360  1.0000000000  0.1515414656 -0.1099839927  1.0000000000
 -3.9425955210 -14.7578570087   0.8797877395  -4.0791338780 -14.0534847752   1.1115432096 -0.0524582818 -0.0677414578  1.0000000000 -0.0273824487  0.0803620491  1.0000000000
 -3.6476905585 -13.4046088168   1.1707211213  -4.4317985422 -13.6991285180   0.3654323259 -0.0478341500  0.1271278001  1.0000000000 -0.1872207472  0.0789972312  1.0000000000
 -4.5022150121 -13.6805399778   0.2837087393  -4.1453151326 -16.2597995645   2.3432384106 -0.1651790365  0.0839301733  1.0000000000  0.0897088556 -0.1345687097  1.0000000000
 -4.0279918303 -14.5482810784   0.1719586583  -4.1264124828 -16.8335865688   3.0243007208 -0.1756365060 -0.0282542279  1.0000000000  0.1761696905 -0.1162243859  1.0000000000
 -3.5022170251 -15.4615043746   0.7074445275  -5.1315763979 -14.3307398038   2.8236131558 -0.0253343538 -0.1504436126  1.0000000000  0.0897803873  0.1004068152  1.0000000000
 -4.5428849211 -15.3021149332  -0.3828078123  -5.2870867146 -15.3844532549   2.6893901632 -0.1950313916 -0.1162119581  1.0000000000  0.0619229829  0.0488286916  1.0000000000
 -4.1339850442 -13.1183870565   1.2336254170  -3.2053767859 -16.6458897361   2.8037563106 -0.0992042152  0.2096752837  1.0000000000  0.2023789050 -0.1326251667  1.0000000000
 -4.8896752896 -15.5201493963   2.2305360407  -4.4006271593 -16.7920496222   2.9357519982  0.0413833846 -0.0198209659  1.0000000000  0.1391516546 -0.1043364516  1.0000000000
 -5.2358874505 -14.5600960320   1.1166274694  -5.2649928328 -15.5547368788   1.9134954332 -0.1000476586  0.0788572539  1.0000000000  0.0083604767  0.0065183988  1.0000000000
 -5.3471158600 -14.2142934420   3.2211357127  -3.3519950311 -13.6881844929   1.5202582238 0.1074093651 0.2062854378 1.0000000000 0.0175618285 0.0586731900 1.0000000000
 -4.2069143200 -16.8106518825   2.2881020376  -4.8982238013 -16.9435016328   0.7978036737  0.1014220738 -0.1032718633  1.0000000000 -0.0729702500 -0.1766425343  1.0000000000
 -4.5523991913 -15.1726930852   0.1524538915  -6.4647232675 -13.8758123482   2.0771576307 -0.1492702021 -0.1097733893  1.0000000000 -0.0577890421  0.2158236119  1.0000000000
 -5.1792131751 -14.8645698897   3.4428256349  -5.0815892574 -13.6345911463   0.2630593441  0.1332465627  0.1059884343  1.0000000000 -0.1786304675  0.1048803423  1.0000000000
 -3.0625131358 -14.9639806382   1.7313389712  -4.5811455351 -15.5706023702   0.0157944045  0.0982159637 -0.0577690824  1.0000000000 -0.1429396403 -0.1015092458  1.0000000000
 -2.7692364917 -15.1012178485  -1.2145198039  -4.2241802774 -16.4706656945   2.0917862752 -0.2873457321 -0.3319914926  1.0000000000  0.0931290279 -0.1394011941  1.0000000000
 -2.1362454519 -16.0862251387   1.8826241150  -2.7312725120 -12.6709173844   3.2548130995  0.2350586980 -0.2601833470  1.0000000000  0.2746743552  0.2298461480  1.0000000000
 -4.3269476112 -14.3548010002   0.5350048221  -4.7102437581 -15.0565776525   0.4398542408 -0.1592902233  0.0304419150  1.0000000000 -0.1232468716 -0.0742998614  1.0000000000
 -4.1009859533 -16.8422997892   3.2580335699  -4.7347499344 -14.6731974241   2.7156763839  0.2249017924 -0.1190021371  1.0000000000  0.1048654512  0.0633766476  1.0000000000
 -4.8963771285 -16.4484645306  -0.5249161242  -4.4016419806 -13.9580045590   0.8583256487 -0.1623589717 -0.2384022342  1.0000000000 -0.0954502628  0.0570422224  1.0000000000
 -5.0115355605 -14.0042162934   1.2092106051  -4.4665833255 -14.9998763366   1.6771627064 -0.1064067675  0.0963341338  1.0000000000  0.0211730133  0.0044731499  1.0000000000
 -3.8841962516 -13.3917056243   2.0279972456  -3.5952857213 -12.8487430216   1.8021462997 0.0785227816 0.1835611408 1.0000000000 0.0230011014 0.2230421614 1.0000000000
 -3.2242728600 -14.1438933963  -0.9729749386  -4.2426433539 -13.0528178751   1.5676303438 -0.3274337704 -0.1353986455  1.0000000000 -0.0197431220  0.2069882962  1.0000000000
 -4.2921343866 -14.0470371900   2.4617890834  -4.2482558303 -14.7626818665   0.8822394568  0.0952609439  0.1191628694  1.0000000000 -0.0780560102 -0.0053541587  1.0000000000
 -2.7499432733 -14.9430737575   0.2067129002  -2.4696107876 -14.2427623482   3.0792538695 -0.0568574327 -0.1908636378  1.0000000000  0.2759068211  0.0388178901  1.0000000000
 -3.1086116080 -16.0421155096   1.6474284308  -5.9008701898 -14.2342284330   1.1785288335  0.1240115912 -0.1827858389  1.0000000000 -0.1370782717  0.1022715279  1.0000000000
 -1.7436633559 -16.1112603831   2.3220387324  -4.0182290101 -16.6706836580   2.6879370101  0.2794119477 -0.2445397994  1.0000000000  0.1874132958 -0.1221161381  1.0000000000
