318.4000000000
0
50
11.5038206067 -3.6633830411 -0.5110565254 14.0447469939 -3.7873741256  0.0225754093 0.0074653142 0.1765136185 1.0000000000 0.0357586814 0.0181397462 1.0000000000
13.3142335610 -4.3011824910  0.0683467215 12.2310744105 -1.9952691327 -0.2492472918 -0.0267257016  0.0938652080  1.0000000000  0.1996945626  0.2253310883  1.0000000000
10.8805567691 -5.2934195108 -0.2779730750 12.4963935528 -3.3956315501  0.7690771056 -0.2526438275  0.1644283723  1.0000000000  0.0446437337  0.2558872734  1.0000000000
10.1716515101 -4.8416740562 -0.3267238892 14.0974271486 -3.0301219840 -1.0635677836 -0.2677996766  0.2541918081  1.0000000000  0.1435377820 -0.0510800659  1.0000000000
14.5113893655 -4.7576582592 -0.8822625359 11.2385752559 -2.7115612812 -0.9157641974 -0.0292632179 -0.0922329489  1.0000000000  0.1218329148  0.1709231522  1.0000000000
14.2935900382 -4.7359064729 -2.3804031617 10.4809412646 -4.8564742468 -0.3225855652 -0.0095464755 -0.1679371125  1.0000000000 -0.2716422363  0.1903857040  1.0000000000
13.8909025146 -3.0828489811 -0.2674454454 11.2307926462 -2.7708495175 -0.1588263309 0.1398275575 0.0661241560 1.0000000000 0.1060785153 0.2685809593 1.0000000000
11.9316431294 -3.9342431403 -2.9642426460 10.9183331537 -3.5274844374 -0.8705783595  0.0113242428 -0.2096313144  1.0000000000 -0.0113920094  0.2277801804  1.0000000000
12.6170617011 -4.3832262474  0.4424153815 13.8878599144 -3.0890631489 -0.6543181343 -0.0832763240  0.1377717265  1.0000000000  0.1055519053  0.0277882514  1.0000000000
12.5477490139 -5.4919316182 -1.1593992083 14.8832505278 -2.9261616260 -0.2477728761 -0.1736670802 -0.0543398063  1.0000000000  0.1895239910  0.0289749418  1.0000000000
14.2891423849 -2.7258298999 -2.0118105724 12.0430564543 -2.4967610218 -2.5641858303  0.2156303232 -0.1567343540  1.0000000000  0.1905762875 -0.1191835287  1.0000000000
12.2546772328 -4.2231146777 -3.2295140883 14.4885339770 -5.0843494114 -1.1551712691 -0.0346482587 -0.2708223134  1.0000000000 -0.0287459515 -0.1228624227  1.0000000000
13.3658131885 -3.9204309670 -1.6681509821 14.4936675634 -5.1506680914 -0.5035048009  0.0473043478 -0.1545627991  1.0000000000 -0.0706395453 -0.0435443207  1.0000000000
13.0017869843 -5.4467565685 -2.7919392052 13.6817968427 -3.2147588111  0.1840253053 -0.1253039661 -0.2523820951  1.0000000000  0.1140182548  0.0992992949  1.0000000000
13.0433021939 -5.4868827593 -1.8272869090 14.1819024574 -3.6553969873 -1.9546267608 -0.1100007109 -0.1311822788  1.0000000000  0.0914234564 -0.1774026514  1.0000000000
13.0515724787 -2.2485417282 -0.1117000787 11.8367540347 -4.6090892416  0.0517394989  0.1914795216  0.1477052362  1.0000000000 -0.1427229543  0.1403098861  1.0000000000
11.0479608407 -3.9796234431  0.0780203562 12.9696963066 -3.5205327350  0.4184391190 -0.1180316942  0.2350375494  1.0000000000  0.0592178950  0.1485899518  1.0000000000
12.0486103806 -2.0278957049 -2.5532362865 13.1798726712 -4.8925509157 -1.4504473265  0.2788996680 -0.1287052971  1.0000000000 -0.1113279036 -0.0735634332  1.0000000000
13.6586476170 -4.7563247938  0.6140217166 10.9598607471 -5.1110823837 -1.7052174978 -0.0400629466  0.1034215094  1.0000000000 -0.2177622306  0.0234510712  1.0000000000
14.4871497226 -5.3070574352 -2.0596394512 14.1694296444 -4.2331528174  0.4548352304 -0.1045865758 -0.1913004059  1.0000000000  0.0104750937  0.0497140288  1.0000000000
13.6362482660 -5.1005023369 -1.7379017757 12.3120091803 -5.2663611603 -0.3228009813 -0.0839696327 -0.1141970638  1.0000000000 -0.1858511832  0.0959720382  1.0000000000
12.6498724982 -5.4892854629  0.9864166337 12.0479139484 -1.8756263871 -1.7071174592 -0.1563598611  0.1289777431  1.0000000000  0.2541434989  0.0389206402  1.0000000000
13.1683436677 -4.8482670875 -0.3928213790 14.0331733469 -3.8103382903 -2.1692374602 -0.1069010695  0.0328264563  1.0000000000  0.0536092894 -0.1893035727  1.0000000000
14.9064041464 -5.1348525496 -1.8699414954 13.2038686557 -2.4512309876 -2.9343794901 -0.0227601999 -0.1768186403  1.0000000000  0.2690759137 -0.2154806667  1.0000000000
12.1590947970 -1.6940648722  0.0201329892 12.9147032748 -3.2281695209  0.5630939765 0.2798949772 0.2936616335 1.0000000000 0.0714107388 0.1741099577 1.0000000000
12.1507665087 -2.1830254134 -1.6610454680 13.5020948883 -4.1299905715 -2.6270933519  0.2231005532  0.0750465118  1.0000000000  0.0268261270 -0.1849797838  1.0000000000
12.4755625935 -3.9781597903  0.3946027896 13.2980657035 -1.8527296782  0.7833934517 -0.0001089320  0.1793521615  1.0000000000  0.2289474276  0.1550881225  1.0000000000
13.0491118893 -3.6251813065 -0.3388247510 14.9376282180 -3.7003536680 -1.2404824853  0.0510239034  0.0766293596  1.0000000000  0.1371439764 -0.1242384619  1.0000000000
13.9625064673 -3.2095409972 -2.2804223147 15.0543969792 -2.8904134014 -0.7184574838  0.1427964728 -0.1842741928  1.0000000000  0.1658548790 -0.0615831378  1.0000000000
14.1106721333 -2.7585391463  0.2524525320 14.4365016482 -3.3826996084 -1.0644675750  0.1414732272  0.0980888686  1.0000000000  0.1180712155 -0.1276058409  1.0000000000
12.3860080291 -4.6079328435 -1.0775679679 11.2726312782 -3.7646791950  0.2319628749 -0.1051122796  0.0313812108  1.0000000000 -0.0313861665  0.2749581127  1.0000000000
13.6137466031 -5.1414171235 -0.2228326615 12.2541367328 -4.9210889283 -2.4717102836 -0.0645774988  0.0754120266  1.0000000000 -0.0981176455 -0.1490982562  1.0000000000
12.0923613322 -1.9151408817 -0.5641049122 13.2744566045 -5.3854724860  0.3129266574  0.2711396572  0.1500869113  1.0000000000 -0.1586931944  0.0514018925  1.0000000000
13.3603124570 -4.8733389321 -1.9037155709 13.2684950380 -3.1740876171 -2.6954129611 -0.0414895328 -0.0898200578  1.0000000000  0.1380998064 -0.1971763843  1.0000000000
11.2187836169 -3.4378235249  0.1372139114 11.5847972864 -2.0671804994 -0.9890154668 -0.0140666166  0.2719384936  1.0000000000  0.2435835699  0.1441480928  1.0000000000
14.5042865397 -5.1116412507 -1.4622306390 11.6142207277 -4.2483381431 -1.7388680768 -0.0300080271 -0.1541056515  1.0000000000 -0.0667728410 -0.0147711213  1.0000000000
13.9535221912 -2.7041107188 -1.7729294892 13.3856899681 -5.7261778798 -0.1808977052  0.2355213001 -0.0861549052  1.0000000000 -0.1569981339  0.0549790407  1.0000000000
11.4263537247 -1.6882518205 -0.9242225270 14.3856259405 -3.9108165729  0.2520358608 0.2760488151 0.2713775810 1.0000000000 0.0848670764 0.0775561798 1.0000000000
12.6304052143 -2.5718255408 -2.9415090536 13.3713572072 -2.0833670223 -1.1886201463  0.1966012020 -0.1659743927  1.0000000000  0.2684902100  0.0307751981  1.0000000000
12.0279261154 -1.6974814585 -0.8006616865 13.1068237379 -2.9966378571  0.5054165618 0.2812063295 0.1257090450 1.0000000000 0.1246174317 0.1875406619 1.0000000000
13.0299265635 -2.2325079059 -0.3367145066 13.2936691099 -4.4336451340  1.0489022082  0.2094609096  0.1342386142  1.0000000000 -0.0642661072  0.1991718769  1.0000000000
12.1989171499 -2.9762349884 -1.8466880348 11.5669012872 -4.6839653790 -2.5918798746  0.1295146986 -0.0632553560  1.0000000000 -0.1517484074 -0.1433236336  1.0000000000
11.5802075950 -5.4622663725 -2.1527356023 12.1724683274 -2.9890196702 -2.6175357106 -0.2638198478 -0.1265353494  1.0000000000  0.1440539894 -0.1008469167  1.0000000000
14.2496325585 -2.7809088291 -1.0697274579 12.2794309694 -4.0281009933  0.3549290771  0.1985207989 -0.0455207198  1.0000000000 -0.0701899619  0.1844219237  1.0000000000
13.2884793892 -5.5230914900 -2.4531590052 11.8493186740 -5.3938772257 -0.1736155622 -0.1703409502 -0.2291955842  1.0000000000 -0.2201158638  0.1255936576  1.0000000000
12.7036734879 -2.7162248125 -2.6636579383 12.4955213899 -3.0942136803 -3.3221718625  0.1977080733 -0.1538462563  1.0000000000  0.1080597922 -0.2173556580  1.0000000000
12.7593611806 -5.3744216427 -1.7866828592 11.9077103496 -3.9444606951 -2.1618849725 -0.1487758672 -0.1084089851  1.0000000000 -0.0056417567 -0.0660560584  1.0000000000
12.8319713137 -2.7936405953 -1.1349242242 11.9258304258 -5.4444171959 -0.5144846607  0.1455747634  0.0333628575  1.0000000000 -0.2651370091  0.1067892624  1.0000000000
11.9314600051 -3.7803487950 -2.2419719684 10.4671420393 -3.6709209057 -0.5424194819  0.0224438217 -0.1047395475  1.0000000000 -0.0543484701  0.2441127899  1.0000000000
12.7735904148 -4.1923030721 -1.5023755725 12.2418087952 -4.9719598835  0.5616502651 -0.0266172026 -0.0654446303  1.0000000000 -0.1659533944  0.1441498611  1.0000000000
