12.4000000000
0
50
 8.7688030381  6.2467578669 10.4664176417  8.1904499763  7.2057255979 11.9951841687  0.1804799152 -0.2286033320  1.0000000000 -0.0127619024 -0.1687058880  1.0000000000
 7.1401629377  9.1498290566 11.1936743402 10.6412716063  9.4949661983 10.2275072177 -0.1783899279 -0.0238250183  1.0000000000  0.1635096223  0.2170194985  1.0000000000
10.7623756105  9.2784288074  9.4595971231  8.6926046631  9.5295904031  8.3359525102 0.2267545376 0.2607728808 1.0000000000 0.1853273404 0.2236996410 1.0000000000
 7.9312219695  8.1515855572 12.0905200565  6.9408300469  6.9186271624  9.1443132856 -0.0985190209 -0.0869497088  1.0000000000  0.1439155411 -0.2735937845  1.0000000000
 9.3537268633 10.1341869758 10.8614592430  7.5670091604  8.9563627028 12.7701650070  0.0238536779  0.1996079769  1.0000000000 -0.2152269226 -0.0240841022  1.0000000000
 7.9133699991 10.9704793383 11.1576012831  7.4818793863  9.9929334651 10.6723812199 -0.2177162918  0.2381010332  1.0000000000 -0.1594134828  0.1169966942  1.0000000000
 8.7687186511  6.8742266028 11.5511179608 10.2560421843  9.4140232847 11.4266976176  0.0868161621 -0.1738880459  1.0000000000  0.0177018681  0.1121244260  1.0000000000
 9.0920574238  8.0849251251 11.2853112662  8.7970447106  8.5251861533 11.4645255984  0.0303293902 -0.0635340685  1.0000000000  0.0231815141  0.0247013685  1.0000000000
 8.5234464729  7.1140191956 10.2897102006  9.3688455123  6.9469603037 10.9776364447  0.1368798486 -0.1502981105  1.0000000000  0.1693593238 -0.1051251822  1.0000000000
 9.4869591255  9.4505968571  9.4390183016  8.4971061962  9.7223471789 12.4232910676  0.1191518140  0.1895251457  1.0000000000 -0.1834858981  0.0313147061  1.0000000000
 7.4913797262  7.9642639723 13.0415100808 10.1628439358  7.7570266610 11.3461849336 -0.1559779088 -0.1546987097  1.0000000000  0.1176574391 -0.0179443116  1.0000000000
 8.1400188670  7.0144725622  8.6091464498  9.0645558271  6.7562458815 11.0706804520  0.2890729639 -0.1813203789  1.0000000000  0.1258245011 -0.1877973690  1.0000000000
 7.8637943010 10.5465033902 10.4147497028 10.1109368813  8.4226207079 11.4379600872 -0.1076305391  0.2590610999  1.0000000000  0.0987768052  0.0270270347  1.0000000000
 8.5237887229  6.3648407170  9.6703081614  7.0951936131 10.5073411134  9.8929091520  0.2327817768 -0.2563934073  1.0000000000 -0.2137196215  0.1859016849  1.0000000000
 7.6431957489  8.3247416023 13.2837730677  8.6035750952  6.5883143536 11.1205800941 -0.2101577199 -0.0954020498  1.0000000000  0.0934376949 -0.2179106151  1.0000000000
10.7738791818  9.2686227968 10.4727505005  9.3929661738  9.9316214072 11.9707495067  0.1500834731  0.2250240070  1.0000000000 -0.0729240150  0.1270061911  1.0000000000
 9.7352471542  9.8311160291 10.6979961782  9.4921645118  8.5837441562 10.3437672288 0.0282939201 0.2194418808 1.0000000000 0.0984539930 0.0799554622 1.0000000000
 9.2087248601 10.0142026407  9.5496874491  8.4817433211 10.3624617111 11.1459213368  0.0633987120  0.2724280502  1.0000000000 -0.1537507334  0.2225522070  1.0000000000
 6.9224127040  8.0891166878 10.5320451440  6.4469143138  8.8230956081 10.5442512922 -0.1184666691 -0.1605702396  1.0000000000 -0.1804384778 -0.1093709877  1.0000000000
 7.2790507308  8.0563753595 10.5969966094  8.6762838260 10.2528735706  9.9658579064 -0.0538118939 -0.1426865687  1.0000000000 -0.0251237797  0.2730230231  1.0000000000
 7.4073709633  9.7946908432  9.3595889347  8.7498790066  9.3732680680 12.5374893145 -0.0724283868  0.1632963918  1.0000000000 -0.1329871967  0.0853775428  1.0000000000
 6.3755067065  8.6278540143 10.8225244001 10.4983939127  9.3012486659 10.6990652893 -0.1935055449 -0.1271390892  1.0000000000  0.1229482529  0.1785930483  1.0000000000
 8.6673361260  7.2301739975 10.4452414123  8.4078831301  9.5887059166  8.9916125662  0.1720446119 -0.1346610524  1.0000000000  0.0900131754  0.1648204890  1.0000000000
 8.3663722860  6.4648462674  9.8227778936  7.6719718743  8.2063376474 12.1180939955  0.1996152318 -0.2127714282  1.0000000000 -0.1508949681 -0.1231188327  1.0000000000
 9.3438086308  8.7976865646 11.6933622187  8.3240436631 10.4074122244  9.5021422744 -0.0076879269  0.0552098271  1.0000000000 -0.0618196898  0.2815741282  1.0000000000
 7.0403001553  7.4682893168 12.3193535732  8.7728300394  9.7185064834  8.1117714849 -0.1238923307 -0.2119318240  1.0000000000  0.2215615269  0.3245594302  1.0000000000
 5.9862351134  8.2953600029 11.0035158003 10.0698683113  9.3784780027  8.7165790220 -0.2185297441 -0.1820154003  1.0000000000  0.2411073711  0.2514759792  1.0000000000
 6.6464214029  9.2184120981 10.0370306903  8.1241116585  9.8009768257 12.6554361702 -0.1674561669 -0.0287644323  1.0000000000 -0.1736742430  0.1000991994  1.0000000000
 6.3551622987  7.5832998905 11.7607635243  7.9295457132  9.5551763124 10.1005480778 -0.1737664933 -0.2544352463  1.0000000000 -0.0385128081  0.1155638025  1.0000000000
 9.7917481698  7.7867628951  9.5877725331 11.2055403625  8.4377989102 11.0453625217 0.2767432731 0.0163768844 1.0000000000 0.1859973264 0.0893783739 1.0000000000
 9.3287011414  7.3852588244  9.4510020751  9.5676134723  7.5121856993 10.1045988707  0.2364494127 -0.0488101516  1.0000000000  0.2063187585 -0.0373200679  1.0000000000
 7.1377542047  9.9323197673 11.0594651838  7.7890361082 11.1566680701 11.0582818972 -0.1976820039  0.0602778864  1.0000000000 -0.2343365328  0.2491435953  1.0000000000
 7.4836788202  7.0881713731 10.6088638190  8.4005133926 10.6171005338 11.3570645954  0.0371518539 -0.2397450273  1.0000000000 -0.1194954007  0.1856874884  1.0000000000
 7.5210445556  8.6276624069 11.9118654775 10.2011773690  8.2981244665 10.4505601387 -0.1748274072 -0.0927517347  1.0000000000  0.1955174391  0.0752017490  1.0000000000
 6.6261881871  7.6642376452  9.9069062823  5.8878576292  8.1151471629 10.3791750146 -0.0491536418 -0.2145085236  1.0000000000 -0.2067768159 -0.2164722813  1.0000000000
 7.5810576662  8.8347315085  8.8968479850 10.3119831656  6.2215677558 11.3966013045  0.1149223025 -0.0237843192  1.0000000000  0.1703625012 -0.1493201536  1.0000000000
 9.7223192984  8.1992320254 11.5420372518 10.5666227792  9.7178141544 11.4068847356 0.0268315555 0.0460225028 1.0000000000 0.1105834243 0.2052455416 1.0000000000
 9.8133426405  7.3977594197 11.8542566197  9.4672298969  9.8095065068  9.9935818815  0.0659946577 -0.0392403574  1.0000000000  0.0843687530  0.2338606580  1.0000000000
10.1498447225  7.7469218327 10.0430664349  9.1164412668  7.4033080460 11.5900995728  0.2100635474 -0.0003628658  1.0000000000  0.0325534276 -0.0967778698  1.0000000000
 9.4061125719  7.5278160191 10.7159751939  8.5495623297  7.7425959488  8.4031380878  0.1075006130 -0.0584920811  1.0000000000  0.2724531040 -0.0505208141  1.0000000000
 7.7864980520  8.5642133078  9.8558527054  9.5243410579  8.0037706377 11.3566725214 -0.0071896259 -0.0239793137  1.0000000000  0.0878701806 -0.0045579360  1.0000000000
 7.9911233736  8.4976967671 12.5319104289  6.9045856649  8.5265097301 11.5548019291 -0.0900304102 -0.0468595693  1.0000000000 -0.1479195287 -0.1267892286  1.0000000000
 6.8858756997  7.9354959683  9.6375284190  9.2139186670  9.5574878506 11.6442777599 -0.0181543132 -0.1631262688  1.0000000000 -0.0346893881  0.1320255102  1.0000000000
 9.2174987302  7.4410517685  9.5305764287  6.8694288321  8.1826336133 11.2348389534  0.2199763691 -0.0451239404  1.0000000000 -0.1265203273 -0.1395236644  1.0000000000
 8.1980689313  9.9867642089  8.5953544753  8.7306049439 11.0310101055 12.2279003779  0.0784401503  0.2811745475  1.0000000000 -0.2310356320  0.2111511027  1.0000000000
 8.5940896716  7.5060268009 11.6029644839  8.3704905154  6.1678743132  9.1426800715 -0.0002911727 -0.1566519312  1.0000000000  0.2752814689 -0.2388106550  1.0000000000
 9.5282316497 10.0366173222 12.0042620198  7.4245929238  7.8934394315  9.1967719836 -0.0543582607  0.1523586549  1.0000000000  0.0761854926 -0.1317866342  1.0000000000
 8.5623385627  7.6570408061  8.9372038309  8.6120424510  7.2400564500 11.1235039533  0.2524809571 -0.0547818951  1.0000000000  0.0626064046 -0.1596242055  1.0000000000
 6.2452616764 10.0535140295 10.0948758806  8.0096352538  7.1843895578 13.0958744014 -0.3184832796  0.0734569912  1.0000000000 -0.0873393254 -0.1571773509  1.0000000000
 5.9020692394  7.7322294628 10.7221116531  8.6417174728 10.3669225592 11.8952318566 -0.2008010627 -0.2599226905  1.0000000000 -0.1367341076  0.1855647193  1.0000000000
