584.3000000000
0
50
 -1.0063658391  -1.9828801278 -14.4371646424   0.0068129252  -1.1744414366 -13.7160989075 0.0739330465 0.0855156217 1.0000000000 0.2734598702 0.1423456807 1.0000000000
 -2.5526302735  -1.4212638779 -15.0881474500  -2.2833082053  -3.7489088861 -16.6098869161 -0.0836592109 -0.0708893717  1.0000000000 -0.1552562935  0.1126680222  1.0000000000
 -0.8288598963   0.4923087224 -15.8803083628  -2.3930269283  -1.3951567312 -13.3453922539  0.1896030916 -0.1297331572  1.0000000000 -0.0429387965 -0.0028033397  1.0000000000
  0.6555556835  -1.6290680945 -16.2063400596  -2.6013181019  -1.7139036254 -15.1982470480  0.2007259517  0.1366728145  1.0000000000 -0.1064285557 -0.0273096514  1.0000000000
 -1.3285987606   1.1959840384 -14.9357875097  -0.8924583439  -2.5077204056 -15.9126875196  0.2393976618 -0.2543581336  1.0000000000  0.0317330497  0.0854301076  1.0000000000
 -3.0423398425  -1.4492691011 -16.0959090003  -0.2835350587  -0.7044084226 -13.8993728262 -0.1087176581 -0.1167055618  1.0000000000  0.2320326556  0.0676796783  1.0000000000
 -3.4270506641  -0.7133954973 -14.2120561889  -3.8628393569  -1.2492530984 -15.6175246173 -0.1485813396 -0.1875823772  1.0000000000 -0.1853702548 -0.1881055278  1.0000000000
 -1.5455458884  -3.3977467138 -15.0017358252  -2.0737927638   0.4889135281 -15.1884309858 -0.1226207467  0.1733721658  1.0000000000  0.1505290762 -0.2256823347  1.0000000000
 -2.4493782881  -0.0763717907 -16.9232759945   0.0841162187  -0.9921962955 -16.0096746415  0.0266042768 -0.2059201221  1.0000000000  0.1433351650  0.0201676468  1.0000000000
 -1.5464542648   0.8302391471 -13.5390863837  -0.4103657991  -2.4611825036 -12.8793636817  0.3067242486 -0.2202269488  1.0000000000  0.1148330590  0.2815111889  1.0000000000
  0.2610924095  -1.3154496768 -14.8435266750  -2.3730387820  -0.2647319951 -16.2910102164  0.1985368146  0.0927981255  1.0000000000 -0.0170883138 -0.1746870705  1.0000000000
 -1.3883932638  -0.8368588033 -15.7501435092  -0.2138644629  -2.3073443913 -12.4564729242  0.0836083650 -0.0773346664  1.0000000000  0.1748852086  0.3409153380  1.0000000000
 -1.3218781807  -1.3326726129 -13.0882216104  -2.0132628438   0.0908886255 -14.3832627597  0.1177467254  0.0456977322  1.0000000000  0.1424303344 -0.1804495829  1.0000000000
 -2.2544101782   0.3096324183 -13.2406339993  -3.4106124824  -0.4570713159 -15.4464910691  0.1374241689 -0.2235323451  1.0000000000 -0.0785067598 -0.2333367894  1.0000000000
 -2.7457223494  -0.7239459768 -14.8906012672  -2.6261786960  -1.2134489086 -14.4385398859 -0.0009118404 -0.1652803083  1.0000000000 -0.0809313542 -0.0718939721  1.0000000000
 -2.3322143715  -3.7342553011 -12.8324058586  -1.7005942134  -3.2758912760 -16.5258339876 -0.2048606398  0.2651261735  1.0000000000 -0.1073505295  0.1400415316  1.0000000000
 -1.4388915540  -1.4558858445 -14.6035727973  -1.6969176046  -1.5027933350 -13.1564201781 0.0384380644 0.0160948242 1.0000000000 0.0716818445 0.0307597053 1.0000000000
 -2.1372394455  -3.0708704848 -16.1748169107  -3.3058798357  -0.5500042710 -15.1941246036 -0.0863898399  0.0958422249  1.0000000000 -0.0929881241 -0.2143452553  1.0000000000
 -2.9626051909  -0.3823944520 -13.8349698641  -1.0587835474  -2.4235962722 -16.1252590762 -0.0161926043 -0.2331971564  1.0000000000 -0.0494922650  0.0799284538  1.0000000000
 -2.1433373287  -0.0299564810 -13.6457086209   0.0981380055  -0.6333373593 -14.7884244782  0.1260766753 -0.1632560441  1.0000000000  0.2432177656  0.0374694467  1.0000000000
  0.3772162764  -1.0460924543 -16.1980761701  -1.0558624419  -1.1804898624 -12.8067100598 0.1921861303 0.0844210958 1.0000000000 0.1983250021 0.0603186712 1.0000000000
 -3.5329542700  -0.6495265951 -14.1522657080  -0.9511223190   0.1107388644 -16.0230083310 -0.1113411090 -0.2266811949  1.0000000000  0.1257249110 -0.1134720126  1.0000000000
 -2.5663971784  -0.0144716062 -14.4820409118  -1.0661759781  -1.5879165617 -14.6517248031  0.0788240431 -0.2317358510  1.0000000000  0.0817828536  0.0554305284  1.0000000000
  0.0895234639  -2.0061189143 -15.6335571058  -1.4837620675  -2.1295887478 -13.6279636371 0.1066139743 0.1217750660 1.0000000000 0.0143329524 0.1456063287 1.0000000000
 -0.0714324465  -2.4366735081 -15.2062570225  -2.6131331661  -1.9626590650 -14.3531020152  0.0898211123  0.1752826277  1.0000000000 -0.1180158880 -0.0529096027  1.0000000000
 -0.6610812691  -0.3337397706 -14.0684878184  -1.7957390950  -1.3930803384 -13.9910321453  0.2084404137 -0.0211593190  1.0000000000  0.0129152154  0.0305663257  1.0000000000
 -1.0905993259  -1.8883231762 -12.7153703231  -0.5409789494  -0.8828142381 -13.8132121864 0.1252619260 0.2071406897 1.0000000000 0.2370196800 0.0355047511 1.0000000000
  0.4834739705  -1.8090869299 -12.9266806865  -1.3971825935  -1.3275991564 -15.6014800509 0.2814892282 0.2412827047 1.0000000000 0.0223058538 0.0353810404 1.0000000000
 -2.6731901099  -1.0502138657 -14.3295943167  -3.1961396955  -2.4745890886 -13.3543079241 -0.0662834290 -0.1161233334  1.0000000000 -0.2537573597  0.0302727418  1.0000000000
 -3.7559027093  -1.9631439905 -15.5026658050  -1.5751801235  -1.9425761248 -13.7739905019 -0.1788498996 -0.1456500275  1.0000000000  0.0163701501  0.1011348476  1.0000000000
 -1.3382144830   1.0458803083 -15.0643045198  -2.3025623026  -1.0969715808 -14.6642476581  0.2202943367 -0.2419285766  1.0000000000 -0.0191573728 -0.0515234624  1.0000000000
 -2.5508532752  -1.9914790445 -16.7666113995  -0.2293990355  -1.5565269205 -14.8111059039 -0.1062846224 -0.0278932113  1.0000000000  0.1700002320  0.1196851648  1.0000000000
 -0.0904044281  -2.1835857153 -14.1252303404  -2.4296691004  -2.5078230458 -14.3558552776  0.1185622826  0.1883194619  1.0000000000 -0.1545158762  0.0305219726  1.0000000000
 -0.2437840075  -3.1429568963 -16.1818145503  -4.1189870237  -1.0971541551 -14.6110724783  0.0229914761  0.1499460053  1.0000000000 -0.2040558217 -0.2420985998  1.0000000000
 -1.7950300298  -2.4385280994 -14.4346814887  -2.2595817122  -4.1638583683 -14.3798448627 -0.1021218966  0.1080880030  1.0000000000 -0.2166308880  0.2673032928  1.0000000000
 -2.7937629345  -2.8118301735 -16.6155409455  -0.7250008973  -3.4524268417 -15.8895796425 -0.1427748579  0.0478808538  1.0000000000 -0.0508331444  0.2129686744  1.0000000000
  0.0534767804  -2.2528728126 -13.5576534223  -1.5884651094  -1.6699851279 -14.7746784356 0.1478453352 0.2564593631 1.0000000000 0.0066552660 0.0301110237 1.0000000000
 -3.3093689671  -0.0560239176 -14.3998003779  -3.8216727846  -2.1314531001 -13.2817943072 -0.0068088141 -0.3092863492  1.0000000000 -0.3228027342 -0.0719937471  1.0000000000
 -3.8012528682  -2.1497845075 -14.1803549809  -2.3143693530  -3.2423260677 -15.9146895340 -0.2366896179 -0.0487483543  1.0000000000 -0.1833136712  0.0896340735  1.0000000000
 -1.2337859647   0.1367889142 -16.3122313477  -0.7839421409  -1.1351939620 -13.4784838475  0.1127786991 -0.1682216547  1.0000000000  0.1677549228  0.0978914186  1.0000000000
 -2.4083700495  -2.0275797506 -13.7830192076  -2.6962697089  -1.6781579379 -14.0389628144 -0.0950065758  0.0540585791  1.0000000000 -0.1011796613 -0.0819078657  1.0000000000
 -1.8198624797  -2.9462485912 -15.3314970511  -1.2587493478  -0.0447194435 -14.5754619877 -0.1236079921  0.0902128387  1.0000000000  0.1424506661 -0.0887562654  1.0000000000
 -0.1483135970  -1.2245670597 -16.3003166222  -2.4010490907  -2.5995115096 -14.1647236395  0.1319110844  0.0430171345  1.0000000000 -0.1160857782  0.0682927482  1.0000000000
 -0.5559896664  -2.6621637945 -13.8907886164  -1.9002153321  -2.6693135176 -14.1621844426  0.0651794381  0.1932050136  1.0000000000 -0.0737263795  0.1400139560  1.0000000000
 -1.5510183568  -1.9195108979 -14.5453443637  -2.4200850479  -3.5010889358 -13.7285842098  0.0165319680  0.0449725804  1.0000000000 -0.1911351474  0.2468456822  1.0000000000
 -2.4646310066   0.2989202685 -13.1528519798  -3.3937997758  -2.0616264667 -14.4037951696  0.1308643400 -0.2811270288  1.0000000000 -0.1912363537 -0.0375633807  1.0000000000
 -1.4438256177   0.6380333267 -15.4631062682  -2.5462336506  -2.6007995944 -16.4376555313  0.1454338839 -0.2183935091  1.0000000000 -0.1191733112  0.0265748701  1.0000000000
 -0.8640948708  -1.0169180999 -15.4559936938  -1.3196256718  -2.9024262411 -14.6195262481  0.0805232279  0.0521019441  1.0000000000 -0.0590405566  0.1817258942  1.0000000000
 -2.7245306350  -1.1096030348 -15.9510659695  -3.0272372405  -2.8052962501 -14.1821611390 -0.1064587802 -0.1441003747  1.0000000000 -0.2408474971  0.0633953413  1.0000000000
 -1.9494666626   0.2278332661 -15.4993419382  -2.2185572544  -0.7937727616 -13.3280360492  0.0797715553 -0.1677903479  1.0000000000  0.0479001129 -0.1110990027  1.0000000000
