962.7000000000
0
50
-1.3015454645 -8.4659896332  5.9334165344 -0.6015248778 -7.9611183974  4.6885741161 -0.0699808159 -0.1279278453  1.0000000000  0.1452009081 -0.2105719741  1.0000000000
-1.2249442749 -8.6358526093  6.8735796786 -1.2795505441 -9.4163588451  6.1363953241 -0.1538812746 -0.0506111931  1.0000000000 -0.1314712373 -0.1696806396  1.0000000000
-1.7965669465 -6.9314419866  5.9971282472 -1.6291319856 -8.2272398153  4.4307896188  0.1070899533  0.0366577673  1.0000000000  0.1078714228 -0.2326860141  1.0000000000
-2.0011584793 -7.5071337777  4.8921001532 -1.8617119558 -6.6088909008  5.8047019527  0.1123385419 -0.0999737745  1.0000000000  0.1407741744  0.0571007216  1.0000000000
-0.9388410567 -7.2197677657  8.0976202429 -2.3288068866 -8.9567728307  5.0990422138 -0.0768689889  0.1250359312  1.0000000000 -0.0761299002 -0.1541105934  1.0000000000
-2.2408209072 -6.9633547342  5.7396428975  0.1625099847 -8.0527771583  4.8571630293  0.0872893767  0.0245147664  1.0000000000  0.1110423782 -0.2731037782  1.0000000000
-2.4219595933 -8.5265094703  7.1432765785 -0.5462362255 -9.5191950663  5.7897759616 -0.1957019387  0.0789405522  1.0000000000 -0.1024277665 -0.2697434676  1.0000000000
 0.1065483422 -6.7396729613  5.5648659598 -1.3406175671 -6.0732302730  4.9371673986  0.1507683494 -0.0569943429  1.0000000000  0.2396489189  0.0379290757  1.0000000000
-0.1278157319 -7.3368615728  8.1838374951  0.5738008854 -7.3846076402  4.3430287196 -0.0723926179  0.0840629837  1.0000000000  0.1982883219 -0.2294036112  1.0000000000
-2.0212009477 -6.0393873639  6.2666754536 -0.9022905487 -5.1756615993  6.6494260261 0.1319883225 0.1420060008 1.0000000000 0.1896700887 0.1776175095 1.0000000000
-2.2673405116 -8.6606384766  4.4397732336 -1.1116941374 -6.7315850157  7.1333021516  0.0363681544 -0.2973697614  1.0000000000 -0.0130162241  0.1030119869  1.0000000000
-1.3789595375 -9.8851458490  5.9680850369 -1.9134842047 -8.4079331813  7.5168090645 -0.1971211478 -0.2311260403  1.0000000000 -0.1568752337  0.0421345392  1.0000000000
-0.1418888799 -7.9958240278  6.4651665243 -0.6507167739 -5.5779505685  5.7398331677  0.0314855585 -0.0864281195  1.0000000000  0.2377200572  0.0483313832  1.0000000000
-1.0307667854 -6.5736916864  6.4077220835  0.7128069191 -7.3358322238  6.1719008733  0.0740567821  0.0860376860  1.0000000000  0.0645606653 -0.0783027810  1.0000000000
-0.2674997718 -6.9627137883  7.4434155573 -0.7413365167 -8.2566636674  6.3715011635  0.0358502103  0.0647218316  1.0000000000 -0.0265700397 -0.0757493868  1.0000000000
-0.9497041619 -7.8793646647  5.9591146800 -4.0408792808 -7.1410575975  7.2466510271  0.0467074562 -0.0581979452  1.0000000000 -0.1633667292  0.3472255942  1.0000000000
-1.0647675296 -8.4316275789  6.6286451711 -0.8650792464 -5.3294505861  6.5819516548 -0.0704601195 -0.0661874238  1.0000000000  0.1877629077  0.1575502981  1.0000000000
-0.7960611279 -7.9968644553  7.8536477128 -1.2393283044 -7.2915344631  4.2109330580 -0.1335251087  0.0437802020  1.0000000000  0.2187580490 -0.1986995848  1.0000000000
-2.6451802170 -6.8361267449  6.5201885895  0.1722114292 -5.9657261779  6.9472894483 0.0063906542 0.1947747855 1.0000000000 0.1493250593 0.0886250014 1.0000000000
-1.0346841697 -7.4780111531  6.8630013939 -1.7214225514 -7.7702444390  4.1029608269 -0.0225673964  0.0419074111  1.0000000000  0.1863510408 -0.2442569632  1.0000000000
-1.9507504113 -8.2219492238  7.7561656020 -3.6802220774 -8.3681520292  6.8629331617 -0.1741030016  0.0556116583  1.0000000000 -0.2559233741  0.0796002739  1.0000000000
-1.6903384838 -8.3621605049  5.3605053678 -1.9534915842 -6.9242792018  7.9633783552  0.0220985994 -0.1254975570  1.0000000000 -0.0852248921  0.1926324286  1.0000000000
-1.2807909255 -5.7735146347  5.7485528531 -1.8387157162 -7.4168264273  8.7299358798  0.2361517168  0.1028033929  1.0000000000 -0.1779347845  0.2570882079  1.0000000000
-0.1455292029 -7.1545803365  4.6862839621 -2.0539347656 -8.4627849414  4.2639254325  0.2127892846 -0.1765143959  1.0000000000  0.0761995865 -0.2621401398  1.0000000000
-0.8459147932 -7.8539024127  8.4403322036 -2.7984913877 -7.2835282098  7.2419396889 -0.1809601638  0.0863314612  1.0000000000 -0.1197091098  0.1683623507  1.0000000000
-2.0532647656 -6.6783105164  3.9340115763 -2.0633753492 -7.4934985135  4.9597265191  0.2835233458 -0.0937751525  1.0000000000  0.1007185491 -0.0641525391  1.0000000000
-1.9090918452 -6.0100325630  5.2038526044  0.3394564439 -7.2359054448  5.2637623096  0.2600438253  0.0754318111  1.0000000000  0.1432843265 -0.1396828984  1.0000000000
-3.1462795002 -7.1720298064  5.7952983917  0.4952907610 -7.8711360463  6.9561384479  0.0577278264  0.1180872270  1.0000000000  0.0335986308 -0.0632386750  1.0000000000
-3.2925621900 -6.2205508537  6.0976845384 -0.1724933658 -5.4516879052  7.7523556780 0.0917065400 0.2268442533 1.0000000000 0.0877491230 0.1562087649 1.0000000000
-1.6340072452 -6.8602116375  7.2393804632 -0.0966856243 -9.1871464626  6.1723764677 -0.0479591120  0.1206955904  1.0000000000 -0.1365190597 -0.2225252763  1.0000000000
 1.2349302632 -7.9102751675  6.0484287776  0.1808787535 -9.3763456537  7.9150249265  0.0654334096 -0.1543235450  1.0000000000 -0.1787009418 -0.1281066159  1.0000000000
-0.7292062707 -6.9312345633  6.3111964599 -0.3384897442 -7.1020923640  4.9405116282  0.0789270436 -0.0114837170  1.0000000000  0.1741426707 -0.0782982457  1.0000000000
-1.3587820233 -8.0626208222  5.4919004732  0.8971412842 -6.9871793973  5.5570268675 -0.0091608222 -0.1750636572  1.0000000000  0.1447591510 -0.1198823165  1.0000000000
-1.1958669724 -7.3560900410  4.9128876726  1.0167910590 -7.4119297730  6.2364237222  0.1787481193 -0.1089841646  1.0000000000  0.1034946339 -0.1315185813  1.0000000000
-1.0431244934 -6.7083966404  7.6088024064 -2.3105386672 -7.5241288578  5.6124357492 -0.0127161237  0.1185779329  1.0000000000 -0.0380160982  0.0142807453  1.0000000000
-1.1535861859 -7.0794452614  5.8946045775 -2.0306797717 -6.4901867287  4.4220258469  0.1204032542 -0.0173436412  1.0000000000  0.2611977672 -0.0708842792  1.0000000000
-1.8613511692 -8.8754918743  4.6734703796 -0.2600558449 -6.4741040149  6.6759420458  0.0210396350 -0.2748516878  1.0000000000  0.1347546554  0.0638497408  1.0000000000
-1.0714740850 -4.7273260688  6.5847650195 -3.3547942199 -7.5041955635  7.2234152371  0.2466887872  0.1937726514  1.0000000000 -0.1254829800  0.2274523705  1.0000000000
-2.3782188004 -8.4263579694  4.6142090935  0.5269230616 -7.4430043208  5.4468359706  0.0244536226 -0.2082867792  1.0000000000  0.1586291539 -0.1581331537  1.0000000000
-1.9918946035 -6.2330310869  7.1056494693  0.4747338870 -9.7295634930  7.2727014670  0.0501444096  0.2076524323  1.0000000000 -0.1586743631 -0.1761718973  1.0000000000
-1.4032212739 -7.1859771542  6.3475708820 -3.3890885547 -8.6273771955  7.3071370599  0.0259014814  0.0106514462  1.0000000000 -0.2815756710  0.1103754302  1.0000000000
-3.7666590370 -8.0743010350  7.3133838484 -1.1361943261 -6.6596281687  6.1994512919 -0.2484136170  0.1844533273  1.0000000000  0.1198322076  0.0381574004  1.0000000000
-1.5440568255 -7.8080515304  4.7951655053 -1.9923093152 -7.8194554495  5.5302680709  0.1237524627 -0.1464438952  1.0000000000  0.0591308306 -0.0557049629  1.0000000000
-1.0414632474 -7.0870072869  5.5579990115  1.3247494221 -6.9541048263  5.6053303068  0.1211883978 -0.0454430039  1.0000000000  0.1888466237 -0.1589223469  1.0000000000
-0.3647558739 -6.0885474965  6.5450457976 -1.6442272507 -6.1511739981  5.3359365745 0.1586813208 0.0438632996 1.0000000000 0.2658952200 0.0799813897 1.0000000000
-1.0052213507 -8.8015216265  5.2439077151  0.3239873756 -9.1709846700  7.4429719142 -0.0013946721 -0.2460982163  1.0000000000 -0.1373923100 -0.0817281521  1.0000000000
 1.1038430093 -6.5571244781  5.6130698119 -3.4160471130 -6.6807787172  6.0636475385  0.1754483270 -0.0802534365  1.0000000000  0.1110622456  0.1912096873  1.0000000000
 0.5165342275 -7.7282701619  4.9820921513 -1.7022764355 -9.0219552743  6.3683000497  0.1414622828 -0.2157465220  1.0000000000 -0.1520837955 -0.1238925812  1.0000000000
-0.2401922030 -6.3546481106  7.5038644795 -0.9751976412 -5.9216822974  6.4034957513 0.0623209802 0.1018195509 1.0000000000 0.1755321041 0.1155575760 1.0000000000
-1.2853727067 -7.6073784390  6.3971461971 -2.9733453612 -7.9917083941  7.7549609682 -0.0319410151 -0.0206019010  1.0000000000 -0.2130481795  0.1498323748  1.0000000000
