89.8000000000
0
50
-0.4855872039 11.6648728514 13.1778753700 -1.5870419668  8.9129414686 13.1996452596 -0.0489777601  0.0063933007  1.0000000000 -0.0080730766 -0.2689796603  1.0000000000
-1.4820408604  8.9258645636 10.1219376839  0.2189625728  7.7105519010 13.4725484846 -0.2539058570 -0.0584848208  1.0000000000  0.2393314202 -0.1708272069  1.0000000000
-1.4019529927  8.7997844718 11.4208426804  1.2160104453 11.3158027193 13.8518544380 -0.1459259606 -0.1745551606  1.0000000000  0.1320729328  0.1022505904  1.0000000000
 1.1723533711 10.4227135590 14.1312110295  1.6172086511  9.1764667026 12.3497597186 0.1928342962 0.0276123748 1.0000000000 0.1814118169 0.1204008001 1.0000000000
 0.6649121616 10.2247909434 11.0220372927 -0.4776300051 10.9856874707 13.0451479412 -0.0396019642  0.2039311592  1.0000000000 -0.0104573410  0.0553892057  1.0000000000
 1.2491680320  8.4735633267 13.0516846694 -2.9913886242 10.3351837991 12.5851249598  0.2985676018 -0.0037426278  1.0000000000 -0.2263936007 -0.1751119623  1.0000000000
-1.7082196649  8.1739987810 12.1661953143 -0.4558939812  8.6367435969 12.1498450769 -0.0191332782 -0.2979395260  1.0000000000  0.0588361191 -0.1121995688  1.0000000000
 0.7720275469  8.5368788359 12.2754633092 -0.0118474226  9.7754216126 12.4040567290  0.1522944872 -0.0300610828  1.0000000000  0.0525909581 -0.0263930448  1.0000000000
-1.3665290030  9.6422475123 11.1614205513  1.6280619977  8.8854379787 12.1060137694 -0.1784683157 -0.1073335422  1.0000000000  0.2332223166  0.1027511639  1.0000000000
-0.6692821872  7.4795878470 12.6168836279  0.2739599139 11.2866706521 10.9221572237  0.1437361330 -0.2934121157  1.0000000000 -0.1828108304  0.1965937610  1.0000000000
-0.5152205965 10.3929170251 14.4632457610  1.5941029224 11.8254096175 13.1601138735  0.0870281288 -0.1236687400  1.0000000000  0.0726256023  0.1944171788  1.0000000000
-0.6721079991 10.2369504334 14.6837103625 -1.5380768139 10.1743585160 10.9642179330  0.1236162517 -0.1413325600  1.0000000000 -0.2264243638 -0.0258655529  1.0000000000
 0.2672986122 11.4453963395 13.2047109971 -2.4434551978 10.6972803172 12.3869659544  0.0080167815  0.0854714880  1.0000000000 -0.1733080371 -0.1653369111  1.0000000000
-0.3238119553  9.3211495800 11.5362504529 -0.4140059347 10.7467723110 10.8073317244 -0.0485165530 -0.0121713842  1.0000000000 -0.1842135938  0.1349038537  1.0000000000
 0.1895917959 10.5250484598 10.4078290645 -1.2793380027  8.8916864462 10.3145413411 -0.1311751255  0.1429413187  1.0000000000 -0.2267137053 -0.0634267927  1.0000000000
-0.7746118224  9.0362681463 11.5232319203 -1.2431216459 11.1399357893 13.3474484388 -0.0524401534 -0.1175694903  1.0000000000 -0.0606365441 -0.0998605041  1.0000000000
-0.6986994066  9.9375206325 13.0428571210  1.7140669391  9.1389820009 12.6710570426  0.0174602749 -0.0704742874  1.0000000000  0.2421645699  0.1495237046  1.0000000000
 0.6380873632  9.6871985113 12.0793280178  0.1236095946 10.4499920640 14.3891150583  0.0788605450  0.0819029701  1.0000000000  0.1271523121 -0.0571909892  1.0000000000
-0.4458034362 12.0223665185 12.7306514016 -2.5760413617  9.5929713954 11.6002336705 -0.0534705270  0.0904724209  1.0000000000 -0.2261378982 -0.2009358448  1.0000000000
 0.6073243677  9.1440459026 13.4466907342 -1.0175234180 10.8522839780 12.4906822334  0.1806219043  0.0095715132  1.0000000000 -0.1065030066 -0.0166852630  1.0000000000
 0.6387338226 11.0553531813 13.2388993801  1.6611305615  8.4717418991 12.4898780294 0.0950853152 0.0736590706 1.0000000000 0.2626660457 0.0750150748 1.0000000000
-1.3070976998  9.9493843712 12.3795834530 -0.7783648143  9.7771912279  9.6784607653 -0.0755157800 -0.0965150949  1.0000000000 -0.3160290352  0.0755226997  1.0000000000
-0.7106458542  7.3326453470 12.1572009238 -2.7712606579 10.1569634406 12.3959929972  0.1458859682 -0.2565309815  1.0000000000 -0.2009135637 -0.1923844972  1.0000000000
-0.9129560569  8.3684678100 13.4731490840  0.4295342984  9.8508120874 13.7121089679  0.1354523842 -0.2234072925  1.0000000000  0.1626122687 -0.0582510525  1.0000000000
 0.4229676241 12.0057036323 11.3545586839  0.9304954616 10.3590899740 12.5585764358 -0.1251455440  0.1724494802  1.0000000000  0.1082178491  0.1023226999  1.0000000000
-0.4302078830 11.4516462280 12.7804585336  2.1016758099  9.7695235224 12.9282927826 -0.0559903218  0.0347810339  1.0000000000  0.2279576481  0.1418640984  1.0000000000
-1.0783989169 10.0774361328 11.9886955495  0.8441754819  9.9859923203 14.2663282185 -0.0641444449 -0.0725335031  1.0000000000  0.1699334132 -0.0385975948  1.0000000000
-1.5356401437 11.6431313396 12.0834388316 -2.3033656321  9.8245518740 11.9468738966 -0.1953902492  0.0394911392  1.0000000000 -0.1941546116 -0.1846323493  1.0000000000
-0.9361460131 10.7745607658 11.3259672939 -0.4360362431  8.5802435570 12.1220550700 -0.1913006192  0.0749071648  1.0000000000  0.0291019258 -0.0815997904  1.0000000000
-1.1704990870  7.5137213391 12.0654291140 -0.2005707977  9.8967356769 10.8756997435  0.0804500235 -0.2846923830  1.0000000000 -0.1330370251  0.1004440764  1.0000000000
 0.8070773480 10.6456549577 14.2491951152 -0.7546139887  8.0759484683 12.9875259509  0.1678493317  0.0210014008  1.0000000000  0.1289655811 -0.2695300415  1.0000000000
-0.8715465512 10.1333245045 10.5372098394 -0.2178339739  9.7925839813 12.6950105749 -0.2511355026  0.0613071639  1.0000000000  0.0127752798  0.0132501344  1.0000000000
-2.0266046570 10.1879673773 11.6494230618 -0.2075705133 11.0747106309 11.1803776515 -0.1920570974 -0.0830146324  1.0000000000 -0.1382197766  0.1228777552  1.0000000000
-0.0181937254  9.3973974456 13.6532539095 -1.2288772938 11.4666748821 11.8643699413  0.1567596163 -0.0920013439  1.0000000000 -0.1845598973  0.0360157920  1.0000000000
-0.7684810349 10.2058166816 10.7160949282  1.6049435500 11.2716191863 13.2059599156 -0.1888244712  0.0795566422  1.0000000000  0.1187252986  0.1623659141  1.0000000000
 0.5335775701  9.7864881179 10.3157380379 -1.2233304659  7.8395379995 11.4534033931 -0.0933164714  0.2152018668  1.0000000000 -0.0273154373 -0.2825804945  1.0000000000
-1.7411686077 11.1781929298 11.8023808505  1.0292372630 11.8233936475 12.0276881560 -0.1833748595 -0.0335192404  1.0000000000 -0.0156364292  0.2640662767  1.0000000000
 0.5165315076  9.0343246797 12.4119307291 -1.4355406007  8.6780595546 12.8225575601  0.1166202151 -0.0170056483  1.0000000000  0.0288153288 -0.2399556716  1.0000000000
 1.1856470444 10.0138752199 12.8876915898 -0.6167621715  9.6334868043 11.6679253347  0.1709546631  0.1137864594  1.0000000000 -0.0981220767  0.0195669576  1.0000000000
 1.9587337733  9.4774215598 12.7353778482  1.2512019482  9.7746304363 13.0320512456 0.2634908407 0.1560198089 1.0000000000 0.1886135533 0.1178875391 1.0000000000
 1.3524288061  9.6934948577 11.8004230676  1.6618114157 10.4606764085 12.9733253410 0.1037925113 0.2095833286 1.0000000000 0.1981092675 0.1450251807 1.0000000000
-0.4711889298  9.1032220150 10.5980218936 -1.0846894636  8.7540068948 10.9916907473 -0.1659981976  0.0589718291  1.0000000000 -0.1143333192 -0.0940660422  1.0000000000
 1.1239475093  9.9369704865 12.7157401462 -0.3500708906  7.8024341167 13.2019932901  0.1260672823  0.0686933336  1.0000000000  0.1323209963 -0.2611901013  1.0000000000
 0.3668766036 11.0023998982 12.6558009831 -0.1446181992  8.3396294832 14.3697492949  0.0424496607  0.0778116152  1.0000000000  0.2556470501 -0.2473236667  1.0000000000
 0.4507378030 10.6791280296 13.9467280359 -1.6957974777 10.3005528384 13.8172519140  0.0919083021  0.0120171242  1.0000000000 -0.0508670420 -0.2006117912  1.0000000000
-1.1156558966 10.9190104315 12.3282096790 -2.3828318850  9.6747474059 11.7050609587 -0.1256499742 -0.0176615908  1.0000000000 -0.1895617671 -0.2039372659  1.0000000000
-0.5828004836  8.4620830744 12.4065207064  0.5396679292  8.9180129826 13.7333511766  0.0628369589 -0.1515551862  1.0000000000  0.2547116432 -0.0236639118  1.0000000000
 1.2252015945 11.3730682315 12.6756429659 -0.5282183718  9.0524964862 13.6367258120  0.0871697521  0.1633564076  1.0000000000  0.1263366461 -0.1871740113  1.0000000000
 0.9579146827 10.5997126409 11.0387530462 -0.3445220093 11.1437740178 13.3685365590 -0.0330525778  0.2329172878  1.0000000000  0.0093310229  0.0201782374  1.0000000000
-1.8742574889 11.7235787081 12.3170539295 -1.8673390597 10.5913030728 12.1415946598 -0.2105899356 -0.0651943307  1.0000000000 -0.1808451547 -0.0902309533  1.0000000000
