218.0000000000
0
50
 1.3291802531 10.7086228539 -4.6228076267 -0.2208458806 13.3524451272 -4.7777052847  0.0246261163  0.0114941842  1.0000000000 -0.1658175716 -0.0185302827  1.0000000000
-0.4474761838 10.7487305985 -6.3993515043 -1.1555452682 11.9969333014 -3.5466206414 -0.2593130121 -0.2216230139  1.0000000000  0.0258032050 -0.1235724571  1.0000000000
 1.3484567227 12.3362261011 -4.3493388478 -1.5099217367 11.0905745100 -3.9987591649 -0.0738010459  0.1401947928  1.0000000000  0.0445076612 -0.2060102500  1.0000000000
 1.3142602962 12.8057924480 -2.6195980560 -0.8897154009 11.7688281039 -3.7733485991  0.0535473115  0.1621965730  1.0000000000  0.0228878682 -0.1390966544  1.0000000000
 0.0002988068 11.7766851088 -2.4470343389 -0.5620969463 11.1985014053 -5.7094582982  0.1499026039 -0.0638164817  1.0000000000 -0.1631762087 -0.1944121446  1.0000000000
-0.1381573725 10.4292753973 -3.3573907635 -1.7585262371 12.6598780180 -4.4360589761  0.1776481297 -0.1219287046  1.0000000000 -0.0959193381 -0.1952621021  1.0000000000
-1.5456401996 12.7341450490 -3.7964011737  1.1532446711 13.5376577398 -2.6036838950 -0.0551511119 -0.1581665393  1.0000000000 -0.0137214874  0.1346576149  1.0000000000
-0.0848560146 11.7345694961 -4.7240475898  1.4549699519 13.4383503725 -3.7620179553 -0.1032782372 -0.0575041850  1.0000000000 -0.0564737537  0.1782006904  1.0000000000
 1.3504095052 11.8959608181 -5.3229912891 -0.8606109896 12.9390537276 -3.5879905214 -0.1825174768  0.1243883259  1.0000000000 -0.0961795508 -0.0713849311  1.0000000000
-1.0381453551  9.9620902006 -3.1352703119  0.1308798261 11.3098702482 -6.2642155364  0.2131241242 -0.2448747731  1.0000000000 -0.2898410582 -0.0980833130  1.0000000000
 1.3014769096 11.6545926448 -4.7544226846  1.0095910202 10.4909733742 -5.1296228460 -0.0847664327  0.0883832192  1.0000000000 -0.0790469237 -0.0260521323  1.0000000000
 0.3095702525 10.7379623435 -4.2729733198 -0.4279977616 11.9991509577 -4.0211335745  0.0531533954 -0.0575489592  1.0000000000 -0.0242782962 -0.0995883378  1.0000000000
 1.9842869202 10.3813868942 -3.4109275115  0.6326682128 11.1744546090 -3.3290007145 0.1617168324 0.1529770128 1.0000000000 0.1194063450 0.0271154918 1.0000000000
 1.1451189075 13.1253170426 -3.6573106132  0.5743855967 12.8100569582 -2.2824256748 -0.0456625630  0.1231664183  1.0000000000  0.0800357514  0.0895677796  1.0000000000
-0.7982089974  9.8778524316 -3.7061571390 -0.1185980493 11.0020114231 -6.2514728887  0.1531556052 -0.2559859601  1.0000000000 -0.2662315227 -0.1403844651  1.0000000000
 1.0760712819 10.0826002242 -3.7067679809  0.7117092171 12.1597749665 -4.8046748823  0.1612137136  0.0197187624  1.0000000000 -0.1129348310  0.0765922151  1.0000000000
 1.2133749628 12.9188494444 -2.5758788838  0.5557330273 10.2001839009 -2.6049577585 0.0309557071 0.1606992776 1.0000000000 0.2497336961 0.0299482531 1.0000000000
 0.4601205875 12.1324786058 -2.4826308019 -1.3592530239 11.5845946357 -4.8769430522  0.1225954449  0.0759925824  1.0000000000 -0.1010437515 -0.2245063598  1.0000000000
 1.8298168379 11.9359128771 -5.7222430428  1.0296368107 11.4909469701 -2.6786912151 -0.2136303333  0.1569853199  1.0000000000  0.1400154672  0.0717807657  1.0000000000
 2.5067265300 10.7030631111 -2.8495263204 -1.9941807747 13.4066622700 -4.5888651657  0.2248427289  0.2672721981  1.0000000000 -0.1184993965 -0.1992641125  1.0000000000
-0.0007546833  9.5250453375 -4.5162952491  0.4952420098 13.3051758698 -4.2503245712  0.1003936658 -0.1937947761  1.0000000000 -0.1203658634  0.0488057304  1.0000000000
-0.5337203930 14.0966062671 -4.4372090069  1.3814734159 12.4022192891 -3.3795029034 -0.2274466020  0.0159068622  1.0000000000  0.0091885180  0.1426489682  1.0000000000
 0.4509648584 12.6942629159 -4.9746257122 -0.9351797859 11.0791013115 -5.6366889166 -0.2051986408  0.0334187057  1.0000000000 -0.1945817343 -0.2000562758  1.0000000000
-0.5014961960 10.5678571526 -2.3052890474  1.3535830221 12.1870469050 -2.9257275497  0.2691495188 -0.1020936826  1.0000000000  0.0550184177  0.1409207809  1.0000000000
-1.1772628442 10.5314848974 -4.0180480422 -1.0610355636  9.8909937050 -4.0901940938  0.0201146005 -0.1974811734  1.0000000000  0.0874812118 -0.3153493068  1.0000000000
-1.0571769518  9.7901988457 -3.2049544210  0.7853014699 13.4953912673 -2.7314141696  0.1755533694 -0.2175647523  1.0000000000  0.0441815296  0.1044632338  1.0000000000
 2.0127261248  9.9912533156 -2.6808184866  0.4463057811  9.9904749012 -3.4787486385  0.2949877180  0.1547474751  1.0000000000  0.1645093930 -0.0619349829  1.0000000000
 1.6727981775 13.2609446939 -3.6524913727 -1.1520182922 12.5207191518 -3.6031057914 -0.0328577820  0.1935317621  1.0000000000 -0.0317662520 -0.1481681920  1.0000000000
 2.1591132969 10.1099336376 -3.9818350648 -0.6985148607 13.0156556428 -3.0244976771  0.1165456912  0.1759583291  1.0000000000  0.0189407656 -0.0418277766  1.0000000000
 1.3145737220 12.3305249593 -3.3683800835 -0.8553955284  9.9901098758 -4.6267218913  0.0144022541  0.1011983226  1.0000000000 -0.0049415929 -0.2802019523  1.0000000000
-0.5683394101 12.4472798191 -3.0370161575 -0.5534168302 12.3561959925 -4.0618209341  0.0428492884 -0.0542710851  1.0000000000 -0.0323045639 -0.0595694878  1.0000000000
 0.7215757955 11.4494056626 -5.6833896814  1.5796917863 10.8605135427 -4.2761744633 -0.2271731338 -0.0014834530  1.0000000000  0.0482954086  0.1025737864  1.0000000000
-0.6556230670 13.0823108089 -3.1178739901 -0.2534184242 10.3338934879 -3.7174052471 -0.0241308214 -0.0379629398  1.0000000000  0.1146993675 -0.1259750521  1.0000000000
-0.8903260013 12.1356577762 -3.6672353453 -0.4889775455 10.2752425560 -2.9502350266 -0.0002009033 -0.0823045576  1.0000000000  0.1809925683 -0.1385827901  1.0000000000
 0.9753473953 13.0562707373 -2.3472726486  2.3751279598 11.7144404048 -3.0265807235 0.0205183461 0.1406208319 1.0000000000 0.1194084500 0.2642185907 1.0000000000
 0.8822498096 14.4301637632 -4.2421176752  0.4543256871 11.9382291936 -4.1498118471 -0.1694081610  0.1479566514  1.0000000000 -0.0028479243  0.0332919622  1.0000000000
 0.7526640422 12.3175624976 -1.6650810727  1.1491302961 13.5943479612 -2.3599298287 0.1974530916 0.1023847769 1.0000000000 0.0294276607 0.1613286635 1.0000000000
 1.7893041535 11.1845825064 -1.9249195107 -1.5915818979 13.2371879508 -4.0578475846  0.2690061113  0.1668994272  1.0000000000 -0.1500221744 -0.1372868852  1.0000000000
 1.6222745965 12.7181167160 -3.3559629661  0.2754581858  9.7717991579 -4.0392848631 -0.0187722614  0.1878632167  1.0000000000  0.0974946319 -0.1612200450  1.0000000000
-1.4015656627 12.7170491495 -3.0776394794  0.6847699602 12.1719690088 -3.5153610432  0.0550832401 -0.1401884165  1.0000000000 -0.0328825397 -0.0193898287  1.0000000000
 0.9286799247 11.4432853405 -4.7287315116 -0.9065183562  9.8939692892 -3.1002838799 -0.0749697494  0.0656110087  1.0000000000  0.2195389457 -0.2295739120  1.0000000000
 1.6372664942 12.8660018436 -2.7417532683  1.7442520745 12.6873058870 -3.3240897520  0.0384806424  0.2137572089  1.0000000000 -0.0285518170  0.1832287336  1.0000000000
 0.5102557305 10.9600546248 -4.9407044321  0.4285700089 10.5179650549 -4.4216672569 -0.0758516348 -0.0379089460  1.0000000000  0.0190668171 -0.0786627249  1.0000000000
-1.2306826975 10.9733859724 -4.5553102890 -1.4878947216 12.0090233154 -2.5010471666 -0.0401662566 -0.2722974039  1.0000000000  0.1028904147 -0.1086528640  1.0000000000
-1.1359951092 10.5701107444 -2.4181710373  1.7891014321 10.5988715231 -4.2897244474  0.1891629991 -0.1886765421  1.0000000000  0.0604620069  0.1440093954  1.0000000000
-1.6525834056 12.1042053858 -5.2124278704 -0.8203723919 13.4980952705 -4.0580252369 -0.1706915734 -0.2709622628  1.0000000000 -0.1075191605 -0.0789871080  1.0000000000
-1.5563576772 12.8703497787 -4.6945583526  1.3923469086 12.6011639092 -5.3620008709 -0.1639884495 -0.1590338337  1.0000000000 -0.2164616830  0.1293643301  1.0000000000
 1.5208503723 13.5698410622 -2.8065258359 -0.4374394030  9.6262184375 -3.2303719131 -0.0039738899  0.2137787909  1.0000000000  0.2170203544 -0.2215343759  1.0000000000
 0.3683124808 11.7560251565 -1.8244792009  0.7259949638 11.5044283496 -5.9614423193  0.2028223634  0.0423803895  1.0000000000 -0.2638476848 -0.0010875492  1.0000000000
-1.8287825934 13.0046201205 -4.4328525822 -1.2208258407 11.4384146361 -2.0493527062 -0.0919273243 -0.2126339139  1.0000000000  0.1517929802 -0.1402129769  1.0000000000
