996.4000000000
0
50
 -4.1317042557 -15.7907151469   1.4344599383  -5.8368867895 -13.9350303529   1.9075595127  0.0266054367  0.0150496563  1.0000000000 -0.1708831325 -0.1428121803  1.0000000000
 -3.1633286931 -13.2011404863   3.1096385918  -3.8997837883 -16.3679169214   3.4831023081 -0.0898650359  0.1992628234  1.0000000000 -0.0813164920  0.1592347170  1.0000000000
 -5.2461178290 -15.7688859068   0.6185526918  -3.2735349776 -15.2933000386   1.1987476859  0.0153481256 -0.1322183928  1.0000000000  0.1369109771 -0.0043914071  1.0000000000
 -2.9034493138 -16.7381271360   1.7689412375  -3.4471351704 -13.1692240601   2.4952970874  0.0878164509  0.1434703831  1.0000000000 -0.0306400743  0.1208359564  1.0000000000
 -4.8540723238 -15.3930628149   2.7868747153  -2.8275311314 -14.8135789599   0.1512292816 -0.0653569082  0.0397209345  1.0000000000  0.2856566183 -0.0425306733  1.0000000000
 -4.9669685558 -15.7525723217   1.1419257225  -2.6092015673 -14.6775242098   1.9675838228  0.0360710229 -0.0982303508  1.0000000000  0.1456099703  0.1449058411  1.0000000000
 -2.7415640594 -15.2155929704   2.8508290510  -3.3767786777 -16.4626950944   2.9689945098 0.0217383808 0.2394943313 1.0000000000 0.0138581891 0.1684399492 1.0000000000
 -2.4577803169 -13.7524770298   2.2577533235  -5.0394694104 -15.3443641156   2.5164062403  0.0953675894  0.2006227827  1.0000000000 -0.1286818263  0.0004196479  1.0000000000
 -5.2989714862 -14.2704058866   3.0368453779  -2.7644110168 -14.0094725484   1.5401929585 -0.2336749515  0.0263588144  1.0000000000  0.1337441912  0.0593316898  1.0000000000
 -4.8412208375 -15.1344418132   2.1205527441  -2.3479328232 -16.6480945265   2.2703434179 -0.1023601172 -0.0377102801  1.0000000000  0.1234384358  0.2133432949  1.0000000000
 -4.5335009291 -16.0790993499   3.9556752973  -3.2930194754 -14.3197730319   0.1959854346 -0.1421157712  0.1406459669  1.0000000000  0.2431885700 -0.0656871322  1.0000000000
 -1.3837925456 -13.6006400954   2.0259932785  -2.2371489937 -15.6365193118   2.0986287005 0.2126662591 0.3164848441 1.0000000000 0.2147460120 0.1992844544 1.0000000000
 -4.2238063713 -12.9276926794   0.4582850670  -3.9841673198 -15.6402813788   4.0566036430  0.0960268577 -0.1517359921  1.0000000000 -0.1397593185  0.2108187924  1.0000000000
 -3.0771991753 -12.6565680772   1.3531090488  -3.0858699544 -12.8294119572   3.1972426308  0.1129931818  0.0048817204  1.0000000000 -0.0771633579  0.2417819151  1.0000000000
 -3.3010170239 -15.7619897433   1.0895491953  -2.7941553809 -13.0794904928   0.9427092111  0.1166889046  0.0492481033  1.0000000000  0.1792782486 -0.0288185639  1.0000000000
 -4.0646808926 -15.9676205922   1.0855271850  -4.6531863000 -16.1707764526   4.1288239420  0.0646635767 -0.0360709229  1.0000000000 -0.1589619331  0.1696582649  1.0000000000
 -6.9764482318 -15.1019825893   1.7927633381  -2.3869765473 -15.6893406982   1.0187949645 -0.1985522578 -0.1890349716  1.0000000000  0.2262676030  0.0831108546  1.0000000000
 -3.9310216045 -14.4080865948   3.8063198436  -4.1793818266 -12.7958080126   3.3103565371 -0.1784254006  0.2030213833  1.0000000000 -0.2225633037  0.1234940454  1.0000000000
 -2.8411071231 -13.7114154657   1.8547050538  -3.7197796118 -16.1617057184   2.4313640248 0.1042542588 0.1572617446 1.0000000000 0.0320223108 0.1336951209 1.0000000000
 -4.7524858861 -13.0964190083   3.0386645783  -2.8363827776 -12.7273613128   1.8343046925 -0.2277508039  0.0120914491  1.0000000000  0.0967729937  0.0800173137  1.0000000000
 -5.4086626569 -15.3161794784   3.0440312859  -2.7432237127 -14.6428615203   0.3804416661 -0.2010468211  0.0042638575  1.0000000000  0.2174819681 -0.0336582403  1.0000000000
 -5.7684571786 -14.0123977991   2.7370975373  -4.6227951694 -14.3652749562  -0.1549301674 -0.2225477247 -0.0248373619  1.0000000000  0.0906286628 -0.1758912253  1.0000000000
 -3.5109617094 -14.4766658747   1.5526344433  -4.1712799066 -14.8857969362   2.7987121335  0.0575231672  0.0275677866  1.0000000000 -0.0717052459  0.0452867094  1.0000000000
 -4.3692056690 -15.3232444656   4.3733012177  -2.2018844362 -14.4018184084   1.9306151616 -0.2426227219  0.1639480211  1.0000000000  0.1493196185  0.1505682461  1.0000000000
 -6.0522639443 -15.4497022733   1.0682617024  -4.3045297385 -16.2344495987  -0.7519767948 -0.0999468636 -0.1631112462  1.0000000000  0.1885384342 -0.1458866419  1.0000000000
 -2.9074003984 -14.9815797307   2.8318635791  -5.7471071004 -14.5131332166   2.8004015689  0.0031116541  0.2007435265  1.0000000000 -0.1957230380 -0.0392078979  1.0000000000
 -3.2969750042 -15.0052012288   3.1985364669  -4.3954857548 -14.7276306349   1.6828943048 -0.0303385340  0.2237968981  1.0000000000 -0.0206687614 -0.0584926251  1.0000000000
 -3.9335873879 -13.7469611141   4.2819198559  -3.7238515951 -16.3395225738   1.2493996668 -0.2550631039  0.2753501298  1.0000000000  0.1270510781  0.0319433595  1.0000000000
 -3.8599871335 -13.4080328520   0.6868613715  -3.1718061191 -13.6072014437   2.1696975317  0.1330581997 -0.1455528230  1.0000000000  0.0448283932  0.1174672034  1.0000000000
 -3.0168458172 -12.6825465901   1.5934210705  -3.1316381813 -13.9616685067   1.1726335100 0.0778687873 0.0137340504 1.0000000000 0.1486325000 0.0295606513 1.0000000000
 -4.5098184446 -13.4839721253   0.2045383466  -4.8787420249 -15.5177414743   3.6873759787  0.1131726874 -0.2097321992  1.0000000000 -0.2228759963  0.1075838183  1.0000000000
 -3.5259215517 -15.9266528726  -0.0594435921  -2.7100697979 -13.5952726273   3.2114461319  0.2229734206 -0.0600957218  1.0000000000 -0.0121535929  0.2452493652  1.0000000000
 -5.1797690366 -14.8265257004   1.5266807123  -3.8103114814 -15.2791207933  -0.2290641857  0.0173147294 -0.0771132001  1.0000000000  0.2271139367 -0.0951354081  1.0000000000
 -4.6900872489 -13.8881786207   2.4605225076  -1.7665999419 -13.2694065784   1.1818479739 -0.1075628550  0.0383136046  1.0000000000  0.2566250474  0.1596869560  1.0000000000
 -3.3692904120 -15.0325782791   2.4407938737  -6.0399430165 -12.7458737150   1.9104957271  0.0171756571  0.1109165130  1.0000000000 -0.2503019226 -0.2105629441  1.0000000000
 -5.5947130687 -15.8698485827   2.4352026246  -3.6961795744 -14.8955025075  -0.2085781379 -0.1437263508 -0.0282514493  1.0000000000  0.2096702883 -0.1390440673  1.0000000000
 -5.9332625578 -14.5194609310   1.2046707734  -5.3990997932 -14.5228234844   1.9485127711 -0.0620742646 -0.1740649256  1.0000000000 -0.1223240049 -0.0521075082  1.0000000000
 -2.1431258998 -12.9658325242   3.0101728675  -2.6663738077 -14.2913015406   1.4749131912 0.0052775774 0.3146724445 1.0000000000 0.1493650935 0.0830866962 1.0000000000
 -5.5578873920 -13.2093518027   1.3007039083  -6.2210813506 -13.9913278649   2.2487723565 -0.1358158897 -0.2226681819  1.0000000000 -0.2096464852 -0.1618977884  1.0000000000
 -2.3566670229 -14.6902073865   1.7356648852  -4.6987570458 -16.1599523736  -0.7520631595  0.1798989775  0.1428203867  1.0000000000  0.1732605917 -0.1744411973  1.0000000000
 -2.6422484253 -12.7938525824   3.5729549895  -3.2378631762 -13.3226621150   1.7456597573 -0.1027839650  0.3641435235  1.0000000000  0.0733747834  0.0408191769  1.0000000000
 -3.8776319593 -12.8188914863   0.5133716360  -1.5933917583 -14.5445972034   1.3311163165  0.1466991004 -0.1358156856  1.0000000000  0.2879916134  0.1368347986  1.0000000000
 -1.7529485865 -15.4522713796   1.4486214985  -3.7887167368 -12.9400343756   0.6337382258  0.2363704186  0.1800283465  1.0000000000  0.1292506835 -0.1186352543  1.0000000000
 -3.3954448587 -16.2099600776   1.1629134202  -3.3876893819 -13.1536566771  -0.6759524369  0.0915202390  0.0661667745  1.0000000000  0.3075408885 -0.1814858978  1.0000000000
 -2.6176819125 -13.4202751891   1.1653456846  -3.3828110607 -16.4791115588   0.9613962998 0.1607311316 0.0740060409 1.0000000000 0.1467180355 0.0245765714 1.0000000000
 -3.2324789718 -16.1161586233   1.0440909497  -3.1120190197 -13.3809989841   2.7430203068  0.1659363657  0.0415114920  1.0000000000 -0.0271489240  0.1893199101  1.0000000000
 -2.7160981445 -15.8750643058   2.3287227209  -4.4530197422 -14.0523909555   0.9990177020  0.0854185586  0.1833536613  1.0000000000  0.0443352686 -0.1005246069  1.0000000000
 -3.0037506617 -14.3708028758   2.9923986383  -4.5925676578 -13.8378790825  -0.2538443508 -0.0275184927  0.1961024116  1.0000000000  0.1117772611 -0.2298289924  1.0000000000
 -2.8385533933 -12.9416218584   3.4049254975  -5.5662412499 -15.4487411251   0.6494103963 -0.0851178267  0.3062554383  1.0000000000  0.0182856390 -0.1098726309  1.0000000000
 -6.1149672755 -15.2318289148   2.2646012343  -4.4339117239 -14.8014576684   0.5038962231 -0.1767266001 -0.0896704218  1.0000000000  0.0974003606 -0.1519996766  1.0000000000
