187.8000000000
0
50
10.3743329265  1.7516669913 12.8739537278  9.1597029238  0.6915683292 14.8302874874 -0.1684366728  0.1186146830  1.0000000000  0.2166628082  0.0016086438  1.0000000000
10.6300828833  0.2505494279 14.6689471272 11.8685607455  2.3703042278 13.7377151857  0.1287749776  0.2668819103  1.0000000000 -0.1328469439  0.1500808758  1.0000000000
10.1839576031 -0.7331815369 14.2241048430  9.9715035497  1.2839492450 15.4985688759 0.2131577432 0.2983975832 1.0000000000 0.1191746834 0.0032289539 1.0000000000
 9.2140699569  1.3245647092 16.3885845296 10.8857764831  0.9437930488 14.1317158476  0.2462065093 -0.1035440358  1.0000000000  0.0151215436  0.1661439182  1.0000000000
10.0060904250  4.5892032408 14.4711885790  8.7132424323  2.8749800141 14.3851902071 -0.2180421481 -0.2770977833  1.0000000000 -0.0945709462 -0.2151140519  1.0000000000
10.0358257613  3.7484840926 13.9934718206 10.1399766811  2.6222370900 15.9094627763 -0.2368237256 -0.1609178884  1.0000000000  0.0992832917 -0.1126881607  1.0000000000
10.2537097544  2.0349932323 14.5835537487  8.5978822196  3.5909759722 13.9415461384  0.0393045493 -0.0030920686  1.0000000000 -0.1636418897 -0.2903634322  1.0000000000
 9.1178056521  3.8015280552 14.2165587877  8.9187573384  1.4613805712 14.7683200287 -0.1561581709 -0.2997507972  1.0000000000  0.1090826176 -0.0685943491  1.0000000000
11.7233447673  0.9989106803 16.7923774115 12.5224021415  0.6534065198 15.7307823730 0.2287019353 0.0675565253 1.0000000000 0.1242940563 0.1644392615 1.0000000000
 9.7893051278  1.4083456489 15.4605294181 10.0425779792  0.9945725371 15.8312912991  0.1468095322 -0.0621499053  1.0000000000  0.2241589619  0.0368884650  1.0000000000
12.8764782985  2.5578933027 13.7899511846 11.8322209717  3.4390307330 15.4159689368 -0.1769782850  0.1605870381  1.0000000000 -0.0784606061 -0.0565762941  1.0000000000
10.9948898056  0.8306758388 15.5210017651 12.5203095503  1.2867875476 16.5090765110 0.1427613785 0.0976592884 1.0000000000 0.1777469620 0.1109785583 1.0000000000
10.5902781245 -0.4935375262 14.5407665077  9.5123042506  4.0537536877 14.5307631816  0.1866642083  0.2651433610  1.0000000000 -0.1453382198 -0.2363623816  1.0000000000
 9.8031586320 -0.3416113827 14.5483109773 12.2019990337  1.7033020042 16.8030326040 0.2426269199 0.2276403101 1.0000000000 0.1389463490 0.0385467835 1.0000000000
12.7308535530  1.9281873590 14.1139438239  9.9367499865  2.1109726732 16.0622997426 -0.1321276006  0.2110706245  1.0000000000  0.1711013264 -0.1033815305  1.0000000000
 9.0990227032  2.9745913944 15.7299036107 10.9935612880 -0.2930949549 15.7295168743  0.0644834479 -0.2287264014  1.0000000000  0.3065334648  0.2175373104  1.0000000000
10.9589244251  2.2982805384 16.3236595371 10.4033255302  2.7164423476 15.2191041149  0.0815836126 -0.0711587328  1.0000000000 -0.0215872697 -0.0845195425  1.0000000000
10.1893150403  2.0554239126 14.4568484454 10.4957218941  0.7920613680 13.5950030621 -0.0284267262 -0.0127204507  1.0000000000  0.0121343203  0.2260531705  1.0000000000
11.2889209761  1.4203216308 13.4661425287 10.1526641685 -0.2168093200 15.0304286550 -0.1285455829  0.2240578950  1.0000000000  0.2345445966  0.1898404275  1.0000000000
12.0012373072  1.9248294036 16.9822594942 11.5533486018  1.3434926594 12.4347420671  0.1349696087 -0.0278717563  1.0000000000 -0.2257509693  0.3117049785  1.0000000000
12.2051690511  4.1650325913 15.1732385052 12.1144724523  2.7320271334 13.3301102213 -0.1619985723 -0.0459114356  1.0000000000 -0.2458848007  0.1220807633  1.0000000000
11.0395329432  2.5957505327 14.8498080048 11.0130724583 -0.0053404797 14.3844340373 -0.0177056840 -0.0067208179  1.0000000000  0.1192107226  0.2299249045  1.0000000000
11.2521523194  3.9350556806 14.9412455133  9.0266376578  0.7577572601 15.9814751644 -0.1392356763 -0.0897134793  1.0000000000  0.2829495700 -0.0778378187  1.0000000000
11.3174331916  0.9148628359 16.0648017373 12.7763606246  1.3208888767 15.8909783455 0.1890135446 0.0693278281 1.0000000000 0.0796868058 0.1627779369 1.0000000000
12.8879370580  2.4351978592 14.3268395766 10.4354573084  4.3898646488 15.1361974986 -0.1564854565  0.1264475729  1.0000000000 -0.1066102903 -0.2118913348  1.0000000000
12.6817165229  0.9857407659 14.8830934243 12.2399621269  2.9904141571 15.0947864311  0.0184135949  0.2432524869  1.0000000000 -0.1123175579  0.0009526935  1.0000000000
10.7196639829  3.0738021445 17.1943478043  9.4871571064  1.5575787494 15.3358026747  0.1361914616 -0.1545370845  1.0000000000  0.1526296646 -0.1072834895  1.0000000000
10.6810485083  2.6575686767 18.0632155678  9.1975487696  2.5631091568 14.1544694030  0.2127091757 -0.1887907852  1.0000000000 -0.0410810108 -0.1456318854  1.0000000000
11.0160315513  1.5722718340 12.2750420332 12.5251965696  0.8684207707 16.8102789741 -0.2470202231  0.2545907573  1.0000000000  0.1725775626  0.1332210267  1.0000000000
11.2338569583  1.3240211831 15.8310522859 10.8987306930  2.5087629028 16.9218188762  0.1208107739  0.0477340102  1.0000000000  0.1304727780 -0.1054808998  1.0000000000
13.2355799424  0.7370820990 16.2134269190 11.8970937532  1.5907723546 14.1055841292  0.1570887706  0.1797196627  1.0000000000 -0.0748369171  0.1494782561  1.0000000000
12.3120280949  2.1032834117 15.2952916176 11.7771145831  0.1735438236 15.5105557683 -0.0507230977  0.1197655840  1.0000000000  0.1915077536  0.1944133457  1.0000000000
10.6905500813 -0.2719863908 15.3044863831 11.6449695748  1.2308881209 12.9341857082  0.2520663687  0.2344890741  1.0000000000 -0.1502537997  0.2733209274  1.0000000000
10.7207543955  4.5129157169 14.8009683088  9.9849560559  2.7115930734 17.4088021034 -0.1035588981 -0.2058184287  1.0000000000  0.1990763929 -0.2171120247  1.0000000000
11.5868733458  1.7927054488 15.1835675156 10.0796466317  1.3157075232 15.7158820669  0.0319868317  0.0800177909  1.0000000000  0.1773524921 -0.0441082171  1.0000000000
 9.4199444612  1.0328633988 15.2407416254 13.2153741854  1.0316886523 15.7009154528  0.1998153744 -0.0271263209  1.0000000000  0.0519836213  0.1997665913  1.0000000000
11.0676802085  1.3570007205 13.6696878871 11.4843465309  3.3351565512 15.1623046429 -0.0783977989  0.2018868374  1.0000000000 -0.0944237447 -0.0868611652  1.0000000000
11.8162528011  2.5614636777 13.9675466031 12.3095410297  1.6947069965 13.3299419310 -0.1421794830  0.0907070864  1.0000000000 -0.1187920592  0.2086981538  1.0000000000
11.9857202116  2.7026614396 14.5649714823 11.5327871063  3.5048995669 15.3397373152 -0.0876013789  0.0798273306  1.0000000000 -0.0651545584 -0.0721206180  1.0000000000
12.0967842634 -0.0592684690 16.1167950582  9.7117481199  2.3400920607 14.4572633295  0.2101097902  0.1871303912  1.0000000000 -0.0217775462 -0.0883205058  1.0000000000
 9.0307082209  0.4402594205 15.1379205210 11.3226854590  1.7245267319 16.9403406813  0.2890937257  0.0252564597  1.0000000000  0.1701932048 -0.0156066263  1.0000000000
11.1318111299  0.8936059971 15.1349805705 12.2053769292  3.6353787461 14.4481471611  0.1417046957  0.1119730272  1.0000000000 -0.1669593389  0.0137698567  1.0000000000
 8.3665838657  2.1354948305 15.5585438936 10.1427686687  1.0356867633 15.0552877957  0.1184128622 -0.2420168012  1.0000000000  0.1441182297  0.0483043768  1.0000000000
10.2842648099  3.0199774308 14.7319293352 10.2086605013  3.0968331983 16.6023182670 -0.0515244707 -0.0679826000  1.0000000000  0.0860025546 -0.1858258188  1.0000000000
12.8125975218  1.6256730191 16.1097569256 11.4751505657  5.3389664919 15.2888535977  0.0789712758  0.1081253812  1.0000000000 -0.1760742602 -0.1936701086  1.0000000000
 9.2807478323  3.1751168794 15.5347776179 10.4607222366 -0.4324875959 15.4256846352  0.0138741484 -0.2277544067  1.0000000000  0.2679358097  0.1984074139  1.0000000000
 9.0573852717  1.5153738401 15.2707147791 11.1936519449  4.2432213532 15.6009385327  0.1845168170 -0.1382266534  1.0000000000 -0.1025540919 -0.1350534992  1.0000000000
11.5751137762  3.8402045563 15.8342873649 10.8871921801  1.2443547308 16.6092533487 -0.0721739505 -0.0950914587  1.0000000000  0.2219892134 -0.0307550668  1.0000000000
11.7706097080  1.3828661212 13.2247509236 11.9383471635  2.5198067518 14.7235849675 -0.1498820425  0.2562314209  1.0000000000 -0.0681959628  0.1044817720  1.0000000000
11.1224980442  2.6524599334 13.4158755794  9.9039253919  2.2972603328 12.7884729236 -0.1599501642  0.1290664975  1.0000000000 -0.1971876168  0.0543086075  1.0000000000
