402.2000000000
0
50
-2.1909693331  3.4258562006 -1.8951898491 -2.8809730730  0.9065887125 -2.7558182482  0.1643599017 -0.1972351123  1.0000000000 -0.0146172465  0.1236722042  1.0000000000
-1.3138922904  2.8828588261 -3.0719322359 -1.8045893735 -0.5432785075 -2.6740380511  0.1887154498 -0.0691053322  1.0000000000 -0.2179322854  0.1206030466  1.0000000000
-3.7869865370 -0.6202706684 -2.6903431441 -2.8554152897 -0.0144997844  0.1763208879 -0.0976128518  0.1832694562  1.0000000000 -0.2018113948 -0.1163039050  1.0000000000
-1.6585917514  0.4467249316 -0.6150454120 -4.8550671161  1.9975166458 -2.0875171899 -0.2144464784 -0.1592324592  1.0000000000  0.1167458310  0.0324521307  1.0000000000
-2.0973893125  2.7899166695 -3.8011891977 -1.9560837276  2.1662501060 -1.1502497211  0.2681350591  0.0676448224  1.0000000000  0.0283129937 -0.2149248931  1.0000000000
-1.7415584037  2.2355698028 -3.1807222220 -0.0214083668  2.2385002355 -1.5121309349  0.1010980680  0.0015835524  1.0000000000 -0.0586153529 -0.2966372149  1.0000000000
-2.1768616938  3.1188369032 -1.2008207185 -1.5473699288  1.7462512692 -2.4603860118  0.1109376520 -0.1971824100  1.0000000000 -0.0044564616 -0.0603903859  1.0000000000
-1.2066688145  2.0421644822 -1.5888256518 -2.1136240159  2.8673849403 -1.2140729006 -0.0193474733 -0.1658730045  1.0000000000  0.0857052083 -0.1906477911  1.0000000000
-3.3518987145  2.5551373317 -3.1853460949 -2.9370577150  1.3481790695 -2.4354264379 0.2259791074 0.0662436429 1.0000000000 0.0007618662 0.0751559255 1.0000000000
-1.9346510378 -0.1456804870 -2.6667697833 -0.8723116346  1.4432676817 -1.4598461892 -0.1955118410  0.1260750924  1.0000000000 -0.1233432710 -0.2091428732  1.0000000000
-3.5777226106  2.5855765470 -1.5423391146 -2.5113636750  2.8111003433 -2.3019607211  0.1405869399 -0.0700091847  1.0000000000  0.0946577083 -0.0818128408  1.0000000000
-4.5858638489  1.8922531866 -3.0717214114 -1.5666774376  1.4878405365 -0.4271189483  0.1548769793  0.1384202219  1.0000000000 -0.1145738361 -0.2666608692  1.0000000000
-3.8541892465  1.2583489108 -0.4361044738 -2.8822419802  1.0430349286 -3.1776095340  0.0155241583 -0.0722052336  1.0000000000  0.0342497322  0.1802308900  1.0000000000
-0.4079207075  0.9925140609 -1.7314193770 -1.8011936292  2.0842717574 -4.4208038632 -0.1934899642 -0.1657736761  1.0000000000  0.2224093747  0.2104509096  1.0000000000
-2.0919868039  1.9652021010 -0.9153430228 -3.1697246410  2.0642224926 -1.6027987131  0.0044821449 -0.1493934176  1.0000000000  0.0717179548 -0.1055830002  1.0000000000
-4.1596376783  3.5370170821 -0.6442085996 -3.0978791202  0.6514248777 -1.5087670098  0.2407644021 -0.1770921150  1.0000000000 -0.1130863127  0.0117411411  1.0000000000
-1.7640407252  0.5811484236 -0.9935767651 -2.1667803663 -0.1461069705 -2.9536810994 -0.1932293860 -0.1173899450  1.0000000000 -0.1873277058  0.1446595010  1.0000000000
-3.4925434616  0.7363573357 -2.7824203814 -0.3376625376  1.3669925043 -1.9218062718  0.0268315127  0.1578300446  1.0000000000 -0.1453729610 -0.1683244768  1.0000000000
-2.6186628165  1.6361455823 -1.5097176523 -2.8034820379  0.7492633259 -0.9128684512 -0.0414435522 -0.0477747149  1.0000000000 -0.1300908386 -0.0853600791  1.0000000000
-3.0160057434  0.3627832166 -3.3081478705 -4.5515357215  1.9651893864 -1.7811894317 -0.0438840994  0.1985436015  1.0000000000  0.1173519227  0.0374030524  1.0000000000
-3.3952831385  2.6761244411 -2.4911053279 -2.0966096023  1.5270609829 -1.0316590833  0.1923961228  0.0144277968  1.0000000000 -0.0141414520 -0.1554853642  1.0000000000
-4.4052143408  1.3156190883 -2.3420571401 -3.5134707433  1.7106124613  0.1886662398  0.1048650422  0.0930229763  1.0000000000 -0.0289752199 -0.1986233989  1.0000000000
-1.4573486117  0.3118838789 -3.2464409227 -3.4910109489  0.6630289550 -2.7297551231 -0.1236236086  0.1208763873  1.0000000000 -0.0240709618  0.1495389793  1.0000000000
-4.1473184877  2.4874897948 -1.3556147535 -1.0134630843  1.0850512033 -0.7547734086  0.1349191137 -0.0462721488  1.0000000000 -0.1612559325 -0.2196927337  1.0000000000
-2.4777216641 -0.3885962527 -1.5482603188 -1.1909631686  2.0393901103 -3.3478990610 -0.2122673133  0.0307288644  1.0000000000  0.0679176709 -0.0257722538  1.0000000000
-2.2592495897  0.5941064195  0.2796838886 -2.9901371874  0.3830680899 -1.9735533073 -0.1619123865 -0.1928474609  1.0000000000 -0.1259433929 -0.0042059322  1.0000000000
-0.2433204034  0.1130792575 -2.4849091718 -2.5391196520  0.0267679225 -1.1897256575 -0.3090543544 -0.0020220426  1.0000000000 -0.2143005981  0.0091207183  1.0000000000
-2.0473926564  2.5794414740 -3.8302451971 -1.9133692220  2.3682149412 -1.9336313148  0.2301381430  0.1094422705  1.0000000000  0.0887133212 -0.1552736593  1.0000000000
-3.8048723965  3.5521807667 -1.0888478082 -2.3651160306 -0.1314995147 -1.4727215564  0.2029991780 -0.1937851677  1.0000000000 -0.2055202324  0.0025341469  1.0000000000
-3.1434941514  2.4714233554 -0.7564475155 -2.5604147943  0.7109976087 -0.1073909275  0.1158128177 -0.1379053263  1.0000000000 -0.1009196438 -0.1534585164  1.0000000000
-2.5711836631 -0.2324967460 -3.5397047754 -3.2005318440  2.5307978422 -3.0949177188 -0.1436831968  0.2499739707  1.0000000000  0.2164945372  0.0795688113  1.0000000000
-3.3915223239  0.4942890620 -1.8558012481 -3.6006488128  2.7149841965 -1.4206716733 -0.0443275212  0.0666299417  1.0000000000  0.1206130859 -0.1176667519  1.0000000000
-3.5628038870  1.1371507383 -1.0757418549 -3.9462213525  1.5158682029 -2.8861894634 -0.0117952032 -0.0478750921  1.0000000000  0.0977773346  0.1396512768  1.0000000000
-2.5635478752  2.6683049023 -3.2997378143 -1.1183211301  1.7781175628 -1.4806185756  0.1939060540  0.0621760330  1.0000000000 -0.0501114278 -0.1913327812  1.0000000000
-2.8094949430  0.8079623606 -3.8816514468 -4.9082777401  1.3761276470 -2.0797073803 0.0158822606 0.1977714008 1.0000000000 0.0768780684 0.0659854146 1.0000000000
-1.0526228818  2.9581329828 -1.8491170405 -1.9982172340  0.5664032710 -2.2383452754  0.0872454670 -0.2397960195  1.0000000000 -0.1185310386 -0.0040977938  1.0000000000
-2.0746509422  3.3036593431 -2.5460872175 -1.7384879241  1.1187580762 -0.1249495119  0.2272052654 -0.1293684038  1.0000000000 -0.1455992065 -0.1939673813  1.0000000000
-3.0826142808  1.0471144720 -3.7610751578 -3.6356377367  0.5447078552 -1.5347701721  0.1019384334  0.2261602022  1.0000000000  0.0007309269 -0.0016212618  1.0000000000
-3.9512219622  2.1422330386 -3.8286166573 -1.0082535671  0.7657469336 -0.7515849200  0.2181852225  0.1868329318  1.0000000000 -0.1747429584 -0.1945941960  1.0000000000
-2.6751398649 -0.3861074015 -0.9361031065 -2.1458204215  2.4165969523 -2.8754853336 -0.1837890379 -0.0150207317  1.0000000000  0.1551436073  0.0124242947  1.0000000000
-4.8450087662  1.9950785503 -2.0244109472 -2.0252440435  1.8135753333 -0.2897225694  0.1067411175  0.0466474824  1.0000000000 -0.0502087426 -0.2643855377  1.0000000000
-3.7377733773  2.1600022186 -0.9591732773 -4.3680822301  1.2518872836 -3.1564650197  0.0594840568 -0.0763755803  1.0000000000  0.1081020685  0.1649616667  1.0000000000
-3.8371462990  1.9259756014 -0.7906257755 -1.5543047543  1.0608281395 -0.5878874739  0.0675642778 -0.0516081080  1.0000000000 -0.1331847608 -0.1680462986  1.0000000000
-3.3673833835 -0.6249653482 -1.3455019677 -2.2807098470  1.0821623970  0.2246113963 -0.1438120026  0.1056625248  1.0000000000 -0.1345175954 -0.1972630920  1.0000000000
-4.4808191220  1.2500303588 -2.5839591645 -2.5168263302  0.8027033604  0.4127222660  0.0305851988  0.0699156495  1.0000000000 -0.1367194835 -0.2238176294  1.0000000000
-2.4712714215  3.2190438750 -0.8832657185 -2.8735595507  2.2595942844 -3.2155626770  0.1067573322 -0.2236161199  1.0000000000  0.1546494490  0.0573832589  1.0000000000
-2.7893159656 -0.1920070952 -1.0764063911 -2.5795876276  3.5859959995 -2.1678103718 -0.1788491369  0.0131444183  1.0000000000  0.2656644079 -0.1019033540  1.0000000000
-0.3796102838  1.4846888700 -1.5990135423 -3.3873505977  0.5601434413 -2.0662185424 -0.1327293493 -0.2341830051  1.0000000000 -0.0674905285  0.0909340989  1.0000000000
-3.2317225463 -0.4675222758 -0.7567041174 -3.0779115020  0.0746444486  0.0532956434 -0.2142153028  0.0047037085  1.0000000000 -0.1753865221 -0.0911374007  1.0000000000
-1.3130570212  3.6236820097 -2.2062098497 -4.9804044050  1.7693812166 -3.5236523270  0.2164075484 -0.2436094228  1.0000000000  0.2018960991  0.2145491456  1.0000000000
