170.8000000000
0
50
  4.3581494386  -0.8464866530 -14.0404905480   5.0560710893  -1.7126451911 -12.2794600736  0.1104207934 -0.0750703265  1.0000000000  0.1479506815  0.1214755033  1.0000000000
  3.3777550336  -1.1209784057 -12.5327544076   4.3727266043  -3.0663790641 -12.8668436796  0.1972568224 -0.0407195670  1.0000000000 -0.0120858689  0.1197632159  1.0000000000
  3.2649395259  -4.9897955224 -12.4895616250   5.7683690488  -1.1385950387 -11.4959166254 -0.2909419490  0.2292390594  1.0000000000  0.2167652913  0.2107375106  1.0000000000
  3.1660996565  -3.9429180285 -13.7244527910   4.9643504341  -0.6310673923 -14.0272268732 -0.1555845303 -0.0003393617  1.0000000000  0.1175587585 -0.1196630339  1.0000000000
  3.6054512738  -1.4763097570 -15.1535292658   3.7745421473  -3.2808246464 -11.9620452931 -0.0095123532 -0.2351454467  1.0000000000 -0.0105661075  0.1723567386  1.0000000000
  2.7381878807  -2.3041770719 -11.8315146043   5.0556900797  -2.0605705092 -14.0594941801 0.1153057321 0.1007931287 1.0000000000 0.0091729384 0.0024398320 1.0000000000
  4.8527591305  -1.4699345264 -11.3927275784   3.7317513867  -1.8188113400 -13.1021666752  0.2194294354  0.1839832596  1.0000000000  0.0483178830 -0.0465399580  1.0000000000
  5.5131775196  -2.1478346789 -13.2611576708   5.5053348936  -2.2082561462 -13.8075842710 0.0628429233 0.0855209861 1.0000000000 0.0264188539 0.0282758963 1.0000000000
  5.9035777431  -1.0193097147 -11.6714748821   2.6953623522  -4.2705673545 -12.0477519488  0.1792865502  0.1565548737  1.0000000000 -0.1379053730  0.2224010766  1.0000000000
  5.0204361633  -2.9810535018 -14.0515553981   3.6666394178  -4.6051181347 -12.4592206562 -0.0650961188  0.0260564319  1.0000000000 -0.2101871758  0.2306668999  1.0000000000
  3.9352551041  -0.3602042684 -14.3944189167   4.4227676349  -4.1800104957 -12.2668005816  0.1493470006 -0.1726825474  1.0000000000 -0.0862807372  0.2707745540  1.0000000000
  5.5628207153  -3.5523140353 -14.2113133102   4.4642889113  -1.1703609102 -14.6618840713 -0.1299121657  0.0903921701  1.0000000000  0.0598954484 -0.1321437043  1.0000000000
  3.1012166845  -2.5698662351 -15.0920682314   1.3084688735  -1.0412035449 -13.4405788989 -0.1367078992 -0.2008244077  1.0000000000  0.2011589746 -0.2643080841  1.0000000000
  2.9102558628  -0.9273182895 -14.4568500853   2.9617294056  -1.5987720746 -14.5458947633  0.1274700214 -0.2324424591  1.0000000000  0.0377526188 -0.2427062370  1.0000000000
  5.3334864061  -4.4487761018 -13.1601654937   1.3864473882  -0.7725427373 -12.5714060188 -0.1867600485  0.1832753430  1.0000000000  0.3118205191 -0.2002677350  1.0000000000
  3.2301874913  -5.2607395420 -12.1674743881   5.1511543110  -0.2493632218 -12.9550907333 -0.2529304961  0.2879481373  1.0000000000  0.2019700689  0.0035212582  1.0000000000
  2.3147657091  -2.1397516787 -12.8452188111   2.5028978435  -1.2454273311 -13.1014438443  0.0985422897 -0.0463998273  1.0000000000  0.1856900436 -0.1039441761  1.0000000000
  5.4593830400  -1.3109427035 -12.0833931925   2.7597333683  -1.8971730494 -10.7486898646 0.1817015989 0.1398857078 1.0000000000 0.2936635201 0.1940080862 1.0000000000
  4.8308852287  -0.2429361822 -13.3513919793   4.5666157051  -4.6183247002 -13.2064899944  0.2059530443 -0.0765806733  1.0000000000 -0.2116329521  0.1359065530  1.0000000000
  2.2754682066  -1.4599078180 -11.5081850800   2.6043407798  -4.1458392771 -13.1308455820  0.2408688841  0.0532519312  1.0000000000 -0.1891770269  0.0910673615  1.0000000000
  2.6725735808  -4.4824970842 -12.6643568728   2.5888551784  -2.7321802297 -11.9721514572 -0.2269319809  0.1440618149  1.0000000000  0.0416110592  0.0823334021  1.0000000000
  2.9072044928  -5.0874720664 -12.6201625338   3.9517967464  -2.2776483184 -15.1817473225 -0.2635285388  0.2023785593  1.0000000000 -0.0507332620 -0.1677001507  1.0000000000
  4.5979555643  -4.7646866646 -12.5503548796   2.5409978232  -0.3735590600 -13.5198173555 -0.1971008072  0.2335920651  1.0000000000  0.2362010284 -0.2568827850  1.0000000000
  3.8457254721  -4.2716797574 -11.8897461186   2.9538222773  -4.0844453214 -13.5011787352 -0.1252662408  0.2623693050  1.0000000000 -0.2052932306 -0.0267884577  1.0000000000
  3.0932048973  -2.1689095763 -12.0680848697   3.1379999689  -3.8470369007 -12.3244813644  0.1089880017  0.0879450366  1.0000000000 -0.0992388960  0.1872767387  1.0000000000
  3.8709013661  -4.7743885920 -12.7341960914   2.8264084327  -0.7444010361 -14.3467987290 -0.2200945558  0.2211355704  1.0000000000  0.0980375573 -0.2863006689  1.0000000000
  1.5702560123  -1.8601995319 -13.7595064606   2.7813192781  -2.7245412766 -11.1882398127  0.0336776253 -0.2441230827  1.0000000000  0.1675668183  0.2407494403  1.0000000000
  3.0057161285  -1.6037567169 -13.1397113789   3.8778225929  -1.8742500860 -11.8330728907  0.0683377834 -0.0568730665  1.0000000000  0.1730653566  0.1222814981  1.0000000000
  2.4319698634  -0.7442448945 -13.9168435674   3.8828295994  -2.4724872373 -14.3517241289  0.1868175841 -0.2119519305  1.0000000000 -0.0502920443 -0.0942160569  1.0000000000
  4.6641523290  -0.6371419282 -12.3251047606   3.9631149300  -2.0278959449 -11.6796123989 0.2343991741 0.0675110361 1.0000000000 0.1810989161 0.1250174750 1.0000000000
  4.0534756971  -0.9926249944 -14.3680274167   5.0539431010  -1.8075046587 -12.8609301240  0.0783728911 -0.1602450465  1.0000000000  0.0896897961  0.0410565372  1.0000000000
  4.1975004396  -1.8178676983 -11.9582397726   2.8140524785  -2.9126896718 -11.3610706534 0.1632750176 0.1083473265 1.0000000000 0.0734586234 0.2228827656 1.0000000000
  4.2938079683   0.0872691173 -13.5522409642   3.9510504893  -1.9099479826 -12.2193369043  0.2339453832 -0.1045864718  1.0000000000  0.1492497092  0.0853349989  1.0000000000
  2.1435475809  -0.7946430663 -13.8444675358   2.4897900477  -4.5239690770 -12.9334190141  0.1233565211 -0.2269684810  1.0000000000 -0.2447005135  0.1185817618  1.0000000000
  3.2559481986  -1.7306505762 -13.0356780543   3.9876805643  -3.2515495621 -12.0035016758  0.0631528240 -0.0184249357  1.0000000000 -0.0183997647  0.2023501550  1.0000000000
  2.7607440144  -2.4918465141 -12.1483650989   4.9068845184  -2.7543128263 -14.3536324728  0.0878362049  0.1025077416  1.0000000000 -0.0893609747 -0.0375029189  1.0000000000
  4.6148065302  -4.9244123816 -12.7074717963   2.2625255966  -0.6289069114 -13.5498094604 -0.2770167467  0.2250133168  1.0000000000  0.2092038238 -0.2635047688  1.0000000000
  6.0053388575  -4.1756532666 -13.4175316849   5.0808283329  -0.9566957759 -13.6401335557 -0.2065592206  0.2089454375  1.0000000000  0.0917877669 -0.0498152947  1.0000000000
  4.5888538713  -1.5847000707 -12.2685937415   3.9737801501  -3.0445264855 -12.3869433405 0.1051933751 0.0852683219 1.0000000000 0.0108297839 0.1506841541 1.0000000000
  3.3054839030  -0.4710635092 -13.5009683068   2.8201372359  -1.9563355161 -12.0091701089  0.2021785682 -0.1482629095  1.0000000000  0.1507836623  0.0556424218  1.0000000000
  4.8984126555  -3.1316104160 -12.7934268886   3.2391993189  -1.6796191107 -11.8663183612 -0.0277993854  0.1447165486  1.0000000000  0.1822877772  0.0965379519  1.0000000000
  3.4553011638  -0.6188763279 -13.8073058705   4.0054951818  -0.8250176397 -12.6790017988  0.1391167210 -0.1665685087  1.0000000000  0.2132213555 -0.0160983530  1.0000000000
  3.3969629708  -1.1896042868 -12.8775862744   3.6505597160  -3.0656168695 -14.3986661578  0.1758898883 -0.0227494515  1.0000000000 -0.1300283691 -0.0831553802  1.0000000000
  2.1161291359  -0.3066982110 -13.7168097577   2.1398647487  -2.1050978130 -12.4560443800  0.2185409684 -0.2977902774  1.0000000000  0.1269541279 -0.0528354566  1.0000000000
  3.0760122454  -0.1926441143 -14.1487237923   3.0876578289  -2.0585434194 -14.0872575581  0.1972495385 -0.2347709973  1.0000000000  0.0135551960 -0.1490937883  1.0000000000
  3.3811940004  -4.2349742170 -11.9695206346   3.6087356634  -0.4277420829 -13.3578254184 -0.1259291590  0.2585480062  1.0000000000  0.1931138298 -0.1085956848  1.0000000000
  4.0950212764  -4.5413573940 -12.9180397558   2.7371058854  -2.4080877070 -12.9514001374 -0.1995977112  0.1569768879  1.0000000000  0.0021323565 -0.0065592820  1.0000000000
  3.1360425087  -1.9347879227 -10.5125056146   5.4387245503  -2.6550482666 -14.3751928105  0.2984901443  0.2365640036  1.0000000000 -0.0668857624  0.0135797205  1.0000000000
  3.0694336938  -3.8983125288 -12.3220256153   2.8302848786  -2.5594465506 -10.9556130571 -0.0912351572  0.1673381223  1.0000000000  0.1870799854  0.2361516382  1.0000000000
  4.5815688365  -1.1205413328 -13.2412920487   4.9509445294  -4.7104724482 -13.1683901061  0.1649330369 -0.0205075720  1.0000000000 -0.1822404924  0.1603784532  1.0000000000
