210.2000000000
0
50
 1.3301431975  6.3153708745 14.4005024701  0.9148438807  7.8232571217 15.2415550427  0.0560911669  0.0594157193  1.0000000000 -0.0090394926  0.0918204132  1.0000000000
 2.2937438938  7.4764547490 15.1160786119 -1.0478638361  8.4609928117 15.1651961454  0.1862607530  0.1618124019  1.0000000000 -0.2107095024  0.1507519413  1.0000000000
 0.0510166632  5.1390118297 14.6139621284  2.6256905506  5.3926778413 15.3514790602 -0.1302240906 -0.2216267741  1.0000000000  0.2512753874 -0.0804884721  1.0000000000
 0.9059839398  5.2640473231 14.1642535315  0.8918670857  7.4108734800 14.7896247456 -0.0320411849 -0.1297023884  1.0000000000 -0.0183189186  0.1473736369  1.0000000000
-0.5977129105  6.6929371989 15.1713372691  2.1705252275  6.5037949932 16.5710233246 -0.1682944034 -0.0527808726  1.0000000000  0.2327862532 -0.0079945568  1.0000000000
 1.3053798838  6.3145755824 14.0024217085 -0.6455769801  5.7677250837 16.1593631351  0.0449004160  0.0691903153  1.0000000000 -0.1071984498 -0.1783132926  1.0000000000
-0.3601522398  6.1787114652 13.5615052459  1.3212643454  6.4832565440 17.8592951978 -0.2697983680  0.0053212635  1.0000000000  0.1574295880 -0.1262666462  1.0000000000
-1.4864424810  7.3853511141 16.3863509386  0.7913232139  6.4599286767 14.3246398905 -0.2017574413 -0.0753433019  1.0000000000 -0.0476807344  0.0629296444  1.0000000000
 2.0502782966  6.3070467649 14.6119997901  0.9323115641  8.6285273452 15.0091048287  0.1639242634  0.0187633026  1.0000000000 -0.0004441345  0.2365610581  1.0000000000
 2.7088837892  5.7120346676 14.6347033027 -0.0048479216  4.6857866246 14.9719411773  0.2678610445 -0.0050981550  1.0000000000 -0.1228417266 -0.3236385317  1.0000000000
 2.3272820384  4.6161102149 15.5595659223 -0.8224487442  7.9985367053 14.8572773949  0.2922948290 -0.2380357369  1.0000000000 -0.1913336509  0.1126012945  1.0000000000
 0.7795689426  8.6540393809 16.3677872620  1.4961030754  8.3224381199 17.1484387055 0.0258060244 0.1352593481 1.0000000000 0.1129697166 0.0798066680 1.0000000000
-0.5867423947  7.9767806502 15.9263369864  1.5980120032  8.5850416226 16.6792140286 -0.0372237074  0.1095075082  1.0000000000  0.0952332305  0.1613518958  1.0000000000
 0.9436772288  8.1361162247 13.7976374164 -0.4523717619  8.0153553598 16.8165886065 -0.1164782695  0.2868849481  1.0000000000 -0.0773458448  0.0295490209  1.0000000000
 2.0444815189  6.9175891885 15.7037023970  2.5758047246  7.3548568963 15.1096356006 0.1885835870 0.0340852211 1.0000000000 0.1622659712 0.1929642068 1.0000000000
 2.7850647735  8.3423418323 16.1855237551  1.5434539010  6.9186238004 16.1125741233 0.2372804874 0.1863721661 1.0000000000 0.1286243813 0.0744203465 1.0000000000
 0.7719171998  6.6435065725 16.2084764682  0.3052476006  5.7166538238 14.3700141916  0.0298639699 -0.0034600529  1.0000000000 -0.1155119609 -0.0420608520  1.0000000000
 1.5008868983  6.3042728041 18.3127684255  1.7826144765  4.4405004312 15.6364010057  0.1921900300 -0.1586153918  1.0000000000  0.2119426082 -0.2726760631  1.0000000000
 1.0894677911  6.8328093507 17.7307901744  0.3303160241  5.7496237111 14.8993846148  0.1595280076 -0.0753731883  1.0000000000 -0.0279416528 -0.1176264921  1.0000000000
 2.6043376621  7.6887824440 16.2135387132  1.3898166648  5.0530939597 16.3298645984  0.2639528098  0.1265942341  1.0000000000  0.1474753327 -0.1939130627  1.0000000000
 1.9292272211  7.1275698280 14.7166999842 -0.2277675986  5.7647406861 14.6567465228  0.1316827178  0.0977492579  1.0000000000 -0.1322031030 -0.1129432365  1.0000000000
 2.2391686841  7.2857188415 13.4500121934  1.9832489127  5.2665868657 17.2590370090  0.0933114523  0.2620061327  1.0000000000  0.2693032985 -0.2149457486  1.0000000000
-1.4665701938  5.9898123701 17.0707503588 -1.0665428874  6.4587155038 16.7444638018 -0.1348160457 -0.2144515785  1.0000000000 -0.0932517596 -0.1526527974  1.0000000000
 0.2847849852  5.7158499247 16.7062768425  1.9807465309  6.1732223416 16.0802387160  0.0417872025 -0.1752656648  1.0000000000  0.2135930553 -0.0613456269  1.0000000000
 1.2637842527  9.0419850842 15.9769138630  1.0139534979  6.8666334869 16.9652058225  0.0526511879  0.2328108049  1.0000000000  0.1117544355 -0.0179046238  1.0000000000
 0.6353089107  7.4825840456 15.3502848809  2.4283098628  7.7201586593 14.3572618532 -0.0054353885  0.1012182904  1.0000000000  0.1208086646  0.2428495282  1.0000000000
 1.8806385471  8.1605190155 14.9448737444  2.2068774434  5.9530840734 14.5049430642 0.0881300884 0.2465333355 1.0000000000 0.1818148238 0.0283459154 1.0000000000
 2.2461844419  5.5252518999 14.6979579630  2.6159125809  5.2085987737 15.7950454947  0.2010739947 -0.0493500018  1.0000000000  0.2928960596 -0.1281579975  1.0000000000
-0.1749996136  8.2021235120 14.1026290354  0.0505474588  7.0746574942 17.3908817807 -0.1806667831  0.2153938097  1.0000000000 -0.0012404389 -0.0692179662  1.0000000000
 0.0149505329  6.1184321864 17.1934366935  2.7687923398  7.9875834221 15.2901308943  0.0375976165 -0.1230498465  1.0000000000  0.2172942848  0.1974320538  1.0000000000
 1.4691143902  5.9433364495 14.5067946550  0.9400065453  7.5869147140 15.5156762859  0.0669303217 -0.0330427061  1.0000000000  0.0235277194  0.1069033745  1.0000000000
 0.4639659692  5.1783999274 15.4787100455  1.6210168476  6.4795963272 18.4118517814 -0.0021940450 -0.1961480178  1.0000000000  0.2358157051 -0.1305079901  1.0000000000
-0.1746724756  6.4393639103 16.5809803752  1.2469325031  6.7301088309 15.9390842527 -0.0372946013 -0.0875348744  1.0000000000  0.0571863030 -0.0012257484  1.0000000000
 1.3484546781  8.2657047656 15.0705285884  2.4234572759  8.2337566928 16.0508936235 0.0205386810 0.2458665619 1.0000000000 0.2231686599 0.1663606867 1.0000000000
-0.2868171630  6.9978455205 13.4067733210  1.8903210483  5.5835548269 17.4661766588 -0.2601553204  0.1471238096  1.0000000000  0.1825207140 -0.1539199442  1.0000000000
 0.1933642796  6.0576812747 16.1478420386  0.1877634835  7.3935930757 13.3980996147 -0.0021423085 -0.1162569193  1.0000000000 -0.1674975868  0.1929428619  1.0000000000
-0.6449135876  5.9073236865 16.4494057845  0.7723166484  4.7930547543 15.0329023768 -0.1059105031 -0.1610590255  1.0000000000 -0.0053291392 -0.2406786850  1.0000000000
 2.5348398101  7.2817491441 14.2404306672 -0.3157891311  6.5640931888 15.5128559754  0.1812076377  0.2083709403  1.0000000000 -0.1184147027 -0.0732245115  1.0000000000
 0.3507185001  7.7927735676 13.4145321221 -1.1345633535  7.6033462742 15.6633605497 -0.1827017591  0.2675034247  1.0000000000 -0.1817366821  0.0330670625  1.0000000000
 1.7099731301  7.7090831557 16.1847948898  1.7622728672  6.5806726155 17.0825335077  0.1566721919  0.0861980902  1.0000000000  0.1737019759 -0.0070086420  1.0000000000
-0.3568138545  8.8526269978 14.9236666815  2.4523623523  4.5808294516 15.7102602497 -0.1043204658  0.2228765219  1.0000000000  0.2962881838 -0.2418922435  1.0000000000
-0.1930433760  7.5997244594 13.7613041662  0.0519479872  8.6431301406 14.6734531315 -0.1877354222  0.1708475999  1.0000000000 -0.1101914824  0.1984072542  1.0000000000
-0.7277834744  4.7557528006 14.1682697243  0.3240594375  7.9628930163 16.4825359376 -0.2770211450 -0.2357089881  1.0000000000  0.0178434897  0.0685520953  1.0000000000
 1.1303042789  7.3236047214 13.5758173046  2.6903389588  6.6046419183 15.4218826691 -0.0316014347  0.2147404600  1.0000000000  0.2684446469  0.0847663476  1.0000000000
 1.1965555561  5.6352032386 15.7180683387 -0.0661522047  7.9331864315 12.8237807423  0.0997359016 -0.1165665824  1.0000000000 -0.2661904972  0.2684071647  1.0000000000
 3.2413839908  6.2873033710 14.4376012733 -0.0248819665  7.3734253163 13.2967080365  0.3513617298  0.0917585115  1.0000000000 -0.2294967121  0.1791206730  1.0000000000
 2.2353672180  4.5056877512 15.5432333812  2.5689072860  6.7489470759 14.8609459097  0.2668605106 -0.2454222765  1.0000000000  0.2386113965  0.1044447830  1.0000000000
 2.7679266445  7.4152602827 15.5958976414  1.2317257339  7.1895351780 15.5203635737 0.2193192164 0.1682745541 1.0000000000 0.0789456416 0.0592089678 1.0000000000
 0.2133382643  8.5384272405 16.6495626811 -1.1997378175  5.0690991467 15.1033836896 -0.0024134534  0.0987046966  1.0000000000 -0.2317477224 -0.2416395934  1.0000000000
 0.2240617475  6.1336052553 14.7401995983 -0.5248731463  7.7900811028 16.6576535083 -0.0686813336 -0.0391453698  1.0000000000 -0.1071751404  0.0043216688  1.0000000000
