943.2000000000
0
50
-12.2408970693   1.6824079761 -11.8748045388 -12.5035362794  -0.1409476065 -11.4963828687 -0.2514633997  0.1714817450  1.0000000000 -0.0313815419  0.1281210432  1.0000000000
-12.1424007064  -2.5212760770 -12.2191014236 -12.1784743106  -2.6499459866 -11.2786859301  0.0968173199 -0.1436513407  1.0000000000  0.1570508911 -0.1161090886  1.0000000000
-13.3714329756  -1.0491817388 -13.0925410499 -11.4356813409  -0.4901169291 -12.4880191976 -0.0005302635 -0.0600275880  1.0000000000 -0.1536480182  0.0048951451  1.0000000000
-10.8218669156  -2.3410336383 -12.5655708516 -13.1185504058  -1.7519199640 -11.2345300634 -0.0886167583 -0.2462117134  1.0000000000  0.1983657180 -0.0116221387  1.0000000000
-11.7036440511  -1.6715755897 -10.4778813390 -11.5390714191  -1.7561350342 -10.5433325126 0.1531734615 0.1349049749 1.0000000000 0.1450781828 0.1155944534 1.0000000000
-12.8226367343  -1.9387094312 -12.4335487045 -12.4490092528   0.0298856224 -11.6484812414  0.0456215561 -0.1029583051  1.0000000000 -0.0736771551  0.1261385164  1.0000000000
-14.3123868611   0.7991366108 -11.2250335556 -13.7645537921  -2.9914538971 -12.4716201414  0.0541967481  0.2142883347  1.0000000000  0.2077410807 -0.1899089116  1.0000000000
-11.6333430716   0.3548458471 -11.4209644160 -14.1269948134  -1.9143704385 -13.2367504396 -0.1301601172  0.1733155652  1.0000000000  0.0863608081 -0.1465648519  1.0000000000
-15.0759125733  -1.9469609753 -13.1808865431 -12.0485946065  -0.6672583519 -11.9131082372  0.1728367611 -0.1344963131  1.0000000000 -0.0781213667  0.0256830276  1.0000000000
-10.5889770717  -0.0279704693 -12.1268391087 -14.2366259549  -0.5242184186 -11.9030951601 -0.2860763770  0.1066714794  1.0000000000  0.0853323742  0.0844496395  1.0000000000
-13.5961680030  -3.2167138097 -12.3868488308 -11.8616637271  -1.8556793482 -10.8358436317  0.2115827215 -0.1824712355  1.0000000000  0.1361763922  0.0257309637  1.0000000000
-12.9385989741  -1.4716870453 -11.7867429696 -11.6296714010  -3.6421938920 -12.1972158796  0.0847837662 -0.0275556660  1.0000000000  0.1643910690 -0.3315267315  1.0000000000
-14.2836612793  -0.8468580103 -13.1150545522 -12.0183612629  -2.9715910131 -12.0866585667  0.0683270271 -0.0536282299  1.0000000000  0.1095558101 -0.2131945058  1.0000000000
-14.6661791103  -2.2900127755 -12.9562679129 -13.2551333597  -0.4619631483 -12.5118865669  0.1793390037 -0.1624491887  1.0000000000 -0.0305686352  0.0166730080  1.0000000000
-10.3601530618  -0.0670663479 -11.8072843280 -11.8762773790  -2.0433472639 -11.0879159687 -0.2504939778  0.1109233979  1.0000000000  0.1070667378 -0.0022896786  1.0000000000
-14.3427305312   0.1062151155 -10.6312605562 -12.9365390267  -1.3037756397 -14.1157029278  0.1272374775  0.2367807965  1.0000000000 -0.0495296835 -0.2265574318  1.0000000000
-13.0628891946  -1.7905668334 -11.2424491287 -11.9423973027  -2.3460537213 -10.5798184861  0.1781110294  0.0464431422  1.0000000000  0.2143790659 -0.0214499830  1.0000000000
-12.8529016536   0.3121889134 -13.4028062520 -11.8274744761  -0.3559720138 -11.9231076694 -0.1493243394  0.0213272284  1.0000000000 -0.1043512084  0.0740008523  1.0000000000
-11.1735745658  -1.5726952824 -11.5997962033 -15.1167956049  -2.2677542367 -12.9129470412 -0.0377183207 -0.0415071908  1.0000000000  0.1994738004 -0.1209101752  1.0000000000
-12.5242389218  -2.1206874665 -12.4616593936 -11.5373013681  -0.4609481365 -13.2914501704  0.0557911321 -0.0973588578  1.0000000000 -0.1705359405 -0.0753794541  1.0000000000
-10.3479694483  -1.4883744003 -13.4781285859 -13.1058304253   1.4551085570 -12.4768077234 -0.2538665715 -0.2516164174  1.0000000000 -0.1709055632  0.1436677768  1.0000000000
-11.9344104170  -2.5636932279 -12.0611628304 -13.4302966075  -0.0324728056 -14.2379831166  0.1100029617 -0.1697990285  1.0000000000 -0.1227508811 -0.1050000504  1.0000000000
-13.7920955055  -2.0980484684 -13.5727878615 -13.4481513972   0.0479077373 -13.5646557896  0.0575084817 -0.2437051712  1.0000000000 -0.0809467491 -0.0652346249  1.0000000000
-12.2211243874  -2.0690638363 -11.2226227642 -13.9819282618  -1.9424420620 -11.8056896357  0.1369673941 -0.0354730137  1.0000000000  0.2042761282 -0.0437467687  1.0000000000
-12.0936838993   0.9070603647 -12.1881150960 -11.4410350472  -2.1035898326 -12.5187362152 -0.1783675377  0.1431500007  1.0000000000 -0.0259912370 -0.1633433959  1.0000000000
-12.0215828394  -1.9759910934 -12.1256312278 -11.7800475852  -1.8494494456 -13.0099306541  0.0840996803 -0.0734548523  1.0000000000 -0.0684195113 -0.2125014783  1.0000000000
-12.7202072076  -1.7636591279 -12.2435961680 -12.1292129891  -3.1128994001 -11.2276524296  0.0515441510 -0.0647604230  1.0000000000  0.2006629820 -0.0807543280  1.0000000000
-12.7361003189  -3.6069929566 -12.1556246396 -13.6282558611   1.3134360804 -11.8073591477  0.2545487357 -0.2242633328  1.0000000000 -0.0558262696  0.2066996512  1.0000000000
-12.0645330942  -3.2121186187 -11.9912898359 -13.1461217474   1.0894375198 -12.5777553666  0.1852891112 -0.1978703209  1.0000000000 -0.1177683524  0.0957864721  1.0000000000
-14.4113976030  -2.2491600549 -12.0402263473 -12.9387386942   0.3440283716 -13.3711614547  0.1945041282 -0.0863077565  1.0000000000 -0.1392847324  0.0183154408  1.0000000000
-11.8660630389  -0.6602693979 -11.0273433859 -13.8759293036  -2.0311822426 -13.6676368945  0.0048302234  0.1264728669  1.0000000000  0.0585382652 -0.2162586742  1.0000000000
-12.7173260720  -2.7135001403 -10.6592141982 -13.0545832460   0.2221412658 -12.9505149102  0.2945227810 -0.0044840111  1.0000000000 -0.0707695297  0.0257321166  1.0000000000
-12.7533499589   0.5340120917 -11.9188979984 -12.2766927417   0.2069842184 -12.2598376923 -0.0944785067  0.1329210159  1.0000000000 -0.1527203406  0.0411103710  1.0000000000
-13.5942002670   0.7010707432 -12.1325597097 -12.2279994068   0.5209841672 -12.7511419375 -0.0479424177  0.1378058707  1.0000000000 -0.1877970673  0.0659061928  1.0000000000
-13.4369999640  -0.7850446359 -13.2646494675 -14.3215797035  -2.5958822983 -12.7742784309 -0.0337240036 -0.0434226121  1.0000000000  0.1856755003 -0.2002302308  1.0000000000
-14.2567914120  -1.0353809367 -12.8894020337 -12.5478824022  -2.5567289822 -12.5388205769  0.0290216848 -0.0709493345  1.0000000000  0.0913627977 -0.1981790707  1.0000000000
-13.4000470893   0.2275533238 -14.1956511061 -14.4433611823  -1.8063164628 -13.6933418766 -0.1407351472 -0.0354755431  1.0000000000  0.0715896536 -0.2096309357  1.0000000000
-11.6074838945  -0.7634663499 -11.0164727903 -11.6330644223  -0.6595106193 -13.6018259338 -0.0300835838  0.1152393820  1.0000000000 -0.1569800365 -0.1580487114  1.0000000000
-14.1190925301  -2.6778046395 -12.8368526353 -11.2541058960  -1.1033696010 -10.7473223709  0.1925986063 -0.1735136942  1.0000000000  0.0065487299  0.1433358620  1.0000000000
-12.2729492533  -2.3173242802 -10.9211140187 -13.8454453420  -2.6707874784 -12.1858794172  0.1894907808 -0.0050483204  1.0000000000  0.2303941416 -0.1446534137  1.0000000000
-11.9887680596  -1.5255281920 -13.6998915214 -11.1709772163  -1.5626633111 -11.7430946261 -0.1309536986 -0.1903211521  1.0000000000 -0.0123208264 -0.0484381956  1.0000000000
-14.0438978502  -1.3636841321 -12.2964736473 -14.6422634432  -1.5457041302 -12.5647752069  0.1413038154 -0.0389376752  1.0000000000  0.1101135666 -0.0735483150  1.0000000000
-12.9330383986  -0.8845266893 -12.0935747689 -15.0560498022   0.4241155278 -10.9530013091 0.0411482871 0.0101623972 1.0000000000 0.1289450302 0.1865649184 1.0000000000
-12.2372941434  -2.0838970311 -10.1826680247 -14.3914801859   0.1666516312 -12.1522017115 0.2484881352 0.0917514183 1.0000000000 0.0735903706 0.0949241419 1.0000000000
-11.5328070462   1.0356703636 -11.9366755646 -11.2488125588  -0.9791536450 -12.4655652140 -0.2267659207  0.1425897825  1.0000000000 -0.1258533522 -0.0410938825  1.0000000000
-11.2819608021  -0.1275581406 -10.7748239144 -13.1852559320  -0.5826535098 -10.0774029829 -0.0785440396  0.2215898367  1.0000000000  0.1289196018  0.2110741597  1.0000000000
-13.1064033176   0.8873097447 -12.7622810462 -12.9475934376  -0.7315694950 -11.9645990718 -0.1462545343  0.0762316186  1.0000000000  0.0260893253 -0.0043510662  1.0000000000
-11.0692116367  -1.0233560904 -14.0093449310 -14.9754476268  -2.6802746510 -12.8879246986 -0.2254378160 -0.1894633388  1.0000000000  0.2153765607 -0.1733314526  1.0000000000
-13.4212083280  -1.9709865447 -12.9596814359 -12.2195844450  -1.5639598730 -13.4862328555  0.0756630658 -0.1481204526  1.0000000000 -0.0866011453 -0.1755536516  1.0000000000
-10.4790770066  -0.7175005399 -11.7764526538 -11.5512136356  -1.0650811251 -10.3058532890 -0.1857048238  0.0839642042  1.0000000000  0.0552390819  0.1538201789  1.0000000000
