70.9000000000
0
50
-15.7924842943  -4.3678566397   5.3756802020 -14.5466176495  -4.1847207253   5.2669285179 -0.0169007679 -0.1298575569  1.0000000000  0.0485437066 -0.1012872061  1.0000000000
-16.6077499910  -2.3525488750   3.1989911748 -13.9544995049  -3.6329861200   3.1595806566  0.0757948634  0.1910067913  1.0000000000 -0.0566032023  0.1862619772  1.0000000000
-15.7289300604  -5.1334763738   3.6896324577 -15.7833767422  -3.0031180851   4.2992257525 -0.1786928017  0.0186330247  1.0000000000  0.0898775858  0.0987767854  1.0000000000
-16.2682945236  -3.0348551978   3.4495193866 -16.6547379609  -3.2828398261   2.7008312238  0.0110239785  0.1203465859  1.0000000000 -0.0571770736  0.1807454183  1.0000000000
-14.4535716597  -4.1761655690   3.6228780203 -14.3699729236  -5.1993952164   4.4127538659 -0.0808822551  0.0960592022  1.0000000000 -0.1322466356 -0.0789440777  1.0000000000
-15.9299438987  -4.7882630905   5.8425917355 -13.8669617886  -2.8521015532   5.2679618478  0.0098170108 -0.1440497030  1.0000000000  0.1868133590  0.0048247781  1.0000000000
-16.1252274751  -2.7289997968   5.1651479001 -14.5739478265  -2.5989481740   3.8845363737 0.1506311683 0.0119426027 1.0000000000 0.0992416425 0.2057187573 1.0000000000
-16.2920208837  -4.7222237572   3.6493159867 -12.7887025149  -3.2655020068   6.0811803143 -0.1273776094  0.0331359561  1.0000000000  0.2722901372 -0.0872122908  1.0000000000
-15.4713822200  -3.8032687803   5.9763422852 -13.5936736525  -4.1077661364   5.9650236407  0.1125329958 -0.1746559359  1.0000000000  0.1254841621 -0.1903612803  1.0000000000
-14.9812366919  -4.0955813966   3.8082632616 -16.4399557145  -4.1567791945   6.6825063006 -0.0899116256  0.0465274230  1.0000000000  0.0811267177 -0.2058348617  1.0000000000
-13.1594904004  -2.3313481014   4.5525998586 -15.4759215562  -5.2918825771   5.7946134492  0.2393586139  0.1958868404  1.0000000000 -0.0182258697 -0.1686749240  1.0000000000
-14.5212347656  -1.6596478685   4.2239414909 -14.0397041511  -3.3850678911   5.6203344006  0.2131710283  0.1903886056  1.0000000000  0.1751420166 -0.0563711952  1.0000000000
-12.9479001074  -5.2091442089   5.1202478382 -13.7123721267  -4.0387102656   5.8419642455 -0.1160298684 -0.1676040012  1.0000000000  0.1156839533 -0.1395075617  1.0000000000
-13.0360721756  -1.8305903395   4.2043226141 -16.3422531425  -5.9794221493   5.0283101151  0.2724669122  0.2721476454  1.0000000000 -0.1494324185 -0.1947191120  1.0000000000
-14.8314880696  -2.7110391701   4.7141897031 -16.3484954993  -2.7870101420   5.0700896739 0.1462898438 0.0736468684 1.0000000000 0.1286083518 0.0081989925 1.0000000000
-15.3571367302  -3.3284180830   4.1789089462 -14.9053663011  -4.0007090584   5.5409550511  0.0631824482  0.0626831271  1.0000000000  0.1096340582 -0.0885923524  1.0000000000
-16.3804848534  -3.0878739079   3.6938591502 -16.2695420158  -3.3635223895   6.8418027672  0.0113651595  0.1132813542  1.0000000000  0.1990396187 -0.1682359586  1.0000000000
-15.5466677191  -5.8544674167   5.1536815423 -16.8383674000  -4.4026614291   4.9665305772 -0.1522462402 -0.1608440969  1.0000000000 -0.0254503149 -0.0977765802  1.0000000000
-15.5714776201  -4.5285207669   4.4694536269 -15.2697631474  -4.5644900488   5.2365974105 -0.0354230009 -0.0001918886  1.0000000000  0.0189583652 -0.0628307079  1.0000000000
-15.7405596315  -4.4544149491   2.6797772996 -14.8258762373  -2.9392295107   4.2481678148 -0.1287205380  0.1485422969  1.0000000000  0.0900176068  0.1103886601  1.0000000000
-14.2121836594  -4.8585937372   4.6601063179 -16.3122139222  -2.5109274792   3.5516625013 -0.0893599974 -0.1149023750  1.0000000000  0.0923245546  0.1321258399  1.0000000000
-14.9332559770  -3.5120685337   3.3769447334 -13.1591401979  -3.6421681287   4.1294597273 -0.0044277152  0.1654315368  1.0000000000  0.0474008058  0.0963427537  1.0000000000
-12.9982320938  -4.0923205386   5.5569835326 -13.7162028013  -2.9511986915   6.2812039432  0.1137436003 -0.1037712549  1.0000000000  0.2684691359 -0.1037328087  1.0000000000
-15.7151199530  -5.3710073691   5.9851532900 -12.9792485943  -3.2957675884   4.7266777991 -0.0706575816 -0.2173813747  1.0000000000  0.1144611370  0.0506345856  1.0000000000
-14.9824001321  -4.3357907837   5.0808956596 -15.3976415194  -4.0219672639   2.6761864160  0.0090840261 -0.0438488225  1.0000000000 -0.1129350472  0.1722675468  1.0000000000
-14.2323134118  -4.3704013758   5.7599652116 -15.6504892874  -4.7909702758   5.7501338930  0.0739541896 -0.1611863991  1.0000000000  0.0319751104 -0.1431486107  1.0000000000
-14.1167883047  -4.2573034449   3.5576907110 -15.6897354696  -1.6577784339   4.6834600107 -0.0638404332  0.1334934255  1.0000000000  0.2197939343  0.0983747546  1.0000000000
-13.9345748408  -3.9428800656   3.0799980242 -16.6666871995  -4.3996331484   6.2269292494 -0.0947794575  0.1698012043  1.0000000000  0.0680573099 -0.1803889309  1.0000000000
-16.3513024613  -2.8447322194   3.9672903787 -14.0526451689  -4.1937897068   2.9611807378  0.0599200234  0.0771949895  1.0000000000 -0.1476991321  0.1758699770  1.0000000000
-12.8926239302  -4.1828225129   5.3266569123 -15.0192245874  -5.1631345936   6.0834921061  0.1029755768 -0.0849844856  1.0000000000  0.0279699399 -0.2467205882  1.0000000000
-15.7696402459  -3.6034829916   5.4181607902 -14.2473400092  -3.9861676233   6.8130930962  0.1332583512 -0.0176750464  1.0000000000  0.2045441705 -0.2239261607  1.0000000000
-16.1833258244  -4.0958699255   4.9359337241 -13.5555621854  -5.5103844313   5.3334766487  0.0108546537 -0.0297885351  1.0000000000 -0.1183011253 -0.1937579889  1.0000000000
-13.4592267500  -5.3772059103   3.9742142852 -14.7115048375  -5.1636889411   4.2804685012 -0.1879571049 -0.0174129756  1.0000000000 -0.1126483945 -0.0692193420  1.0000000000
-13.1394614498  -2.9542418536   6.3351546709 -15.6160246305  -2.6023524665   4.7692969330  0.2971684092 -0.1108785143  1.0000000000  0.1234458787  0.0604362145  1.0000000000
-16.6965224743  -4.6006957237   3.2321460114 -15.2130847772  -5.7220170588   4.9335071902 -0.0999461382  0.0491722957  1.0000000000 -0.1526709633 -0.1579966687  1.0000000000
-12.8322707662  -3.0048160985   3.3922509205 -15.7793691198  -4.0774109298   5.5802472389  0.0508415809  0.2839728845  1.0000000000  0.0565121906 -0.0839978865  1.0000000000
-15.2524188085  -6.4958923572   4.7519002654 -13.2611986181  -5.7753616586   4.6701697225 -0.2400967209 -0.2130633379  1.0000000000 -0.2039445087 -0.1752338934  1.0000000000
-14.3842190752  -3.8348353302   5.1837420190 -14.9512573978  -4.7221964314   2.2991971794  0.0650172701 -0.0207891430  1.0000000000 -0.1910498006  0.2051028296  1.0000000000
-15.7550391979  -3.3916764005   2.6837541363 -15.6632821152  -1.8752884518   5.0335503297 -0.0371401647  0.2117229703  1.0000000000  0.2320570514  0.0938771841  1.0000000000
-14.9717325203  -3.1090649597   4.3808470570 -15.7393133506  -3.4318294578   6.1925549678  0.0240558149  0.0699202334  1.0000000000  0.1728328510 -0.1007418043  1.0000000000
-16.5162638177  -3.5265550516   5.8558446300 -14.9843623650  -6.6710869542   5.1379339186  0.1007484085 -0.0981606768  1.0000000000 -0.2417890250 -0.2834501617  1.0000000000
-13.2768864023  -5.1665522047   3.5824346839 -13.2419092595  -4.1088383405   3.9065458265 -0.2366849141  0.0655091755  1.0000000000 -0.0494198889  0.1163053916  1.0000000000
-14.0186314366  -4.0631676358   6.8009800279 -16.3823107696  -3.0716902671   4.6164379512  0.1906761129 -0.2432501977  1.0000000000  0.1063536577  0.0646583351  1.0000000000
-16.5820667491  -3.7086622769   5.2887706793 -14.1217995287  -5.4798217263   5.4962527429  0.0918863041 -0.0584435455  1.0000000000 -0.0904340177 -0.2033965114  1.0000000000
-13.9977098251  -5.3148120189   2.8844106992 -16.6547591582  -4.9404830841   4.2007973107 -0.2637913959  0.0963067914  1.0000000000 -0.1143153943 -0.0141427291  1.0000000000
-15.9829498124  -4.2498351047   5.0876333098 -14.8894723719  -3.1920591777   3.5300506423  0.0138667482 -0.0575163681  1.0000000000  0.0332292787  0.1914515573  1.0000000000
-15.0560845266  -4.3454690304   2.2043820825 -15.7576822612  -4.1242650722   6.5765893312 -0.1868353974  0.2198220075  1.0000000000  0.1141534612 -0.1856618595  1.0000000000
-13.2876381987  -3.5015182704   5.8372084955 -16.6274219757  -4.7678664797   5.0933237260  0.2074343149 -0.1383147269  1.0000000000 -0.0497547538 -0.1232574260  1.0000000000
-15.3133359479  -3.7894866038   6.1471889704 -13.7862919862  -2.8455875455   5.4955294108  0.0995973400 -0.1466487711  1.0000000000  0.2396891810 -0.0195668367  1.0000000000
-15.0967324032  -3.1306678738   3.7708816528 -15.0477971852  -1.8790515296   4.8794326829 0.0542140304 0.1157840058 1.0000000000 0.2453722145 0.1308008962 1.0000000000
