929.6000000000
0
50
 2.8338556778  2.0067301812 -6.6592790564  2.9320705401  2.3459690283 -6.1770544767 0.0305688825 0.2074562860 1.0000000000 0.0715550503 0.1729422319 1.0000000000
 0.7232795324  3.2894203945 -7.4492402168  2.6648212879  6.1938394074 -7.1005739427 -0.0713167027  0.1406032369  1.0000000000  0.1784803296 -0.1158093763  1.0000000000
-0.3106606939  5.1796954788 -6.0436039276  0.6615694396  3.9220632691 -7.6707583711 -0.1649608276 -0.1108127508  1.0000000000 -0.0393665477  0.0887314059  1.0000000000
 2.1308005502  3.1364439430 -8.3521413286  0.5432468978  3.8212088364 -5.5287909021  0.1138647045  0.2207862237  1.0000000000 -0.1690811403 -0.0419439393  1.0000000000
 1.2743450970  4.7597818201 -4.8972411325  1.2319250862  2.5993831172 -6.2538746730 -0.0597643454 -0.1770022652  1.0000000000 -0.1102927509  0.1297480945  1.0000000000
 1.3586639907  1.3777341701 -6.1943112217  2.9946823722  6.2139742577 -6.9087772523 -0.1293283482  0.2911190748  1.0000000000  0.2294962147 -0.1627482503  1.0000000000
 3.0863579837  2.6828331477 -7.6965295107 -0.2963424549  2.7435086985 -7.0480917603  0.2071563812  0.2695165680  1.0000000000 -0.2098661922  0.1514155893  1.0000000000
 0.7479189600  2.9697743719 -7.2136164632 -0.3043019052  3.1168613015 -6.9043368448 -0.0451837997  0.1112448020  1.0000000000 -0.1743708109  0.1629768697  1.0000000000
 0.9610964478  2.4652205812 -4.6483675362  1.0748406412  5.8704146051 -6.1018826665 -0.2567403340  0.0218266192  1.0000000000 -0.0192456528 -0.2009710228  1.0000000000
 3.1969866481  2.4260186724 -5.4622299961  1.8878942045  4.5358513664 -4.4104338759  0.0727922376  0.0676511079  1.0000000000 -0.0611669424 -0.2103471925  1.0000000000
 1.2810991887  4.4054563935 -5.7005991718  1.5005224027  5.5201062301 -6.0857676036 -0.0177494744 -0.0680510649  1.0000000000  0.0423582537 -0.1104235247  1.0000000000
 1.3495733916  4.0577855074 -7.1656551235  1.3515980781  4.1635116659 -5.9448292654 -0.0176089876  0.0478106131  1.0000000000 -0.0544380926 -0.0806988687  1.0000000000
 0.8566317011  4.9338006930 -5.0319296465 -0.5699391011  2.8683337713 -7.5403796710 -0.0992309712 -0.1634261184  1.0000000000 -0.2275533214  0.2030642000  1.0000000000
 1.3399602208  6.0353002331 -6.4215158319  1.7126404138  6.5394128035 -6.4738881508  0.0456687268 -0.1609137999  1.0000000000  0.0737879088 -0.1504192975  1.0000000000
 1.5861430087  4.7470300237 -4.6310243643  2.6645925139  2.8909063160 -4.6306664973 -0.0641855648 -0.2083594081  1.0000000000 -0.0028107971 -0.0407464224  1.0000000000
 3.1547147921  5.3288533516 -5.0951376628  2.9474552170  3.9261073510 -8.3879873185  0.1787585708 -0.2476696362  1.0000000000  0.2145999210  0.1746923698  1.0000000000
 2.6816132697  3.0502192805 -6.0156883602 -0.2457222702  4.7004297684 -5.3159279412  0.0598370429  0.0094968365  1.0000000000 -0.2115646833 -0.1099883961  1.0000000000
 1.3509503032  1.5056707606 -5.5474181973  0.7006489337  2.2434300605 -5.8389053406 -0.2025735751  0.1915547718  1.0000000000 -0.1481804273  0.1536441520  1.0000000000
 1.1457130454  2.6201221291 -6.0065783720  0.1965322596  4.0207245805 -7.5004284676 -0.1178664843  0.1217549141  1.0000000000 -0.0745039743  0.1030222173  1.0000000000
 1.2395332680  5.0915664195 -5.4009641645  4.0627808536  3.9529910413 -4.5065810921 -0.0707156573 -0.1696854072  1.0000000000  0.2211859612 -0.2164057365  1.0000000000
 3.2754689319  3.7614049127 -6.7500092048  3.2418510975  3.7604313465 -5.2835643641  0.1908477514  0.0392161056  1.0000000000  0.1147306178 -0.1000696629  1.0000000000
 2.0113791735  2.3310403178 -5.3012996592  1.6713602590  4.6389334787 -6.6197601101 -0.0971714777  0.0779769296  1.0000000000  0.0315067768 -0.0349939721  1.0000000000
 1.1472716497  4.0184048616 -6.8165894490  0.0255716126  2.8813283654 -7.8191326423 -0.0292491449  0.0466733577  1.0000000000 -0.1235472402  0.1803383325  1.0000000000
 2.4641778335  5.7125099740 -7.6866152695  3.0223262247  3.6421104477 -5.1557966108  0.1672357718 -0.0498956268  1.0000000000  0.0978532114 -0.0576619992  1.0000000000
 3.0700267214  5.4846994559 -5.2391719330  3.0237654788  6.5655706874 -6.5095286426  0.1517773450 -0.2537087981  1.0000000000  0.2270686256 -0.1730837446  1.0000000000
 1.9909362094  4.3198505214 -6.4878580179  3.5501276370  3.7886607375 -7.2043663986 -0.0034941622 -0.0204520920  1.0000000000  0.1917645647  0.1079979339  1.0000000000
 2.9624114417  2.1978167226 -6.2395001331  0.4159003199  3.0472035090 -5.4726428541  0.0979265052  0.1865118968  1.0000000000 -0.1852006725  0.0494772536  1.0000000000
 3.4019125629  3.4782498156 -4.6099331148  2.5329886583  4.7474448506 -5.3399901832  0.0677313571 -0.1005835771  1.0000000000  0.1241693214 -0.1586187136  1.0000000000
 0.0823692991  4.5482425525 -4.7549113610  1.5274146773  4.2023498880 -5.6185272092 -0.2406006200 -0.1349087489  1.0000000000 -0.0475412555 -0.0431578405  1.0000000000
 2.3413144810  1.9548888161 -5.8994046221  0.9464307813  4.3034785645 -7.5233019070 0.0136272860 0.1687103463 1.0000000000 0.0079771153 0.0466898057 1.0000000000
 2.6881260723  5.9233766454 -7.2663161929  2.3169343669  3.1168662708 -6.8929823172  0.1942542766 -0.1160322362  1.0000000000  0.0344614115  0.1360476098  1.0000000000
 1.7812599998  2.2929232929 -6.9113031098  4.6035757864  3.6353768417 -5.4696900018 -0.0015209294  0.2184357155  1.0000000000  0.3485108948 -0.0718707495  1.0000000000
 2.1339786788  2.8180865453 -4.5534681111  1.4798587504  3.1759544068 -7.6555414640 -0.0733207130 -0.0575717626  1.0000000000  0.0089100808  0.1562387562  1.0000000000
 2.8885043047  3.6247337731 -5.9569413772  0.7204874070  4.3008011469 -3.7368144992  0.0783522531 -0.0069342007  1.0000000000 -0.2502448219 -0.2600333420  1.0000000000
 2.7686905189  5.7048536981 -6.4537826877  2.7389760076  4.1728804407 -4.2128917579  0.1533229606 -0.1590556485  1.0000000000  0.0168934383 -0.2489413918  1.0000000000
 2.8245639651  5.8697481826 -5.6060538396  2.0637928432  3.9540813131 -6.2969514445  0.1782416168 -0.2377522184  1.0000000000  0.0504913874 -0.0064584983  1.0000000000
 2.5370530433  1.6284107061 -6.2828774457  3.0919428026  2.9743658851 -8.1598654418 0.0110316339 0.2274685611 1.0000000000 0.2055619364 0.2553341447 1.0000000000
 1.3251017058  5.0688687817 -4.8676358573  0.1940615136  3.4436827176 -7.3335242978 -0.0797415773 -0.1966768200  1.0000000000 -0.1304228219  0.1486045364  1.0000000000
 3.0548030600  4.9275631528 -5.1472420487  3.8049135898  3.1656809466 -5.2585145538  0.1031283768 -0.2093881745  1.0000000000  0.1913626531 -0.0324376110  1.0000000000
 4.4676684438  4.2830150473 -4.9431539344 -0.2910864367  4.7376947709 -6.1097293008  0.3095229794 -0.1720384448  1.0000000000 -0.1671580251 -0.0753687168  1.0000000000
 0.6944548871  1.7647181819 -6.4480731504  2.9549072619  3.2817281230 -5.5311857847 -0.1934822675  0.2285178787  1.0000000000  0.0635196815  0.0233019946  1.0000000000
 1.6362175475  4.0508151916 -7.2328307822  2.7063867882  4.1356852550 -4.7505129128  0.0275082829  0.0891173452  1.0000000000  0.0607115365 -0.1704217122  1.0000000000
 3.0927147460  2.2525930769 -6.0390349649  1.7391128662  3.1690911180 -6.2124669035  0.0895193866  0.1496878699  1.0000000000 -0.0738853279  0.0441927169  1.0000000000
 1.8570195469  5.7254651005 -5.3372349760  0.5858937836  4.3284636181 -3.8725209470  0.0749226806 -0.2463399707  1.0000000000 -0.2232501556 -0.2388550898  1.0000000000
 1.7506397906  3.8161019429 -3.7664591908  3.0721611251  4.3918025592 -4.0163041774 -0.1652037785 -0.2240512149  1.0000000000  0.0830122800 -0.2720121299  1.0000000000
 2.7163880746  3.2583190477 -5.2559152177  0.7533560283  2.2790720426 -5.2684529178  0.0253148966 -0.0055099102  1.0000000000 -0.2499136981  0.0966873983  1.0000000000
 1.7974888901  5.2065932018 -7.2765067576  3.3929161805  3.7310252934 -7.1050531581  0.0787386849 -0.0134584570  1.0000000000  0.2055926839  0.0787193976  1.0000000000
 3.5204825109  2.0447685102 -5.9026374008  1.1503856277  4.7164985990 -5.5174615402  0.1513451717  0.1800434513  1.0000000000 -0.0746196799 -0.1139818832  1.0000000000
 2.2831646909  1.3572625078 -5.7632052305  1.5070922178  4.5388449851 -5.6692445730 -0.0695722434  0.2796185720  1.0000000000 -0.0641884706 -0.0932397381  1.0000000000
 1.8986059715  4.2648604225 -6.3052506896  1.6059855474  4.4886961878 -7.2228561147  0.0310681766 -0.0399263376  1.0000000000  0.0414071983  0.0350876730  1.0000000000
