858.6000000000
0
50
12.0477870078 15.6619319122  7.3076369673 11.8297807413 15.9011226789  9.4170897011 0.2190944078 0.3259461895 1.0000000000 0.1129922012 0.1596884559 1.0000000000
10.2419424021 14.5954374766  9.2402912348 11.3389309154 15.4442474916 11.4702174991 -0.0694125412  0.0333411036  1.0000000000  0.0559654712  0.0077147964  1.0000000000
 9.4549359018 14.1369772393 11.6666542624 11.2873659018 13.9834715527 10.8382039275 -0.1807841200 -0.0910803586  1.0000000000  0.0387699037 -0.1591970906  1.0000000000
10.6582667113 13.1124778764  9.3412831374 10.1059261032 12.5432006694  9.4052438698 -0.0126302581 -0.1525797214  1.0000000000 -0.0838959865 -0.2427979940  1.0000000000
10.6147956478 15.1475430482 11.7700629420  9.4540848897 14.1691657852  9.6979709192 -0.0310158010 -0.0846490958  1.0000000000 -0.1789765953 -0.0438173901  1.0000000000
 9.4446437026 14.2563299141  9.6926628504 12.4736934242 15.6923532297  7.8120320882 -0.1778832765 -0.0617985261  1.0000000000  0.2571629561  0.2820080927  1.0000000000
11.2143706232 14.4828433084 11.9730989140 12.7755729498 12.8015819657  9.6613598478  0.0111814566 -0.1375447976  1.0000000000  0.2876470098 -0.2829005301  1.0000000000
 9.6654938037 16.3921475057 10.6482204616 10.6638783434 14.9973388697 11.5919690005 -0.1402342339  0.1583973304  1.0000000000 -0.0391346497 -0.0790308514  1.0000000000
11.2644388617 14.5745445854  9.6983235771 11.8221126766 15.6003108269 11.1387803950  0.0277357329 -0.0121207793  1.0000000000  0.0654879949  0.0191967702  1.0000000000
 9.0366630539 13.9707879755  9.2817947497 10.8175850996 15.6134157126  9.7594389440 -0.2511007492 -0.0819761652  1.0000000000  0.0618718080  0.0967465859  1.0000000000
12.7526675308 13.3513172817 11.3307032525 12.5559768325 14.1284832411 11.5591917426  0.1867008868 -0.2516502626  1.0000000000  0.1471341266 -0.1382419552  1.0000000000
 9.3814560259 13.6331528376 12.0075338127  9.4182490883 13.4618822060  9.7950646402 -0.2011355019 -0.2380365898  1.0000000000 -0.1656495015 -0.1370673231  1.0000000000
12.5979355949 12.5021264825  9.7123879939 10.0023877003 15.7744777528  9.0029842504  0.2833609630 -0.2906455588  1.0000000000 -0.0963322937  0.2070268890  1.0000000000
12.2292243711 14.2846169710 11.1875198142 10.2199333302 12.9813743648 10.2723274816  0.1593473623 -0.1480244531  1.0000000000 -0.0657456073 -0.2257283072  1.0000000000
12.2210513626 14.7717990489 12.0940697400 10.5193683161 14.8102095328  7.9617550225  0.1502510341 -0.1261461181  1.0000000000 -0.0169303029  0.1704937208  1.0000000000
10.8510782891 14.4494671934 10.2460860397 11.4609421370 13.4986618195 10.2361715729 -0.0340603634 -0.0729963770  1.0000000000  0.0934449991 -0.1462151366  1.0000000000
11.3714217308 15.7661046667  8.3213339093 12.5329713007 13.0921858860  9.8056584140  0.0920466217  0.2128559382  1.0000000000  0.2318713704 -0.2001978709  1.0000000000
12.6118900363 14.0081524126  9.8913746635 11.9063128133 15.0757450303  9.0687105357  0.1697796161 -0.1361999299  1.0000000000  0.1694214713  0.1106278057  1.0000000000
13.0446581445 14.5832141872 10.4948239650  9.2316487496 15.2726206662  9.6411288698  0.2609740121 -0.0641541620  1.0000000000 -0.2210398912  0.0791214815  1.0000000000
10.3414007391 15.7269662342 10.6758062277  9.2210417328 15.3134483902  9.8760894354 -0.0880531461  0.1163557500  1.0000000000 -0.1856850781  0.0934190599  1.0000000000
11.1282047490 14.3135305898 12.2285851636 11.5207777310 14.6606137329  9.5350080104  0.0167638609 -0.1861464166  1.0000000000  0.1067013749  0.0273549552  1.0000000000
11.4283017355 16.6544441034 11.3152235542 11.9126390697 13.4425978581 11.3751435515  0.0293456015  0.0947888003  1.0000000000  0.1138383059 -0.2170241436  1.0000000000
 9.1077963720 14.7461836747 10.6245993422 11.6354797724 15.7072063525  9.3564077794 -0.2159852419 -0.0049311217  1.0000000000  0.1056811016  0.1532803377  1.0000000000
 9.1088409636 13.9652580223  9.5632074144 11.6951959543 15.3144952386  8.4660384173 -0.2318126296 -0.0592201729  1.0000000000  0.1084502229  0.1877432044  1.0000000000
10.3496603764 14.4675689787  9.4767707970  9.0471325555 16.6873757597  9.9256145376 -0.0733169605  0.0097775802  1.0000000000 -0.1977468430  0.2298715121  1.0000000000
 9.6321261718 16.4821817309 10.2680022666 11.5521362456 13.2304774001  9.3114894356 -0.1687720507  0.1780587383  1.0000000000  0.1611697203 -0.1344991140  1.0000000000
10.9053029003 14.4503596133 11.7361593454 10.7014861168 15.8971305947  8.9842399419 -0.0254450817 -0.1294236445  1.0000000000 -0.0048898269  0.2014215486  1.0000000000
12.3815708480 13.6875536834  8.5375503225 11.4040727299 15.3632667245  7.8615695888  0.2458429752 -0.0640541057  1.0000000000  0.1296052921  0.2004334430  1.0000000000
 9.4798912911 13.9437001489 12.0230761196 12.5970492865 14.7754618790 11.3948241306 -0.1779393741 -0.2152532964  1.0000000000  0.1527067540 -0.0738772215  1.0000000000
10.4226070336 15.3621948905 10.1451910399 10.4833103844 14.7079805522 12.1615019474 -0.0836149219  0.0442034490  1.0000000000 -0.0733274942 -0.1251366487  1.0000000000
 9.8096255385 17.1801147307 11.0099440135 10.4632889696 12.5930019518  9.5050170211 -0.1432497969  0.1597318723  1.0000000000 -0.0390053548 -0.2303122590  1.0000000000
11.5424424110 16.7022626268 10.2286257206 10.8525462242 13.4214915210  9.4778756930  0.0633094173  0.1696097060  1.0000000000  0.0308157631 -0.1252697351  1.0000000000
12.7121427893 14.4974234340 10.7508799486 12.1491837206 14.6279521212 10.3186036694  0.1586924834 -0.0980227887  1.0000000000  0.1574913064 -0.0590908240  1.0000000000
12.4110344462 13.1936015053  9.5687113970  9.7703923665 12.7572709207 10.4939583248  0.2318346879 -0.1655572686  1.0000000000 -0.1448921903 -0.3218973117  1.0000000000
12.0476593443 14.4012645443  8.6352295923  9.2150927158 14.8449041104 10.4368014263  0.2156541363  0.0210568385  1.0000000000 -0.1986246072  0.0033548216  1.0000000000
13.0471292038 15.1388249505 11.1488208883  9.4728754191 15.8412205955 12.0538212696  0.1993935349  0.0026319004  1.0000000000 -0.1731621681  0.0083136945  1.0000000000
12.7502336907 13.8199786107  9.9332882686  9.6062612605 13.8542213876  8.6517739597  0.2897397625 -0.1139264835  1.0000000000 -0.1742134661 -0.0410066489  1.0000000000
11.2239335611 13.5463325352 10.8519786113 12.7242912056 15.3195667149  9.2675533148  0.0600118849 -0.1623742423  1.0000000000  0.2569185748  0.0615876354  1.0000000000
 9.3383124350 15.8009892102  8.4976772058  9.4451745774 13.1156437916  9.3731144147 -0.2020253712  0.2535697549  1.0000000000 -0.2473487931 -0.2186844658  1.0000000000
11.7490251133 14.0151273819  9.4597158875  9.5134396393 15.5367656500  8.1092233259  0.1429975493 -0.0516564978  1.0000000000 -0.2054733462  0.2191831025  1.0000000000
11.2396166813 14.9978069935  8.3872280467  9.2898680242 14.9801029430  8.5642831631  0.0782609511  0.1313001685  1.0000000000 -0.2006984802  0.1540148524  1.0000000000
10.5220244047 12.9464132227  9.7451334703 12.3524866033 12.9041837779  9.2703704531 -0.0291111517 -0.2205330097  1.0000000000  0.2475716024 -0.2580426676  1.0000000000
 8.8945096026 15.2003172423  9.4945853450 11.9837302198 14.1522399365 12.0953052506 -0.2552757257  0.0588246325  1.0000000000  0.0374676025 -0.1694052848  1.0000000000
11.6060353160 14.8252980666 11.5899291821 12.5470106740 15.3954741033 11.7947886223  0.0409811335 -0.0975024720  1.0000000000  0.1513515078 -0.0793882192  1.0000000000
 9.6360375485 14.8578843741  8.6118781561  9.5971247495 16.5670367893 10.9704049637 -0.1487741758  0.1277356787  1.0000000000 -0.1245760102  0.1548384460  1.0000000000
12.0794910983 15.5455425131  7.4968833785 11.4839678891 13.6534058969 11.4347895515  0.2527246720  0.3024844936  1.0000000000  0.0632292366 -0.2049682275  1.0000000000
12.0326424747 14.5456198500 11.4743749003 12.3302439674 13.8917940032  9.0659574694  0.1436905728 -0.1157628374  1.0000000000  0.2324840550 -0.0663171010  1.0000000000
10.9198533671 14.9006238008  8.1550259260 11.3568124340 14.4942962211  8.3160338411 0.0533738632 0.1225058890 1.0000000000 0.1345513591 0.0362891511 1.0000000000
12.9829860183 15.2079519608 10.8398174688 10.4417405419 14.4548469742  9.8022586613  0.2540543988 -0.0158394748  1.0000000000 -0.0826667418 -0.0199294826  1.0000000000
 9.1232868957 14.6344629599  9.1135314331 12.4163370348 14.4528433565  9.7278193818 -0.1956777862  0.0700187277  1.0000000000  0.1802308210 -0.0512255453  1.0000000000
