831.6000000000
0
50
-10.6365201189   2.4624487911   4.9348265316  -8.0822306741   0.4940200630   5.3810132876  0.1201318409  0.0412943518  1.0000000000  0.1491646016 -0.2335257479  1.0000000000
-10.4090553572   2.9883513602   5.5899050081 -10.0957829016   0.9410898743   5.0128883366  0.1507874464  0.1530140940  1.0000000000  0.1741800532 -0.1079406461  1.0000000000
-11.2843189555   3.2456755859   4.7081248251  -9.7505706382   0.8071299413   5.6396960090  0.0496958160  0.1136232867  1.0000000000  0.2359473539 -0.0825107022  1.0000000000
-8.2990965515  4.3658048459  3.8721423638 -7.6768375982  2.5330225042  4.0998976772 -0.2263142565  0.1521933513  1.0000000000 -0.0953482833 -0.0697563680  1.0000000000
-10.0917677854   1.2365643262   4.7242317780  -9.8540404536   1.3226736148   3.3389060990  0.1608171436 -0.0990217571  1.0000000000 -0.0190971951 -0.1481762067  1.0000000000
-9.5471090918  4.9321310811  3.6539457318 -8.1246205603  1.7147028834  2.9465151102 -0.2208513725  0.1812384210  1.0000000000 -0.1890876420 -0.2062103083  1.0000000000
 -8.9693194169   2.6211771667   7.0304201277 -10.4330529326   3.0299529504   2.8470990224  0.2942167030  0.2181398105  1.0000000000 -0.1073342314 -0.0269605671  1.0000000000
-11.0272107815   1.4902866015   5.4967107335  -8.9321692094   4.6358134436   4.7668507213  0.2222625884 -0.0097156554  1.0000000000 -0.1244647216  0.2747105923  1.0000000000
-8.1462817525  2.9308164753  3.0785813791 -9.0584727010  2.9192224112  4.6715956351 -0.2196420170 -0.0492688041  1.0000000000 -0.0109987013  0.0538516273  1.0000000000
-10.2475261991   1.3487892517   4.5967833513  -9.4392634071   0.2702888832   4.9839831291  0.1179511804 -0.0741176190  1.0000000000  0.2253409408 -0.2052047790  1.0000000000
-11.4842968220   2.9600651340   5.4151017400  -7.8092419423   0.5703658320   6.1847144064  0.1421742078  0.1585684331  1.0000000000  0.2731581575 -0.1736792069  1.0000000000
-8.3067869766  1.7593580186  5.7181996206 -7.3470988388  2.6973395272  4.0762530474  0.1298012233 -0.0305192900  1.0000000000 -0.1561126488 -0.0533692116  1.0000000000
-8.6773258830  1.2596906595  4.9278205625 -8.8436496014  2.8975306129  5.7805865793  0.1200790530 -0.1511963474  1.0000000000  0.0931089865  0.1374893498  1.0000000000
-8.5313916377  2.1353972559  2.3820432057 -9.9147881770  2.6545505762  5.1088940164 -0.1913404814 -0.1730146343  1.0000000000  0.1068274181  0.0812625727  1.0000000000
-8.1949460537  1.0818286058  6.4493347679 -9.8789212317  4.7796291020  3.2881281257  0.2747809963 -0.0762452618  1.0000000000 -0.1800350506  0.1780693805  1.0000000000
-10.5528573040   3.0961010979   5.9488679766  -8.7613213009   4.6475624465   3.7834495313  0.1248588711  0.1869640385  1.0000000000 -0.1988191433  0.2152007054  1.0000000000
-8.6380073352  0.9548198893  3.8194685801 -8.3728722737  0.5972394956  5.8448511708  0.0035144428 -0.2230952313  1.0000000000  0.2757696233 -0.2070796088  1.0000000000
-8.2693779224  3.2980139574  3.8027300637 -8.3207107959  2.9709966310  7.2033926338 -0.1603761164  0.0667073084  1.0000000000  0.2497947548  0.2296249265  1.0000000000
 -9.2345261112   3.2623828062   2.6808202461 -10.1019943858   0.7614342316   3.9333956362 -0.2009242757 -0.0531714084  1.0000000000  0.0844859595 -0.1791400105  1.0000000000
-7.9689462589  2.2162134402  2.6571696784 -8.9786129577 -0.1099285630  5.2229566521 -0.2014418967 -0.2045256711  1.0000000000  0.2339812228 -0.2492092407  1.0000000000
-9.3049903094  2.6355255771  5.9885991754 -8.1698862278  1.1828018630  4.9633443955  0.1602224606  0.1024117791  1.0000000000  0.0677400815 -0.1940467201  1.0000000000
 -8.6942732639   2.6333724385   5.9171007743 -10.8938355969   2.9575800879   6.1446240825 0.1479850741 0.1115673790 1.0000000000 0.2002627715 0.1549703930 1.0000000000
-9.5276553180  1.6700426343  3.7579223366 -9.9970349272  2.1537077719  3.2321063255 -0.0154979093 -0.1005527101  1.0000000000 -0.0734282164 -0.0167061691  1.0000000000
-10.0701565939   0.2754210663   4.3552369617 -10.8064476536   2.7974891220   6.0052111572  0.1542078246 -0.2175016764  1.0000000000  0.1957037321  0.1716974911  1.0000000000
-8.0171873596  2.3148873389  2.8507569230 -8.4072000344  3.6243451978  3.4911354842 -0.1817587305 -0.1583224899  1.0000000000 -0.1887366514  0.0614047478  1.0000000000
-8.7908159119  0.1660127381  4.7524556386 -6.9722871889  2.4297988368  3.0687556488  0.2045898662 -0.2784699782  1.0000000000 -0.2980685763 -0.1195123888  1.0000000000
-10.4836171858   2.1921604606   4.6935423980  -9.0357297714   1.5747785750   4.2517554569  0.0764571661 -0.0012556232  1.0000000000  0.0341276828 -0.1430430467  1.0000000000
 -9.4820595761   3.4081292177   6.3993424248 -10.0853511133   4.2398977035   3.1493749888  0.2104130118  0.2234683823  1.0000000000 -0.1835099223  0.1555119420  1.0000000000
-7.5594356848  3.0687296154  3.7505110562 -7.8588343106  0.6078795898  6.1404105673 -0.2094594049 -0.0372854204  1.0000000000  0.2943544169 -0.1951097496  1.0000000000
-10.2673282097   3.7269382281   3.0241207380  -7.3951727878   0.5024992809   5.3859356167 -0.1132682771  0.0985901071  1.0000000000  0.1640020368 -0.2790107961  1.0000000000
 -7.9160846005   1.8431199210   5.9786342945 -11.2189339143   2.0759333764   5.7722949357 0.1442788525 0.0243447043 1.0000000000 0.1750656349 0.0143383990 1.0000000000
-10.3910711887   2.3331669665   3.8152760658  -9.9055416071   3.5234726349   6.0845308394 -0.0286463599 -0.0125842665  1.0000000000  0.1263986342  0.2290960705  1.0000000000
 -7.7206360746   1.5320845319   5.5101615535 -10.1511221714   1.7289821578   3.2955083003  0.0889548741 -0.1041308702  1.0000000000 -0.0077993878 -0.1144877082  1.0000000000
-11.3046859859   1.6309979858   5.0879572274  -6.9522345923   3.1033131879   4.0763630267  0.1344293442  0.0163509603  1.0000000000 -0.2396656723 -0.0329302236  1.0000000000
-11.2120819691   1.7868657596   4.5301170840  -8.1979217933   1.4568623064   6.1927868963  0.1347632632 -0.0612012695  1.0000000000  0.2226373364 -0.0737483321  1.0000000000
-10.1931461496   2.8786695896   3.5082812776 -10.0793688390   1.1155155361   5.6660674640 -0.0290946197  0.0374438757  1.0000000000  0.2580460981 -0.0302621407  1.0000000000
-9.0667670700  1.7445464896  3.6478530223 -7.3910937449  3.6795543207  5.2610200309 -0.0234985621 -0.1171100525  1.0000000000 -0.0949537519  0.1984451843  1.0000000000
-10.6638471656   3.4065891891   5.3367381918  -9.6896741432   2.3951623198   6.3206221582 0.0941400996 0.1959658075 1.0000000000 0.2451219031 0.0828754906 1.0000000000
-10.4277928514   3.3156678943   3.8213104660 -10.8185415880   2.5446419545   5.6621114091 -0.0438187287  0.0786767443  1.0000000000  0.1448559240  0.1011693353  1.0000000000
-10.4151007746   3.6005054757   3.5993960434 -10.2370835425   3.1397361946   5.5532871187 -0.1270226084  0.0998876704  1.0000000000  0.1025984000  0.1405870150  1.0000000000
 -8.8993688311   3.5687821302   3.9451645400 -10.4055501306   1.5133799043   3.8399752242 -0.1349091881  0.0967130493  1.0000000000  0.0505573296 -0.1223524496  1.0000000000
-10.9697622749   3.0555140265   5.6835803823  -8.4506892742   3.5572061144   6.0116480804 0.1650349134 0.1266456303 1.0000000000 0.0640860116 0.1900403385 1.0000000000
-9.3071902864  3.1710921228  4.6315505099 -7.3473540428  1.7899661426  3.2075390868 -0.0297699623  0.0934268662  1.0000000000 -0.1637980766 -0.2462943823  1.0000000000
-7.8693092380  0.1134497638  5.2014800758 -9.2624307339  3.4864835948  5.1391222552  0.1768894261 -0.2757314895  1.0000000000 -0.0061616886  0.1687839618  1.0000000000
 -8.2215657980   3.7479793494   4.1820863814 -10.2268202193   1.0845991447   5.6669844685 -0.1947836166  0.1130335487  1.0000000000  0.2417737826 -0.0434686524  1.0000000000
 -8.9933221616   3.5286859984   5.9986886586 -10.0767111977   2.5741718350   6.2005479033 0.0663998267 0.1964491345 1.0000000000 0.2072776365 0.1356600103 1.0000000000
 -8.1832645419   2.2145921133   5.9756749074 -11.1271827623   3.3609711738   4.6949624687 0.1205809802 0.0239513653 1.0000000000 0.0185613725 0.1123999494 1.0000000000
 -8.8464784164   2.3480339020   3.4406471494 -10.7784751729   2.9591348329   3.5457105075 -0.0872049744 -0.0665115205  1.0000000000 -0.0752185582  0.0066245076  1.0000000000
 -7.7290264236   3.2286165394   5.1483598615 -10.0140390708   1.9893597101   2.2903013286 -0.0342636283  0.0923766734  1.0000000000 -0.1124969802 -0.1586455901  1.0000000000
-9.4068917425  1.7605962196  5.9387525876 -8.9154368424  1.7353199698  2.9522073023  0.1911508026 -0.0069303839  1.0000000000 -0.0967690601 -0.1612910892  1.0000000000
