447.5000000000
0
50
11.7487807799 -5.2997311089 -0.5323577604 11.8593667453 -7.9467807504 -0.4360337335  0.2794793253  0.1944801970  1.0000000000  0.2770670950 -0.1781852463  1.0000000000
10.8410818951 -7.7600600280 -0.1570406828 10.1078332966 -7.8746428084  0.3600862950  0.0905095409 -0.0844971252  1.0000000000  0.0101996109 -0.1255092534  1.0000000000
11.5318899447 -8.2357722134 -0.8995964897  9.9416527298 -7.0213633115  0.7909629893  0.1972471422 -0.2427782846  1.0000000000  0.0446372903  0.0022609113  1.0000000000
 9.0267353914 -5.5186625267 -0.2951287855 11.2711906431 -7.8822241962  1.4097042159 -0.1298104978  0.2243961426  1.0000000000  0.1396879313 -0.0897709514  1.0000000000
10.4224292963 -5.9484886544  1.6343947122  8.2724505498 -7.9682252852  0.8143639482  0.0863241057  0.1439083340  1.0000000000 -0.1813605328 -0.1415244429  1.0000000000
11.4609932842 -7.4254564075  1.3626565547  8.1242320171 -6.4041768479  1.1204039025  0.1983848748 -0.0731677495  1.0000000000 -0.2077169086  0.0816967194  1.0000000000
 9.3715035521 -8.7144581166  0.3855168125 10.4263209652 -6.3402808960 -0.1244230695 -0.1043595612 -0.2247011788  1.0000000000  0.0811514416  0.0757612839  1.0000000000
10.5172429301 -6.0611200398  2.1671959441  8.7772068134 -7.6534337230  0.9489094410  0.1230498200  0.1655897952  1.0000000000 -0.1411009905 -0.0569024642  1.0000000000
 8.1900456906 -6.2808417525 -0.7640236212  9.4466901579 -7.4714185098  0.1808833947 -0.2465828426  0.0478520352  1.0000000000 -0.0250102893 -0.0623165650  1.0000000000
 8.8706071240 -8.5248251679 -0.7872743595  9.7030526868 -6.5369838264  2.5955210793 -0.1414833870 -0.2393476248  1.0000000000  0.0203395865  0.1126629055  1.0000000000
11.8016507935 -6.6536679930 -1.0428704376 10.4813257351 -8.9805300241  1.9526783719  0.2830614290 -0.0717232507  1.0000000000  0.0868454380 -0.1713667214  1.0000000000
10.9887367852 -5.7085559984 -0.9593498010  9.5486801985 -8.8461148674 -0.5234714500  0.1893201416  0.1276290504  1.0000000000 -0.1060676220 -0.2624628523  1.0000000000
 8.7224967380 -5.2877366294 -1.2355943548 10.1460141932 -7.1768932900  1.3133241271 -0.2093155242  0.2076103038  1.0000000000  0.0670025007  0.0174575995  1.0000000000
 8.5418578949 -6.7484692394  2.1931149958 10.1920602150 -8.7795066943  1.9935365866 -0.1057741439  0.0830755551  1.0000000000  0.0391217425 -0.1625349982  1.0000000000
10.6124504494 -6.9037695935 -0.0943785943  9.5610315623 -7.2202858400  0.4977397045  0.1161829176 -0.0209144479  1.0000000000 -0.0209855363 -0.0205016677  1.0000000000
11.5142955527 -6.3582371742 -1.1454086285 11.6176978579 -7.4241763367  2.4496463668  0.2353579049  0.0247712019  1.0000000000  0.2167141227 -0.0390646997  1.0000000000
10.5431344367 -6.9558210365  1.0275482044 10.5167400093 -5.2151947692  0.4260408828 0.0682058400 0.0090653651 1.0000000000 0.1297626851 0.2032428831 1.0000000000
 9.7159424243 -5.6165838843  1.7292993974  7.7850287469 -7.0460990888  1.9170199904 -0.0147442435  0.1737163500  1.0000000000 -0.1832604661  0.0368516434  1.0000000000
10.7236244321 -6.7598890703  0.4932113112 11.3052055745 -7.0537372210  1.3192645523 0.1198397353 0.0179145673 1.0000000000 0.1751607851 0.0082837341 1.0000000000
 9.2634259814 -5.4305054635 -0.1651310830 10.9930825440 -7.8520779358  2.0770567111 -0.0833172751  0.1734310008  1.0000000000  0.1244087444 -0.0512644077  1.0000000000
 9.2991037409 -7.2257891527 -0.3714955601 11.3075869677 -7.1308867157 -0.7409819714 -0.0742626714 -0.0515067537  1.0000000000  0.2110958737 -0.0618623653  1.0000000000
 9.2823735582 -4.8296625212 -0.4485823489  8.9174007053 -8.0202694009  1.4445499638 -0.0825328654  0.3045885330  1.0000000000 -0.1299345678 -0.0597401486  1.0000000000
 8.7941890570 -8.8040216926 -0.1515113338 10.8150343714 -5.7440028974  2.9252143894 -0.1662083460 -0.2341239690  1.0000000000  0.1420656944  0.1854360838  1.0000000000
 9.1686092693 -7.9008738837  2.2232097597 11.4183904444 -8.7525817005  0.9621928042 -0.0549300095 -0.0148656751  1.0000000000  0.1754717279 -0.2309785696  1.0000000000
10.8006113199 -7.6583606713  0.6347709331  8.2282613775 -8.4749029521  1.5946349475  0.1154415498 -0.1053884398  1.0000000000 -0.1726919590 -0.0899553316  1.0000000000
 9.8124320766 -6.9442769789  1.3010438447 11.4515809601 -5.4675708461 -0.9816605816 -0.0061637717  0.0472985157  1.0000000000  0.2819713960  0.1584054678  1.0000000000
11.0392987896 -5.7350545986  2.2771082639  8.6841150441 -5.9058254826 -0.7058339588  0.1526677683  0.1545902565  1.0000000000 -0.1834847048  0.1279600586  1.0000000000
 8.9424845038 -8.1498860390 -0.1929898009  8.6493010287 -8.4053113869  0.4593391157 -0.1553092461 -0.1471359273  1.0000000000 -0.1642605886 -0.1179111037  1.0000000000
10.3430272121 -8.1511610395 -0.1438656662 10.3278520230 -5.8159434934  1.9191113279  0.0513990191 -0.2284811092  1.0000000000  0.0621731258  0.1957679507  1.0000000000
11.8456136074 -7.3112351816  1.0796445756  8.9910422024 -7.5690172293 -0.4404087245  0.2476564151 -0.0349740344  1.0000000000 -0.1550827484 -0.0945764044  1.0000000000
11.3131273325 -8.7258893442 -0.1685907762 10.1429200148 -9.2356810761  1.6445373379  0.1538358570 -0.2379076466  1.0000000000  0.0290234879 -0.2156655738  1.0000000000
 9.5333690802 -5.9354299270  1.8954834384  8.7117304773 -9.0398090516  0.3268608667 -0.0342313269  0.2038887715  1.0000000000 -0.1716645471 -0.2485683186  1.0000000000
 9.3153361301 -7.5170673464  1.5192110074 10.4443820718 -8.1832392798 -1.7817170928 -0.0292490665 -0.0055575069  1.0000000000  0.0471739205 -0.3016736257  1.0000000000
10.9616863963 -6.7267831214 -0.6596069801 10.3177976174 -8.2771350035  1.2490218293  0.1700175573 -0.0290942665  1.0000000000  0.0360050970 -0.1117989593  1.0000000000
 7.9731209958 -5.6490655871  0.2979306574  9.4707135876 -8.1460801034 -0.2798857689 -0.2505951955  0.1386474406  1.0000000000 -0.0802021467 -0.1219356982  1.0000000000
 9.3287402869 -6.7591629639  1.0640690890  9.5460167197 -6.8758738293  0.2454453073 -0.0712661693  0.0457946112  1.0000000000 -0.0420798245  0.0219332573  1.0000000000
 8.8423948803 -8.3368394361  2.1011691383  8.9354992946 -5.3845834759  0.6295196830 -0.0967302524 -0.1062615318  1.0000000000 -0.1047548001  0.2369684298  1.0000000000
10.7423104577 -6.2605473844  1.2608080315 10.8621510652 -6.5594870614  2.7273273639 0.1406923453 0.1100606083 1.0000000000 0.1552492452 0.0983169992 1.0000000000
 8.8797821361 -5.5056474157  0.9797652774  9.9789830970 -6.1239927600 -0.2008268426 -0.1071356261  0.1783649642  1.0000000000  0.0063171318  0.1369520657  1.0000000000
 9.3676876631 -9.0549206061  1.4594678229  9.9744946388 -7.5100485106  2.0467934367 -0.0429787589 -0.2017947855  1.0000000000  0.0506636232 -0.0013219528  1.0000000000
 8.7545894866 -8.3338264884 -0.9739458774 10.5709814277 -6.9051141425  1.1144666548 -0.1623751549 -0.2313338894  1.0000000000  0.0903047209  0.0293221358  1.0000000000
11.9794537517 -6.2391051734 -1.0655445829 11.4315702715 -4.7805942016  0.3410368923 0.3735736699 0.0333656343 1.0000000000 0.2511936370 0.2611606876 1.0000000000
10.3111579142 -6.5971772165  0.9155227601  9.3386226257 -6.4216979060 -0.2343958034  0.0321182036  0.0734782584  1.0000000000 -0.0699216092  0.0592537170  1.0000000000
 9.2056477900 -7.9913346407 -1.5084145170 11.6831160120 -7.0699068759  0.0995896721 -0.1528987705 -0.2466843831  1.0000000000  0.2714872823 -0.0346233097  1.0000000000
 7.8802277915 -8.2584582819  1.5452443344 10.0234233119 -7.8655320946 -0.8111915700 -0.1916374872 -0.0895937183  1.0000000000 -0.0008908399 -0.1705586510  1.0000000000
10.1931559460 -7.4073628902  1.6002127338  8.4722796742 -9.0900820224  1.6363396761  0.0529214495 -0.0076471913  1.0000000000 -0.1337740405 -0.1494915404  1.0000000000
10.7544237584 -8.5245516585  0.6592840370 10.6697640239 -7.3936218265  0.8717414898  0.0930001148 -0.1433431657  1.0000000000  0.1250455271 -0.0476282210  1.0000000000
 9.0152158737 -5.1796635116  0.8967420968 11.7786151260 -7.3537380108 -1.0424810316 -0.0985742543  0.2403833099  1.0000000000  0.2919270387 -0.1263706522  1.0000000000
 8.2565063040 -7.5051691663  0.0255338637  9.7485998140 -6.2473532053  1.5665901492 -0.2408797403 -0.0961054879  1.0000000000 -0.0113344450  0.1248689600  1.0000000000
11.0195660738 -6.5751444655  1.2876141416  7.8048571481 -5.8176477939  1.2151369780  0.1495766454  0.1104142180  1.0000000000 -0.2141781170  0.1776916906  1.0000000000
