697.9000000000
0
50
-7.2636172266  8.3919438934  4.8714554212 -9.3934865034  5.8593585476  4.5269305122  0.2659923727 -0.0870972205  1.0000000000 -0.0954510321 -0.0830442926  1.0000000000
-8.3239378625  9.9317571457  3.0696952260 -6.9228011311  6.2827205793  3.7129601218  0.2836986424  0.2906126947  1.0000000000 -0.0197446401 -0.2428920816  1.0000000000
-9.2995284769  5.7986302767  3.0512703795 -8.8554277423  9.7050481567  3.3652039184 -0.2415861773 -0.0076608380  1.0000000000  0.2607140583  0.2750015982  1.0000000000
 -9.9614336115   7.1927046374   4.1879330461 -11.8531035995   6.5343207766   3.6415173121 -0.0278570134  0.0637777748  1.0000000000 -0.1755472240  0.1444230501  1.0000000000
 -9.0214233554   8.6206301258   5.4004032549 -10.3350632956   8.9906368144   5.9370392018  0.1866658056 -0.0053217883  1.0000000000  0.1604922257  0.0883942522  1.0000000000
-10.6117000574   7.5547361328   3.1217359659  -9.2924675835   7.5481186650   4.3914684304 -0.1005213900  0.1733938246  1.0000000000  0.0218914925  0.0164910747  1.0000000000
-10.2809288557   7.7033253996   4.5773894265  -9.9045313347   8.1982684572   4.6017484745 -0.0010774358  0.0553869922  1.0000000000  0.0654474029  0.0740184665  1.0000000000
-7.4825207109  5.2137114648  3.4524825308 -8.1999476315  5.7791713324  2.7758111574 -0.2358888703 -0.2596727198  1.0000000000 -0.2097716296 -0.0897809453  1.0000000000
-6.2844476111  6.9099656071  4.4722215734 -9.7656434801  8.6377364097  2.8234752460  0.1539648441 -0.2972266948  1.0000000000  0.0071498392  0.2741342938  1.0000000000
-9.7654822554  6.2612871628  2.7250576101 -8.5277842262  8.3593036944  3.9196911631 -0.2261945618  0.1028487533  1.0000000000  0.1458728562  0.0496529549  1.0000000000
 -7.6721418052   7.1482811647   4.4394310764 -10.3235183887   7.0077636999   2.8236670196  0.0642708659 -0.0793591222  1.0000000000 -0.1542493869  0.1537901610  1.0000000000
-7.5388963314  8.7136364313  3.5668045304 -8.9340978400  6.8610495331  4.8924121619  0.2256111602  0.0521389755  1.0000000000 -0.0053019998 -0.0628854663  1.0000000000
-7.9534304883  7.4929115376  3.9139333008 -8.1053489071  8.9262267506  4.6288958253 0.0299258714 0.0050358267 1.0000000000 0.2754969250 0.0271111415 1.0000000000
-8.3119605660  9.0172430530  4.8775175771 -8.1498155680 10.0759175234  3.1558282417 0.2990721214 0.0340482018 1.0000000000 0.3658266714 0.2718892560 1.0000000000
 -9.0021593366   7.4042950644   5.0657805712 -10.2970341054   7.0426406222   3.6162895226  0.0209118902 -0.0942250199  1.0000000000 -0.0919529668  0.1001734009  1.0000000000
 -9.5903500786   8.5909607261   2.7892058295 -10.7298172722   6.7077736740   5.0308346216  0.0112810984  0.2686191917  1.0000000000 -0.0166406860  0.0249336842  1.0000000000
-7.4039569463  9.0572519222  3.9846958909 -9.9896281873  5.6416155927  5.5584248032  0.2835754517  0.0499981549  1.0000000000 -0.0628714180 -0.1275687044  1.0000000000
-8.3532657165  7.6944158265  4.6494912040 -8.3784907998  7.2808573025  1.8840151816  0.1395193758 -0.0333512198  1.0000000000 -0.1007031715  0.1850338290  1.0000000000
-9.3370225407  7.3584288487  6.7551724943 -9.5395328137  7.4865990610  6.3637249376  0.1091401166 -0.1462613998  1.0000000000  0.1315955736 -0.1006069207  1.0000000000
-11.6049030791   7.0572519648   3.5710554784  -8.7398228694   8.5413694480   4.9238901357 -0.1194810385  0.1509323558  1.0000000000  0.1396056815  0.0229085685  1.0000000000
-10.3265326874   9.2534689968   4.6766502332  -9.3978873436   7.7515774004   2.5386497187  0.1731920662  0.1849620043  1.0000000000 -0.0863381410  0.1858279925  1.0000000000
 -9.8898416313   9.7406213640   4.3306060577 -10.6722805812   6.9413506794   2.6643645300  0.2056026844  0.2606684202  1.0000000000 -0.1880481485  0.1224721966  1.0000000000
-9.7127110556  6.7016303565  5.4973797492 -9.0739172116  6.0040247267  4.1766120726  0.0193674697 -0.0902728109  1.0000000000 -0.1573848519 -0.1088812037  1.0000000000
-9.4857359672  6.3323294792  5.2564830923 -8.3478792923  7.0591960549  5.5209738571 -0.0299535381 -0.1241018255  1.0000000000  0.1122360873 -0.1320519020  1.0000000000
-7.5431696951  6.5339074602  4.9455050231 -9.7164652137  6.3274977973  3.1256384547  0.0269862121 -0.2248727896  1.0000000000 -0.2068643338  0.0400582835  1.0000000000
-7.5808162504  8.6496225213  5.1273880805 -7.8555418219  8.9724434653  3.7075670958  0.3145008311 -0.0588452381  1.0000000000  0.2132857926  0.0918378144  1.0000000000
-8.1649390868  7.8551205471  5.3269898229 -9.2767666573  8.9261597150  3.5148588603  0.1613293747 -0.0841206900  1.0000000000  0.1234208745  0.1608182564  1.0000000000
-10.1287034774   6.3059734173   2.6648931869 -10.2021546513   5.9432367786   5.6294505989 -0.2365364181  0.0941088130  1.0000000000 -0.0251759274 -0.0968755291  1.0000000000
-9.0672199410  8.8319849625  2.4410802072 -9.1568682821  8.1987291576  4.8096168862 0.0470263825 0.2659115132 1.0000000000 0.0604774522 0.0258519781 1.0000000000
-8.7342649311  9.3332119509  3.3624624071 -9.9206629241  6.6001357749  5.1575286958  0.1878768270  0.2047353071  1.0000000000 -0.0271574202 -0.0551034503  1.0000000000
-10.4236437146   8.5479996161   5.4185192890 -11.1885396595   7.8811104672   4.3680265914  0.1106770923  0.0542263618  1.0000000000 -0.0464632399  0.1432543489  1.0000000000
-9.2440321282  7.6097774450  5.8338465870 -9.6898541088  8.2611497978  4.1859775280  0.1132767356 -0.0842566390  1.0000000000  0.0506496527  0.0701039289  1.0000000000
-8.0523011356  6.1811782253  4.0612467394 -7.6776126272  6.8262091794  4.6302882733 -0.0437875400 -0.1933121548  1.0000000000  0.0548867620 -0.1811144971  1.0000000000
-9.0614584152  7.1886465605  4.9290627254 -9.5406128014  7.3885605970  1.5336775213  0.0534680417 -0.0628333793  1.0000000000 -0.1998443680  0.2734154152  1.0000000000
-10.4223011326   5.0189743672   4.8679091996  -8.9578624115   5.7959370977   5.5514824689 -0.1775631022 -0.0933213416  1.0000000000 -0.0764890218 -0.1907238569  1.0000000000
 -9.4692976290   7.2785318708   1.2429512331 -10.5858329089   9.5204846679   5.0962989697 -0.2370896122  0.3012408419  1.0000000000  0.1809436153  0.2155517514  1.0000000000
-9.2923971059  7.0419365119  2.8444453082 -6.6573199674  8.4341497696  4.6645269864 -0.1632191098  0.1081479670  1.0000000000  0.3044852172 -0.1506577202  1.0000000000
-10.2864613607   6.5101721098   3.8876520557  -8.6089700861   8.0180970746   1.8944327926 -0.1461963080  0.0961895377  1.0000000000 -0.0680683750  0.2333633835  1.0000000000
-9.0469675697  8.0755849011  4.9950757616 -8.0840268717  8.5277456752  3.4268130459  0.1533200266 -0.0342382235  1.0000000000  0.1246094663  0.0915046507  1.0000000000
-7.9493177392  8.9923831577  4.4213086949 -7.3012742231  8.4660906430  5.2358272047  0.2613119142  0.0415535289  1.0000000000  0.3207231339 -0.1026906387  1.0000000000
-8.7357373192  8.5861128621  5.8665112816 -8.8351897143  8.0125744815  6.1018698827  0.1990443697 -0.0301538439  1.0000000000  0.1752653079 -0.0744986479  1.0000000000
 -9.6859501807   7.8816492559   4.4520541102 -10.2187356672   8.9060209814   5.4639194459 0.0060101374 0.0593710101 1.0000000000 0.1382590717 0.1130221947 1.0000000000
-10.0633804357   6.8763348671   5.2455253809  -7.7610499818   6.8532834661   2.9093650596 -0.0391615997 -0.0488473556  1.0000000000 -0.0910923810 -0.0452826429  1.0000000000
-7.3951894123  7.3387112641  5.7955792720 -7.3841715988  6.7802279486  4.0982629205  0.1963459850 -0.2652623131  1.0000000000  0.0128576366 -0.1611326672  1.0000000000
-10.7661552797   5.9351703830   4.3377230813 -10.8101580575   7.5922248602   4.1146387476 -0.2016966731  0.0234170158  1.0000000000 -0.0286699077  0.1437440054  1.0000000000
-9.5540218850  8.0630737572  5.7384840248 -9.8880560020  5.2123858706  4.8716174335  0.1422941476 -0.0238579037  1.0000000000 -0.1616759376 -0.1338880827  1.0000000000
-10.0618609211   8.8220074498   4.3975857636  -8.9103396236   7.7680011006   3.0248773975  0.1193092209  0.1491984135  1.0000000000 -0.0072910920  0.0990719861  1.0000000000
-7.6513208302  8.7672802073  3.8778943572 -9.9192837961  7.0187366309  3.7525471471  0.2547824557  0.0695244408  1.0000000000 -0.0803240342  0.0897742280  1.0000000000
-9.6907052494  5.6511149989  6.0760854048 -9.2559058837  6.7679313915  5.7399699180 -0.0005142847 -0.2089713551  1.0000000000  0.0573562041 -0.0957064402  1.0000000000
-8.1590796079  5.0171093152  3.7791850289 -9.1126989253  9.4715870636  3.7186232678 -0.2204874437 -0.2178971196  1.0000000000  0.2324530568  0.2268976251  1.0000000000
