628.9000000000
0
50
 4.7545813820 -1.0336902339  3.3383172177  3.9095189001 -1.1780976302  0.1511393148  0.0169514569 -0.0930824931  1.0000000000 -0.0806432654 -0.2309032047  1.0000000000
3.4430008501 0.5436233478 1.4474620372 6.3417941519 1.9271154534 0.9371233918 -0.0928018550  0.1134328121  1.0000000000  0.2550192710  0.2892739743  1.0000000000
 5.4210816217 -1.7862654148  2.4825055049  5.1715775811  1.4360829540  0.7326549752  0.1334190228 -0.2297638632  1.0000000000  0.1159818591  0.2432411399  1.0000000000
 4.7970363532 -1.2172742554  0.2865667185  5.0223992639 -0.5856710471  1.2544040039  0.0882867851 -0.1920788597  1.0000000000  0.0623288531 -0.1073177994  1.0000000000
 4.1594124994  1.6103500720  0.6434422785  4.1830142908 -0.5311430971  2.6208674353 -0.0309791380  0.2725038383  1.0000000000 -0.0538959931 -0.0899677605  1.0000000000
 5.0909598654 -1.2423798144  1.3709881361  5.8363862425 -1.1507988742  3.5600404668  0.0941752306 -0.1935409177  1.0000000000  0.1643197236 -0.1117220189  1.0000000000
4.3171423223 0.2470808443 0.8974782687 4.1703832816 1.1126543514 1.7734220033 -0.0150438742 -0.0008682130  1.0000000000 -0.0040704602  0.1226167400  1.0000000000
 4.3208551393 -0.4573243561  1.5403319250  3.6876156885  0.2145654441  0.3927452383 -0.0304724439 -0.0493004853  1.0000000000 -0.1841414244  0.0501449310  1.0000000000
4.3926181637 0.4384306635 2.9960616093 5.7404030335 1.6434067130 1.2263560790 -0.0183190214  0.0681613710  1.0000000000  0.1438435634  0.1918313498  1.0000000000
 5.2783133799 -1.7849900609  3.6645840094  2.6862618751  0.7867534466  1.2572955823  0.1283726138 -0.1646152363  1.0000000000 -0.2861966209  0.0934698491  1.0000000000
 3.3742498330 -1.9019979045  2.8638580449  4.1617099348  1.6074061027  1.3972302904 -0.1206238836 -0.2156920824  1.0000000000 -0.0410483983  0.2037338527  1.0000000000
 6.3432929073 -1.5489880764  0.6598608509  5.3844242206  0.1563389702  2.4099070304  0.2486151812 -0.2441491879  1.0000000000  0.1200883609  0.0230922370  1.0000000000
2.8551284837 1.6329541506 4.0117407072 5.0029781892 1.9785106391 1.7676222494 -0.1501431803  0.1697375480  1.0000000000  0.0716845671  0.2137017615  1.0000000000
 3.3776923209  0.9100532026  2.8759814343  2.9581416133 -1.9224207240  0.6909749592 -0.1112527402  0.0955096774  1.0000000000 -0.2703700826 -0.2803381104  1.0000000000
 3.1028086318  1.6779532422  3.8750577200  5.8275579231 -1.1148092461  2.5816488925 -0.1641653762  0.1842018740  1.0000000000  0.1877530117 -0.1522674714  1.0000000000
 5.8609074073  1.6997530745  2.7079024466  5.4011826368 -0.9690646022  3.5027586325  0.1989952951  0.1522779263  1.0000000000  0.0763196774 -0.1245945433  1.0000000000
 5.7842023169 -0.3565059719  1.0983776333  3.8736316887  1.9923515129  0.8728697577  0.1867742323 -0.0900769879  1.0000000000 -0.0752856711  0.3055912885  1.0000000000
 3.4434643678  1.9334958662  3.6880280843  3.3561249900 -0.3658057177  3.9711846972 -0.1012694667  0.1855128280  1.0000000000 -0.1003752629 -0.0244595589  1.0000000000
 6.2084128557 -1.5406503207  2.4078233921  6.2145494664 -0.9004997870  3.2211706598  0.1977697296 -0.1690716412  1.0000000000  0.1648110335 -0.0873768125  1.0000000000
 5.8337005080 -1.0880923342  3.6044126722  2.6585656634  1.4463681507  0.1457853745  0.1208862087 -0.1122088763  1.0000000000 -0.2915704008  0.2227917590  1.0000000000
 6.2882277606  0.0793589687  3.4068961889  3.2595855325 -0.4742882802  2.6934681191  0.1776040984 -0.0259194648  1.0000000000 -0.1662230772 -0.0796479982  1.0000000000
4.8342276794 0.5703684679 1.5345065828 4.7580263748 1.3823353414 0.7501029665 0.0645842801 0.0782618801 1.0000000000 0.0503938130 0.2238014098 1.0000000000
4.6300754955 1.0031129492 2.0524285289 6.2045077308 0.9182834677 2.9346769281 0.0103654198 0.1265165322 1.0000000000 0.2257587409 0.0729108833 1.0000000000
 2.5976686221 -0.7356623788  3.7122065238  3.6354346234 -1.5704664168  3.3500767885 -0.2072226415 -0.1063195933  1.0000000000 -0.1235326669 -0.1830704928  1.0000000000
 4.4834497452  1.9791770516  3.0113364913  3.8637811751 -1.9321970987  2.2631246081  0.0429016267  0.2334223935  1.0000000000 -0.0810195080 -0.2647650641  1.0000000000
5.8774362478 1.4143661325 2.3658723063 3.3424282357 0.0529332924 2.0779245312  0.1540826242  0.1839712915  1.0000000000 -0.1442102741  0.0160401968  1.0000000000
 5.8421806533  1.5266251230  2.7795560924  5.1602705994 -1.7809687927  1.0311262403  0.1437521750  0.1244314422  1.0000000000  0.0848582868 -0.2484276326  1.0000000000
 4.0913104331  0.2011713117  3.2234970430  2.9502844752 -0.9228418492  1.2790980725 -0.0131663054  0.0378834512  1.0000000000 -0.2228377490 -0.1462548870  1.0000000000
 4.1573367999 -1.2597642419  0.9183474808  4.5234469096  2.0399033771  0.9620203689 -0.0741690276 -0.2094145282  1.0000000000 -0.0004119606  0.2793189512  1.0000000000
 4.4389558853  0.9826128404  2.0257613829  4.4399499085 -0.8107760753  3.9374899757  0.0272242173  0.1112276931  1.0000000000  0.0508290450 -0.0600630263  1.0000000000
 3.7918410442  1.4984336919  1.2377611859  5.7831692051 -0.4751924922  0.5450346641 -0.0785092051  0.2177299538  1.0000000000  0.1524671858 -0.0605919276  1.0000000000
 5.2449249690 -1.7647599795  1.3128742140  5.3945882026 -0.7838682095  0.5925192000  0.1043183405 -0.2294440387  1.0000000000  0.1503923769 -0.1423124872  1.0000000000
 3.5299438613 -1.6288401705  3.1734080863  4.5438358961 -0.3916398340  0.7045645846 -0.1142740568 -0.1568045251  1.0000000000 -0.0095425253 -0.1088364078  1.0000000000
5.2130536858 0.4732262823 1.0878216636 5.1792972714 1.3645539002 2.6757963822 0.1039481702 0.0397206154 1.0000000000 0.0736063063 0.1310984700 1.0000000000
 4.1019480077 -0.6645978591  0.6204064144  5.2283834113 -0.7876142347  2.4929399074 -0.0504534567 -0.1214081937  1.0000000000  0.1392953875 -0.0775922877  1.0000000000
4.6620010339 0.3954318341 0.3699292461 6.1116833970 0.8786590074 1.5969869607 0.0416504593 0.0551077661 1.0000000000 0.1975582211 0.1224063917 1.0000000000
 6.2818479212 -1.8586620870  0.7983281846  3.4204089284 -1.3349163776  3.4672669057  0.2813392535 -0.2665627415  1.0000000000 -0.1155369406 -0.1604863986  1.0000000000
 3.7302054200  1.7927113665  2.3007892388  5.2689550286 -1.5613141078  3.2538128489 -0.0780962875  0.1845991626  1.0000000000  0.1035138381 -0.1526121301  1.0000000000
 3.6755403863 -0.5286898096  1.2259323163  2.9717641148 -1.9268316394  3.8620590017 -0.0809201290 -0.0541180332  1.0000000000 -0.1397292187 -0.1190264935  1.0000000000
 4.2389611780 -1.3551526425  2.4792768200  5.3812457156  1.0768234345  4.0195705374 -0.0383490773 -0.1895998825  1.0000000000  0.0786383804  0.0666939705  1.0000000000
 3.7072307873  1.3904584027  2.6768117765  6.5230536042 -1.0675748577  0.7636901634 -0.0537973955  0.2051377812  1.0000000000  0.3258770206 -0.1460376251  1.0000000000
 2.5929041405 -0.3259308585  0.3008344144  3.1911432516 -0.9221909422  4.0086064430 -0.2866743816 -0.0643063729  1.0000000000 -0.1434196384 -0.0924607965  1.0000000000
2.9239611411 1.3268084942 0.8690034817 3.2987560428 0.5229381812 2.0301264337 -0.2317891757  0.1922180688  1.0000000000 -0.1726075030  0.0928360679  1.0000000000
4.7036569399 1.7003230692 0.7380475855 4.7166650231 1.5104981200 1.8417626874 0.0492642523 0.2403986163 1.0000000000 0.0254218036 0.1953981393 1.0000000000
 5.2979936278 -0.0637004597  2.2420742763  4.3118299867 -0.1143003606  3.9095044877  0.1003853346  0.0034985606  1.0000000000 -0.0209409854 -0.0585928468  1.0000000000
 3.6429462682 -1.4950582545  2.7203583794  4.5003494017 -0.7928070609  3.8651930417 -0.1323594570 -0.2197297317  1.0000000000  0.0243521270 -0.0991240158  1.0000000000
 6.1039846460 -0.5432669321  3.8197572369  3.1240179510 -0.5892988647  3.8336178692  0.1415145758 -0.0829631599  1.0000000000 -0.1390680325 -0.0355451637  1.0000000000
 6.3882958094  0.2350564419  0.4682919998  4.8474457349 -1.7946629643  0.8116998580  0.2926800279  0.0431651226  1.0000000000  0.0549030581 -0.2916633441  1.0000000000
 4.4750826676 -1.1237561923  1.5434153905  3.9129805200  0.6463888102  3.6819414503  0.0156664847 -0.1391130191  1.0000000000 -0.0659302315  0.0644826026  1.0000000000
 5.7887476925 -1.1626283581  1.8278099294  3.6180284668 -1.3076194423  0.5521665850  0.1767237553 -0.1366522413  1.0000000000 -0.1501550799 -0.2470397605  1.0000000000
