850.5000000000
0
50
-4.2119748870 11.6497932756  0.9072860181 -3.3516629227  7.9391152594  0.6105647780 -0.0985146703  0.1648646560  1.0000000000 -0.0508920666 -0.1801885305  1.0000000000
-2.3863904348  9.5683224265 -0.2985149295 -2.8859133578  8.1252529323 -0.1950018911  0.1134568074 -0.0186958715  1.0000000000  0.0178217889 -0.1866597537  1.0000000000
-2.6699416099  9.6436592987  0.1614129256 -2.7416099641 10.7346335440 -1.0676497330 0.0706456049 0.0216856443 1.0000000000 0.1159168314 0.1200437937 1.0000000000
-1.7306737063 11.6245904481 -1.6304921603 -4.8933271428  9.4122505168  1.0765784286  0.2848245376  0.2485074710  1.0000000000 -0.1775010372 -0.0353822310  1.0000000000
-1.2028380180  9.3908749139  0.0486791737 -2.8163918378  9.8820357320  0.1613663998  0.1995001860 -0.0560761904  1.0000000000  0.0381668665  0.0014407401  1.0000000000
-3.2445945180  9.3489308745 -1.7936189002 -2.7347222801  8.6255292894 -0.7635986287  0.0322260597 -0.0097289929  1.0000000000  0.1038657929 -0.1222721186  1.0000000000
-4.9404080687 11.2277150857  0.7826612407 -4.5302852915  9.5303051975 -0.2692768819 -0.1828580410  0.1869296625  1.0000000000 -0.1532934670 -0.0547932933  1.0000000000
-2.9487558628  8.4895416493 -2.3312834570 -3.6357284056 10.7547845693 -0.0632359912  0.0958588602 -0.1402004051  1.0000000000 -0.0244242123  0.1281460371  1.0000000000
-3.6655500156  8.3798771299 -0.9899483528 -1.8620814736  8.0400116608 -1.3732542202 -0.0525275808 -0.1487112582  1.0000000000  0.2121035714 -0.2232179399  1.0000000000
-4.7759885516 10.8968151000 -1.2208491379 -2.6268533007 10.1628532963 -1.6696889014 -0.1542214077  0.2165447777  1.0000000000  0.1299800340  0.0804065136  1.0000000000
-4.3665973249 11.2877483883  0.8655513707 -3.4681945958  9.1237489781 -0.7738165646 -0.1027492747  0.2182656976  1.0000000000 -0.0188729634 -0.0658290058  1.0000000000
-4.0516664558  8.3215417326 -2.1307904910 -2.3108151755 10.7929130096 -2.6077040365 -0.0648330374 -0.1031426757  1.0000000000  0.2434083207  0.1732027288  1.0000000000
-5.0634544659 10.9890510638 -1.3926554840 -1.4090147435 10.5527556528  0.5991803293 -0.2001443945  0.2707350547  1.0000000000  0.1949610816  0.0420588062  1.0000000000
-4.5427404665  7.4491482707 -0.7167657002 -4.0739541839  9.1642370496  0.5266521216 -0.1561284247 -0.2580311818  1.0000000000 -0.0560863042 -0.0591078417  1.0000000000
-4.8316905691 10.4976780056 -0.2010381472 -1.7995988837  8.2974110414  0.3848250280 -0.1542611510  0.1080277702  1.0000000000  0.1300710903 -0.1900239630  1.0000000000
-2.3522828604  7.7569474731 -0.5572372319 -4.8147891544  9.5054516257  0.4609100800  0.0728328867 -0.1704923208  1.0000000000 -0.1803917314  0.0149454208  1.0000000000
-4.2582474723  9.6137483852 -1.9455728405 -4.7480805571 10.3628318175 -0.5125141274 -0.0332890304  0.0504393433  1.0000000000 -0.1379049725  0.0842966746  1.0000000000
-4.7829516662  7.5970186642 -0.6105214928 -2.2043409105  7.7962164828 -0.5693072651 -0.2066014945 -0.2567181411  1.0000000000  0.1304853693 -0.1964917036  1.0000000000
-2.4033353272  9.2189846112 -1.1143020694 -4.5877301446  8.1282001284  0.0606368050  0.1231853410 -0.0766238452  1.0000000000 -0.1728797503 -0.1666035533  1.0000000000
-1.7856638376 10.9674998200  0.0231376075 -1.2135012478 10.3105999779  0.5198845004 0.1777796451 0.1295439834 1.0000000000 0.1952313291 0.0183888870 1.0000000000
-1.0797784147  8.3171923670 -0.1211216523 -3.6939114754 10.7598103012 -1.3648262448  0.2050392117 -0.1766876002  1.0000000000 -0.0133288835  0.1730621436  1.0000000000
-5.3744611182 11.3149155129 -0.8579917911 -2.0314631261  9.9720863331  0.0648657718 -0.2236353857  0.2342178646  1.0000000000  0.1392944433 -0.0116428546  1.0000000000
-1.9031465955 11.6424309663  0.4047144243 -2.2719448595  9.2362698854 -2.9311205818  0.1268878016  0.1922636547  1.0000000000  0.2519145898 -0.0157472025  1.0000000000
-4.3387298188 11.1922973376  0.0792530784 -3.7091239648  9.4635078589 -0.8917578131 -0.1173379767  0.1732337213  1.0000000000 -0.0380537043  0.0096156976  1.0000000000
-4.4534744507  8.7310233488 -0.1907078015 -2.3173975426  8.6535221544 -1.1556232028 -0.1553898057 -0.0851079251  1.0000000000  0.1126912081 -0.1016727619  1.0000000000
-2.3566179187 11.4763755909 -1.7717335270 -2.7421770032  8.9796722687 -1.3988915754  0.2027628687  0.2517310111  1.0000000000  0.0814617678 -0.0744623844  1.0000000000
-2.6430412665 11.0518480276  0.1619737127 -4.3378377477 10.0225776066  0.8384793140  0.0813635796  0.1223091243  1.0000000000 -0.1275101312  0.0112645270  1.0000000000
-4.7796867630  9.5925836692  0.0677830578 -3.1451145489  9.7302883251 -0.9619215459 -0.1443042264  0.0408679650  1.0000000000  0.0422146086  0.0079032463  1.0000000000
-3.4926129171  8.5123730267 -1.3092350619 -1.6431777223 10.6368801153 -1.0018472041  0.0089990024 -0.1377042418  1.0000000000  0.2257640150  0.0817598488  1.0000000000
-3.7910068521  8.8635338342  1.3651003764 -3.6524412726 10.0912448392 -2.2966080564 -0.0715445977 -0.0908602485  1.0000000000  0.0151487163  0.1290332267  1.0000000000
-2.8978063797  8.1033722195  0.9107409739 -1.8296740975  9.5310894529 -0.2318843588  0.0023483682 -0.1498519526  1.0000000000  0.1853657281 -0.0350768829  1.0000000000
-2.7399551025  8.5181347960 -1.3269391033 -4.5292020047  7.5860662831 -2.2751342323  0.0755549068 -0.1447606453  1.0000000000 -0.1268618730 -0.2729389495  1.0000000000
-2.6945173829 10.4181711983 -2.3639207644 -4.1390966071  8.2069554036 -1.3256139642  0.1359800784  0.1735651406  1.0000000000 -0.0680374379 -0.1404984280  1.0000000000
-2.8747693402  9.9259680524  0.4235677676 -4.1749536795  7.7595273351 -1.2306988174  0.0275704469  0.0139441172  1.0000000000 -0.0918315677 -0.2171812222  1.0000000000
-3.1557960916  7.7148810688 -1.6604735223 -4.2524374862  8.2834548729 -0.5003996329  0.0453189770 -0.2677674477  1.0000000000 -0.1389217676 -0.1804517605  1.0000000000
-3.5412899465  8.1250661525  1.4720289358 -2.6666316386 10.7202024812 -1.2920907735 -0.0850315691 -0.1713445761  1.0000000000  0.1226268154  0.1515891773  1.0000000000
-1.5204231284  8.1686758022 -1.8067356045 -4.5419471561  8.2090040695  1.3987761621  0.2665660938 -0.1895658824  1.0000000000 -0.1520089457 -0.1535759176  1.0000000000
-2.3386895745  8.7274754390 -2.3041204538 -1.1070399778 10.3682617163  0.2859890595  0.1543128733 -0.0734140515  1.0000000000  0.2348213619  0.0315003418  1.0000000000
-3.3748153076  9.0438971627 -1.9960503455 -2.7300892709 10.5274418202 -0.0894676734  0.0414925455 -0.0219925464  1.0000000000  0.0609092631  0.0964915979  1.0000000000
-2.3880188542 11.5888215428  0.7581722033 -1.6649893402  9.3082771089 -0.9412169334  0.0678563746  0.1668203292  1.0000000000  0.1903650087 -0.0702773916  1.0000000000
-1.1933808299  9.3930867295 -0.1363573736 -2.8358442616 10.6260439909 -2.9547897040  0.2269848319 -0.0601120111  1.0000000000  0.1986022271  0.2008050679  1.0000000000
-1.4187169116  8.2980608413  0.0778854229 -4.7926619808  7.5814810798  0.6374317748  0.1485124505 -0.1674115411  1.0000000000 -0.2210771902 -0.2394382495  1.0000000000
-3.6220227533  8.3035449909  0.5035801293 -1.4426799433  7.9934078580 -0.7334661069 -0.0844352012 -0.1638254964  1.0000000000  0.2163606555 -0.2386487132  1.0000000000
-3.8286194737  8.4638760255 -0.3511690892 -5.7713153455 10.9176243690 -2.3119281771 -0.0591166301 -0.1085860282  1.0000000000 -0.2710748386  0.3020275009  1.0000000000
-1.7479446223 11.6726190649 -0.6225270584 -4.1211858406  9.3718052970 -1.0482894219  0.1835807291  0.2206122166  1.0000000000 -0.0947384902  0.0050869369  1.0000000000
-2.6493801103  8.4696828054 -1.6023315696 -3.4090442496  8.5219882107 -1.5676805447  0.1161498113 -0.1323287370  1.0000000000 -0.0024793549 -0.1233730652  1.0000000000
-3.0927631901  7.4090283968 -2.4735991223 -2.7554745939 10.7026942148  0.5598745093  0.0570059501 -0.3526925775  1.0000000000  0.0441909978  0.1034619817  1.0000000000
-2.0098969955  9.7796771556  0.6179874178 -2.6153694041 11.4817508599 -2.3345076521  0.1302657746 -0.0308596518  1.0000000000  0.2150616643  0.2635864684  1.0000000000
-5.4382708819  9.2843109731 -1.8083623873 -1.4881821054 10.1447118197 -1.3889591994 -0.2787640696 -0.0146768549  1.0000000000  0.2707307724  0.0417510237  1.0000000000
-1.4828169407  8.9337607163 -1.1449790416 -3.7495099872 10.2025869885 -1.2280206867  0.2485114182 -0.0673522282  1.0000000000 -0.0259379419  0.0896934661  1.0000000000
