849.2000000000
0
50
 2.3458738093 -7.0163408085  1.3901773447  2.9217107850 -8.6762607607  1.6224433053 -0.2421127785  0.3289145252  1.0000000000 -0.0613553709  0.1796268633  1.0000000000
  3.3686301530 -11.3512265492   1.9999083738   3.7168551036 -11.1884115902   1.5657765965 0.2700961349 0.0303650187 1.0000000000 0.2536648672 0.0916262879 1.0000000000
  3.0433478524 -10.4478630416   3.0884247176   4.5234914951  -8.1096970727   1.5777512469  0.1151812514 -0.0937341456  1.0000000000 -0.0775161758  0.2805897506  1.0000000000
  4.8946339771 -11.2648624765   4.3615394729   2.1118063350  -8.5339335967   1.7489833172  0.1499748059 -0.1924705339  1.0000000000 -0.1115975920  0.2030368250  1.0000000000
  2.6208530192 -10.6658023480   0.7743574438   3.6088217921 -11.0408234926   1.4518708117 0.2967961582 0.2523883915 1.0000000000 0.2106511675 0.0821070927 1.0000000000
  3.6629732948 -10.8393335287   0.8939976421   3.3430280931 -11.0650729997   3.5986910849  0.2228109364  0.1804966350  1.0000000000  0.1610234644 -0.1390926255  1.0000000000
 5.3310079447 -8.8931520145  2.4540828250  5.0709319030 -8.2294566554  4.3917280412 -0.0510241497  0.0709237029  1.0000000000 -0.1531607936 -0.0939769044  1.0000000000
 5.2818320598 -9.0163762979  2.1862700763  3.8930392728 -9.1129565695  3.1125074829 -0.0146395738  0.1208414453  1.0000000000 -0.0290669907  0.0078723877  1.0000000000
 4.8562613950 -9.5290514379  3.2152195241  4.0703240228 -8.4549428529  2.8341330000 -0.0137734719  0.0037133981  1.0000000000 -0.1145892200  0.0353482313  1.0000000000
  1.7622666930  -7.3731992006   1.5864797136   5.0365129089 -11.0077026644   2.8841008321 -0.2321172486  0.2548316247  1.0000000000  0.1437278458  0.0064054407  1.0000000000
  5.2808348821  -9.8285335240   1.0047433183   4.7921908607 -11.1369677152   2.3190240122 0.0751957568 0.2234705631 1.0000000000 0.1810922296 0.0152778751 1.0000000000
  4.0116128537 -10.0846898414   2.6724632623   1.4028106909 -11.1028485226   2.0236635179  0.0899184522  0.0005548359  1.0000000000  0.3275139594 -0.0005639152  1.0000000000
  1.5810533158 -10.3583269655   2.5336173347   3.0198658231  -9.0550745768   4.7671141161  0.1360076163 -0.0314686710  1.0000000000 -0.0906173755 -0.1989563225  1.0000000000
 5.0146693333 -9.8996990837  1.0306067775  2.6752140581 -8.6912125150  2.4593181579  0.1262064218  0.2180073399  1.0000000000 -0.1012777392  0.0456790735  1.0000000000
  3.6297568748  -8.3667741505   2.6565887858   3.9342132198 -10.1657939361   2.2893376865 -0.1264935574  0.1081380061  1.0000000000  0.1431486113  0.0353753319  1.0000000000
  3.1910839363 -10.1761888306   2.4887658172   1.9780403969  -8.5631413163   3.3190754038  0.0737437834  0.0095246363  1.0000000000 -0.1321332029 -0.0539340004  1.0000000000
  1.2936717492 -10.9336747182   3.7832608425   3.8913723127  -9.1922206941   4.6988086086  0.1498211229 -0.2653099548  1.0000000000 -0.1200394778 -0.1560941153  1.0000000000
  3.6902661250 -10.7234069290   3.8074851143   2.9635460048 -10.3102224615   1.7218193872  0.1521166323 -0.1311346686  1.0000000000  0.1759665059  0.1297352446  1.0000000000
  3.7782920044 -10.4610799438   2.4304557111   2.9176634471  -8.5734683637   1.5841346506  0.1084830497 -0.0213794439  1.0000000000 -0.0242756960  0.1853089929  1.0000000000
  3.9743599367  -7.9473101355   3.9450131948   4.5519363497 -10.7801021428   4.6223248782 -0.1723120944 -0.0436149820  1.0000000000  0.0914523402 -0.1957851918  1.0000000000
 3.7066739276 -8.2985997527  3.2832379784  2.4902153223 -9.5227729625  1.9391693791 -0.1649008991  0.0232940523  1.0000000000  0.0927927063  0.1139584356  1.0000000000
  3.4754335950  -9.8528207655   1.7129144763   2.3505248228 -10.5961903865   2.5280197030  0.0921564648  0.1181364544  1.0000000000  0.2007671094 -0.0355141513  1.0000000000
  3.1064274789 -11.8813062553   3.7133698278   2.2252899602 -10.1070450826   2.4813041732  0.2656030029 -0.1779032929  1.0000000000  0.1053050674  0.0030879938  1.0000000000
 1.1437400949 -8.7850790220  4.3552232555  4.3262548543 -8.0935533742  3.7506351763 -0.1847664695 -0.2974188761  1.0000000000 -0.1799117938  0.0027740768  1.0000000000
  1.5748326722  -9.7843068782   4.1057240590   1.6012754423 -10.0821320797   4.4421614090 -0.0466773251 -0.2291694509  1.0000000000  0.0033954087 -0.2901384761  1.0000000000
  4.5797171254  -7.7445052929   3.2723979424   5.3050525315 -10.0460500492   1.5140349451 -0.1606057778  0.0420879538  1.0000000000  0.0824709406  0.1365523054  1.0000000000
  3.3287229655  -9.5595398372   3.4382620494   2.1156376565 -10.8006792561   1.6243572996 -0.0539599302 -0.0575571425  1.0000000000  0.2478007556  0.0827628118  1.0000000000
 5.0142581670 -8.2925429721  4.9895792591  5.0294055566 -9.8718471317  3.4763249802 -0.1816386026 -0.1311308707  1.0000000000  0.0112968231 -0.0025871685  1.0000000000
  3.7225816093 -10.1786662080   3.1126810430   4.4951724220  -8.4796200741   4.8967528982  0.0643174419 -0.0715676601  1.0000000000 -0.1919108735 -0.1668267159  1.0000000000
 4.8501747073 -8.7795366715  4.3292610037  2.8667573851 -8.4448377057  3.4320121772 -0.1042538537 -0.1229274577  1.0000000000 -0.1237030806 -0.0409649822  1.0000000000
  4.6482359548 -11.1574320229   3.7706496288   4.7409298889 -10.6940879804   4.1534822087  0.1409630510 -0.0870250178  1.0000000000  0.0658791034 -0.1278239945  1.0000000000
 4.0428861540 -7.5169146664  2.8367420528  1.9246548643 -9.4903493645  0.9842410908 -0.2249554473  0.1145806835  1.0000000000  0.1074993954  0.2658047554  1.0000000000
  5.4447580118 -10.5090119937   1.4211728817   1.6191686280  -7.9442634349   1.7765305078  0.1384478386  0.1402178224  1.0000000000 -0.1877635652  0.1841837888  1.0000000000
  3.3002252297 -10.1389084131   2.9595263598   1.6841506423 -10.7873331656   3.1178785443  0.1111241091 -0.0369352139  1.0000000000  0.1926899505 -0.1264110723  1.0000000000
 2.0126297895 -8.1972000771  4.4055010247  2.9328860660 -9.4113555996  2.5153355024 -0.2809971389 -0.1715873725  1.0000000000  0.0077577169  0.0062958186  1.0000000000
  3.6011870649 -10.4276285415   2.7283986830   2.7069085708 -11.0763131921   2.6628046372  0.1181921076 -0.0092992837  1.0000000000  0.2035732899 -0.0233767799  1.0000000000
  1.1269826647 -10.2471032997   4.2252214138   1.2568495137  -9.6917874033   4.0657202191  0.0279272179 -0.2570352914  1.0000000000 -0.0229576762 -0.2677572044  1.0000000000
 3.8337507008 -9.3734766760  4.6798194280  3.1644300435 -8.5559777895  4.8069581136 -0.0637250817 -0.2360258020  1.0000000000 -0.2040248926 -0.2007130861  1.0000000000
  4.3314887866  -9.6125768307   2.4678778107   2.9280790709 -10.3280003754   1.3830198155 0.0498800909 0.0301715408 1.0000000000 0.1482566206 0.1606743049 1.0000000000
  2.2004623198 -10.6947695693   0.2401760285   2.1101879670  -9.8641120784   3.1125691842  0.2949158589  0.3028718951  1.0000000000  0.0272536605 -0.0763149309  1.0000000000
 4.5549560385 -7.3173799428  1.9057811129  2.9403345803 -9.4950423645  3.5419358793 -0.1262210500  0.1902303296  1.0000000000 -0.0033854835 -0.0908029272  1.0000000000
  2.4894300976  -9.5284014825   3.3223045853   4.7627631186 -10.1258388107   3.3591741645 -0.0340699896 -0.0687852733  1.0000000000  0.0337718984 -0.0586553879  1.0000000000
  2.3880786349 -10.7204079267   4.0398393142   3.9251550994 -10.6210189022   2.1564485042  0.1016916764 -0.2302302109  1.0000000000  0.1098206877  0.0701946419  1.0000000000
 4.2272963980 -9.5817670946  3.6851322690  2.6879949972 -8.0631393442  2.3365795883 -0.0360394658 -0.0759108347  1.0000000000 -0.1306025879  0.1182546881  1.0000000000
  2.0342208836  -7.6935974030   1.6815682425   1.4106416122 -10.0342463858   4.1211034804 -0.1745988864  0.2515296681  1.0000000000  0.0371429555 -0.2463346882  1.0000000000
  4.1353583473  -9.1472230707   1.8440916886   3.8373771647 -11.1040025000   3.5643824123  0.0072717015  0.1261097994  1.0000000000  0.1494051354 -0.1142901250  1.0000000000
 1.9265862154 -8.0667776074  2.8835452246  3.6169265325 -9.8822936505  3.0645482686 -0.1903057824  0.0339365413  1.0000000000  0.0409670651 -0.0537547481  1.0000000000
 2.1882885119 -9.6414795218  1.4111756724  4.7212426405 -8.8374151410  3.6512477833  0.0585941080  0.1775018000  1.0000000000 -0.0284961891 -0.0070516013  1.0000000000
  3.7254354840 -10.3607061359   4.0004167697   1.7309372403  -8.6853869131   2.9423133026  0.0404274128 -0.1244688134  1.0000000000 -0.1146172523 -0.0544294721  1.0000000000
 2.5910008299 -8.1149055473  2.8711214461  3.3009578993 -8.3781566555  2.5272183159 -0.2067967310  0.0330332531  1.0000000000 -0.1607816112  0.0715110274  1.0000000000
