124.8000000000
0
50
  5.6635264500 -12.1961134775   9.0982755513   6.1914738762 -12.2019471479   4.6620606539  0.1575121809 -0.1279709876  1.0000000000 -0.1899433487  0.2825403140  1.0000000000
  5.8776925771 -11.8205112583   9.4971898055   4.9138659964 -12.3458836463   5.8109756221  0.1520998613 -0.1597394724  1.0000000000  0.0253943392  0.1010971811  1.0000000000
  5.1981276901 -12.1128937240   5.4316612143   6.0195592247 -13.5513825238   5.8380739179 -0.0468270559  0.0928493264  1.0000000000  0.0561163099  0.2569782361  1.0000000000
  5.6005904013 -11.4359802613   6.3914644166   4.0267849619 -11.4374765963   6.7285258565 -0.0753793670 -0.0428704589  1.0000000000  0.0521906438 -0.1565658773  1.0000000000
  6.8909612746 -11.9854245128   4.7572092245   5.0673217000 -12.5086226390   5.6456425863 -0.1939718811  0.2218347382  1.0000000000 -0.0222240032  0.1149766109  1.0000000000
  6.5978243021 -12.7551009641   8.3033588938   6.7988266099 -13.2013152999   7.1542338563 0.0741908260 0.0094203879 1.0000000000 0.0668706570 0.1268294002 1.0000000000
  7.0611697914 -13.5208624263   8.0142889025   7.5249908972 -13.0046205924   6.2980226331  0.1163772793  0.1197119330  1.0000000000 -0.0479627220  0.2120618144  1.0000000000
  5.0976860276  -9.8089993856   6.0510668943   7.1082730286 -10.7987019508   6.0759992724 -0.2069296465 -0.1781240941  1.0000000000 -0.1872336652  0.0311920055  1.0000000000
  5.8726756365 -13.3378340122   5.1784271223   5.0060822089 -11.6581634110   8.3725162642  0.0368998467  0.2924128566  1.0000000000  0.0770169929 -0.2000761725  1.0000000000
  4.5715206779 -12.6371500700   6.2486498791   5.7394394669 -12.3013801471   5.3617521950  0.1500887969  0.0713283774  1.0000000000 -0.0501912228  0.1949282779  1.0000000000
  6.1396356076 -13.5968101186   8.0435863383   5.2386410218 -12.4230078903   7.4650360406  0.1537134149  0.0926576757  1.0000000000  0.1217218814 -0.0040193239  1.0000000000
  4.4262037586 -11.6992132961   6.1649227368   6.4551677875 -10.9218785122   8.6167458710  0.0216746002 -0.0606276057  1.0000000000 -0.0359531289 -0.1579554443  1.0000000000
  4.8656522050 -12.2250456975   6.8601080648   5.2201608193 -10.0541778398   6.8175162089  0.1128381289 -0.0053471793  1.0000000000 -0.1471707410 -0.1702886330  1.0000000000
  5.8336453788 -10.7955026011   6.2946006986   6.3595068552 -10.1763643854   8.7336335104 -0.1617937774 -0.0600841107  1.0000000000 -0.0728327715 -0.1971339769  1.0000000000
  4.8858948636 -12.3832583960   8.8804708034   4.7659706867 -12.5466335661   6.9004337431  0.1996462645 -0.1338971589  1.0000000000  0.0869426124  0.0333782388  1.0000000000
  5.9864783963 -11.0028202766   7.5738804075   5.8700700965 -13.7554100518   7.2008900852 -0.0223686559 -0.1148085184  1.0000000000  0.1784676039  0.1615095771  1.0000000000
  6.3405855482 -12.5321420215   4.8176459977   7.4626340047 -12.8339400775   6.5885591153 -0.1132512871  0.2307838039  1.0000000000 -0.0302478555  0.1970151710  1.0000000000
  3.8412669010 -12.3461193150   7.6286452733   6.3840386846 -13.8298191736   8.6092976592  0.2260477573 -0.0939093674  1.0000000000  0.2430603358  0.0730877429  1.0000000000
  4.0036574956 -10.6300803786   6.4136354745   4.4967510723 -10.5177029582   7.0681901750 -0.0292540492 -0.2282605329  1.0000000000 -0.0402210039 -0.2159133260  1.0000000000
  6.5170088730 -13.0029884156   7.0144747715   5.9953442884  -9.7070468144   7.1725416527  0.0549683139  0.0905010273  1.0000000000 -0.1535488057 -0.1844404815  1.0000000000
  5.9106306163 -12.4436729980   5.5553505588   6.7307405858 -10.6813801269   6.9903349575 -0.0660128979  0.1425035054  1.0000000000 -0.1416348248 -0.0591802437  1.0000000000
  6.9136264559 -11.4289615477   5.8335324452   7.4961291941 -10.5763586982   6.6710220279 -0.1519159521  0.0725489475  1.0000000000 -0.1771574615 -0.0208415700  1.0000000000
  5.8000478884 -12.1232904335   5.1525820827   4.0777640886 -13.8245156301   6.5076840788 -0.1356900530  0.1498310928  1.0000000000  0.2473340131  0.1370198132  1.0000000000
  5.8211500356 -11.7082741205   4.3276469049   5.6084684069 -10.0113400075   6.9556903919 -0.2211015054  0.1682774652  1.0000000000 -0.1758894776 -0.2047706391  1.0000000000
  6.7973408368 -14.0894611802   8.1774139442   6.5126295362 -10.5288992040   6.0089755377  0.1807299700  0.1242966550  1.0000000000 -0.2114856004 -0.0484318230  1.0000000000
  6.1030202876 -13.7314143715   7.2836305342   4.8071008088 -11.2910073867   4.9059548899  0.1398438591  0.1217380850  1.0000000000 -0.1421341611  0.0405654847  1.0000000000
  3.3671356851 -12.0753994731   7.7647722834   6.2119400572 -12.9824345640   5.1927055251  0.2429322136 -0.1746147586  1.0000000000 -0.0391234001  0.2264487712  1.0000000000
  5.3232444061 -10.2562507787   6.3646787273   5.2349472475 -12.5837789936   8.3104495683 -0.1641992599 -0.1589388115  1.0000000000  0.1810956334 -0.0294315102  1.0000000000
  5.6884911491 -12.4363551418   7.5128058809   4.8421207058 -11.4775146751   9.0835215292  0.1125715307 -0.0254349427  1.0000000000  0.1785141142 -0.2152937543  1.0000000000
  7.4068821989 -13.5812064556   7.1693131658   7.3086226045 -10.7663744313   6.8134947599  0.0276926740  0.1886613592  1.0000000000 -0.1434310196  0.0204659507  1.0000000000
  5.3625467486 -12.0724445886   9.4337692126   5.6954269504 -10.8884880586   7.9216690100  0.2090552167 -0.1190635814  1.0000000000 -0.0248825527 -0.1641450944  1.0000000000
  6.5019325211 -11.8379477422   8.2952574102   6.8872360466 -12.7134107801   7.2351195639  0.0727695999 -0.0395203375  1.0000000000  0.0020201889  0.0867966916  1.0000000000
  3.4595463955 -11.6401696168   7.5403732842   6.3151678021 -11.6606683620   5.1728773342  0.2035813721 -0.2649363698  1.0000000000 -0.2148464862  0.1279682829  1.0000000000
  4.2913000430 -12.0059721215   6.7412086656   5.7843204837 -11.1901062872   9.1421682497  0.0814078713 -0.0752881801  1.0000000000  0.0536202349 -0.1761699296  1.0000000000
  6.9501058470 -13.5382518628   6.6457499973   6.4190187200 -11.6100964885   4.9881707913  0.0429706121  0.2190102019  1.0000000000 -0.2074159737  0.1788686915  1.0000000000
  6.2356375263 -11.6054793990   5.8592414387   5.0751799233 -11.2285187126   6.6772516561 -0.0885424195  0.0759502271  1.0000000000 -0.0201119663 -0.0785320407  1.0000000000
  5.6119978837 -11.9977201653   8.9020900281   4.4509033017 -10.6814767539   7.6713292131  0.1368228688 -0.1257702192  1.0000000000  0.0220483904 -0.2822905426  1.0000000000
  6.3483436449 -11.4575734867   8.8821113435   6.7955522436 -11.7887322423   6.9910587167  0.0867012300 -0.1130916109  1.0000000000  0.0031090692  0.0754075769  1.0000000000
  7.0249887072 -13.4452281471   7.6842599883   5.6223901116 -13.3957804433   7.1523012187 0.0870506830 0.1397782606 1.0000000000 0.1610633283 0.0935553744 1.0000000000
  4.1398362484 -12.4888547462   6.8204264269   7.0749740536 -12.8077508144   7.1379356529  0.1970762899 -0.0440939448  1.0000000000  0.0064512280  0.1339337497  1.0000000000
  7.0126063278 -10.2517065424   7.7654641869   4.7882806149 -12.2806280235   5.7473452426 -0.1256083699 -0.0745388743  1.0000000000  0.0613867226  0.0370339271  1.0000000000
  5.3315720887 -12.3966290000   7.6791217013   5.4254368013 -13.6392999635   6.3297020459  0.1386383806 -0.0253002878  1.0000000000  0.1100976249  0.1843343607  1.0000000000
  6.5741928696 -14.1244551887   8.2201483855   5.6545876022 -12.2601566916   6.8692276528 0.2195659220 0.1735165141 1.0000000000 0.0419102311 0.0061405149 1.0000000000
  6.9185812283 -11.3883227435   7.6158419882   7.6081678031 -12.0971197220   5.1268854793 -0.0827435204 -0.0497803154  1.0000000000 -0.1909249781  0.2315610784  1.0000000000
  4.7844444934 -11.0764283406   7.2553372961   4.1002101691  -9.9493727191   6.5358782157 -0.0084310927 -0.1893567328  1.0000000000 -0.1111449677 -0.3098000638  1.0000000000
  7.0510041107 -13.1627399236   6.4492241604   6.7226182949  -9.6603593953   7.8354210313  0.0136673654  0.1930666193  1.0000000000 -0.1570298681 -0.1849735356  1.0000000000
  5.5109471367 -12.5272575086   6.2746040448   3.7879715784 -10.3147942049   6.5861051834  0.0712062402  0.0706887316  1.0000000000 -0.0401650777 -0.2723190579  1.0000000000
  8.1091739770 -12.1982654403   6.1746936276   6.1439565361 -12.3757997392   8.3823544244 -0.1382917809  0.1454560961  1.0000000000  0.0863090730 -0.0222720227  1.0000000000
  5.5268053246 -10.4709968021   6.3062314579   7.8093386650 -12.0912550576   5.9136534967 -0.1348291323 -0.0875420449  1.0000000000 -0.1138952185  0.1740822339  1.0000000000
  6.6047450153 -10.9537324567   7.8007810148   5.3523521847 -11.4818855574   6.1763991511 -0.0645015450 -0.0819133492  1.0000000000 -0.0862486711  0.0172572331  1.0000000000
