681.3000000000
0
50
-3.0234961925 -8.1282041847 -1.4381499778 -4.0297126449 -9.4479939770 -2.3599354711 -0.0041423126 -0.1732465789  1.0000000000 -0.3120623712 -0.1631024211  1.0000000000
-4.7691307068 -5.8876892688 -0.8058776210 -2.0100535990 -6.2760234438 -3.1271502506  0.0372647885 -0.0316000836  1.0000000000  0.2032761610  0.1584381813  1.0000000000
-2.3722938479 -5.9348692214 -3.7219277139 -3.5797994591 -5.4970820528 -2.7406822709 0.1602210813 0.2681683018 1.0000000000 0.0994057571 0.2020355941 1.0000000000
-3.5140963150 -8.8335420882 -1.9975407015 -5.2180305922 -6.7922592090 -1.9231847693 -0.1482312014 -0.1931719043  1.0000000000 -0.1250568123  0.0657031622  1.0000000000
-5.0337578006 -4.9269270642 -1.3983181672 -4.5026852904 -7.0938541410 -3.0341352026  0.0565987995  0.1000987866  1.0000000000 -0.1379902057  0.1242926970  1.0000000000
-3.1168103653 -6.8304345323 -4.1996004545 -3.2254043166 -7.5495333405 -0.0875196925 -0.0197903826  0.2697258280  1.0000000000  0.0717945801 -0.2209457471  1.0000000000
-5.3474306538 -6.7654938560 -3.4139981934 -2.1472657112 -5.5910098293 -3.3633388905 -0.1924982704  0.2184366750  1.0000000000  0.2492268168  0.2482716703  1.0000000000
-4.6404142511 -4.1029199557 -1.8708870298 -3.9380487137 -6.2808066495 -0.8483225803  0.1016674762  0.1706221023  1.0000000000  0.1192731522 -0.0604275088  1.0000000000
-2.6037291522 -6.0144092024 -1.6210930445 -4.2013327387 -7.4027269964 -0.6851648735  0.2304874285  0.0932579307  1.0000000000  0.0405001996 -0.1143941266  1.0000000000
-5.6140131874 -7.6547014297 -0.2533421022 -2.9075622035 -5.6003380928 -1.2024739470 -0.1457343565 -0.1452362130  1.0000000000  0.2178961296  0.0351279634  1.0000000000
-3.8474914048 -5.2951786699 -0.7791647926 -1.8674067233 -7.5501682044 -0.3554134281  0.1849963144 -0.0043275238  1.0000000000  0.2393051240 -0.2488979126  1.0000000000
-4.3883549285 -5.3857242999 -0.7023651107 -5.0960603375 -5.1511538230 -0.8555111207 0.1297204544 0.0031427592 1.0000000000 0.0590353282 0.0837754179 1.0000000000
-4.8292326818 -5.7351372199 -0.9018456488 -2.9645768240 -5.9222040546  0.2573754565  0.0355875089  0.0050970559  1.0000000000  0.2459765762 -0.1498000620  1.0000000000
-3.6261083459 -6.9175087973 -2.2088435819 -2.4307795706 -7.6152096991 -0.9483165478  0.0287445720  0.0267471947  1.0000000000  0.1551042951 -0.2091900740  1.0000000000
-3.2114811704 -6.6910529807  0.6221070618 -5.5077041716 -6.2840982835 -1.1897580566  0.1558452163 -0.2085568610  1.0000000000 -0.0749829264  0.0179516632  1.0000000000
-3.6872972974 -5.6429342673  0.0501090585 -3.3863410348 -5.3929544653 -0.9356020940  0.1800981882 -0.1000955384  1.0000000000  0.1873350914  0.0099736177  1.0000000000
-4.2526901288 -7.2027647457 -1.4577208959 -4.6071195774 -8.6798907176 -2.5150424110 -0.0542174584 -0.0246189814  1.0000000000 -0.2507626506 -0.0545088685  1.0000000000
-4.8670994889 -6.4078887406 -0.0501770931 -3.7161825829 -5.0588298609 -2.7884907720  0.0389703281 -0.0679918767  1.0000000000  0.1318968210  0.2264214902  1.0000000000
-4.4704761192 -7.8171813502 -1.4104897601 -2.8668294124 -7.8564693351 -2.9822683621 -0.0944812800 -0.1060497297  1.0000000000 -0.0422989532 -0.0016632913  1.0000000000
-4.5823574593 -7.2424837189 -0.4734252098 -2.6239135293 -6.4481458555  0.2539366725  0.0316798204 -0.0976020987  1.0000000000  0.2213924878 -0.2411122477  1.0000000000
-6.1732650177 -5.5652747852 -2.4314549113 -4.1816477809 -5.2814184477 -0.9272614224 -0.0705803131  0.1504296465  1.0000000000  0.1126407546  0.0543184949  1.0000000000
-5.2614949282 -8.1954427848 -0.4977065566 -2.7629924124 -7.6883914878 -2.0746189883 -0.1010893630 -0.1449031951  1.0000000000  0.0477668108 -0.1168934227  1.0000000000
-2.0669348420 -7.1769483325 -1.4052949508 -4.1398252563 -5.0360128718 -1.8910824023  0.2084988332 -0.1291040514  1.0000000000  0.0943761889  0.1218440802  1.0000000000
-5.0109735379 -8.5591593707 -1.8330189051 -4.3626340586 -6.6884776464 -0.5432938724 -0.1709327357 -0.0731777509  1.0000000000  0.0598773102 -0.1006940473  1.0000000000
-2.7073984305 -5.5638965140 -3.7105102907 -3.3439197458 -5.5615048488 -1.2968806462 0.1467408595 0.3066030544 1.0000000000 0.1709925034 0.0178328396 1.0000000000
-3.4393511871 -6.0528447838 -1.2773633373 -5.2337707525 -7.1058501364 -0.7195605550  0.0896545216 -0.0084250906  1.0000000000 -0.0185293647 -0.0586533609  1.0000000000
-4.1462294588 -7.9905254518 -0.1718031655 -3.6804454289 -6.4514956504  0.2685165022 -0.0454064163 -0.2039083024  1.0000000000  0.1682383467 -0.1609466241  1.0000000000
-4.5209612695 -8.7909709018 -2.1509609647 -2.2890393742 -5.4465592851 -3.7144779830 -0.2092334503 -0.1117029799  1.0000000000  0.2178659340  0.3495799324  1.0000000000
-5.9424000450 -7.1835042858 -1.3591371164 -5.0434091179 -7.0340889838 -0.0536359540 -0.1336838046 -0.0417401740  1.0000000000 -0.0848636110 -0.1637554044  1.0000000000
-3.9126538598 -7.5245669530 -1.4788617417 -2.1025341390 -5.1527485399 -3.0701911522  0.0022991016 -0.1351600680  1.0000000000  0.3216661719  0.2409691413  1.0000000000
-2.7757342063 -7.8545639273 -2.6722070058 -3.9088021668 -6.1137069682 -0.0613303168  0.0149989247 -0.0193047497  1.0000000000  0.1458601901 -0.1117191446  1.0000000000
-2.4100635159 -5.9734129260 -3.3120349986 -3.0061226998 -5.4447550115 -1.4554786219 0.1767847452 0.2217650521 1.0000000000 0.2286060195 0.0262997917 1.0000000000
-4.5636902749 -6.9788279890 -3.7791880536 -4.7935633338 -6.6519892311 -3.9466908151 -0.1225960602  0.2482830625  1.0000000000 -0.1563771006  0.2710694805  1.0000000000
-3.0152366429 -6.2089027238 -3.1703487813 -2.8145495185 -5.8256504339 -2.2556789269 0.1064942240 0.1538802749 1.0000000000 0.1795618205 0.0826064958 1.0000000000
-5.4509179664 -8.1314568419 -0.4733870110 -4.2174014323 -9.0357232029 -2.3942957311 -0.1184635558 -0.1993753217  1.0000000000 -0.2281904754 -0.1509104280  1.0000000000
-2.9197744535 -7.8462715429 -1.9174721039 -3.3346142283 -6.8142107656  0.1017578611 -0.0053577144 -0.1215832967  1.0000000000  0.1594929121 -0.2037328747  1.0000000000
-3.1803829130 -7.4060178866 -0.9297618937 -4.0594941399 -7.6238930573 -3.5672216563  0.0692295112 -0.1546078140  1.0000000000 -0.1277495537  0.1412313676  1.0000000000
-3.6303058144 -9.7906941820 -1.7295445035 -4.5206691834 -8.6145611647 -2.4302322527 -0.2269753671 -0.3267596938  1.0000000000 -0.2776886141 -0.0114654016  1.0000000000
-2.9765005883 -5.6790522659 -1.5401050995 -3.1093068489 -6.3674497060 -3.7601863550 0.1916325714 0.0538233582 1.0000000000 0.0166685556 0.2620207336 1.0000000000
-4.9146940341 -5.1236207932 -1.1116866147 -1.8476005450 -5.6095995854 -3.1064445064 0.1009956700 0.0667747391 1.0000000000 0.3461823322 0.2164410862 1.0000000000
-3.9975260351 -6.8856313784 -4.3964541431 -4.8582448839 -6.5861085697 -2.0078629959 -0.1015155031  0.3262396370  1.0000000000 -0.0544466796  0.0992880009  1.0000000000
-3.9231188266 -5.5880853396 -3.4327160729 -3.0081873099 -9.0686968098 -2.0246641134  0.0293877329  0.2593263185  1.0000000000 -0.1013179846 -0.2443141465  1.0000000000
-3.5803676728 -8.4584869465 -1.7858539949 -2.9894888694 -6.6821175152 -1.9535743014 -0.1289037081 -0.1943271060  1.0000000000  0.0864196976  0.0373698796  1.0000000000
-4.6916213661 -6.5110462015 -3.8682838916 -3.9608117966 -9.1241794252 -1.5313141960 -0.1487425911  0.2540578016  1.0000000000 -0.1769158530 -0.2714088458  1.0000000000
-3.6269411866 -6.5346544879  0.7330354499 -3.1911456655 -7.4180946904 -0.4509449839  0.1826339171 -0.2493613428  1.0000000000  0.0528623690 -0.2285949605  1.0000000000
-3.1633758807 -7.2347814881 -0.9689068553 -5.4347292345 -6.1981794300 -2.8880843891  0.1004657566 -0.1225781264  1.0000000000 -0.0827572299  0.1935079590  1.0000000000
-3.2308245698 -8.8826198454 -2.3849794022 -4.3784140251 -7.3804038092 -1.0023765219 -0.1222578219 -0.1377869401  1.0000000000 -0.0537961715 -0.0840265550  1.0000000000
-4.6976580706 -5.7351994256 -0.7550591752 -4.3555591678 -7.6116688026 -3.8460865179  0.0231366466  0.0057955060  1.0000000000 -0.2341260470  0.1916141864  1.0000000000
-5.8451504704 -7.9179663870 -0.4580425581 -3.6519851884 -8.5472779181 -2.6691942358 -0.2003383106 -0.1776758688  1.0000000000 -0.1634301111 -0.0969365436  1.0000000000
-3.8389716543 -8.6857055528 -1.6462006366 -3.3421743170 -7.6837669206 -3.2973897450 -0.1330673870 -0.1649916663  1.0000000000 -0.0988102997  0.0766134817  1.0000000000
