948.5000000000
0
50
-2.0967448064 13.0552512391  4.3314181819 -3.0034885447 11.5160769928  4.6586982140 -0.0178597076  0.2291153090  1.0000000000  0.0067718975 -0.0439668409  1.0000000000
-1.8467892277  9.3691187742  5.1894200890 -1.4693281226 13.4757087149  7.2136809920  0.2958599989 -0.2230667401  1.0000000000  0.1840655194  0.1735266461  1.0000000000
-2.9945712893  9.9656332620  7.2800613572 -3.5442967654 12.5634193679  2.6993148988  0.1912781320 -0.2280898449  1.0000000000 -0.2894907619  0.0975464391  1.0000000000
-4.1892236103 14.3539411230  4.9358764232 -4.4896395003 13.9597562933  5.1781394999 -0.2318290688  0.1585628086  1.0000000000 -0.1890081559  0.1236904986  1.0000000000
-3.1717811800 12.9979857699  5.4059495612 -2.9797835317 13.3822089547  2.4145790175 -0.0157787355  0.1036501012  1.0000000000 -0.2918101903  0.3050335073  1.0000000000
-2.4452352782 10.7902252236  6.8580962691 -2.6447395892 11.8511472451  3.6768601332  0.2173439646 -0.0645453883  1.0000000000 -0.0852698838  0.0777576067  1.0000000000
-2.6178614318 12.8092094391  5.4310325077 -2.8364750752 12.5731522861  5.2479819695 0.0743169941 0.1440569483 1.0000000000 0.0510067716 0.0911914843 1.0000000000
-3.1839707627 11.4815310768  5.1365958465 -3.9105055232 12.1009193389  4.2700004083  0.0010747677 -0.1003306426  1.0000000000 -0.1635963715 -0.0097699080  1.0000000000
-4.7425637066 11.5592775177  4.2251505733 -2.7889619679  9.8178003261  5.8779463395 -0.2069786232 -0.1208476616  1.0000000000  0.1392748164 -0.2005093474  1.0000000000
-2.3300074016 12.4526018818  4.8795531880 -2.9543190160 13.2888707487  6.0455465998 0.0465771820 0.1384486051 1.0000000000 0.0058021949 0.1225255007 1.0000000000
-2.7618339662 11.7849058474  6.8695110904 -3.5670042359 12.6596020333  5.7305287971  0.1629723112 -0.0219761634  1.0000000000 -0.0769945456  0.0217678659  1.0000000000
-4.3174674619 10.6831400316  3.3908187393 -1.8204724072 12.3116154622  6.1158542115 -0.1861756952 -0.1967286334  1.0000000000  0.1331932745  0.0856021082  1.0000000000
-4.0532647277 10.5163270519  3.5057592841 -2.4615225839 11.8819219283  5.8688579675 -0.1702526652 -0.2144931804  1.0000000000  0.1366193854  0.0329860919  1.0000000000
-1.0838722619 13.1248721045  6.7348100212 -5.2822998265 12.6280398036  5.5065526549  0.1893034714  0.2290031770  1.0000000000 -0.1716192290 -0.0265341802  1.0000000000
-1.8967229947 12.6141776666  6.0968028968 -2.3464166270 11.5359740441  4.2028178448 0.1421218392 0.1355013437 1.0000000000 0.0902422635 0.0373972603 1.0000000000
-2.0483272305 10.9694592256  6.8749254898 -3.5974797994 10.3110449850  5.4140253979  0.2682728210 -0.0584329877  1.0000000000  0.0303124606 -0.2190413000  1.0000000000
-3.4171016478 11.0014895494  6.9741669082 -3.2015233903 13.6867035758  6.4005281530  0.1347304192 -0.1568330971  1.0000000000 -0.0340017764  0.1101624724  1.0000000000
-2.2396624085 13.4081158951  6.0015274335 -4.8072894031 13.0005486822  6.0906899327  0.0159270758  0.1729838628  1.0000000000 -0.1078693072  0.0089955747  1.0000000000
-5.0011238586 11.7673084730  5.1072701063 -4.1792398482 10.5636878496  5.7681583416 -0.1333896197 -0.1211684565  1.0000000000 -0.0437904385 -0.2087952014  1.0000000000
-3.5804453683 13.1139334175  4.9353126886 -1.0977379703 12.4694494867  5.1374805215 -0.1417397104  0.1212757285  1.0000000000  0.1348092807  0.1890857733  1.0000000000
-4.5101554462 13.1307966563  5.8918395964 -3.2973009456 14.3789245893  5.7272908268 -0.1254072800  0.0093614771  1.0000000000 -0.0698131353  0.2506903120  1.0000000000
-2.4555342296 12.7353992561  4.7650769344 -2.7855432516 12.3663174364  3.4977547598 -0.0025042867  0.1404795360  1.0000000000 -0.1308526893  0.1027577735  1.0000000000
-4.2926535457 12.3461828817  4.9543202352 -2.3779734593 10.8163183705  4.6055424762 -0.1809108631  0.0032279873  1.0000000000  0.1260689173 -0.0396858393  1.0000000000
-2.6528898871  9.4836933091  5.8520811341 -1.4263653209 11.5030082645  5.9395367074  0.2159749124 -0.2224453080  1.0000000000  0.2232218552  0.0463380152  1.0000000000
-3.8389819038 11.3624822857  7.1902381237 -2.3534877962 11.5177432669  4.1264827090  0.0897864400 -0.1309088936  1.0000000000  0.0145524271  0.0415177491  1.0000000000
-5.1431382344 13.1128747497  5.9936112217 -4.3195887196 11.4077802162  3.2398964489 -0.1711393913 -0.0283574420  1.0000000000 -0.2926938864 -0.0882019335  1.0000000000
-1.4016131716 12.0914415374  5.4408635936 -2.6386172631 13.7805563191  6.3345185672 0.1554869185 0.1062644467 1.0000000000 0.0365237346 0.1683143607 1.0000000000
-1.0542349242 10.5909958393  5.0903784801 -2.7658495166 12.4363044488  4.3116488845  0.3263039037  0.0010704418  1.0000000000 -0.0332036450  0.1445805191  1.0000000000
-4.9561999967 11.2518226212  6.9899855601 -5.0386451637 13.1900516148  5.4468216623 -0.0401663399 -0.2004912511  1.0000000000 -0.2381286197 -0.0137807165  1.0000000000
-4.4503592362 12.5248468150  5.6892134418 -1.8372337102 11.6348761943  5.4977823444 -0.1217738700 -0.0287759195  1.0000000000  0.1523902252  0.0469950431  1.0000000000
-4.3449394715 13.1744654403  6.1779449543 -1.7069104249 11.6681668704  3.5891547504 -0.0720594507  0.0376561596  1.0000000000  0.0560635244  0.1385844859  1.0000000000
-3.7535386554 10.1377741492  3.6257416531 -3.3839277697 14.5234341793  5.5908933635 -0.0655022608 -0.2463955586  1.0000000000 -0.0887478085  0.1737966845  1.0000000000
-2.9206680165 10.2063079652  5.6073220368 -3.1494855940 11.7425659737  4.7048664576  0.1077490671 -0.1643266583  1.0000000000 -0.0185323782 -0.0287257421  1.0000000000
-3.5988862716 12.1861754291  6.0970143728 -1.4871314913  9.9642365068  5.2252091557 -0.0399988018 -0.0090630396  1.0000000000  0.2980209623 -0.0883402165  1.0000000000
-3.7083185418 10.1020230096  4.2687787601 -4.3953155104 12.4533555177  3.9029754276 -0.0310449141 -0.2729487710  1.0000000000 -0.2379157927 -0.0014983757  1.0000000000
-2.4654496252 11.0534036363  4.3600169928 -3.7100757454 11.9021529352  4.5652068767  0.0409722536 -0.0178154363  1.0000000000 -0.1112074663 -0.0413325315  1.0000000000
-4.0633143619 12.7751808623  6.6772045914 -3.3806070007 11.2367456362  4.4586289637 -0.0416380948 -0.0053931601  1.0000000000 -0.0118132842 -0.0900697867  1.0000000000
-2.3992666008 12.6825445352  5.2522311603 -4.8962508279 10.9443850967  3.7013024349 -0.0031635304  0.1143075888  1.0000000000 -0.2492051801 -0.1658074085  1.0000000000
-2.5004782626 13.4497355458  5.5238781298 -2.5319126260  9.3369811084  4.9243790288  0.0159203345  0.1570772921  1.0000000000  0.1953480151 -0.2474963143  1.0000000000
-1.8646101414  9.7448830470  4.8987136929 -3.1711180335 12.4571796452  5.0123679248  0.2621369081 -0.1881550000  1.0000000000 -0.0270995760  0.0716237308  1.0000000000
-1.4417436442 12.3882670260  5.8231931174 -3.7515634213 10.5845775114  3.6719876664  0.1967399187  0.1276609694  1.0000000000 -0.1028868715 -0.1993029825  1.0000000000
-2.6571351379 10.2095052878  5.6306305208 -4.5903830678 12.8003510383  5.4591119409  0.1387662277 -0.1676882397  1.0000000000 -0.1180294069  0.0086200535  1.0000000000
-2.3791099307  9.0863910171  5.2651030288 -5.3384150633 12.0804415044  5.1803075220  0.2092480295 -0.3052533151  1.0000000000 -0.2166128556 -0.1197656257  1.0000000000
-1.2405637270 12.9984596248  6.6261582134 -2.1564638405  9.1948928323  5.6031964600  0.1619837784  0.2559518381  1.0000000000  0.2934934108 -0.2519784627  1.0000000000
-4.0404205533 10.3908471340  3.2649705031 -2.3148977816 12.5879176614  7.1378287592 -0.1736467906 -0.2195506696  1.0000000000  0.1646643260  0.0561892240  1.0000000000
-3.0645211109 10.3388113724  4.9746977972 -1.9695719574 10.0859092498  4.7574445701  0.0911353655 -0.2151712569  1.0000000000  0.2095644517 -0.1343548178  1.0000000000
-1.0041840961 11.5110312004  5.8281772860 -2.7554615034 11.1732073713  4.1878852770  0.2661697834  0.0767528961  1.0000000000 -0.0007731658 -0.0326635331  1.0000000000
-2.5934126946 11.9281561410  4.5451072467 -2.2722710099 10.4034414738  4.8824129091  0.0195549420  0.0589288329  1.0000000000  0.1769610206 -0.1083081886  1.0000000000
-3.1243485647  9.6985166857  4.9661930520 -2.3993272417 10.2517459428  4.6053410983  0.0913543344 -0.2693090938  1.0000000000  0.1604529572 -0.1265161673  1.0000000000
-1.8515618768 10.0410187886  4.7780196679 -3.3721975379 10.5252455748  4.8145318470  0.2137473063 -0.1164803125  1.0000000000  0.0201156139 -0.1650796876  1.0000000000
