448.4000000000
0
50
 -8.8976508806 -11.8509283599  10.9559956532  -9.7216310329 -10.9679016387  10.9842084783 -0.0598757095 -0.0126611219  1.0000000000 -0.2095319887 -0.0264568218  1.0000000000
 -9.6981904296 -14.2320335380  10.2374500012  -7.7883557068 -10.8098746070  10.9451720939  0.2052681918 -0.1634814452  1.0000000000 -0.1260522870  0.1148034829  1.0000000000
-10.4318978584 -13.1413791855  10.0883768205  -9.3221481784 -11.8606308861  11.5887726502  0.1006481914 -0.1868030943  1.0000000000 -0.0644397519  0.0302618014  1.0000000000
 -7.4221966527 -13.4018110831  11.9273159025  -7.9291465064 -12.4726572785  11.0097594518 0.2175568971 0.1869089558 1.0000000000 0.0760490308 0.0844644142 1.0000000000
 -9.2756312445 -12.9320251054  11.1756200311  -8.9309503595 -13.9057120381  10.4926470398  0.0379264409 -0.0373267666  1.0000000000  0.1966674954 -0.0119341744  1.0000000000
 -7.6748268567 -11.7800592414  12.2969898426  -8.9931794304 -14.0306114055  12.1777518469 -0.0243563474  0.2372572303  1.0000000000  0.1512285996  0.0869658720  1.0000000000
 -8.1426840100  -9.9993361641   9.5297756898  -8.6311498054 -13.7866899408  12.5772847349 -0.2696649541  0.0176190885  1.0000000000  0.1206060151  0.1254663840  1.0000000000
 -6.9564110091 -13.2189995691   9.8364342363  -9.6008931004 -12.4620891052  11.0256359252  0.2274021838  0.1184296066  1.0000000000  0.0146790463 -0.0394563956  1.0000000000
 -8.8656050369 -11.4945971688   8.1950400264 -10.0356721377 -11.0879457638  12.0376202459 -0.0750690336 -0.2849047589  1.0000000000 -0.2067742703  0.0127823909  1.0000000000
 -8.9304805455 -12.5036076768  10.0743902185  -8.2121950059 -13.6101973305   7.8711652927  0.0257007870 -0.0953522181  1.0000000000  0.2866616102 -0.2620885506  1.0000000000
 -8.7983009349 -14.3173274815  12.0540882507  -7.6326035962 -12.3555401663  10.5891101735 0.1835603198 0.0807144118 1.0000000000 0.0579642627 0.1370680674 1.0000000000
 -7.5934567744 -10.1168273818  10.6879179725  -6.7147685866 -13.2385577287  10.3506454334 -0.2396624483  0.1790432837  1.0000000000  0.2007498115  0.1731205920  1.0000000000
 -6.0937572588 -11.4758081848  10.5539112475  -8.5018301846 -14.2195126346  12.1238651653 0.0290233488 0.2775154732 1.0000000000 0.2366185264 0.1270248794 1.0000000000
 -6.7113680060 -13.7306015690  10.9056122779  -8.4524506561 -12.5863983007  11.9216320827 0.2580070267 0.1438746403 1.0000000000 0.0117486194 0.1127562801 1.0000000000
 -9.5308356528 -14.2609061661  10.5314235677  -8.0035082520 -13.8282513983   9.5653169183  0.2016391085 -0.0623854082  1.0000000000  0.2817914594 -0.0648878237  1.0000000000
 -8.3174119399 -12.5357497585   9.4514984694  -7.5009893313 -11.0201262853  10.4842001685  0.0758849408 -0.0971992950  1.0000000000 -0.1074621148  0.1279845686  1.0000000000
 -8.7868841405 -10.7768591680  12.8464916816 -10.0885173280 -14.1139280883  10.5025548399 -0.1730710113  0.1760331682  1.0000000000  0.1306463612 -0.1401278818  1.0000000000
 -9.7088327925 -13.7920135672  10.3388591220  -8.9428500032 -12.2542561396   8.9065778571  0.1177717900 -0.0866649076  1.0000000000  0.0497301560 -0.2005853415  1.0000000000
 -7.8913999469 -11.3728985729   9.8687846698  -8.8062483859 -10.5950573212   9.2359305037 -0.0292271688 -0.0071701401  1.0000000000 -0.2029263884 -0.1456257112  1.0000000000
-10.3952246382 -12.4050015470  10.0920757833  -8.6509782326 -13.5223171733  10.7107904656 -0.0179807090 -0.1742553313  1.0000000000  0.1499842944  0.0110289966  1.0000000000
 -8.4837074736 -10.8354514966  11.7751394137  -8.6954554367 -13.4870310715   8.1779125623 -0.1624895794  0.1177327336  1.0000000000  0.2254538157 -0.2598434958  1.0000000000
 -7.2957775083 -13.1700879010  11.4093772429  -7.5210214201 -13.9900694843  11.2154477764 0.1816139554 0.1545112190 1.0000000000 0.2243285797 0.1206859736 1.0000000000
 -8.6013639686 -10.9746211417  10.5032018180  -7.0377813471 -11.1267749759  10.6875962613 -0.1325603900 -0.0161244670  1.0000000000 -0.0845061937  0.1988580495  1.0000000000
 -9.9086268390 -14.1797406637   9.6134667568  -8.5659816535 -10.6113262075   8.8204611326  0.2227999733 -0.2052374385  1.0000000000 -0.1750932024 -0.1386743472  1.0000000000
 -9.4685163015 -11.3236751000   8.4141290974  -8.1792908164 -13.3178063783  11.1783152563 -0.1056054300 -0.3472169706  1.0000000000  0.1773138021  0.0655721912  1.0000000000
 -8.9741869466 -12.4768020902   9.5630982605  -8.6978585635 -12.6136369325  10.5723071137  0.0481288778 -0.1485914195  1.0000000000  0.0634866716 -0.0341338386  1.0000000000
 -9.8124783701 -12.1291564380   8.8781870351  -7.9578560782 -10.6358352059  10.1183967485 -0.0303973379 -0.2527607492  1.0000000000 -0.1655871944  0.0605868995  1.0000000000
 -8.8244327045 -12.9317368562   8.0915633139  -9.0205537061 -12.4434754904   9.2928953673  0.1648264556 -0.2731282019  1.0000000000  0.0910657883 -0.1362707275  1.0000000000
 -7.9111708721 -12.6923250903  12.3090545815  -9.7695511912 -13.9701572626   9.2533484980  0.0586427354  0.1678598107  1.0000000000  0.1682459818 -0.2264910055  1.0000000000
 -9.5962860152 -14.0706322011  10.3683680493  -6.3715591539 -11.5581815651  10.4080469476  0.1567422024 -0.1063882688  1.0000000000  0.0432212580  0.2278853643  1.0000000000
 -9.6380035709 -13.7562283912  10.7332528823  -7.5516162986 -10.9579180639  11.4040274463  0.1436603900 -0.0613190978  1.0000000000 -0.1090046037  0.1890449786  1.0000000000
-10.6507236224 -11.9669338230  11.3289034806  -7.8248893900 -13.3783364309  10.0959193788 -0.0634803456 -0.0389474975  1.0000000000  0.1526980817  0.0240406408  1.0000000000
 -7.7897699480 -13.5146044381  11.1341124813  -9.7035462475 -10.4712769058   9.0048520561  0.1734811270  0.1171682410  1.0000000000 -0.2625576830 -0.2726648734  1.0000000000
 -8.0027471737 -14.2529490183  12.1844045455  -7.9610158405 -14.0231328856  10.0047418327  0.1792451222  0.1302901485  1.0000000000  0.2704132462 -0.0193358492  1.0000000000
 -9.0788446466 -11.0983482488   9.3875998545  -8.6481323323 -10.4418139799   9.2675123705 -0.1579857946 -0.1254065808  1.0000000000 -0.1775318213 -0.0756285121  1.0000000000
-10.0649874472 -12.3310031578  10.0499093529  -8.5301357463 -11.3889280978  10.6078801412 -0.0494224552 -0.1072975711  1.0000000000 -0.1271901618  0.0658596783  1.0000000000
 -8.8979364315 -12.8560116334  11.0542631681  -9.0631940018 -11.1432970436  13.1282286012  0.0427087235  0.0026397612  1.0000000000 -0.1125140918  0.1676919305  1.0000000000
 -8.9082637264 -13.8310004796  11.1368026283  -7.5490977725 -13.8445489974  11.5244844534 0.1641797603 0.0387403762 1.0000000000 0.2548451102 0.1529260466 1.0000000000
 -8.2668200402 -13.3542587990  11.3022917456 -10.3349667340 -11.5532465720   9.9177058672  0.1005319334  0.0976094696  1.0000000000 -0.1000604215 -0.2075704986  1.0000000000
 -9.1317548148 -12.3209063907  10.6451503918  -8.8708308954 -13.7360692566  11.5933939201 -0.0510727289 -0.0205321521  1.0000000000  0.1265616666  0.0620903183  1.0000000000
 -9.8287250298 -14.6458822461  10.8993265368  -7.6122036517 -12.0245588075  10.8355008876  0.2205794347 -0.0828729103  1.0000000000  0.0258677365  0.1563590560  1.0000000000
 -9.8103589618 -10.7550923050  11.0337101766  -7.7521224790 -13.7830766213   9.3539745150 -0.1998751597 -0.0712395425  1.0000000000  0.2456085042 -0.0455237579  1.0000000000
 -9.2566069355 -12.1804767812   9.3369514684  -7.3125892633 -10.9212822914  10.7921021094 -0.0009853209 -0.1421140143  1.0000000000 -0.1233213218  0.1730164967  1.0000000000
 -7.1839657240 -13.4925098692   9.3357432129 -11.2629428894 -11.2808345418  10.8385652816  0.2510446581 -0.0063912672  1.0000000000 -0.2290604898 -0.1484608434  1.0000000000
 -6.9535163989 -11.6194564618  10.3039068915  -9.0934498655 -10.7569175224  11.3830218072  0.0116364759  0.1595532270  1.0000000000 -0.1846360792  0.0720740485  1.0000000000
 -8.3030854705 -11.5838014052  10.5903502734  -7.4673448536 -10.3231070906  11.7250027748 -0.0966245795  0.0560353335  1.0000000000 -0.1999704039  0.2800881761  1.0000000000
 -9.1470692437 -12.7487145159  12.0186498512  -7.9776706759 -14.0991536521  12.7735846895 0.0050809245 0.0607947629 1.0000000000 0.1413878033 0.1841020462 1.0000000000
-10.4956163551 -11.2514608554  11.4007047092  -7.4209028300 -13.5349138718  10.2562418335 -0.1294933122 -0.0691074803  1.0000000000  0.2296537388  0.0178243516  1.0000000000
 -8.3183329977 -11.8569194173  11.7673089381  -8.1717669306 -12.3187933012  11.3492640778 -0.0529271531  0.1138212809  1.0000000000  0.0183379908  0.0944032692  1.0000000000
 -8.1891385392 -11.4104389955  12.0727066933  -7.0782964436 -13.3043867446   9.2922548295 -0.0698716967  0.1584058635  1.0000000000  0.2541591949  0.0101628639  1.0000000000
