652.5000000000
0
50
 6.1664898258 12.9778132993 -2.8641928051  7.4186771444 13.4203633179 -0.8327859798 0.1315400432 0.2859895779 1.0000000000 0.2286759716 0.2160886990 1.0000000000
 6.4784806063 13.5927344024 -1.3997888057  6.2188406294 13.4463309270  1.2397173700  0.1318398683  0.1814923240  1.0000000000  0.2434131658 -0.0877765949  1.0000000000
 6.6495266733 12.9670181895 -2.5534467182  5.4124391385 14.9068711384 -1.2079872084  0.2021524525  0.2631853373  1.0000000000 -0.0255434204  0.1005853342  1.0000000000
 6.5163163315 14.7153491141 -0.9336731477  3.0272527004 15.2936405261 -0.0754854012  0.0878196536  0.1826450676  1.0000000000 -0.1610604913 -0.1745961263  1.0000000000
 7.5570838037 13.8025365980 -0.7139365414  2.4629104099 13.4886802024 -1.3720093398  0.1982236025  0.1745516225  1.0000000000 -0.2038931798 -0.2722598060  1.0000000000
 2.5568726806 13.6921632730 -1.6194891242  4.8328069536 16.5512537898 -1.4250655140 -0.2143941450 -0.2057569776  1.0000000000 -0.1857122123  0.0976972901  1.0000000000
 5.3515158198 13.6044179230  1.1941477187  2.9732099425 14.5907415362  0.0003575436  0.1410692427 -0.1522879594  1.0000000000 -0.1955352388 -0.1984720693  1.0000000000
 3.4013098701 14.7958983111 -0.4407301155  6.6426277517 13.0696740145 -1.5112615573 -0.1113133343 -0.1245649409  1.0000000000  0.2070767866  0.1559218740  1.0000000000
 5.9527023923 14.1829498813  0.0552191720  4.8840824798 12.4122844548  0.0803105919  0.0967479248  0.0286767953  1.0000000000  0.1909606599 -0.1102989930  1.0000000000
 6.6891966995 13.6111977328 -1.6356450897  4.3949565234 12.1326533636  0.7045812766  0.1899840060  0.1884172532  1.0000000000  0.2441414589 -0.2585062357  1.0000000000
 2.8245298829 14.9278804444 -0.3548946724  7.1556019604 14.1081099235 -0.9640571415 -0.2163471180 -0.1828651093  1.0000000000  0.1823205593  0.1608245999  1.0000000000
 4.5956431010 16.0097401505 -1.5924272689  3.2934190025 14.8459248339 -0.8583726610 -0.1877074360  0.1079509349  1.0000000000 -0.1803719791 -0.1262615326  1.0000000000
 5.6527046783 15.3807715923 -1.4893286169  3.6230076861 15.4821015356  0.3618665103 -0.0367388490  0.1935716861  1.0000000000 -0.1509670612 -0.1188369716  1.0000000000
 6.9432082552 14.5726114677 -1.0907819875  5.3546193706 12.4579635703  0.0686411310  0.0992078007  0.2295065830  1.0000000000  0.1922388165 -0.1015616734  1.0000000000
 6.1211450498 12.8661011741 -1.5595569862  4.1413922828 11.4996138937 -0.5945135260  0.2448169044  0.1167081804  1.0000000000  0.2400812669 -0.2402642546  1.0000000000
 7.1261855230 14.1849804477  0.5656072105  6.0307515351 14.1564412112  1.4707653642  0.2180437440  0.0580201634  1.0000000000  0.1649485869 -0.0904983164  1.0000000000
 6.9384060214 15.3033310692 -1.1104976399  6.2348682116 14.0276323856  0.7125219160  0.0994660456  0.2178281684  1.0000000000  0.1421216925 -0.0069490175  1.0000000000
 4.9831233677 14.3366508681  1.6100941136  6.9018436001 13.0540007820 -2.0542666036  0.0862058635 -0.1689391369  1.0000000000  0.2128019061  0.2668397408  1.0000000000
 6.0862282663 13.2774526474 -0.9576998495  2.3012452117 13.6709548697 -1.2876923089  0.1528217503  0.0567352671  1.0000000000 -0.2374692961 -0.2389409317  1.0000000000
 4.8062441958 11.7866375959 -1.1227725321  6.3180606738 13.6774914018  1.1619971963  0.2292786161 -0.0763741484  1.0000000000  0.1775241283 -0.0427988997  1.0000000000
 5.0707427324 14.0439684667  0.4060038125  5.8088101799 12.9876490277  0.7830589371  0.0805435362 -0.0872096812  1.0000000000  0.2192117194 -0.0822075200  1.0000000000
 5.0917577210 12.4224861963  0.8758372302  5.6377319711 13.7770453595 -3.2257510661  0.2278933198 -0.2168292169  1.0000000000  0.0126954648  0.3083135607  1.0000000000
 6.9676469509 15.5900368767 -0.6160700118  4.4334562818 13.9611342480  0.3047718563  0.0495577497  0.1932064934  1.0000000000 -0.0199474694 -0.1123578612  1.0000000000
 4.6404340341 15.0738071556 -1.6675947245  4.9704849914 14.5061534142 -2.4490117686 -0.1377142286  0.0762744434  1.0000000000 -0.1085443588  0.1768768869  1.0000000000
 6.1523586684 13.9087049727 -1.8018524532  4.0794533409 14.9921862013 -2.8192315048  0.0748224712  0.1446640621  1.0000000000 -0.3026690557  0.1300861950  1.0000000000
 4.0363649038 13.6538433240 -1.7088317886  4.6922902726 14.0598042797  1.3317682577 -0.0877684855 -0.0424144216  1.0000000000  0.1105121572 -0.1497953702  1.0000000000
 6.4514829194 14.2667782858  0.0846979541  6.6367960973 14.3244775267 -0.3079662648 0.1290860686 0.0349598929 1.0000000000 0.1117931672 0.0682713278 1.0000000000
 5.6107942499 12.9354229141 -1.7876359017  5.8713714928 13.3959062489  1.0404401840  0.1552927648  0.0976783665  1.0000000000  0.1690238400 -0.0476990240  1.0000000000
 5.8121507845 13.7225283286 -1.9772387413  3.5815867716 13.9419726850  0.0646027400  0.0647847673  0.1647424527  1.0000000000 -0.0449460887 -0.1710940106  1.0000000000
 4.7209011420 15.5670744266 -0.4256205386  6.7804413391 12.8590826605 -0.9785267533 -0.1381304272 -0.0226369004  1.0000000000  0.2680651687  0.1415444815  1.0000000000
 5.9993021023 14.6743375036 -2.2561679389  6.2753290388 15.0868640976 -0.7547770817 0.0041916448 0.2592939346 1.0000000000 0.0617696421 0.1065282972 1.0000000000
 4.3654390277 14.9385302577 -1.7226121678  5.2777059326 12.0665358447 -0.6264461509 -0.1353632313  0.0304576774  1.0000000000  0.2571823162 -0.0811661084  1.0000000000
 6.0466926625 15.2104153711  0.4731394927  5.8311671470 13.3062161895  0.7132689073  0.0875604451  0.0028737422  1.0000000000  0.1625040644 -0.0680773376  1.0000000000
 6.1531616123 14.0278379931 -0.5626532035  4.5281067125 12.0478813624 -0.2833878797  0.1416368333  0.1372622065  1.0000000000  0.2424439140 -0.1730912293  1.0000000000
 6.0398655039 15.3818209075 -1.9857239619  4.1039130502 15.9807180843 -0.2075063427 -0.0994755899  0.2603902560  1.0000000000 -0.1641672089 -0.0298919860  1.0000000000
 5.2249123444 16.5769358335 -1.4469641301  5.9028085101 12.6095905531 -1.2691546963 -0.1563192319  0.1557948314  1.0000000000  0.2333156667  0.0790376651  1.0000000000
 4.0441141847 14.4230574971  1.0414423867  5.8541824606 14.1454915929  1.4812816140 -0.0036953621 -0.2116814682  1.0000000000  0.1336409796 -0.0945780377  1.0000000000
 4.6529831263 15.0675648677  0.6286959918  6.9997947402 13.8990829612 -1.7502135165 -0.0403810665 -0.0811225502  1.0000000000  0.1744150454  0.2324814637  1.0000000000
 5.0103113969 14.1148067840 -1.5465909838  5.7365702637 13.1390363289 -2.6018489822 -0.0119629937  0.0479207669  1.0000000000  0.0978200996  0.2322385875  1.0000000000
 5.6517880810 14.8995484593  0.6098594870  5.3814534300 11.8719960265 -0.2074866335  0.0575629803 -0.0273852921  1.0000000000  0.3257701594 -0.0661887576  1.0000000000
 4.6257306855 12.3457368524  0.2513159763  4.4901301877 13.8312103374 -0.8056033076  0.2050608659 -0.1597829083  1.0000000000 -0.0228071728 -0.0510241451  1.0000000000
 3.9161161273 13.0140927697 -0.5735262413  5.1998384569 13.3994099268  1.1895613635  0.0528617506 -0.1191611902  1.0000000000  0.1561531095 -0.1294060470  1.0000000000
 2.8842870887 14.7663418708  0.0126587192  3.4698956460 13.8149043780 -2.8041342173 -0.1260981332 -0.2041346232  1.0000000000 -0.2069182166  0.0298683594  1.0000000000
 7.1507388900 14.5933512197 -0.8015073191  3.5271821371 12.4033650848 -0.2693099076  0.1120193034  0.1896219043  1.0000000000  0.0748355751 -0.2787017553  1.0000000000
 5.6038954567 16.6701592567 -1.7772499057  3.8175099762 13.8680324351 -0.5559513440 -0.1736584206  0.2113475673  1.0000000000 -0.0254827309 -0.1366080601  1.0000000000
 5.2085987110 13.9374143318 -1.2982473227  4.3856946305 11.7170663155  0.3246218602  0.0065232167  0.0616646795  1.0000000000  0.2524298344 -0.2655163484  1.0000000000
 3.7662791620 15.4996513632 -0.3060032880  2.8919582997 13.5003689356 -0.6589413739 -0.1465203539 -0.0587220022  1.0000000000 -0.0981351619 -0.2746978207  1.0000000000
 4.4805981276 13.6363778577 -2.5189560731  6.0080936947 12.5132414349 -1.3839690782 -0.0888090170  0.0744510237  1.0000000000  0.1861395255  0.0557915394  1.0000000000
 5.3297852570 12.7674265649 -0.5541699446  5.6679798624 12.2833673148 -1.6752507139  0.1842300068 -0.0565943016  1.0000000000  0.2180647349  0.0758297276  1.0000000000
 5.8734874944 13.7612925742  0.3882706766  5.2348251683 16.5316225408 -1.6031432695  0.1589794964 -0.0230760230  1.0000000000 -0.1729433976  0.1590992119  1.0000000000
