593.6000000000
0
50
 1.5100323663  4.1824720876 -3.5671577021  2.8514781441  2.5469247979 -3.7500013115 -0.0590773454  0.2085878991  1.0000000000  0.0643219491  0.1083413582  1.0000000000
 0.4078255214  2.7908187004 -5.5887131455  3.3645579012  4.8896172381 -4.5785928559  0.2500814532  0.1669172334  1.0000000000 -0.1999124508 -0.0092181343  1.0000000000
 2.6895315555  5.1013499293 -3.2991653448  1.1401482295  2.6474022928 -6.4754532959 -0.1923249630  0.1814488702  1.0000000000  0.2316694623 -0.0219142750  1.0000000000
 2.0683434542  5.0147810493 -4.2521478269  3.4280210325  1.1321883594 -5.9329920251 -0.1263800814  0.1884815831  1.0000000000  0.3014379996 -0.2403847336  1.0000000000
 2.8925706617  4.1222932971 -5.8305367925  1.8944175107  5.8543087806 -3.5977780363 -0.0599266465 -0.0555849653  1.0000000000 -0.2541898168  0.2718934820  1.0000000000
 2.1125673373  1.9288386763 -6.1423232621  2.0581911275  4.1103040902 -6.8460738973  0.2616862634 -0.0695097709  1.0000000000  0.0126668692 -0.0767918622  1.0000000000
 4.2083744492  3.7329326997 -6.3068225787  2.0713788728  2.3650005561 -5.7858402158 -0.0358316847 -0.2739709632  1.0000000000  0.2171656544 -0.0391817655  1.0000000000
 1.3198605280  3.3723366345 -5.2351349099  2.9974230401  4.9242997559 -5.5508776935  0.1429255132  0.0564999990  1.0000000000 -0.1632471938 -0.0888608111  1.0000000000
 1.8701344640  5.9860234347 -3.9827329930  3.8131237162  5.4694159630 -6.8152838119 -0.2063684831  0.1965989703  1.0000000000 -0.1710670734 -0.1939581950  1.0000000000
 1.4015056846  4.7743009670 -5.6882380375  3.9276955675  3.2324970817 -5.1916671483  0.0384581447  0.0717837897  1.0000000000 -0.0388906801 -0.1553054546  1.0000000000
 1.8915052648  2.5667685383 -4.4840055376  3.5441168384  4.6050769221 -4.0517201098  0.1586162919  0.0913310326  1.0000000000 -0.1997003079  0.0336138344  1.0000000000
 3.9930648175  5.3356340223 -7.1091131659  2.9911966877  3.0573858031 -4.6467095642 -0.1510184181 -0.1801120224  1.0000000000  0.0421166099 -0.0495465128  1.0000000000
 5.0755163037  3.4403872632 -5.0485286408  1.0534090511  4.0656035656 -6.0306805089 -0.1562361877 -0.2738202669  1.0000000000  0.0881691146  0.0843331778  1.0000000000
 3.7740435276  2.3553337095 -4.6775529601  4.0342420274  1.9366224252 -5.2764054768  0.0762655302 -0.1373219234  1.0000000000  0.1609526341 -0.2593749394  1.0000000000
 1.9923612776  3.8836175115 -3.1506124576  3.0165959446  3.4550645298 -6.6133550485 -0.0628282875  0.2360939990  1.0000000000  0.0704186484 -0.1556153861  1.0000000000
 3.9066622827  3.6311664130 -3.9444017159  0.6985176553  3.6402545584 -6.1359490695 -0.1279824326 -0.0776817210  1.0000000000  0.1314275377  0.1312178906  1.0000000000
 0.9096854088  3.7123293983 -6.8638072728  2.8658518837  3.9054875663 -3.1554820700  0.1703445750  0.0292815097  1.0000000000 -0.0776792651  0.1547762119  1.0000000000
 1.4693490996  5.0151096341 -4.4983541702  0.2520279553  3.1746319827 -6.3853182888 -0.0974439484  0.1761639479  1.0000000000  0.2494861988  0.0867030180  1.0000000000
 2.0956233586  4.9497240233 -4.4626998026  2.3907311015  3.8358498052 -3.2348455430 -0.1286350074  0.0970667826  1.0000000000 -0.0910262511  0.2153464024  1.0000000000
 3.6869056987  4.7976519313 -7.2463800438  2.6027550879  3.5194293499 -4.0775417353 -0.0451466430 -0.1999860959  1.0000000000 -0.0178634159  0.1090160684  1.0000000000
 0.4586355859  3.3669407199 -6.1334383639  2.8931794287  2.7622115042 -4.0706764232 0.1582468763 0.0898733639 1.0000000000 0.0774692876 0.0298763179 1.0000000000
 2.4260639103  5.9067077426 -5.9939063397  1.0561395925  3.0500651482 -6.1261147104 -0.1409640333 -0.0208876510  1.0000000000  0.2096996907  0.0174615871  1.0000000000
 1.8881817540  3.7152331105 -7.7308139980  4.0962193900  3.1665387333 -5.7206174269  0.1470142079 -0.1276531235  1.0000000000 -0.0230144632 -0.2425558000  1.0000000000
 2.9873322796  4.3696508567 -4.0097046609  2.4139545369  5.5325682077 -4.1860636809 -0.1432393457  0.0924385740  1.0000000000 -0.1993659877  0.1331569004  1.0000000000
 2.1952077680  6.0664900934 -5.6377311658  1.5867661193  2.6377079520 -3.7304234659 -0.1380714311  0.0737344242  1.0000000000  0.1409449668  0.2246866687  1.0000000000
 1.7896880692  4.3609659753 -5.1627147894  2.5496473439  5.6950231744 -4.0960889905  0.0074925331  0.1053948711  1.0000000000 -0.2464373881  0.1169344446  1.0000000000
 2.6448760492  3.0511340660 -3.7005049168  4.0499921753  4.4074980675 -4.2851826319  0.0429602248  0.1188159088  1.0000000000 -0.2223366438 -0.0755557693  1.0000000000
 3.8503273734  3.4377897348 -4.2035448284  1.3429176164  4.9492600047 -5.7334618570 -0.1065105959 -0.1054265036  1.0000000000 -0.0300805552  0.0965528131  1.0000000000
 2.1835248034  5.3153006108 -3.0701087847  1.6839665813  2.7970086007 -5.7998264195 -0.2281228422  0.2655922561  1.0000000000  0.1779504590 -0.0068155533  1.0000000000
 2.6319207720  4.1091775390 -5.8536412556  2.2538639224  4.9416025346 -5.5004044927  0.0123955694 -0.0286470006  1.0000000000 -0.0701166470  0.0145721260  1.0000000000
 2.5605407460  1.8312274350 -6.4424751080  0.6038452452  3.9614809420 -6.2033852027  0.2486053331 -0.1678997697  1.0000000000  0.1286460275  0.1245282187  1.0000000000
 0.9127652995  5.1448000350 -5.6290642805  3.3911350891  2.1753934338 -6.6723235443 -0.0148242496  0.0954914706  1.0000000000  0.1445717342 -0.2556599926  1.0000000000
 4.0500382158  4.5110109913 -6.0677754473 -0.4707533085  3.5976524778 -5.6706986133 -0.1498246373 -0.1420365267  1.0000000000  0.1876437888  0.1452857086  1.0000000000
 2.6349983639  1.8987120511 -5.6907620389  1.7962715725  4.1250908657 -3.9214653780  0.2373358564 -0.1437578302  1.0000000000 -0.0608927455  0.1955543083  1.0000000000
 2.4623850195  2.1492154031 -4.8531204846  3.3136466996  4.2712070130 -6.4159632346  0.1827783005  0.0034502097  1.0000000000 -0.0482195366 -0.1552493686  1.0000000000
 1.0469466575  4.6267837971 -6.3942484907  1.9269459911  5.4558509532 -6.2587490809  0.0329441105  0.0941904890  1.0000000000 -0.0764834053  0.0028828948  1.0000000000
 3.0046514438  5.5121961944 -5.5481688479  2.7121248143  4.6443106076 -2.8291669974 -0.1539986304 -0.0202382622  1.0000000000 -0.2350592499  0.2227745084  1.0000000000
 2.3033271276  5.5493149660 -6.4897020707  4.1406618001  3.9202457305 -4.4973059500 -0.0667597210 -0.0248830615  1.0000000000 -0.1674149249 -0.0734648162  1.0000000000
 2.7818343880  3.0148035848 -3.8311725856  5.1083397526  2.7501092705 -4.9723013651  0.0131894724  0.1219035842  1.0000000000 -0.0460500297 -0.3421374339  1.0000000000
 2.7919459342  2.1847166422 -6.1924925881  2.6939059057  5.0681914247 -3.0552862687  0.2071802783 -0.1767701430  1.0000000000 -0.2880988344  0.2642745685  1.0000000000
 0.8632184269  3.7088134195 -4.9548304935  2.6793288215  4.3360228491 -3.3294375771  0.1202038791  0.1714120827  1.0000000000 -0.2317263164  0.1730274903  1.0000000000
 2.1659661941  3.1753187604 -5.4226700660  1.7977303443  3.8706077484 -5.2398652218  0.1168672920 -0.0323952404  1.0000000000  0.0050417282  0.0590210092  1.0000000000
 0.8587287105  2.6355654733 -6.1844444156  1.1808418453  5.5505470680 -5.6600593728  0.2562085998  0.0812176387  1.0000000000 -0.0612505230  0.1367439895  1.0000000000
 1.1255808467  1.9459098015 -3.8618218469  0.1498334275  3.0192013921 -5.3667476864 0.2923765248 0.2167858212 1.0000000000 0.2208010831 0.1791903208 1.0000000000
 4.5399190162  3.8752186148 -4.1391578665  2.4892307412  6.2487103884 -5.9089793696 -0.1834546437 -0.1410889133  1.0000000000 -0.2043894057  0.0527251867  1.0000000000
 1.9302733274  3.2036688063 -7.9913225701  2.3288527409  3.3992853135 -6.3785581500  0.1756013263 -0.1538781269  1.0000000000  0.1351098447 -0.0675817827  1.0000000000
 1.4347924259  5.9287130391 -5.2583497886  2.0794649744  2.7834398538 -6.1037024643 -0.1108029068  0.1253766683  1.0000000000  0.1611511932 -0.0966023995  1.0000000000
 4.5592706994  2.9668232008 -5.1368352935  5.1702122045  3.6559556909 -5.0275114030 -0.0680010895 -0.2433422525  1.0000000000 -0.1565858817 -0.2820935833  1.0000000000
 4.3475478824  4.8558637132 -5.4014730700  0.7322739858  2.4070426639 -4.5222352018 -0.2149085899 -0.1356458655  1.0000000000  0.2485964641  0.1643815161  1.0000000000
 1.9903799514  4.6828353418 -3.4099119304  0.9183522568  3.1730441806 -4.6535716828 -0.0940345493  0.2462705550  1.0000000000  0.1410720400  0.1735401680  1.0000000000
