564.8000000000
0
50
 8.3909675789  0.7800738496 -2.8527653848  7.6467741348 -0.3964600531 -0.5544691291 -0.1998119024 -0.0202452983  1.0000000000  0.0690013442  0.2406649740  1.0000000000
10.4893470941 -1.6712390097 -1.3414228157  9.2284333890 -1.6138062916 -2.4284166707  0.2752763705 -0.0867832742  1.0000000000  0.1520877178 -0.0407727499  1.0000000000
10.3719795822  0.3647724794 -2.7717748187  7.1217251202  0.7047639054 -2.6693206214 -0.0329781513 -0.1665833194  1.0000000000 -0.1992997668  0.1504246724  1.0000000000
10.5602107203  0.2945421294 -2.3141896247  8.1390959548 -1.7760964400 -1.7044676607  0.0325544415 -0.2087730444  1.0000000000  0.1239105788  0.1571699241  1.0000000000
 7.5125218208 -1.0312618901 -1.6849605356  7.8013441716  0.9705591305 -2.8099370758  0.0650942938  0.1963989141  1.0000000000 -0.2359375638  0.0927266515  1.0000000000
10.5847758149 -0.4795830985 -3.0926538524  9.9951858274 -0.4375827787 -3.8085821065  0.0417593319 -0.1410451807  1.0000000000 -0.0465975231 -0.1300807849  1.0000000000
 8.3986272617 -1.2264648472 -1.5837295531  8.8230213284  0.6569734703 -2.6205259060  0.1311838580  0.1309674529  1.0000000000 -0.1637963117 -0.0087479113  1.0000000000
 6.7992961460  0.1056768974 -1.2907600451  8.8177082447  0.7168793408 -3.3373771904 -0.0860232158  0.2582468705  1.0000000000 -0.1680956727 -0.0583212208  1.0000000000
 7.1888209127 -0.2719286787 -3.1982158282  8.4502960650  1.9337283255 -2.0116097089 -0.1432154354  0.1430864119  1.0000000000 -0.2656413852 -0.0425626551  1.0000000000
 8.4438364709 -3.0583163647 -2.6472892582  9.8450181636 -0.1804300114 -2.1117305736  0.2472981709  0.1246980820  1.0000000000  0.0505797651 -0.1260937158  1.0000000000
10.9985359921 -0.2288873973 -2.1970292521  7.9338383462 -1.2827568393  0.1574426784  0.0850008735 -0.2087809679  1.0000000000  0.2656127442  0.2341562736  1.0000000000
 9.6887077312 -0.4250291934 -2.0393680289  7.0572340908  1.3615159452 -1.8982389486  0.0436455031 -0.1231132917  1.0000000000 -0.2841423841  0.1321465742  1.0000000000
 7.8704210726 -2.4590242157 -0.6685455290  8.5841254284 -0.6174726584 -3.1243942103  0.2999543001  0.2745283284  1.0000000000 -0.0034522220  0.0621384971  1.0000000000
 9.7086227751  0.0329637720 -3.9788586050  9.4576637822  0.1219922767 -0.3035281451 -0.1002104121 -0.0955067161  1.0000000000  0.1187324519 -0.0626864489  1.0000000000
 9.5592501784  0.7010624968 -0.7101533076  8.5502806744 -2.6889980492 -3.1368737344  0.0228760206 -0.1181543698  1.0000000000  0.1396322290  0.1216312273  1.0000000000
10.1888077185 -1.1385543856 -1.7794344249  9.6148925853 -0.1899193607 -0.7861318812  0.1376390219 -0.1004701992  1.0000000000  0.1101963372 -0.0772262248  1.0000000000
 6.8150893268  1.4640958013 -1.4351435345 11.2562745056 -1.0165909455 -2.2988789293 -0.2774523590  0.2229689514  1.0000000000  0.1256641925 -0.2054845419  1.0000000000
 9.7547105471 -1.5606993594 -2.2164190399 10.1934119657  0.1832768899 -3.1632717950  0.1399294691 -0.0346238455  1.0000000000 -0.0447763477 -0.1886168975  1.0000000000
 7.2050117331 -0.5715922317 -0.2313193787  9.9848670904  2.2126501174 -2.7868600703  0.1033215553  0.3288534040  1.0000000000 -0.2424417176 -0.2488132725  1.0000000000
10.4782213709 -0.1704483487 -4.5041518966 10.0709618667  1.5320077585 -3.3171580928 -0.0795613220 -0.1630324398  1.0000000000 -0.2008680250 -0.2495425319  1.0000000000
 8.4847814602  0.2512758887 -1.8113716638  8.2918956932 -0.7954433979 -0.3530431758 -0.0660066574  0.0117855820  1.0000000000  0.1384498182  0.1510313931  1.0000000000
 8.1225098341 -1.7807459595 -3.0216918376  9.4768452218 -1.3967550511 -3.2517859455  0.0541938140  0.1540751107  1.0000000000  0.0577551808 -0.0559231623  1.0000000000
 9.8129426257  1.2784897223 -3.9347885124  7.4981067096  0.3044984043 -2.6869039229 -0.1904562965 -0.1605719582  1.0000000000 -0.1501094321  0.1446021406  1.0000000000
 7.3945861105 -0.4595389277 -4.0219888623  9.7927958159  1.2487906418 -2.9889978970 -0.1906260738  0.1236672009  1.0000000000 -0.1868085882 -0.1715130170  1.0000000000
 9.8921255846  1.0408287402 -2.8950718553  8.1238516181 -0.4449573421 -3.6610967069 -0.1208016450 -0.1939591943  1.0000000000 -0.0568365776  0.0456865774  1.0000000000
 7.7869263421 -2.8477908500 -2.6996533532 10.4008309417  0.4558013646 -1.4541141365  0.1412322173  0.2122428963  1.0000000000  0.0304900891 -0.2004928181  1.0000000000
 6.9437369829  0.4220138591 -0.6097963065  8.3201476002 -1.9487868069 -1.8625721965 -0.1090466385  0.2575519924  1.0000000000  0.1512347972  0.1082361512  1.0000000000
 9.5176359487 -1.0438281119 -0.4813946826  7.3939827346 -1.0502821742 -0.8558579905  0.2471726965 -0.0120026560  1.0000000000  0.0660811891  0.2336096273  1.0000000000
 7.6920081265 -0.6057529799 -1.8639778493  9.8695086883 -0.5747318936 -2.3326920015 -0.0171517756  0.1825691944  1.0000000000  0.0621569431 -0.0925242885  1.0000000000
 8.3144071700 -2.0089016258 -2.3836945036  8.6304941452 -1.0648889401 -3.9036181550  0.1252128023  0.1398344519  1.0000000000 -0.0330352173  0.0964125996  1.0000000000
 8.7648838845  0.6639877984 -1.4273042408  7.8937437403  0.3110263031 -0.4552358766 -0.0665454737 -0.0675916401  1.0000000000 -0.0326554784  0.1651590947  1.0000000000
 7.9717462148 -0.6100439577 -2.4972532455  9.2679149024 -0.0939204154 -4.2893502097 -0.0375431122  0.1051004339  1.0000000000 -0.1017267280 -0.0721058881  1.0000000000
 9.0829376222 -1.4933110632 -2.5257136409  8.0448103032 -1.5096895420 -2.1192172592  0.0712365984 -0.0180050215  1.0000000000  0.0705399157  0.1405759886  1.0000000000
 9.8008791759  0.5814278066 -1.5339831904  8.3052496700 -2.1139379482 -2.2968619295 -0.0000988958 -0.1651180394  1.0000000000  0.1468189900  0.1427904384  1.0000000000
 8.8826488884 -0.2545562985 -1.4709698624  8.4080517076  1.6598725332 -1.4058784203  0.0297590314  0.0155631275  1.0000000000 -0.2098575671 -0.0336479501  1.0000000000
 8.5204285115 -0.8848105504 -1.7441900342  8.2255059499 -0.7849691136 -3.5436194639  0.0736460749  0.0581537655  1.0000000000 -0.0182855259  0.0934715779  1.0000000000
 9.2691139846  1.7051602115 -2.4580602118 10.2276166166 -0.0788933256 -3.2575064278 -0.2123580751 -0.1737839479  1.0000000000 -0.0428816909 -0.1517924088  1.0000000000
 8.5081981345 -3.2826282023 -2.5644579901  9.6160013635 -1.4921091317 -2.0400713105 0.2012960703 0.1483675286 1.0000000000 0.1694266598 0.0139796086 1.0000000000
 7.4458865205  1.2679104173 -2.2166698467  9.8364637192 -1.7865284103 -2.3744828065 -0.2203546626  0.0977116270  1.0000000000  0.1453353614 -0.0272419194  1.0000000000
 7.8731182889 -0.2828865280 -2.3659435855  8.1872393430 -0.9434170328  0.1084068077 -0.0787784208  0.1203983023  1.0000000000  0.2305736570  0.1806045708  1.0000000000
 9.7759638801  0.6461484546 -1.3089830158 10.1753920341  0.7405639410 -4.1658455444  0.0296477378 -0.1812330477  1.0000000000 -0.1102385825 -0.2238838218  1.0000000000
 9.1831883467  0.8913104767 -1.3142624616 10.4923105721  0.6764430110 -1.4407327421 -0.0613848033 -0.0802048724  1.0000000000  0.0250126266 -0.2117446994  1.0000000000
 7.0008250904 -1.0333654225 -2.7758829105  9.0898230662 -1.8634123523 -2.0075003592 -0.0558900029  0.2239104635  1.0000000000  0.1577877567  0.0420196452  1.0000000000
 7.6170516619 -0.8820780509 -1.7823553772  9.2520484733 -1.8639585337 -1.1954125381 0.0343231914 0.1581713330 1.0000000000 0.2315111496 0.0355632903 1.0000000000
10.6805069037  0.0299129393 -1.3729357455 10.3183481026 -0.0999552189 -2.9968102247  0.0860512273 -0.2604432341  1.0000000000  0.0063174972 -0.1647963278  1.0000000000
 9.8976602920 -0.7841103600 -1.8213928716 10.8754474600 -1.6480506777 -3.4478078163  0.1617253392 -0.0387635969  1.0000000000  0.1481463340 -0.1269661700  1.0000000000
 9.0757924129  1.8705067041 -1.7020048608  8.4478907379  0.5677432311 -2.7596759670 -0.1982544937 -0.1348287723  1.0000000000 -0.1846302462 -0.0278408712  1.0000000000
 9.5424166844  2.0327917929 -1.2835448766  8.1914015701 -1.5500453721 -1.0948563520 -0.1846224604 -0.2293138991  1.0000000000  0.1609235093  0.1745829733  1.0000000000
10.0177816516  0.0323613797 -1.0146015395  7.8667693255 -0.3996087519 -3.4195235599  0.1019123537 -0.1630224065  1.0000000000 -0.0793173601  0.0942314410  1.0000000000
10.5547292851  0.4517716944 -3.3627654645  8.1898089122 -0.2803904729 -1.6806918397 -0.0603946266 -0.2594604357  1.0000000000 -0.0187045228  0.1083639814  1.0000000000
