178.5000000000
0
50
-6.2981258901 -7.0060964076 -1.2392526598 -5.3379188780 -7.5462418303 -0.5745041944 0.0014275504 0.1958708870 1.0000000000 0.1317650379 0.0995981807 1.0000000000
-7.3351377153 -9.2756808113 -2.8545449386 -5.7170535137 -8.2887316257 -0.5670216873 -0.2151969921 -0.1111826298  1.0000000000  0.0726490432  0.0135480015  1.0000000000
-5.4160634274 -8.6846227873 -1.4385672896 -7.8888793823 -7.5677612098 -2.3110191686  0.1207130265 -0.0390264190  1.0000000000 -0.2042888032  0.1538300512  1.0000000000
-4.7406335639 -8.9298332053  0.4856238993 -6.3378933141 -7.5221792648 -2.3284087929  0.1370532469  0.0058656804  1.0000000000 -0.0488507168  0.1936237857  1.0000000000
-6.3813170655 -8.3014223864  0.1374521310 -4.8601940603 -6.9473405866 -0.8524456220 -0.0083227729  0.0224304722  1.0000000000  0.1582986146  0.1748821931  1.0000000000
 -4.9625575986  -8.7058434805  -2.1415248993  -6.1002590564 -10.2753754672  -0.4810301415  0.1729128667 -0.0433387715  1.0000000000 -0.0112282250 -0.1595419711  1.0000000000
 -4.7728446568  -9.1504362098  -1.1393484025  -6.4020096985 -10.4446208177  -0.9442209520  0.1756451256 -0.0698123059  1.0000000000 -0.0400024203 -0.1954198929  1.0000000000
-4.4716216490 -8.2344497847 -1.7943079391 -5.3091099908 -6.7565403113 -3.0367981510  0.2015742238 -0.0102011280  1.0000000000  0.1282101732  0.2886715735  1.0000000000
-7.5188268517 -7.0910299376 -3.2097420865 -4.3510216691 -9.7773542813 -3.2995924376 -0.2561384595  0.2410733224  1.0000000000  0.2682256286 -0.1974695576  1.0000000000
 -6.1107747852 -10.4057009167  -1.8767276278  -6.9626158223  -8.4031987878   0.3287863377  0.0239774454 -0.2359448954  1.0000000000 -0.0432130531  0.0386389881  1.0000000000
-5.2412540803 -7.0491842280  0.2218485979 -4.6224455081 -7.7091589291 -0.6961544497 0.1355577073 0.1887904493 1.0000000000 0.2252930358 0.1131046505 1.0000000000
-6.7879763716 -9.3797305716 -3.1181250314 -6.6455300704 -6.5008807293 -3.3664157327 -0.1419583267 -0.1440470800  1.0000000000 -0.0830784018  0.2977499469  1.0000000000
-4.5813184054 -9.1485224030 -1.5306310869 -4.9258873707 -8.9483586639 -1.9310977497  0.2293544789 -0.0754943109  1.0000000000  0.1804861311 -0.0744920505  1.0000000000
-5.3388369683 -8.4330077030 -3.2861064085 -4.9082312094 -8.3497748752 -2.7416991273 0.1142608334 0.0297976504 1.0000000000 0.1373149778 0.0112386195 1.0000000000
-4.7857354282 -6.4360473147 -3.0715913989 -6.6335699876 -6.7963055957 -1.4631144811  0.2218577894  0.3389629994  1.0000000000 -0.0239753814  0.2271334947  1.0000000000
-7.1814068741 -7.5831338963 -0.0877837440 -8.0922816674 -9.0665382262 -1.1546385116 -0.0319517457  0.1185549643  1.0000000000 -0.1559525902 -0.0752564069  1.0000000000
-7.0139279917 -8.3567310810 -1.2102854937 -7.2784237313 -8.4468565957 -0.1554321360 -0.0819402780  0.0779181996  1.0000000000 -0.0799689295  0.0692431876  1.0000000000
 -5.3941528995 -10.2524725763  -2.7943778856  -3.9149961465  -8.6892929380  -2.8523745172  0.0871334872 -0.2831385053  1.0000000000  0.3456721858 -0.1052563289  1.0000000000
-6.4723497433 -9.0125051705 -0.1045306382 -4.2790218388 -8.1717222842 -1.1520642784 -0.0049060800 -0.0228854569  1.0000000000  0.2394603517 -0.0129235826  1.0000000000
 -4.2434251173  -8.0436702835  -2.1020556340  -4.1702376226 -10.0101514579  -3.1307061807  0.2940409107  0.0882382347  1.0000000000  0.2580246457 -0.2802710706  1.0000000000
-5.4254401551 -6.7960437988 -1.3007701797 -7.8276534392 -8.3110263015 -0.5594130554  0.1184369022  0.2248335212  1.0000000000 -0.1152298499  0.0867388727  1.0000000000
 -5.4677953637  -9.7873987265  -0.2093316382  -6.6211409944 -10.0366033152  -3.2540001660  0.0736013016 -0.1075728977  1.0000000000 -0.0744781763 -0.2384665839  1.0000000000
-6.6899965348 -9.3372555809 -2.0299848969 -4.8788628452 -8.7341611842 -3.2250045869 -0.0425335294 -0.0989442289  1.0000000000  0.1538655511 -0.0633245859  1.0000000000
-7.0673692867 -9.3384071778 -3.6545287904 -5.2010600187 -7.4379347754 -1.1881360044 -0.2184805622 -0.1547779582  1.0000000000  0.1255650761  0.1184101903  1.0000000000
 -6.6245405526 -10.4110302041  -1.8253983661  -6.3256982679 -10.1039094409  -1.9231591024 -0.0948253417 -0.2078071769  1.0000000000 -0.0451260926 -0.1854224890  1.0000000000
-6.6320586779 -8.1836808692 -2.1224185334 -3.9538135581 -8.7498715796 -2.9329086034 -0.0354244275  0.0603759304  1.0000000000  0.3110182232 -0.1196244883  1.0000000000
-7.0478693051 -9.6262002563 -2.9912854388 -7.1289196000 -9.3893087470 -0.0755104817 -0.1530748175 -0.1866353650  1.0000000000 -0.0689795215 -0.0567811488  1.0000000000
-5.5753737286 -7.3504336554 -2.4454102803 -8.1710999436 -7.4661978490 -1.4866631697  0.1138120782  0.1321327936  1.0000000000 -0.2120085538  0.1966344953  1.0000000000
-6.9461906830 -7.1582935176 -2.2935846761 -7.8100022838 -9.2142751039 -1.9309526108 -0.0842254692  0.1839094779  1.0000000000 -0.2328928392 -0.0499607762  1.0000000000
-7.6029735004 -7.1243714726 -2.6182658417 -7.2309638444 -9.4355728951 -1.3855079843 -0.2100026737  0.1877699426  1.0000000000 -0.0665330345 -0.1137127248  1.0000000000
-4.6277203732 -7.6310852339 -3.0972174157 -7.2907460432 -7.6185520841 -2.0377762158  0.2377978863  0.0931370452  1.0000000000 -0.1135513032  0.1390197778  1.0000000000
-6.4749788734 -6.7543154986 -1.8689076165 -5.1912870286 -7.1125698841 -0.8470596174 0.0054414458 0.2453819476 1.0000000000 0.1303729204 0.1897597770 1.0000000000
 -6.0830039308 -10.4040814318  -0.0974510145  -6.7309133146  -8.0518137497  -1.4743325016  0.0224742370 -0.1737340097  1.0000000000 -0.0754911752  0.0529633569  1.0000000000
-7.4245586906 -6.8860397768 -1.3705438792 -6.0596507820 -8.9996445867 -0.2042693924 -0.1406351845  0.1862795150  1.0000000000  0.0153068125 -0.0440106242  1.0000000000
-6.7305164070 -8.0718638436  0.0823608333 -4.8495183745 -9.1967106915 -3.3442893774 -0.0291269713  0.0607221803  1.0000000000  0.1813586048 -0.1719457171  1.0000000000
-6.2982907237 -9.2525111374 -2.6341195855 -7.2936041073 -7.6621351565 -3.3251777316 -0.0606425979 -0.0710474547  1.0000000000 -0.2174848235  0.0851318333  1.0000000000
 -7.4640801389 -10.2405056377  -2.7848332566  -4.4641450139  -7.9455123338  -0.2822906060 -0.1868308075 -0.2608187892  1.0000000000  0.2366817160  0.0765746260  1.0000000000
-7.9085235667 -8.4146905128 -1.7715296461 -4.9723809255 -9.9986773318 -3.2862386316 -0.2115857642  0.0229055514  1.0000000000  0.1297513654 -0.3114638218  1.0000000000
-5.5554945883 -8.0297845005 -1.6503727430 -7.8941715362 -8.8967620540 -1.2500413082  0.0856597437  0.0802146683  1.0000000000 -0.2055038659  0.0184235408  1.0000000000
-4.9257073342 -8.9644320189 -2.5129739513 -8.0411339038 -9.2119380790 -1.2814465627  0.1589931518 -0.0597716111  1.0000000000 -0.1923117288 -0.0782041573  1.0000000000
-6.7288058627 -8.0329935013 -1.9857029664 -8.1913012590 -7.9658259007 -0.5268330978 -0.0661354442  0.0290523952  1.0000000000 -0.1944096752  0.0971486978  1.0000000000
 -7.8057946291 -10.8406867558  -0.1513991685  -4.8067861075  -7.4542673567  -2.9105594233 -0.1358239240 -0.2276829665  1.0000000000  0.2099959200  0.1185728545  1.0000000000
-6.3848680941 -9.4903491036 -3.4943496144 -6.1060731507 -9.2562899437 -3.1698467054 -0.0937087695 -0.1702090741  1.0000000000 -0.0730220118 -0.1613974563  1.0000000000
-8.1384413936 -7.9357510460 -0.4698763755 -6.0235220034 -9.1002853720 -1.6870949373 -0.1802493352  0.0960857125  1.0000000000  0.0127388257 -0.0626235217  1.0000000000
-4.7091344844 -8.1952591512 -1.0391394901 -6.9087387454 -9.5789164152 -2.5319894653  0.1681972537  0.0510799713  1.0000000000 -0.1377403414 -0.1588359556  1.0000000000
-4.5344392259 -7.9137783772 -1.7930623290 -5.8395706207 -8.8854159419 -0.6959310399  0.2085600635  0.0768750631  1.0000000000  0.0130911486 -0.0069717008  1.0000000000
-5.8511145177 -9.0392684424 -0.5179654331 -7.0409899638 -8.8471146998 -0.1742356292  0.0722674917 -0.0636716405  1.0000000000 -0.0604882840  0.0075463289  1.0000000000
-6.0238449674 -8.5019044992 -0.8254548542 -4.5020164348 -7.7016659160 -3.1209338463 0.0664457191 0.0142567543 1.0000000000 0.2554545198 0.1731619176 1.0000000000
-5.8353883345 -8.6692297450 -1.6575434582 -4.5527244252 -6.7639692878 -0.9690453418  0.0153058062 -0.0096079699  1.0000000000  0.2379724233  0.2430636354  1.0000000000
-5.7657106125 -8.4029313836 -3.3035555386 -5.4595830927 -7.5220116159  0.4468684111 0.0351905372 0.0093740265 1.0000000000 0.1304213373 0.1010258214 1.0000000000
