830.7000000000
0
50
-4.5067554574  4.3905453422 -2.4522639891 -3.7760112142  2.5181226070 -5.3220500360  0.1403381778  0.0471466075  1.0000000000  0.0880450785 -0.1389818633  1.0000000000
-5.9955912481  3.7183155429 -3.0495332339 -5.7174301635  4.9231127766 -3.7752689985 -0.0464460770  0.0596783325  1.0000000000 -0.0421876866  0.2061546218  1.0000000000
-5.4460184518  2.1350067531 -5.4014333427 -5.1932935077  2.3813837890 -3.2561076940 -0.1855743067 -0.1038631793  1.0000000000 -0.0128750349 -0.1100123627  1.0000000000
-3.8982861608  3.3929482685 -2.5543174578 -3.8140125550  3.2694729835 -3.0786170823  0.1231868047 -0.0538193475  1.0000000000  0.1436807900 -0.1334891547  1.0000000000
-5.5210259567  2.4817074439 -3.3954689689 -5.1503950318  1.5637402394 -4.0629272503 -0.0996731898 -0.0393005962  1.0000000000 -0.0805243454 -0.2460980841  1.0000000000
-4.1487092205  5.6952403129 -1.8248420791 -5.6639548327  1.3703675880 -3.0052616593  0.1614414358  0.2166829456  1.0000000000 -0.0841590364 -0.2474982554  1.0000000000
-3.6584790392  5.0903315871 -4.2415173741 -4.0982673500  3.7405157610 -2.8416190828 0.1910862820 0.1552768600 1.0000000000 0.1356611092 0.0097130862 1.0000000000
-6.1689818216  3.6091396635 -5.9423441432 -5.2004000871  2.7294330624 -4.7390808235 -0.2665852940  0.1276944262  1.0000000000 -0.0659380295 -0.0449212587  1.0000000000
-4.0777837320  2.3580636796 -2.5286661989 -6.7254074184  4.1039989632 -4.2303330314  0.0955157114 -0.1415140459  1.0000000000 -0.1512681859  0.0784382465  1.0000000000
-5.0862513156  3.1593203417 -4.3961019756 -5.6714799048  5.1925728485 -3.2695607130 -0.0285577428  0.0249102773  1.0000000000  0.0397750754  0.2144629660  1.0000000000
-5.0119404651  4.9370774985 -5.9037003400 -4.6830681058  4.0795702418 -5.7779757941 -0.0141978694  0.2765953671  1.0000000000  0.0043291328  0.1125513578  1.0000000000
-4.9981588861  1.5909631368 -4.5776502667 -3.6637216011  4.8639070839 -4.8406586157 -0.0581763761 -0.2066378257  1.0000000000  0.1721262090  0.2100910565  1.0000000000
-4.6359439793  5.0897258148 -6.0518465725 -2.7047442685  3.0038462455 -4.8972237054  0.0457816747  0.2817395751  1.0000000000  0.2531618317 -0.0843341713  1.0000000000
-6.0216803055  1.3165534909 -4.4953138083 -3.3336422512  4.4350033929 -4.9165643322 -0.2268558319 -0.2352198520  1.0000000000  0.2439243353  0.1022808678  1.0000000000
-4.8771496722  1.6937616448 -4.7732939202 -6.2790061357  4.7202686607 -3.6968920251 -0.0388982242 -0.2548648755  1.0000000000 -0.0643597201  0.1564622531  1.0000000000
-5.8850466205  4.8920734257 -5.6941536941 -2.9495433851  2.2273798391 -2.6474495022 -0.1172325057  0.2842892825  1.0000000000  0.2025456420 -0.1622563253  1.0000000000
-5.8848723123  2.4830095299 -5.9306914330 -3.5007948785  4.3214586248 -3.8849087060 -0.2324512527 -0.0541256804  1.0000000000  0.1929214325  0.0965266682  1.0000000000
-3.3913241873  4.3555306072 -4.6040236907 -6.6699227323  4.1975602305 -3.4973125082  0.2629119952  0.1079320714  1.0000000000 -0.1200770220  0.1536062256  1.0000000000
-5.7219078593  2.1402106050 -3.3917036821 -3.4092923942  3.5907714813 -2.3899425689 -0.0904409647 -0.1337602860  1.0000000000  0.1962498753 -0.0362996982  1.0000000000
-6.7174562247  3.7656653519 -4.1134088303 -3.6067383859  3.6831908808 -1.6026944074 -0.1762816981  0.1102048825  1.0000000000  0.1937307278 -0.0374733025  1.0000000000
-2.9439713360  4.2961178916 -4.3948523091 -6.3765936291  2.0222786683 -4.3540531391  0.2658291027  0.0449177156  1.0000000000 -0.2329086529 -0.1017461624  1.0000000000
-4.9292986432  2.8980561459 -4.0248936396 -6.7267171494  4.2179902181 -4.4157629666 -0.0278035789 -0.0490542049  1.0000000000 -0.1698982705  0.1624552132  1.0000000000
-3.4339974849  2.0414653265 -3.5854740496 -4.7749151576  4.7862349017 -4.7894932570  0.2098456773 -0.2550069085  1.0000000000  0.0419422987  0.2248933826  1.0000000000
-3.8916083954  3.9081900534 -3.6304682702 -6.2019429748  2.4670799919 -3.1483421163  0.1670781896  0.0592983079  1.0000000000 -0.1431682223 -0.0962750382  1.0000000000
-4.1669220167  5.6405083912 -2.7591559238 -6.4190213257  4.9423344591 -3.0481472553  0.1959124704  0.1806303224  1.0000000000 -0.0597177985  0.1803606339  1.0000000000
-3.4453892601  2.7890663172 -1.8928487282 -6.5639725045  4.0213286443 -3.1193048503  0.1964440166 -0.1229594651  1.0000000000 -0.0786154082  0.0794556761  1.0000000000
-4.7284375320  2.5005468750 -2.1821001389 -5.1969525167  4.3690391197 -4.7478978783  0.0670264687 -0.1641967101  1.0000000000 -0.0320036586  0.1549949237  1.0000000000
-4.5409013735  2.4190321496 -3.9319908864 -5.0651703507  3.4973344660 -5.1105444251 -0.0231891943 -0.1156633527  1.0000000000 -0.0489863931  0.0432998967  1.0000000000
-3.3020932765  2.3857814385 -2.0331525918 -6.2385753452  4.6950227297 -4.0600330117  0.1945009385 -0.1622007396  1.0000000000 -0.0984295863  0.1541200849  1.0000000000
-6.4447813497  3.8437785754 -3.1954260775 -6.4668032310  3.2828933045 -3.5369444029 -0.0923952173  0.0902943069  1.0000000000 -0.1281189014 -0.0021972060  1.0000000000
-4.7415951340  2.8457765450 -5.7633681847 -5.5728602532  1.9967631307 -6.1859158372 -0.0753835437 -0.0652377896  1.0000000000 -0.2564052314 -0.1461977294  1.0000000000
-4.9880172254  1.9260433032 -5.0116612269 -6.9157377877  3.2812986407 -3.1419874939 -0.1078227995 -0.1776802788  1.0000000000 -0.1707664071  0.0516859114  1.0000000000
-4.8000531855  1.3902004997 -4.6418461147 -3.5855830662  3.1371385640 -2.1119070941 -0.0594857720 -0.2525701601  1.0000000000  0.1594928714 -0.1049214767  1.0000000000
-5.9329816840  1.3578326947 -5.3793327756 -3.1381088624  4.6856823914 -4.8605314075 -0.2280524917 -0.2270935017  1.0000000000  0.2348412034  0.1459402038  1.0000000000
-4.5328368584  3.7533420492 -4.0974300772 -6.2413573733  2.3446845795 -3.5761038466  0.0644439470  0.0305305282  1.0000000000 -0.1674715276 -0.0890048926  1.0000000000
-4.9482840438  3.1057112636 -2.4588714891 -3.0978157657  3.3348866535 -4.4963897551  0.0464156641 -0.0225591527  1.0000000000  0.2676660085 -0.0620410220  1.0000000000
-6.4051299850  3.4764202628 -5.2375126964 -4.6151938056  3.6523035094 -3.3151058536 -0.2205516620  0.0766039023  1.0000000000  0.0865997580  0.0559494435  1.0000000000
-4.8748791755  4.9325427097 -3.0784728279 -2.7761315873  4.4717441555 -5.0949758441 0.1097123523 0.1515884666 1.0000000000 0.3000220056 0.0981750520 1.0000000000
-6.1035897942  4.4226764376 -6.5358672058 -2.6446034045  2.0677954493 -5.0618508919 -0.2425922903  0.2553007307  1.0000000000  0.2406720512 -0.2836847457  1.0000000000
-5.8270488513  3.6273977931 -2.3213493794 -3.8752331078  2.6966735121 -3.2647578374 -0.0092012632  0.0231975777  1.0000000000  0.1151492754 -0.0942585435  1.0000000000
-6.2179010927  1.5844907537 -3.3219825630 -4.4123931453  2.8408645965 -4.5344293143 -0.1541910134 -0.1595629523  1.0000000000  0.0288746758 -0.0777222075  1.0000000000
-5.8176937264  3.7467291415 -5.6013165863 -3.6490486000  2.9711693806 -4.4996745579 -0.1737943161  0.1413646586  1.0000000000  0.1233134829 -0.0741145760  1.0000000000
-4.8183494783  1.9924993315 -2.1350509479 -5.6495885925  1.9353027481 -3.7749518004  0.0589367747 -0.1745036352  1.0000000000 -0.0592310251 -0.1458224146  1.0000000000
-5.9554530942  1.9245726593 -3.9600281265 -5.7870512839  2.2535037513 -3.4700150181 -0.1518906156 -0.1380174567  1.0000000000 -0.0584100645 -0.1004406547  1.0000000000
-3.5409065175  2.7302597231 -3.3468336573 -7.3767393436  4.3078940428 -2.9435599649  0.1614420830 -0.1098851652  1.0000000000 -0.1621054706  0.1453015606  1.0000000000
-6.3623098120  3.3863070508 -3.6032648474 -5.4977241152  5.0828755748 -2.8618535928 -0.1280633557  0.0173567302  1.0000000000  0.0039634171  0.2040959523  1.0000000000
-5.2650030493  1.6024371217 -4.4963521546 -4.4883225939  3.1030990206 -3.4947787871 -0.0850255755 -0.2083349705  1.0000000000  0.0813270800 -0.0553340052  1.0000000000
-3.6977966781  2.8169754919 -4.3661218933 -4.2808497777  5.4612644680 -2.3378065566  0.1120103827 -0.1189885705  1.0000000000  0.1772035760  0.1762148397  1.0000000000
-5.8137964792  2.8112641412 -5.8515897096 -4.7694945996  1.9198577466 -4.7225760315 -0.2267399335  0.0149017450  1.0000000000 -0.0505507371 -0.1823560721  1.0000000000
-4.7062078047  4.3247437721 -3.7448375680 -5.0659334912  3.9873386431 -4.6069145070  0.0338795685  0.0763141466  1.0000000000 -0.0263350783  0.1111080413  1.0000000000
