404.0000000000
0
50
-10.7356014937  -6.8014389731  12.1164913570 -12.7362717218  -4.0882825837  13.2001315613  0.2516828348 -0.2683567225  1.0000000000 -0.1254049881 -0.0167904993  1.0000000000
 -8.7256275921  -3.9651633135  13.8353282977 -10.6950726561  -4.6647350370  15.8216603701 0.1623425527 0.2990242050 1.0000000000 0.1907990848 0.1670848964 1.0000000000
-12.5222837266  -3.7152692052  13.4673644378 -11.7624061323  -3.5399614386  11.1502116831 -0.0427240212 -0.0118558672  1.0000000000 -0.2337337127 -0.1066170880  1.0000000000
 -9.4495475202  -3.6334514705  13.7151103966 -11.1227410153  -5.0014290168  15.6103257421 0.0792628630 0.2476642997 1.0000000000 0.1883552590 0.1292227555 1.0000000000
-10.4246373111  -3.3659338576  13.1853339493  -9.5562368483  -4.0135195831  13.0692327991 0.0211443457 0.1848555152 1.0000000000 0.0931143387 0.1658724287 1.0000000000
-12.4033792892  -6.0879900669  12.8846865981 -11.5551531172  -2.0754241698  13.1216639568  0.0801120361 -0.1792378405  1.0000000000 -0.2008608827  0.1933424779  1.0000000000
-13.9415296447  -4.3142643914  11.9706534785  -9.9946358038  -4.5014016106  15.2052801180 -0.1861260715 -0.2212491716  1.0000000000  0.1925147597  0.2126779661  1.0000000000
-11.0371141206  -3.6119125891  13.7158281232 -12.5197589172  -6.5160035064  13.5131733345 -0.0294008711  0.0996220036  1.0000000000  0.1250835786 -0.1759753284  1.0000000000
-12.1697941125  -5.5359323410  14.0918550789 -11.6571214574  -5.0376041721  12.4922300194  0.0728352533 -0.0819213397  1.0000000000 -0.0339369792 -0.0747377668  1.0000000000
-11.1074502766  -3.3813006412  12.7368139311 -12.3756062957  -2.1838130811  13.8012981459 -0.1416119072  0.0850934543  1.0000000000 -0.2007021912  0.1657294611  1.0000000000
-11.6355867891  -3.0760149562  12.2593633252  -9.6787773395  -6.7470479347  12.1187417961 -0.2014004458  0.0266904798  1.0000000000  0.3028337586 -0.2103529121  1.0000000000
-9.9663279859 -1.6698770660 12.1630998213 -8.9350415601 -5.3482743329 13.2899085432 -0.2617465145  0.2962380005  1.0000000000  0.2774228136  0.0771324091  1.0000000000
 -9.9229758015  -5.7666376151  11.6635843828 -11.4489795271  -6.3794196875  12.6165151194  0.1569510638 -0.2064866134  1.0000000000  0.1291015866 -0.1897250941  1.0000000000
-10.3681534017  -2.0505110636  12.6204459976 -12.9175800263  -4.2411192681  13.9542199389 -0.2102003598  0.2864919434  1.0000000000 -0.0144476182 -0.0210158957  1.0000000000
-11.1881704777  -1.9770470517  12.8338437780 -10.6968964020  -4.9107496853  14.9428360322 -0.2465654289  0.2187558844  1.0000000000  0.1755539743  0.1672096984  1.0000000000
-12.6391263816  -5.1834012169  12.9901255531 -12.4789733908  -5.3974095472  13.7429006476  0.0035332277 -0.1373678814  1.0000000000  0.0584949808 -0.1380400858  1.0000000000
-12.1733082990  -5.0654606354  13.9308681745 -12.6662713293  -3.6664364777  13.5655404035  0.0259960407 -0.0545874152  1.0000000000 -0.0513598897  0.0172618662  1.0000000000
-12.0012424513  -4.1880979763  14.0211485485 -11.9211045370  -5.7701177077  12.2946323413  0.0078054569  0.0660718921  1.0000000000  0.0753485079 -0.2182754408  1.0000000000
-10.7890670364  -4.8548035551  12.1639048657 -10.2736070053  -6.2429455218  13.3289951035  0.0181782364 -0.0957896124  1.0000000000  0.2391263834 -0.1142537383  1.0000000000
-10.7176477033  -4.7067561528  15.1210694823 -11.7668424917  -4.6901925281  14.0637718531 0.1175929757 0.1676488864 1.0000000000 0.0587972846 0.0448438335 1.0000000000
-11.4509402785  -5.8641180382  13.6397754787 -11.3935025920  -4.0873062768  10.4546076431  0.1404285912 -0.0571207139  1.0000000000 -0.2789923271 -0.2096116583  1.0000000000
-12.7492331663  -5.7340828616  12.5217116054 -10.8113081708  -1.9558677302  12.4536251069  0.0331945745 -0.2244398259  1.0000000000 -0.2726652834  0.2323992477  1.0000000000
-10.7916233405  -4.1643361872  13.8958901360  -9.9495615508  -5.6528690343  11.6385668222  0.0212252893  0.0972201389  1.0000000000  0.1308442004 -0.1958739815  1.0000000000
-12.2758903579  -3.0305090433  12.4461430389  -9.4205923772  -2.8762062840  12.6928228911 -0.2166362059  0.0405719288  1.0000000000 -0.0258488597  0.2793655954  1.0000000000
-10.1295070202  -2.9319764372  11.6706335064 -12.1113047879  -5.1350864320  14.5528248303 -0.2316360510  0.1077644705  1.0000000000  0.0890052957 -0.0328890492  1.0000000000
-12.8386559816  -4.0164996237  11.3540573870 -11.6739892673  -4.1961350550  11.4397347448 -0.2098108315 -0.1265638080  1.0000000000 -0.1350258675 -0.1671995285  1.0000000000
-10.5141777081  -2.2811394965  13.2960480699 -13.4171875695  -3.8637259110  12.8567548246 -0.1755442631  0.2101035261  1.0000000000 -0.1224546931 -0.0984601446  1.0000000000
-11.0482415037  -4.3502023991  15.6071172174 -11.1661203536  -1.9786776566  13.1266515709  0.1492270820  0.1692467097  1.0000000000 -0.1618272157  0.2263367938  1.0000000000
-9.9487320350 -4.5831601435 12.4913045638 -9.9823256765 -4.0742597618 12.6889715633 0.0804444578 0.0382054176 1.0000000000 0.0830788137 0.0392169662 1.0000000000
-11.5327886185  -3.0161216407  13.2264433510 -11.2643068138  -4.6074411760  14.5131300917 -0.1001929443  0.1129769068  1.0000000000  0.1227292554  0.0605785001  1.0000000000
-10.9666676464  -6.2847489439  12.9984475654 -11.7520926510  -3.2351701188  12.2772271807  0.1986219203 -0.1662703588  1.0000000000 -0.1618780360  0.0181347888  1.0000000000
-11.5755706920  -2.0777625961  13.6679359758 -11.8310092182  -3.3023903839  14.6310174178 -0.1782414428  0.2060067457  1.0000000000 -0.0942067590  0.1345079094  1.0000000000
-12.5325699622  -3.2448959723  14.4758481466 -13.0298026882  -4.4164031988  12.7761475525 -0.1109809449  0.0651944137  1.0000000000 -0.1055535794 -0.1419691395  1.0000000000
-11.8446152498  -5.4893762116  14.4542493783 -10.8589656631  -3.8443994554  13.1806382374  0.1455144630 -0.0278772427  1.0000000000 -0.0408685582  0.0956225990  1.0000000000
-13.6905952215  -4.2260749325  13.1300974399 -10.5369232224  -6.7305566760  11.8973108861 -0.1331640504 -0.1384096922  1.0000000000  0.1697584490 -0.2981774772  1.0000000000
-13.2510066954  -3.1881441796  13.1837216152 -10.8916825864  -3.4045956974  14.9344496774 -0.1829981648 -0.0050903567  1.0000000000  0.0919413414  0.2443992046  1.0000000000
-11.9411714421  -4.1716290136  14.4038998262 -12.7515962589  -4.0363581202  14.0948763917 -0.0016966933  0.0752922580  1.0000000000 -0.0526729267  0.0178380837  1.0000000000
-11.4825725191  -3.2776766138  12.0135753209 -12.2698578465  -4.5615771551  12.9016749541 -0.1773184544  0.0195439390  1.0000000000 -0.0456265308 -0.0696775567  1.0000000000
-12.4109041988  -6.2103347926  14.1415783514 -11.5294923400  -3.9238645781  13.9232647852  0.1138343214 -0.1220640476  1.0000000000 -0.0058071137  0.0411970066  1.0000000000
-9.3928523509 -4.6443338181 12.9474712764 -9.4742086312 -4.1517555777 13.9218849317 0.1417370226 0.0957737596 1.0000000000 0.1099695355 0.2033063601 1.0000000000
-10.1075516274  -2.9163043552  12.2822971910 -10.7327575450  -3.5104460659  11.8192014533 -0.1599312340  0.1437753753  1.0000000000 -0.1293830062  0.0027516499  1.0000000000
-11.4973277090  -5.7876595709  14.3857729265 -11.0104173197  -4.4655499460  12.1380307470  0.1655823995 -0.0490888305  1.0000000000 -0.0923993974 -0.0713000558  1.0000000000
-10.4160558215  -4.9517471899  15.0387699788 -12.6024627908  -3.8892941592  13.3178224149  0.2039104154  0.1325135739  1.0000000000 -0.0790065600 -0.0287115106  1.0000000000
-10.4667734787  -4.6221419792  11.9146625059 -14.0443513626  -4.5271776111  12.7670006042  0.0131962473 -0.0468692215  1.0000000000 -0.1359340850 -0.1390270574  1.0000000000
-10.9250018806  -5.9666811801  13.0604182408  -9.7302316068  -4.6611858358  12.8211558762  0.1686731243 -0.1170412898  1.0000000000  0.1068419618  0.0575152277  1.0000000000
-12.0705681520  -3.6304739229  14.7615231260 -10.2647425957  -1.6500697784  12.3305864243 -0.0079898225  0.1357119818  1.0000000000 -0.2421860287  0.3160712014  1.0000000000
-10.5346035249  -3.4447377950  13.3209653867 -10.6784072906  -6.4273286363  12.2835626007 -0.0042257473  0.1450776535  1.0000000000  0.2010763705 -0.2211428997  1.0000000000
-11.0002582660  -3.9039566426  14.4541013430 -12.1285377151  -2.8632230649  12.7858700391  0.0904393522  0.1471229221  1.0000000000 -0.2178274592  0.0839097982  1.0000000000
-11.8215598098  -3.5225000297  14.7057131906 -10.0189172955  -3.8076293279  13.5278512415 0.0168413881 0.0961216570 1.0000000000 0.0709019585 0.1105044438 1.0000000000
-10.9237101189  -6.0646668952  13.2787106351 -10.7038016806  -4.3447810024  12.3998773032  0.1982339902 -0.1377401302  1.0000000000 -0.0176704981 -0.0110745375  1.0000000000
