239.5000000000
0
50
-11.0236921589  12.1546268538   2.4531382568 -11.8773206163  14.1086353024   2.2756407240 -0.1405254097 -0.0290984096  1.0000000000 -0.0503867521  0.1479125211  1.0000000000
-13.0003035643  14.3301215509   6.3178132208  -9.4894463434  14.1150543624   4.2670195512  0.2173806482 -0.1658283054  1.0000000000  0.3245419712  0.0624987097  1.0000000000
-11.5234636698  14.9530277543   4.6850360000 -12.4535272039  14.8261279437   4.4290667272  0.1806017135 -0.0079330577  1.0000000000  0.1446542653  0.0080924287  1.0000000000
-10.2853871290  14.9655059126   2.7509214914 -12.3920525013  13.9153800768   2.5607542693  0.1675650673  0.2443985770  1.0000000000 -0.0910671638  0.0956366152  1.0000000000
 -9.2409933172  14.8793800469   3.3853321791 -13.2862952434  14.9890213532   1.6271318450  0.3298031977  0.2595120785  1.0000000000 -0.1424731470  0.1717637413  1.0000000000
-13.2381970520  13.6152876430   5.5968799850 -10.5751050919  12.7168672211   3.0287201694  0.0507979411 -0.1964662783  1.0000000000  0.0114962873 -0.0394205536  1.0000000000
-11.8334690846  13.3251080955   3.4629757009 -12.3296767394  12.5208947569   2.0168446089  0.0477804452 -0.0157741920  1.0000000000 -0.2257608687  0.0047682433  1.0000000000
-11.7199328272  12.6913104172   4.3771288464  -9.6519195265  15.5840597766   3.2416123002  0.0602133970 -0.1732838430  1.0000000000  0.2742233493  0.2647553943  1.0000000000
 -9.7334711068  13.1606745726   4.8720314925 -12.2150037686  15.5711511239   2.6920664690  0.3426885578 -0.1508976224  1.0000000000  0.0686753402  0.1756013970  1.0000000000
-11.2078859866  11.5728587332   4.4805366247 -10.2644295110  13.6315043848   1.7078449268  0.0152507926 -0.3451076273  1.0000000000  0.0046978456  0.3099369882  1.0000000000
-11.0741669645  13.6830230447   2.2588407295 -12.2339584175  16.4942419962   3.8407916365 -0.0626074205  0.1360242826  1.0000000000  0.1981581242  0.1732315869  1.0000000000
-12.1991970287  12.6532665437   3.5859135836 -12.2271963295  15.7701268711   4.2509193861 -0.0707633522 -0.1415126487  1.0000000000  0.1146223659  0.0510481860  1.0000000000
-14.7077506408  12.4623593163   3.8846738046 -12.8876563903  12.1737358533   2.7306713097 -0.1490957172 -0.1926038457  1.0000000000 -0.2144800651 -0.0762771488  1.0000000000
-12.2305321421  12.9436083424   3.4435248386 -12.4346143073  12.0677593775   3.7379798839 -0.0432004074 -0.0953266719  1.0000000000 -0.1089549909 -0.1886206615  1.0000000000
-14.1986039215  13.6794907514   3.8482514867 -12.5252535657  12.5508337746   3.0192693023 -0.0525664155 -0.1022346865  1.0000000000 -0.1354627388 -0.1050086857  1.0000000000
-11.9983383684  15.8081889799   4.5249425643 -10.3601713084  14.0709111598   3.8071517719 0.1982873704 0.0714183884 1.0000000000 0.2006099672 0.0547228557 1.0000000000
-12.1165984184  10.8421913633   3.4522940874 -10.9421819829  15.2707129445   2.9003602949 -0.2429106824 -0.3070538647  1.0000000000  0.1378277058  0.2172379931  1.0000000000
-10.5774312159  14.8633213255   3.0851046071 -12.7287934210  12.1361013914   2.7842057421  0.1598363226  0.1413479339  1.0000000000 -0.1945014741 -0.0912084150  1.0000000000
-11.6583890599  14.1944429723   2.4238412224 -13.2138753808  13.7664415741   4.7648476912 -0.0696121447  0.1590013913  1.0000000000  0.0883141932 -0.1493152431  1.0000000000
-10.2846908960  12.6759406260   5.0219097270 -11.9804101775  13.0199710879   2.1117146322  0.2243530311 -0.1946000432  1.0000000000 -0.1857589543  0.0644640219  1.0000000000
-11.5351523737  14.4432534941   4.3551787998 -11.9008392522  14.1100662162   2.5161839410  0.1330188367 -0.0314889598  1.0000000000 -0.0420655201  0.0957065169  1.0000000000
-11.0173283467  14.1261692696   2.0060807099 -12.0354069179  12.8404279666   3.2554207587 -0.0534110498  0.2626359030  1.0000000000 -0.0649042248 -0.0074983309  1.0000000000
-11.0696278233  12.8704311585   1.5706322266 -13.6027838501  13.7627450963   4.5145336319 -0.1548412618  0.1280310959  1.0000000000  0.0003819982 -0.1275393285  1.0000000000
-13.7367462625  14.6447573273   2.5676130489 -11.6803560192  13.3441675140   3.1519384245 -0.0636129643  0.0564956109  1.0000000000 -0.0476008853  0.0446727855  1.0000000000
-13.1190906272  15.1834146543   3.6878721614 -12.8688394917  14.9219531300   1.4772871641  0.0715534714  0.0445636538  1.0000000000 -0.1022884804  0.2369476494  1.0000000000
-12.9806092173  15.2291109476   4.1212452973 -13.4003431561  12.9801697493   4.6280495175  0.0423585686  0.0392369015  1.0000000000 -0.0132861400 -0.2009236753  1.0000000000
-11.2812103870  12.2267657125   3.0030082275 -11.4509333586  15.0167211266   3.1427914472 -0.1255118954 -0.0823632245  1.0000000000  0.0893385742  0.1437504728  1.0000000000
-12.8553292190  15.5848908021   2.2870608086  -9.8575863036  13.9453652806   2.5568809231 -0.0183246607  0.1464138757  1.0000000000  0.0913238642  0.2168651574  1.0000000000
-12.1033248469  14.2113990354   2.0468722596 -12.6128492247  14.3390317169   5.3118837023 -0.1421113772  0.1653418750  1.0000000000  0.1269500743 -0.1370091347  1.0000000000
-11.5582155917  12.1275812169   3.9644241312 -12.6559358822  15.3729617450   1.9960955006 -0.0386338499 -0.1949870133  1.0000000000 -0.0149558500  0.2512553346  1.0000000000
 -9.0441631902  14.7283399339   3.0692439068 -11.4554825956  15.7588555929   4.3652338014 0.3078971978 0.2762398121 1.0000000000 0.2384921703 0.0779633575 1.0000000000
-10.5705787142  13.5337847839   1.8769000153 -12.4457826277  12.6606731543   2.7104735606 -0.0493305026  0.1967382101  1.0000000000 -0.1462294281 -0.0580315166  1.0000000000
-11.6312797355  11.5968292939   2.5876510100 -11.3330266697  14.6001302762   4.9042934051 -0.2256333467 -0.0956570625  1.0000000000  0.2402952651 -0.0084330828  1.0000000000
 -9.8641031303  14.8107053492   2.5584155004 -10.6694752746  15.4608211078   3.8670754582 0.1706178632 0.2820542727 1.0000000000 0.2295520926 0.1791345427 1.0000000000
-12.5473047597  11.3209469807   3.7089299787 -13.0315214200  14.2620468849   1.4993727916 -0.1565105281 -0.2750308063  1.0000000000 -0.1458436643  0.1577326559  1.0000000000
-11.1135424651  12.8727878016   0.7962545060  -9.8227111495  13.5302788930   3.3905771259 -0.2705804315  0.2501814866  1.0000000000  0.1219545950  0.0619461568  1.0000000000
 -9.9316431137  13.5368449747   2.5479868211 -10.9567536890  13.8682481922   5.5321280202  0.0701041279  0.1710530010  1.0000000000  0.3012445621 -0.1208435785  1.0000000000
-12.6708916444  13.0964750316   3.4729504761 -11.5321543821  15.6634172375   3.0312441685 -0.0634065099 -0.0741562884  1.0000000000  0.1283764353  0.1950258971  1.0000000000
-12.2837712210  13.4454786706   5.2208714240 -11.3130300084  13.7234106723   3.0240955907  0.0902917923 -0.1575113927  1.0000000000  0.0307624468  0.0380294640  1.0000000000
-10.7756566098  14.5084058425   2.1428915437 -11.8205697198  13.8194053101   2.5970541740  0.0183779034  0.1996210777  1.0000000000 -0.0703400341  0.0886365721  1.0000000000
-12.2358194902  14.1357563850   2.0283874117 -11.0555603421  15.7046642730   3.5975865500 -0.1185984070  0.1045351347  1.0000000000  0.1919275124  0.1504749372  1.0000000000
-10.5519118174  14.6985573260   2.6821633364 -12.6583268570  14.9213247954   5.3034097024  0.1286535405  0.2235599141  1.0000000000  0.1578399575 -0.0865004611  1.0000000000
-13.2756905621  14.9330155768   1.8429928714 -11.6052635682  12.4405826936   2.0848173849 -0.1370435548  0.2018348863  1.0000000000 -0.1943125367  0.0302242993  1.0000000000
-14.2625960275  13.3289100444   3.9497133216 -11.6952432328  14.9903293581   4.3777632644 -0.0847237806 -0.1505825389  1.0000000000  0.1760184032  0.0810094506  1.0000000000
 -9.8096554454  14.6050617767   2.9408995996 -12.7925736731  13.6952442672   3.9143028997  0.1620925978  0.2061013868  1.0000000000  0.0319893674 -0.0450696020  1.0000000000
-10.5098297038  13.3540711830   1.3123457508 -12.1665541990  12.6315013259   2.1930209209 -0.1683539027  0.2437707203  1.0000000000 -0.1850595065  0.0097660730  1.0000000000
 -9.7156157653  15.1948536443   3.5754925209 -13.4193016652  14.8854653799   2.3997684382  0.2367718110  0.2022811296  1.0000000000 -0.0811685887  0.0963644677  1.0000000000
-13.4025493540  14.0983087065   2.3202403093  -9.5033393374  14.1758378389   2.7247291292 -0.1705782427  0.0870979439  1.0000000000  0.1745398889  0.2405023949  1.0000000000
 -9.6357894275  14.7476032227   3.4132302054 -11.6938308196  13.4598366813   3.2760817716  0.3014732161  0.1843011160  1.0000000000 -0.0379854188  0.0403246021  1.0000000000
-11.2661494507  13.3307534995   2.3448760482 -10.2410853900  12.8876256633   4.0036462311 -0.0651517497  0.1237526262  1.0000000000  0.1799637198 -0.0882461510  1.0000000000
