124.6000000000
0
50
10.5055721835 -6.2996294542 -3.2824799004  9.9126763262 -5.9972316639 -3.0605232325 -0.1699925740  0.2524956016  1.0000000000 -0.1070285655  0.2015121882  1.0000000000
10.3205164096 -5.8219679707 -3.2958979374 10.3800899766 -8.0544298596 -2.8144273286 -0.1437291129  0.2958082992  1.0000000000 -0.2252731339  0.0630255530  1.0000000000
 6.9899490586 -8.1720568964 -5.2865946953  9.3724550916 -7.5966470600 -5.2286413621  0.2189321517 -0.0450572466  1.0000000000  0.0778023757  0.1258701940  1.0000000000
 6.4299104518 -6.2832576348 -3.8646621356  8.1441154230 -7.8304313314 -3.5039697376  0.2688003709 -0.1080220312  1.0000000000 -0.0005870116 -0.0362896571  1.0000000000
10.0034654825 -8.2778787260 -3.4491276625  9.7787984519 -6.7597755147 -3.8352583234 -0.1921439624  0.0668690968  1.0000000000 -0.0728585622  0.1487633482  1.0000000000
 7.8113115207 -6.7385584762 -1.4256839900  9.0142613609 -7.1948890029 -1.7758709195 -0.0983412720 -0.2238319951  1.0000000000 -0.2088791500 -0.0815438540  1.0000000000
 9.9548349318 -7.7858159685 -2.6486312884  7.3188946928 -8.5898242392 -4.1348715644 -0.1999551053  0.0158883630  1.0000000000  0.0981810959 -0.1280042796  1.0000000000
 8.6146585814 -9.6155217198 -2.0558059452  8.6321385359 -7.2512887125 -6.0529845819 -0.1781071668 -0.2116282638  1.0000000000  0.1969676142  0.1465646600  1.0000000000
 8.1795058737 -8.1207465805 -1.6909406857  8.8711760668 -6.6059374151 -3.8980247228 -0.1256798143 -0.2300657391  1.0000000000  0.0316371277  0.0604999290  1.0000000000
 9.4619906537 -9.2278149660 -3.4190106507 10.7702876618 -5.7533469698 -2.2541128782 -0.0621408288 -0.0010679830  1.0000000000 -0.3224258454  0.2598165557  1.0000000000
10.8462675176 -6.7178958180 -3.5758384618  7.9720115624 -8.6462932409 -3.5840330911 -0.1355124629  0.2401226526  1.0000000000  0.0532554794 -0.1297220154  1.0000000000
10.7554683186 -8.5648252818 -3.8431827043  9.6365456435 -8.9348698484 -4.1327700410 -0.1472631225  0.0966483709  1.0000000000 -0.0670368399  0.0192146482  1.0000000000
 8.7589185379 -8.2571881193 -3.2944078903  8.6321341339 -9.0145801731 -2.6240343806 -0.0575869258 -0.0130531326  1.0000000000 -0.1710736831 -0.1557740649  1.0000000000
 9.5432647114 -7.8533990233 -3.6114544307  6.1024701199 -8.8018725514 -4.5650881497 -0.0641198002  0.0678614858  1.0000000000  0.2172809684 -0.2024021999  1.0000000000
10.0260630869 -6.2386108281 -4.1019802616  7.8208394375 -8.6084648785 -2.2486409604 -0.0865859629  0.2361551642  1.0000000000 -0.0431118958 -0.1723170185  1.0000000000
 9.2151503192 -7.8186768205 -3.2037604399  7.9553458608 -8.4754029744 -3.6857859169 -0.1101749057  0.0059684688  1.0000000000  0.0094058522 -0.0614044210  1.0000000000
 7.8922273495 -7.2247507711 -1.9020985004  6.2267485896 -6.9348183682 -3.5936854510 -0.0760101347 -0.1878284562  1.0000000000  0.2380557526 -0.2439510019  1.0000000000
 9.9955038946 -7.4091663101 -4.0015649497  8.9550059494 -8.8354365341 -4.7117185952 -0.0901794574  0.1550182570  1.0000000000  0.0466662141  0.0441729526  1.0000000000
 8.5109779495 -7.1523294397 -1.3785286459  8.1827846424 -8.4129555597 -1.7363320033 -0.2164865149 -0.1493428538  1.0000000000 -0.1432406462 -0.2234908671  1.0000000000
 9.4294301803 -7.6895446441 -2.4351063311  8.3625592809 -9.7828927280 -2.5039491179 -0.1392941790 -0.0284162640  1.0000000000 -0.1178014326 -0.2158126371  1.0000000000
 8.2248810456 -5.8107092671 -3.7883961581  6.9007380783 -6.9488796687 -4.5755341448  0.1134880908  0.0929384877  1.0000000000  0.2840617296 -0.0897531309  1.0000000000
 9.5866817615 -5.8504817999 -1.9312444395 10.3996050459 -6.2472068884 -3.6695146801 -0.2138067815  0.0661647364  1.0000000000 -0.1096172955  0.2337556205  1.0000000000
 9.8242694299 -6.8545420676 -2.2069548163  8.4673372420 -7.3598427823 -4.3316151903 -0.2269946724  0.0598861098  1.0000000000  0.0473854975  0.0298701739  1.0000000000
 8.1268138259 -5.1400606361 -4.3782187704  6.5810218228 -6.4623273166 -3.7625285334  0.2221390615  0.1190988043  1.0000000000  0.2403188677 -0.1497557381  1.0000000000
 9.5066635587 -6.7978464515 -3.6734296005  9.1322933123 -7.3900180416 -3.8293195223 -0.0407561647  0.1310794522  1.0000000000  0.0232096556  0.0574240003  1.0000000000
10.7895599462 -8.0481421801 -3.6320190070  8.0912946023 -7.5056997209 -2.9567534187 -0.2211773881  0.1559354577  1.0000000000  0.0190485239 -0.0836963827  1.0000000000
 9.1566507140 -7.7815823899 -1.9589991683 10.3750615176 -7.6725909495 -2.9253283794 -0.1857516362 -0.0472446230  1.0000000000 -0.2401429382  0.0825323924  1.0000000000
 9.7354169540 -7.4458256509 -5.7116334820  9.7857386044 -8.8912148617 -3.8949107023  0.0776237270  0.2426871806  1.0000000000 -0.1135229760  0.0489648061  1.0000000000
10.5269281118 -7.6880951232 -2.8305888687 10.4778307184 -6.4291732107 -3.8540947536 -0.2557744942  0.1221719701  1.0000000000 -0.1581753801  0.2524382004  1.0000000000
 9.5300195911 -7.4490619214 -1.8131048423  6.8341602657 -8.8418153618 -3.3978412850 -0.2818255569 -0.0883261461  1.0000000000  0.0871321171 -0.2162163126  1.0000000000
 9.1117615751 -5.7743421925 -3.4266884521  6.7236086426 -6.6786685296 -3.2604910800  0.0662761330  0.1472600608  1.0000000000  0.2067450594 -0.1858348310  1.0000000000
10.0163542580 -8.2121089255 -3.2996309642  6.9304100191 -8.5147442667 -4.4658605361 -0.1528751657  0.0164137670  1.0000000000  0.1395695514 -0.1867645876  1.0000000000
 6.5580457615 -8.9942463292 -4.2040415377 10.1145109704 -6.6084022680 -4.3828638261  0.1800578669 -0.2468633526  1.0000000000 -0.0416959967  0.2109388668  1.0000000000
 9.7955895364 -8.4991754857 -3.1500133100 11.0668075883 -7.8002971541 -4.0391485687 -0.1376472548  0.0287252602  1.0000000000 -0.1470930632  0.2084277940  1.0000000000
 7.5958927668 -6.0405627942 -2.3657214847  6.8642739860 -6.5889379636 -1.8573986871  0.0487991952 -0.0837828565  1.0000000000  0.0249343386 -0.2934955965  1.0000000000
 8.4542561146 -8.7769362349 -2.8852541981  8.3198282574 -6.3404199309 -2.9599566143 -0.0854499809 -0.0940344731  1.0000000000 -0.0134685375  0.0342892491  1.0000000000
 8.3973040093 -6.5751636659 -0.9413283215  7.3979675839 -7.1870925153 -1.3488556442 -0.2692666689 -0.2139233207  1.0000000000 -0.0964894758 -0.3034338752  1.0000000000
10.2827852265 -8.4793664890 -4.9997610931  8.8703318382 -8.7988998170 -3.5352668949  0.0085722942  0.1575457002  1.0000000000 -0.0699633099 -0.0379219736  1.0000000000
 6.3383277795 -6.6776239239 -3.2989656107  8.7165636878 -5.8188848371 -5.0973667676  0.2653051622 -0.2504233801  1.0000000000  0.2098297809  0.2038077140  1.0000000000
10.7893837628 -6.9011047533 -3.5518517514  7.6974164830 -6.9541056053 -0.7792395757 -0.1915819606  0.2162146820  1.0000000000 -0.1601276529 -0.2812522502  1.0000000000
 9.4923551839 -7.2637167928 -4.0454125790  8.9580652852 -7.3704526607 -6.4166571740 -0.0120783480  0.0943101668  1.0000000000  0.2189547829  0.1801569858  1.0000000000
10.8423457258 -6.5291436187 -3.2763176324  8.4639052398 -8.4672473180 -1.7487494717 -0.2094027194  0.1943242973  1.0000000000 -0.2034773206 -0.1773334622  1.0000000000
 6.2849522274 -8.6223659996 -4.7704084891  9.9251498270 -5.6662431290 -3.6143995257  0.2117934629 -0.1484929224  1.0000000000 -0.0513298158  0.2316696266  1.0000000000
 7.5974920696 -8.0031879466 -3.0529846039  8.8785983848 -6.9958748757 -3.3507655471  0.0428796228 -0.1412685423  1.0000000000 -0.0212446888  0.0142997469  1.0000000000
 7.4870774336 -7.3800039974 -1.7978044221  7.6633319270 -7.7767258719 -2.2191834443 -0.0668856298 -0.2140967231  1.0000000000 -0.0404145897 -0.2377253521  1.0000000000
10.1796470948 -7.6767316291 -3.1596017761  9.6327275103 -5.9702034213 -1.6248677480 -0.1943670185  0.0656910759  1.0000000000 -0.2564605506  0.0166528007  1.0000000000
11.4214167859 -8.4223080435 -4.1688826886  9.1773034685 -6.1397623258 -1.6678475794 -0.1352087231  0.1755623298  1.0000000000 -0.2225283637 -0.0128506753  1.0000000000
 8.5060325447 -6.7238088006 -1.8810332086  9.2805385053 -6.4104922153 -2.1584890368 -0.1212980390 -0.1261628227  1.0000000000 -0.2030434430  0.0476067175  1.0000000000
 7.7235115593 -8.3311321503 -2.4630487211  7.0944518887 -5.3428380275 -3.9550030365 -0.0399109607 -0.1891966726  1.0000000000  0.2862786721  0.0208725408  1.0000000000
10.6283413034 -7.3764115087 -2.8137862801  8.8366581170 -9.6041359474 -2.5687763808 -0.2570568762  0.1477485981  1.0000000000 -0.1579287638 -0.1411803776  1.0000000000
