802.4000000000
0
50
 1.2567409287 19.5841087580  3.5631332510 -0.6345075831 20.4008965955  1.4097077761 -0.0194808772 -0.1675118603  1.0000000000 -0.1486982914  0.2581844196  1.0000000000
-0.3620062800 20.4889300927  2.5116088554  1.3479498205 21.3814262450  4.6174271847 -0.1393284260  0.0844569446  1.0000000000 -0.0431722741 -0.1498364464  1.0000000000
-0.2935718830 20.4693343193  1.9247323251 -0.7162913927 20.1458065892  1.1813816678 -0.1284960954  0.1538600751  1.0000000000 -0.1132758972  0.2756354333  1.0000000000
 0.6377878858 20.3398181302  0.9966033123 -1.2372952413 20.6336600725  1.6703182846  0.0039299288  0.2145309502  1.0000000000 -0.1553800840  0.2575593528  1.0000000000
 0.5702592868 23.1861463293  2.4603205146 -1.4280048241 22.1507509059  3.2419434979  0.0978431801  0.1681521221  1.0000000000 -0.1819262682  0.1733311907  1.0000000000
 0.8804790748 18.6527147808  2.4975618293 -0.2263095254 20.1560968521  2.7261379982 -0.1252449065 -0.1156159395  1.0000000000 -0.1604333323  0.0676146788  1.0000000000
 3.0781985850 20.9622965308  3.8796875004 -1.6100726574 22.0197159650  2.8761233398  0.1690906320 -0.2039105411  1.0000000000 -0.1477623840  0.2030827949  1.0000000000
 2.6060697902 20.5084402521  2.3107309775  1.7882976979 21.5828179710  2.4955894746  0.1637115335 -0.0706284881  1.0000000000  0.1094010542  0.0142484903  1.0000000000
 0.6771258617 22.1959307919  2.7880644557  2.0764805954 19.4896032401  3.3402561724  0.0183027107  0.1094417034  1.0000000000  0.0212064454 -0.2218596477  1.0000000000
 1.8119101839 19.5293863862  3.8781649210 -0.3011566072 20.2200182178  0.5881526837  0.0210713322 -0.2499259818  1.0000000000 -0.0780087034  0.3063307928  1.0000000000
 2.6034571747 19.1980172866  3.0178485400  0.1790733205 20.1876752984  3.0273706160  0.0978959936 -0.2672649417  1.0000000000 -0.1372881411 -0.0176471774  1.0000000000
 0.9901044694 20.1620148362  4.3551442600  1.2560289813 19.4219873878  4.4459584092 -0.1285387476 -0.1819476429  1.0000000000 -0.1132844833 -0.2334918209  1.0000000000
 1.6631025659 20.8644462934  3.2077853126 -1.0435705157 20.8038126337  1.7318826310  0.0680151975 -0.0669348745  1.0000000000 -0.1548475736  0.2636387468  1.0000000000
 1.8915183153 20.9142103348  0.7656464923  3.3326790545 21.5390254960  3.9768489149  0.2335181720  0.1362704976  1.0000000000  0.2205891149 -0.1950319561  1.0000000000
-0.5226932358 19.3697859387  2.8897866010 -1.0449261435 20.9265497749  3.7201742336 -0.2327829514  0.0267246397  1.0000000000 -0.2275179901  0.0709201683  1.0000000000
-0.9211302495 19.4074087225  1.4317795612  1.4785926440 21.1920446548  3.8998251456 -0.2843675609  0.1985291308  1.0000000000  0.0441567906 -0.0648780902  1.0000000000
 0.5032732086 23.4445243448  2.4828598868  1.9105318447 20.3625471383  2.0774975611  0.1172635728  0.1744679658  1.0000000000  0.1421465213 -0.0208148537  1.0000000000
 0.4306736396 19.2792658214  4.8002809780 -0.4152053312 18.8365450339  2.6824294531 -0.2321974836 -0.2202958984  1.0000000000 -0.2896081303  0.0105723585  1.0000000000
 1.6361316820 20.9637886127  1.5122508520  2.4383263281 20.2493475432  1.7021124896  0.1108243367  0.1011838822  1.0000000000  0.1762840281 -0.0395566485  1.0000000000
 0.1220527558 19.9458745140  1.3893105691  2.6837969669 20.5766508074  1.2806008747 -0.0807496237  0.1491642554  1.0000000000  0.2963683869 -0.0046458199  1.0000000000
 1.8387646941 20.4900839309  1.2220958482 -0.0919523911 19.0087575380  2.9899302955  0.1869177013  0.0883306289  1.0000000000 -0.2156017434 -0.0376410475  1.0000000000
-0.5874511841 20.5870030435  4.4502455369  0.4866483700 21.0011634074  2.2431652532 -0.2312158781 -0.0547853953  1.0000000000 -0.0386409756  0.0806505369  1.0000000000
 1.6542861709 19.3124577724  2.6619554114  2.8168581856 20.5974427551  1.6727298550 -0.0104608495 -0.1558090995  1.0000000000  0.2798227741 -0.0441735135  1.0000000000
 0.9785158797 20.6874691849  1.1868420547 -1.2092746253 19.3854845993  0.7541712752  0.0701094493  0.1863571145  1.0000000000 -0.3121494954  0.3101273150  1.0000000000
 2.6160954446 21.5930551782  4.1833302364  0.9526724915 19.1305252174  2.6269209501  0.1085319677 -0.1682969029  1.0000000000 -0.1117276013 -0.1198685638  1.0000000000
 2.7035868796 20.4228461907  1.1428312769 -0.2974645735 22.2493021660  3.1968114640  0.2769347526  0.0009737762  1.0000000000 -0.0652347397  0.1276970235  1.0000000000
 1.3951458745 22.7002169627  3.4073395734  1.3810055816 21.1981141402  5.2504869793  0.0769915493  0.0454250855  1.0000000000 -0.0284966383 -0.1218769629  1.0000000000
 2.1244406190 20.3494872778  2.9838621879 -0.5630480094 21.3930197663  4.2645308490  0.1138406921 -0.1193110303  1.0000000000 -0.1625390831  0.0072560167  1.0000000000
 1.5415235954 23.0351727613  2.4154830401  1.6325566050 21.8222996297  1.4618620179 0.1816671498 0.1128066941 1.0000000000 0.1892153381 0.1684163368 1.0000000000
 2.4106994587 21.9124184855  1.8474946159 -0.1242872731 20.5522138158  1.7393617836  0.2847812765  0.0364384932  1.0000000000 -0.0377343009  0.1540477285  1.0000000000
 1.1817693549 22.6965881596  1.4822615388  0.6235928572 22.0014830947  1.9237374422 0.1142616759 0.1919003499 1.0000000000 0.0690489909 0.1266158414 1.0000000000
-0.9522547337 22.2779358960  3.4305925593 -0.5344322873 21.5146355324  2.7307434170 -0.1358673655  0.1350504435  1.0000000000 -0.1302659955  0.1540468362  1.0000000000
 1.8489613926 19.0647560676  2.5072351474  0.0109552098 20.1592898642  5.0594643580  0.0507468927 -0.1470694187  1.0000000000 -0.1561000610 -0.1109815828  1.0000000000
 2.8028982489 21.5374304758  4.6609679485  1.0911618413 21.7442332937  3.2718984796  0.1568827995 -0.1937658883  1.0000000000  0.0713506554  0.0149439189  1.0000000000
 0.8273281165 19.7497909859  4.6845364715  2.8080192566 21.7473363760  2.6166007627 -0.0927799335 -0.1867845373  1.0000000000  0.2241959951 -0.0800011688  1.0000000000
 3.0925582907 21.9965395592  4.4197840480  1.3487637590 22.4927487069  2.4548068712  0.1923350027 -0.1243792385  1.0000000000  0.1426140909  0.0919316427  1.0000000000
 0.9979390703 20.9654664811  1.8017675590  0.8206024289 20.6206885453  3.3778895679  0.0617857752  0.1219091438  1.0000000000 -0.0967524117 -0.0368828996  1.0000000000
 1.2050992513 22.0157188017  3.3765579030  2.4008127261 20.3907898239  2.5485173787  0.1202559867  0.0235806656  1.0000000000  0.1482520450 -0.0889908985  1.0000000000
 2.6795995099 20.3459471619  2.8772085352 -0.4575707138 20.4455585493  0.8266677751  0.1677735864 -0.1212353538  1.0000000000 -0.0923231863  0.2946108664  1.0000000000
 0.2114420279 21.5888240303  3.2426130326  2.2862714382 22.1319689581  4.2572156687 -0.0216783031  0.1030468102  1.0000000000  0.1748006994 -0.0936839099  1.0000000000
 2.7083161450 22.1452692206  4.2913491486  0.1698891669 22.9913216787  2.2817972650  0.1730652710 -0.1258358616  1.0000000000  0.0299283023  0.1976727442  1.0000000000
 0.4931526113 20.6281977578  3.8103764012  0.8296629820 21.2105024068  0.6114557724 -0.0541629359 -0.0742286738  1.0000000000  0.1351334033  0.2510571783  1.0000000000
-0.6848048268 21.2986109980  2.6796395773  1.8888577660 19.4145411298  3.1052769918 -0.1472812610  0.1685673449  1.0000000000  0.0041590991 -0.2122901556  1.0000000000
 1.9036856811 19.8401869861  1.1352563266  1.0352150699 22.6522245067  2.6022032477  0.1518728703 -0.0165196853  1.0000000000  0.1058959346  0.1193751408  1.0000000000
 0.5785548801 19.4750238816  2.0232528425  1.2449186284 20.9657004560  2.7463939806 -0.0810129581 -0.0016428682  1.0000000000  0.0748403848 -0.0108343833  1.0000000000
 2.0388437175 20.5413907279  2.0830196849  2.2034688532 19.8893097831  2.1209390636  0.1731695844  0.0253830845  1.0000000000  0.1576929959 -0.0687659434  1.0000000000
 0.4237562404 20.0015676395  5.3894371341  0.0958467702 18.2657783926  2.9088352720 -0.1391815467 -0.2032351540  1.0000000000 -0.3025887193 -0.1295849516  1.0000000000
 1.0584654244 22.9921506900  1.7219662050  2.9827982334 22.4819975890  4.0466659708  0.1815136668  0.2119543463  1.0000000000  0.2102563352 -0.1431838386  1.0000000000
 1.6362110397 20.3489969390  3.2694285656  1.2622146881 18.8004480924  3.3297949124  0.0395646742 -0.1261598282  1.0000000000 -0.0650617090 -0.2237288743  1.0000000000
 2.3199404041 22.1995769547  3.9666414110 -0.1526178068 20.3681268747  1.4351571417  0.1587042575 -0.1130578022  1.0000000000 -0.1053044770  0.1721115244  1.0000000000
