619.6000000000
0
50
 7.5190450440 -3.3311372505 -2.3011334491  7.9573279976 -2.3128299488 -0.5793698639  0.0631826281  0.0104860359  1.0000000000 -0.1311782409  0.0304843772  1.0000000000
 7.6473803909 -1.3366227010 -0.7895099969  9.1238014664 -2.9560999978 -2.5349092453 -0.0992976675 -0.0107864513  1.0000000000  0.0982119249  0.1421907637  1.0000000000
 6.1996474000 -2.9329522928 -2.7637325693  6.7081986627 -0.0589877615 -0.0967960421  0.1042837256 -0.0929991424  1.0000000000 -0.1207740531 -0.1760113933  1.0000000000
 5.8676404913 -3.2274036899 -1.0031341748  6.3490099984  0.2549804655 -1.8262011495 -0.1361865403 -0.1612416372  1.0000000000  0.0655682612 -0.3048154686  1.0000000000
 6.4021800895 -3.8071426405 -0.6785117836  9.2147963543 -2.7386757366 -2.3924354256 -0.1307481439 -0.1100728357  1.0000000000  0.1019978492  0.1705702234  1.0000000000
 8.9533689925 -1.0934815904 -0.0775555493  6.8945219124 -2.6655503947 -2.8446391117 -0.1744777252  0.1924362087  1.0000000000  0.1052462212 -0.1293379846  1.0000000000
 7.9619146028 -4.0901386879 -0.9171483465  7.3304085988 -1.3476591546  0.0331127446 -0.0649099264  0.0539003753  1.0000000000 -0.2157709776 -0.0639973797  1.0000000000
 6.4050294657 -3.7739751687 -1.1395045479  6.6476430924 -2.4881472384 -1.6777538003 -0.0908272401 -0.0862532709  1.0000000000  0.0269271196 -0.1139595183  1.0000000000
 5.9787502362 -3.0708428919 -2.2200589546  6.5311219042 -0.1304926302 -1.9962803443  0.0524986985 -0.2075497594  1.0000000000  0.0878010664 -0.1985769927  1.0000000000
 6.0657637470 -2.3507272899 -3.4725139108  8.6735049939 -3.4203182184 -3.1779108186  0.2033704460 -0.2052566936  1.0000000000  0.1636095653  0.1261655717  1.0000000000
 9.5579179617 -2.3416293131 -2.0695663344  8.6105595940 -2.5871657602 -3.4856642338 0.0569307494 0.2517621703 1.0000000000 0.1753239463 0.1448785326 1.0000000000
 8.6405252345 -1.8506699715 -1.9103247007  5.8010257386 -1.9834108190 -3.6684070304  0.0565927688  0.1378967124  1.0000000000  0.1893630333 -0.2266224483  1.0000000000
 5.5179707253 -2.9386653550 -0.8105295765  8.6583052682 -0.2958016315 -1.2441033310 -0.1001235447 -0.1929522641  1.0000000000  0.0312195191  0.1038509544  1.0000000000
 7.9045409185 -1.9363603091 -2.0644046046  8.6723409412 -0.2005764837 -2.3003435080 0.0091402264 0.0407803894 1.0000000000 0.1783881359 0.0883757947 1.0000000000
 7.3456583931 -2.5084954134 -3.2362265665  6.9962830459 -2.2408494919 -2.3535139106  0.1738684908 -0.0095903648  1.0000000000  0.0621971497 -0.0921352342  1.0000000000
 9.3185947983 -1.8428476975 -2.0816950812  8.4001135747 -0.3061548722 -0.7890515170  0.0587354621  0.2443000909  1.0000000000 -0.0835684001  0.0921272042  1.0000000000
 5.7269364123 -3.7849394671 -0.4726746870  8.6693557587 -2.4943885071 -0.2176204520 -0.2099751716 -0.1217154926  1.0000000000 -0.2212668453  0.1467825761  1.0000000000
 7.8439172004 -2.2423984707 -0.2142183926  8.0547679356 -2.6119912619 -3.0556503354 -0.1905217858  0.0403167701  1.0000000000  0.1544549334  0.0307805075  1.0000000000
 6.3718306083 -0.6540858000 -0.9260831966  6.3129026613 -3.2664935064 -0.1174119477 -0.0369693271 -0.2528802936  1.0000000000 -0.1807522091 -0.1783001930  1.0000000000
 9.4333815156 -2.3783144864 -1.5727042563  8.1447160131 -1.3429716142 -2.8045715854 0.0114533312 0.2423359681 1.0000000000 0.2005189560 0.0357617255 1.0000000000
 6.1448143999  0.2798589912 -2.1638594295  5.9158147079 -2.4446427649 -1.1458449413  0.1151721460 -0.2859567217  1.0000000000 -0.0366214640 -0.2028013013  1.0000000000
 6.1605138930  0.0998811932 -0.9994510148  8.2055261953 -0.7692134928 -0.1341394570 -0.0296542757 -0.3183198700  1.0000000000 -0.1572814102  0.0130586557  1.0000000000
 6.2778739015 -0.5577792287 -2.4347618031  9.0162659731 -1.7724315342 -0.9650866009  0.1728612208 -0.2533165362  1.0000000000 -0.0883314151  0.1518618712  1.0000000000
 6.0076406857 -0.4792744949 -1.3752008913  9.0266095550 -2.1966132271 -2.4474185108  0.0005686344 -0.2478465160  1.0000000000  0.1188704955  0.1421396334  1.0000000000
 7.2154508620 -2.1352315542 -2.2995367532  9.0376772526 -0.6273299459 -0.2537416714  0.1152877588 -0.0242576523  1.0000000000 -0.1692719345  0.1460791654  1.0000000000
 8.7809257530 -3.7740923281 -1.0144036124  7.6473199623 -2.3864067117 -1.1299645448 -0.0974754362  0.1194564971  1.0000000000 -0.0845019354 -0.0211206932  1.0000000000
 7.6121191127 -3.6439445321 -1.5784021598  8.5649173542 -1.0012199332 -3.4412766359 -0.0485514887  0.0439756135  1.0000000000  0.2618869155  0.0646950147  1.0000000000
 9.3433012509 -2.5364837479 -0.0284921647  7.2065186615 -0.5387439926 -3.0980382444 -0.1834618907  0.2119626581  1.0000000000  0.2241279909 -0.0888926398  1.0000000000
 7.8067541865 -1.9788787129 -3.4811464075  6.3402991567  0.1831440095 -2.4678256979  0.2194065137 -0.0128322467  1.0000000000  0.1881223428 -0.2580287498  1.0000000000
 8.2423065267 -3.3117470271 -0.5633158152  8.8734606329 -1.3587351950 -3.3879042173 -0.1466393706  0.1137641926  1.0000000000  0.2548496115  0.1343441005  1.0000000000
 8.2666053480 -2.2935100018 -2.9366019766  6.4301982635 -3.4485159596 -1.2292913472  0.1547495122  0.0630716133  1.0000000000 -0.0684766876 -0.0983001299  1.0000000000
 6.5756036492 -0.4485739865 -2.8642502119  7.6303881534 -2.4222963923 -1.8810585647  0.2614883038 -0.1699399483  1.0000000000  0.0201743005  0.0086968691  1.0000000000
 5.7197273493 -2.1365122896 -1.6483494436  6.7328321113 -2.3694424024 -2.9767421937 -0.0018822188 -0.2254425741  1.0000000000  0.1647591550 -0.1577270072  1.0000000000
 9.0861943538 -2.7250091536 -1.0092580250  9.4463707532 -2.4814806294 -1.3025271542 -0.0731745749  0.1973676966  1.0000000000 -0.0542445040  0.1884352899  1.0000000000
 8.6093758616 -1.7263507247  0.0676284047  6.3033172601 -1.4621162161 -3.1020426219 -0.2027848484  0.1279287383  1.0000000000  0.1790551898 -0.1568804993  1.0000000000
 8.7852025512 -1.9353198417 -1.6693366311  8.5372536965 -0.9100485028 -2.4830290276 -0.0082919020  0.1128853882  1.0000000000  0.1460311132  0.0477200141  1.0000000000
 9.3565096702 -2.1179343939 -3.3599575546  7.9292777501 -1.6998603056 -1.3123522559  0.2239332117  0.1878551283  1.0000000000 -0.0283905915  0.0551199348  1.0000000000
 6.1539225791 -3.5152110673 -1.8174823382  9.3079545804 -1.6372500447 -2.4471990181 -0.0406533153 -0.1286025142  1.0000000000  0.0875138139  0.1527702871  1.0000000000
 7.9003838452 -0.6902052544 -1.8220092303  5.9841447328 -1.6891734481 -1.9135148192  0.0822599594  0.0163459594  1.0000000000  0.0361874451 -0.2076078566  1.0000000000
 7.0689586917 -3.6517682366 -1.1275443590  9.6193454954 -0.3170653479 -0.9348700813 -0.1097941279 -0.0360353419  1.0000000000 -0.0235027063  0.2883338532  1.0000000000
 7.0046327734 -3.5159328928 -0.7241884290  8.4519338589 -1.2641077093 -2.9639053275 -0.1055889538 -0.0883712066  1.0000000000  0.1968249181  0.1092335762  1.0000000000
 6.8945619389 -0.1311965580 -2.4596285526  8.5491359258 -0.4112135852 -0.6192095181  0.1653405896 -0.1860342384  1.0000000000 -0.1342569502  0.1224165638  1.0000000000
 8.1539113313 -1.9004917844 -1.6434326922  5.5779827924 -3.3762788904 -1.5735692634 -0.0077232998  0.0543548811  1.0000000000 -0.0522817000 -0.2239455687  1.0000000000
 6.6323687684 -2.0273885093 -3.3371067318  8.9263413025 -0.7103831565 -3.2695140784  0.1893840491 -0.0958967728  1.0000000000  0.2412831866  0.1551453697  1.0000000000
 8.2075806829 -3.2543880971 -1.3852994200  8.6480563867 -0.5183111129 -0.5231015416 -0.0889814742  0.0448032400  1.0000000000 -0.1143557605  0.1259995062  1.0000000000
 7.9694040511 -1.7589093211 -2.3844587719  9.3164776392 -2.9561076358 -1.1720233097  0.0641830056  0.0630052560  1.0000000000 -0.0850335516  0.2246874113  1.0000000000
 6.0160890994 -1.7166152625 -2.0330507869  6.3183154537 -1.1073991856 -0.5230071057  0.0418667897 -0.2076094579  1.0000000000 -0.1270054817 -0.2033628626  1.0000000000
 8.1482709226 -2.1749380888 -3.1534978519  8.1466129636 -0.1619227725 -2.8932916487  0.1372941169  0.0453848865  1.0000000000  0.2642792334 -0.0056544093  1.0000000000
 6.4108733225 -2.0303013153 -0.2114441475  7.5617725875 -1.1868290987 -3.0848961903 -0.1500319181 -0.1484925518  1.0000000000  0.2333307484 -0.0202677325  1.0000000000
 6.7268114545 -1.1616013266 -1.7994583150  6.7674103573 -2.8853874158 -0.8636801766  0.0093551149 -0.1378287950  1.0000000000 -0.0953312869 -0.0923562996  1.0000000000
