94.5000000000
0
50
 -4.5728622644  -8.3373211924   9.3482639936  -5.2158342433 -10.0976493015   8.8124177972 -0.0609967902  0.2228006057  1.0000000000 -0.1338415147 -0.0200362922  1.0000000000
 -4.8728707772 -11.5085208267   6.9825062069  -4.0069894396  -8.3179065676   5.9061090451 -0.0732533196 -0.2377917313  1.0000000000  0.1710836998  0.0819959732  1.0000000000
 -4.9221092521 -10.8416000256   7.2748437024  -6.3483048827  -9.5632263792   7.5392230382 -0.0844597140 -0.1457929352  1.0000000000 -0.2639517789 -0.0036647290  1.0000000000
 -3.8646255698  -8.6008450561   7.0084730508  -6.0924065646 -10.2263883824   7.2498461092  0.1341324715  0.0766903431  1.0000000000 -0.1932987091 -0.0920368100  1.0000000000
 -4.4626651826  -9.1934350782   9.1866136774  -4.3965263943 -12.1700220052   8.5156109639 -0.0766702786  0.1170578506  1.0000000000 -0.0940280486 -0.2198894692  1.0000000000
-5.2284798241 -9.0266794766  9.1083452410 -4.5738283289 -8.4657741017  5.6617458079 -0.1421600237  0.1479943251  1.0000000000  0.1171706965  0.0186552703  1.0000000000
 -4.1190986184 -10.2917729645   5.2789626441  -4.9912489096 -10.5410055425   7.1498154237  0.1793225646 -0.2370532339  1.0000000000 -0.0576164484 -0.1021615506  1.0000000000
 -4.8570414683  -8.1399221342   7.1164314455  -5.6377130692 -11.5249598444   7.6705205128 -0.0013482874  0.1666986743  1.0000000000 -0.2561864255 -0.1767828809  1.0000000000
-3.4171848549 -9.3510506032  7.4781695754 -6.3343254946 -8.4433936820  8.1543846498  0.1304188450  0.0387338010  1.0000000000 -0.2128866753  0.1824599712  1.0000000000
-3.4607093296 -8.3063589469  6.9351372220 -2.7809500022 -8.8517354565  7.8693659536 0.2258670980 0.1231117694 1.0000000000 0.1878331761 0.0273564072 1.0000000000
 -2.9835594121 -10.3393603521   8.3512930639  -6.1575509785  -9.5257257616   6.4746324502  0.0763822499 -0.0526618998  1.0000000000 -0.1931565371 -0.0367078429  1.0000000000
 -4.5406160826  -9.6966487796   8.9032793741  -4.0334506474 -10.9319821967   6.6873435925 -0.0716126187  0.1021359431  1.0000000000  0.0237704716 -0.2190985644  1.0000000000
 -4.2572317726 -10.5482518300   8.5450222643  -5.0524415040  -7.6767333029   7.7948168507 -0.0855193083 -0.0065689482  1.0000000000  0.0086816243  0.2292790524  1.0000000000
-2.9994068110 -8.5023431670  6.5106591297 -4.1683694005 -7.0236496538  6.3715460729 0.2370307148 0.0164379476 1.0000000000 0.1856719743 0.2807394689 1.0000000000
 -4.8895931419  -9.4844220735   6.1136883150  -6.3195334848 -10.5250049653   5.6745358364 -0.0024534563 -0.0678825077  1.0000000000 -0.1942649305 -0.1989332600  1.0000000000
 -3.3470170077 -11.4215539059   7.6849296152  -2.5529235460 -10.0610481178   6.0216541561  0.0296457173 -0.1613839623  1.0000000000  0.2467858312 -0.1522946593  1.0000000000
 -3.4335018427 -11.4078554268   6.9876313647  -2.7149947801  -9.7758179544   8.6815353184  0.0775406792 -0.2714564431  1.0000000000  0.0796655729  0.0073394203  1.0000000000
 -5.6940297982 -10.3924640372   7.9656595884  -5.2822867197  -9.5632452426   9.7120075506 -0.2285818123 -0.0016509165  1.0000000000 -0.1727420255  0.1162758799  1.0000000000
 -4.0777215556 -10.2527368545   5.9128679834  -4.3923619029  -9.7941470807   6.0678079357  0.1396300120 -0.1800150518  1.0000000000  0.0924943438 -0.1380886895  1.0000000000
 -3.4909427267  -8.4430448434   5.1735629396  -5.5343882922 -10.0198224872   8.2980663251  0.3108370549  0.0084396180  1.0000000000 -0.1885238187 -0.0509702389  1.0000000000
 -4.8780321975 -10.6929839458   8.5166503611  -5.2350921545  -8.0854673498   7.6318118202 -0.0903179122 -0.0831001114  1.0000000000  0.0077593929  0.1905579761  1.0000000000
-5.1192891370 -9.1416949431  7.1111613945 -2.0571369240 -9.3775299817  8.2216369436 -0.0507645041  0.0487021481  1.0000000000  0.2255952876  0.0243723313  1.0000000000
 -4.6019450450 -11.3024050335   7.5133817449  -5.6003255401  -8.5200937738   9.6999869155 -0.0898386472 -0.1826141431  1.0000000000 -0.1497124521  0.1962472366  1.0000000000
 -4.6672199848 -10.8980996907   8.4608953844  -4.3855948346  -9.1598728098   7.3377067120 -0.1155928493 -0.0788267589  1.0000000000  0.0030692779  0.0410725484  1.0000000000
-6.9615689978 -8.8981898295  7.0501745303 -5.0962794333 -9.7778553513  5.5208213848 -0.2875439445  0.0856669972  1.0000000000  0.0071606977 -0.1637995782  1.0000000000
 -3.5413578507 -10.3363673631   4.9444762056  -3.7651015539  -9.5093448747   6.3665835913  0.2319524887 -0.2475277920  1.0000000000  0.1748844228 -0.0635388510  1.0000000000
-4.6514329696 -9.2704631752  8.8804727551 -3.8451973433 -8.0162864585  5.8958165978 -0.0299477264  0.0984569071  1.0000000000  0.2434908499  0.1388921318  1.0000000000
 -3.4867254972  -9.0230896925   4.9064134883  -2.8320432721 -10.3458794989   5.5201257806  0.3149825527 -0.0790300004  1.0000000000  0.2703269279 -0.2613831537  1.0000000000
-5.4183300632 -8.2576478354  8.2259218583 -2.8043766001 -9.8430427659  7.1525677273 -0.0870352396  0.1989277649  1.0000000000  0.1701752418 -0.0699815972  1.0000000000
-4.9556996642 -9.2890507240  6.3130231035 -4.0704192614 -8.7678045652  6.0488575264  0.0458969065 -0.0509929089  1.0000000000  0.1706954732  0.0080049815  1.0000000000
 -3.0209059988  -8.7298330316   7.9692542643  -5.2302936843 -11.4756131861   7.5281593437  0.1394304389  0.0787578108  1.0000000000 -0.1379905975 -0.2018725676  1.0000000000
 -3.5134990588  -7.5888499510   6.7885299167  -3.8071831611 -11.4177191259   6.8813499945  0.2176462616  0.1673888187  1.0000000000  0.0181828967 -0.1879420395  1.0000000000
 -2.9521354984 -10.6021652273   6.0484660899  -2.8547011363  -9.0721056889   6.5055460027  0.1976320195 -0.1841742901  1.0000000000  0.2500327990 -0.0333774579  1.0000000000
-3.4554390132 -7.5094701595  7.3427981485 -5.0443859490 -9.7044488952  8.7230987204  0.2079647924  0.2436702074  1.0000000000 -0.1317303244  0.0729457704  1.0000000000
 -3.8672759560  -8.2565102718   7.8304235247  -6.2587328094 -10.9370898941   5.6663273725  0.0758891892  0.1407996400  1.0000000000 -0.1868657438 -0.3208138618  1.0000000000
-2.5972934089 -8.5284283050  8.1793640407 -2.5739076307 -9.5865305851  6.6767373955  0.1840252361  0.1091421701  1.0000000000  0.1907683547 -0.0443339607  1.0000000000
-2.8991820190 -8.7502195023  8.0187303685 -3.0101560743 -9.8918040211  7.0100659980  0.1342771499  0.0575202741  1.0000000000  0.1876720932 -0.0223244089  1.0000000000
-3.7892264640 -7.3731431679  6.2511719851 -5.7101316441 -9.6460249886  5.8207990570  0.2349257218  0.1923049392  1.0000000000 -0.0816182786 -0.0905041460  1.0000000000
-4.2946684948 -9.3651296810  9.7755979043 -2.3916088962 -9.5006407164  7.7890337530 -0.0626221905  0.1207656366  1.0000000000  0.1847927180  0.0047401689  1.0000000000
 -4.4253286228 -10.2274585559   4.7647721896  -3.0745446239 -10.8488193113   6.9060040922  0.1602353716 -0.2919580974  1.0000000000  0.1104490599 -0.1735319275  1.0000000000
-3.8521749868 -8.4095718735  9.1872064782 -2.6854271593 -9.3059627486  7.4869130952 0.0219238286 0.1742997559 1.0000000000 0.1739009428 0.0178078604 1.0000000000
 -3.7187054898 -10.4504348500   7.4223056356  -3.1162931996  -7.5307022660   7.3053855013  0.0491655253 -0.1016332560  1.0000000000  0.2190582489  0.2005657681  1.0000000000
 -3.7406030080 -10.4138679632   5.5440104931  -6.3122412462 -10.8246861801   6.3485199814  0.2029152982 -0.2300411102  1.0000000000 -0.2589386055 -0.2285648302  1.0000000000
 -2.9036788131 -10.4674820701   6.2264250710  -4.3898712988  -8.3751698719   9.3604220374  0.2288702019 -0.2138053375  1.0000000000 -0.0780621443  0.2208632820  1.0000000000
-4.4070018438 -8.0319025015  8.9653288087 -4.4636072372 -8.6522544677  7.2888159187 0.0103075640 0.2012580091 1.0000000000 0.0494662588 0.0765630538 1.0000000000
 -5.1829438618  -8.9295541148   6.3143883310  -2.3122891647 -10.0415840020   6.6299970731 -0.0176302133 -0.0234884109  1.0000000000  0.2136620021 -0.1110249281  1.0000000000
-5.3250411597 -8.2085251066  8.5334077901 -6.2940828281 -9.6015322725  6.4312572740 -0.0952810749  0.2053132415  1.0000000000 -0.2177972937 -0.0486962258  1.0000000000
-6.2604781601 -8.3399891717  6.5088214032 -4.3886779229 -8.5635144303  9.0645744743 -0.1085163673  0.1397923704  1.0000000000 -0.0179977370  0.1942302333  1.0000000000
 -3.6095000535 -10.2231368875   8.3730788999  -3.9312206859 -10.7538504886   7.7117802626  0.0418721360 -0.0366077104  1.0000000000 -0.0055375705 -0.1126566948  1.0000000000
 -5.3970198439  -7.3668589130   6.8666173723  -5.4735442728 -10.4092501915   7.7892394157 -0.0366577148  0.3209153301  1.0000000000 -0.1108798698 -0.0726675195  1.0000000000
