853.9000000000
0
50
 6.8814915423 -5.6775337701 -7.5702725419  5.0042462566 -7.1222765669 -9.1198346624  0.1812211398  0.0507776853  1.0000000000 -0.1685428154  0.2791973812  1.0000000000
 7.0449719620 -6.6048505597 -9.2461221296  6.0453930783 -5.4770887409 -6.4090517809 -0.0978033158  0.0088110719  1.0000000000  0.2949040808  0.1708250679  1.0000000000
 4.8156895808 -6.3961432805 -9.9763316332  7.0680745997 -8.0807924006 -7.9057839010 -0.2560206873  0.1731965703  1.0000000000  0.0138784107  0.1779505025  1.0000000000
 8.8244538746 -5.9250741651 -7.4116228728  5.8606193687 -5.8418796274 -8.4616501476  0.1908564882 -0.1015876610  1.0000000000  0.0065954751  0.0980000584  1.0000000000
 5.7357956406 -6.6037743097 -9.2102553734  7.8050586219 -5.4315058309 -9.5612537597 -0.1462671752  0.0944586751  1.0000000000 -0.0137796287 -0.1377766515  1.0000000000
 7.9709978302 -6.4232105779 -6.6784618317  6.3694892867 -6.6845882584 -6.4152263594 0.2347956354 0.0190956472 1.0000000000 0.1981187823 0.2055525187 1.0000000000
 7.3632746557 -6.8449099545 -8.8289813324  4.4747772373 -5.9196138469 -9.2548540512 -0.0280911872  0.0584831485  1.0000000000 -0.1856375903  0.2143835417  1.0000000000
 4.8194641275 -5.1978687733 -6.2716621557  5.0643661373 -5.1492680808 -6.8927073326 0.3688153386 0.3216496221 1.0000000000 0.2417789228 0.2161737850 1.0000000000
 6.1754389543 -7.0601578442 -9.5196947294  5.8768056593 -6.5246137925 -6.6867508077 -0.1898403881  0.0958248505  1.0000000000  0.1399924452  0.2445717962  1.0000000000
 8.6085439183 -6.6694618040 -8.6464847625  5.2212374827 -5.6501457803 -7.3345739753  0.0784485214 -0.0881790892  1.0000000000  0.1272309520  0.2027205213  1.0000000000
  6.5217611710  -6.7574818725  -9.0173229165   7.5432481540  -5.6110770946 -10.0472026347 -0.0993411896  0.0524105569  1.0000000000 -0.0724557879 -0.1167264025  1.0000000000
 5.9778103600 -6.3450808428 -6.9083355510  6.8964465628 -7.7946060917 -7.4229981230 0.2007526633 0.1943399860 1.0000000000 0.0922167896 0.1806767582 1.0000000000
 4.5641468158 -5.6648642735 -7.7300236944  7.0891125201 -8.6318266335 -7.9294533589 0.0906181474 0.2890205813 1.0000000000 0.0107595774 0.1989562797 1.0000000000
 7.5621057493 -7.4387402728 -9.9161130602  6.8769755251 -8.9875978210 -9.2793087842 -0.1469476866 -0.0179935683  1.0000000000 -0.1443080574  0.1695594580  1.0000000000
 6.9510751176 -7.7836438123 -8.3078124235  5.1298117804 -7.0756313606 -8.6866646441 -0.0135175853  0.1694134751  1.0000000000 -0.0948678717  0.2351575544  1.0000000000
 6.1543013395 -4.2078220817 -7.2599274126  4.9155970169 -7.5187567608 -9.2271682346  0.2555201284 -0.0044313221  1.0000000000 -0.2041865148  0.2624170443  1.0000000000
 8.1060280141 -5.4674627674 -6.9787509855  7.9105775304 -4.5463099202 -7.6611018994  0.2734461935 -0.0739207946  1.0000000000  0.2196771871 -0.1423890517  1.0000000000
 6.6582361730 -3.6180097454 -7.9976802795  8.3178414974 -5.2378160670 -8.0082161385  0.2574038594 -0.1524693905  1.0000000000  0.1521667793 -0.1240308282  1.0000000000
  6.6000008303  -3.9710733486 -10.3202915725   6.8939183135  -4.4105695923 -10.6548266724 -0.1486603844 -0.3227931991  1.0000000000 -0.1441256885 -0.2869880827  1.0000000000
 5.8858626961 -5.5189227500 -6.3247870833  8.7071956069 -5.1071084202 -7.5117645369  0.3093393661  0.1949731452  1.0000000000  0.2429925052 -0.1174364361  1.0000000000
 8.8118296378 -6.7445773467 -9.1601259664  7.5848097064 -7.4666751407 -8.5337498633 -0.0414966592 -0.1395925834  1.0000000000 -0.0404500754  0.0781367634  1.0000000000
 9.2352068593 -6.2544020952 -7.6907345278  7.2987204705 -8.4207948784 -9.7660021378  0.1815852829 -0.0845689590  1.0000000000 -0.1714395917  0.0998253802  1.0000000000
 7.1869499715 -7.9237017373 -8.8741889160  7.9381300657 -6.1853993221 -8.7900910500 -0.0609350277  0.1017036498  1.0000000000  0.0297285058 -0.0695291138  1.0000000000
 7.2794132339 -5.6687743407 -8.5810854917  7.6698359608 -6.8196074230 -8.0812744871  0.0442412301 -0.0359551710  1.0000000000  0.0093015657  0.0030666171  1.0000000000
 7.3678375190 -8.1940399413 -8.1571887619  8.3960089134 -7.0736687279 -8.0407297360 -0.0078997802  0.1255607625  1.0000000000  0.0253037064 -0.0251532776  1.0000000000
 8.6383739750 -6.4222581905 -7.2411410014  6.9983274824 -5.0288177781 -8.9555253881  0.1804887264 -0.0224145597  1.0000000000  0.0277613582 -0.0788022130  1.0000000000
 8.6162813343 -5.7527458761 -7.9460194936  7.9497155826 -5.6165556938 -9.1661111843  0.1413137948 -0.1151894941  1.0000000000  0.0138664967 -0.1516066411  1.0000000000
  8.1786743219  -5.8004761098 -10.3532060995   7.5625041918  -7.8635974776  -7.8176342925 -0.1350791542 -0.1625391180  1.0000000000  0.0055475800  0.1239329318  1.0000000000
 7.8791962961 -4.6785796620 -7.4078404996  6.7652450208 -3.5063848562 -9.4805062373  0.2269933941 -0.1408838846  1.0000000000  0.0220358880 -0.3289474712  1.0000000000
 5.8252391949 -7.8094444162 -8.3008833876  4.8619955586 -5.4193550869 -6.7724216366 -0.0786415475  0.2302983465  1.0000000000  0.2440454132  0.2969077188  1.0000000000
 6.3747996402 -7.6917349103 -8.8088002239  8.0948629088 -5.2536606984 -8.9320090997 -0.0724543283  0.1802535368  1.0000000000  0.0403041331 -0.1418953936  1.0000000000
  5.0121710167  -5.4461111311  -6.8097849551   7.4978684087  -7.7172380231 -10.1212059920  0.2337834418  0.2292855343  1.0000000000 -0.1449955860 -0.0041747914  1.0000000000
  6.9930968863  -5.2763248584 -10.5922434662   8.5579798480  -4.6019755166  -7.8532289962 -0.2058770590 -0.1952696104  1.0000000000  0.2156557459 -0.1735045524  1.0000000000
 5.3692172972 -5.5374342752 -9.8177931278  5.2447849928 -5.3740999311 -9.6608993008 -0.1862220515 -0.0061868728  1.0000000000 -0.1425179070  0.0455652365  1.0000000000
  7.7413875913  -5.8361607035 -10.2120437989   8.5381236956  -6.9826702121 -10.2416924638 -0.1181227424 -0.2019488379  1.0000000000 -0.1093253954 -0.1305494895  1.0000000000
  7.1678382935  -7.0414752033  -6.1129253273   5.3475653851  -5.1188623984 -10.0884759486  0.2097648169  0.1687166271  1.0000000000 -0.2209877882 -0.0217168942  1.0000000000
  6.7032941909  -7.0190389740 -10.0885637358   7.1127642986  -5.4809590947  -8.5257214099 -0.1512456153  0.0050872212  1.0000000000  0.0649205843 -0.0004607934  1.0000000000
 6.5374825248 -6.2390362626 -7.3406207239  8.1668436382 -5.3205039519 -7.7269684150  0.1584907155  0.1010420224  1.0000000000  0.1604134109 -0.1062477896  1.0000000000
 7.1438158998 -5.9594956500 -9.1864331262  8.0638235541 -5.7910159369 -7.0201446111 -0.0600641878 -0.0924401519  1.0000000000  0.1967663232 -0.0056222183  1.0000000000
  8.9135092124  -6.5049849059 -10.6778837883   4.4932385898  -6.3125112691  -8.5163363825 -0.1469630723 -0.1761070689  1.0000000000 -0.0628976692  0.2870896205  1.0000000000
 5.4641370255 -6.2679528019 -9.2765593445  5.8322797304 -5.6494215563 -7.5879171527 -0.1453932368  0.0915283027  1.0000000000  0.1309641793  0.1207671481  1.0000000000
 6.8147647586 -5.7101431887 -9.9090692271  6.2975385987 -6.4128126484 -7.7088861430 -0.1022721783 -0.1612254530  1.0000000000  0.0793170417  0.1024213989  1.0000000000
 6.1679346742 -4.3163024582 -9.6617234179  7.0249956345 -7.4866166037 -7.3675187916 -0.0478199140 -0.1869276740  1.0000000000  0.0154074201  0.1225096050  1.0000000000
  7.2181403399  -6.6740905876 -10.4282703278   6.7657806784  -3.5407408985  -9.5036604705 -0.2012742057 -0.0736868305  1.0000000000  0.0417929773 -0.2965547171  1.0000000000
 7.2142377137 -8.3815423701 -7.5671088869  6.9593395280 -3.7718013037 -9.5202465243  0.0150941233  0.1683607482  1.0000000000  0.0334276098 -0.3003772705  1.0000000000
  6.9577239351  -5.7821612656 -10.0289348984   7.7494984079  -6.0150086017  -6.8981379331 -0.1483318724 -0.1028454176  1.0000000000  0.2261957997 -0.0037894218  1.0000000000
  5.1579348054  -7.1029199730  -8.6942699988   6.9691632988  -6.7231212131 -10.4102523348 -0.1634841855  0.2174384156  1.0000000000 -0.2148030595 -0.0370970178  1.0000000000
  6.0487535341  -5.4487042082  -9.5555144098   7.5105368899  -6.1344969039 -10.3600613284 -0.0863132135 -0.0594580776  1.0000000000 -0.1106430451 -0.1641880625  1.0000000000
 5.2801944479 -6.2383286809 -8.0653455621  5.4360757061 -6.3675336092 -7.8610230383 -0.0211323483  0.1990642456  1.0000000000  0.0601075272  0.2582946968  1.0000000000
 6.9181654823 -7.7904376986 -7.9882994178  5.4239503064 -6.6904522219 -7.7815431338  0.0381336870  0.1800507169  1.0000000000 -0.0066178279  0.2803685796  1.0000000000
