570.8000000000
0
50
-2.2091671661 -6.0128707848  5.2213324076  0.4680059434 -8.9118793498  3.5725333977 -0.0174474480 -0.2401896797  1.0000000000  0.2277551286  0.1761863963  1.0000000000
-0.7908863125 -7.7136319330  3.5296985802 -0.6454812684 -6.2236587123  4.9873178257  0.2013782966  0.0051229117  1.0000000000  0.0187866207 -0.0140710656  1.0000000000
-0.2389587816 -7.1606312607  5.6588381533  0.1369124252 -6.4740553539  5.5642963330 -0.0605392060  0.0450224555  1.0000000000 -0.0876480657  0.0971695266  1.0000000000
-0.1861688705 -9.4791600625  4.0011294334 -0.5996898459 -8.9185844374  5.0596244186 0.1802062416 0.0919376164 1.0000000000 0.0842863358 0.0522443708 1.0000000000
-0.2685222617 -7.5769327959  3.4415912310  0.0642959869 -8.6294444071  5.1277540506 0.2658430334 0.0937739625 1.0000000000 0.0524642051 0.1175162946 1.0000000000
-2.8449449756 -8.3852890772  4.7358211572  0.5809517987 -6.4677979826  4.6010998095  0.0709466181 -0.2034075966  1.0000000000  0.0349465326  0.1749734258  1.0000000000
-1.1575426320 -5.6741464403  6.4409410391 -0.1754440490 -6.0139677417  4.3733016487 -0.2380723544 -0.0936313710  1.0000000000  0.0443748808  0.0975625331  1.0000000000
-2.2461862234 -7.2726214711  6.2853505531 -0.7523208071 -5.7024657625  2.8933427653 -0.0874312547 -0.1417527365  1.0000000000  0.3215666983 -0.0590954498  1.0000000000
-0.9749778323 -6.7632165871  4.2830228091 -1.1985041511 -5.9971753949  5.7314136820  0.1610665784 -0.0379564590  1.0000000000 -0.1145876883 -0.0537699599  1.0000000000
 0.2992809445 -9.2785077896  3.7844043630 -0.3003456496 -8.7031792277  4.6576751026 0.2129551439 0.1478353456 1.0000000000 0.1015010454 0.1016412447 1.0000000000
-0.7777462630 -7.0499502863  4.1312420202  0.4368740727 -5.8501263754  4.5017578608 0.1528905081 0.0427794926 1.0000000000 0.0832069071 0.1552836444 1.0000000000
-2.9355981033 -8.0268824794  3.7251984050 -2.2728819808 -8.1336200617  5.2773585352  0.2049225772 -0.2251510702  1.0000000000  0.0185425893 -0.1531853838  1.0000000000
 0.4304739472 -7.0959008480  4.3078218572  0.4608509443 -7.5527107035  6.5827632712  0.1186481042  0.1407275560  1.0000000000 -0.1807469860  0.1316354159  1.0000000000
-2.1466990742 -7.5035997807  4.8480511335 -0.9956038149 -6.7893501980  3.1176522062  0.0866511127 -0.1758477810  1.0000000000  0.2584243380 -0.0577848677  1.0000000000
-1.5156964916 -7.7172182841  4.0139376321 -2.1069717502 -7.1087302339  5.2339341855  0.1541828328 -0.0584824016  1.0000000000  0.0082296129 -0.1488484695  1.0000000000
-0.4259546624 -6.6766051117  2.9531604830 -0.2867101936 -9.3566262731  4.5694487289 0.3167827038 0.0491646245 1.0000000000 0.1451925120 0.0554520794 1.0000000000
-1.3267401342 -7.5222873125  4.1465731555 -2.1627892817 -7.2783920643  3.4457256213  0.1320015828 -0.0495582405  1.0000000000  0.2221463509 -0.1760063691  1.0000000000
-0.3276553869 -5.5420802508  3.7198347264 -2.0107752590 -7.8297615445  5.1190040054  0.1883424034  0.0693223381  1.0000000000  0.0938810575 -0.1250809307  1.0000000000
 0.2857573607 -8.9283861930  4.5451927914 -2.2263547622 -6.5399007396  6.3466668999  0.1411060071  0.1455257338  1.0000000000 -0.1575345477 -0.2075811860  1.0000000000
 0.0546896668 -7.0617347277  4.9415897293 -1.7417599757 -6.2936074319  4.1186888938  0.0280839964  0.1183344208  1.0000000000  0.0995163746 -0.1927478409  1.0000000000
-0.9401089065 -7.9085073203  6.1860109258 -1.1489278047 -8.5692248776  3.4768120898 -0.0470965248  0.0358034097  1.0000000000  0.2746020301  0.0234668286  1.0000000000
-2.7340446998 -6.8505834991  5.6624977240 -0.8082443361 -6.3713988452  4.7340604082 -0.0100009758 -0.2405276406  1.0000000000  0.0443105897 -0.0257763272  1.0000000000
-0.6504838452 -5.7184881851  6.3266198846 -2.2412308797 -8.6408828838  6.2205847683 -0.2006735490  0.0020639915  1.0000000000 -0.0627199672 -0.1500203520  1.0000000000
-2.5620047557 -6.7186425569  6.4687143334 -0.6024887630 -6.0731974092  5.7087776824 -0.1920166670 -0.2489870949  1.0000000000 -0.0927196996  0.0134671181  1.0000000000
 1.1143391782 -6.7428316851  6.9890000688 -2.1241760096 -8.6641407009  6.6191687305 -0.2244612250  0.2379955059  1.0000000000 -0.0763004477 -0.1187450551  1.0000000000
 0.8993471121 -8.3873744655  4.4031092117 -0.1335080870 -8.8829606255  6.7850824136  0.1037934435  0.2198925333  1.0000000000 -0.0952235857  0.0776871724  1.0000000000
-2.0508779607 -8.6285900130  6.7789630111 -0.7077908110 -6.8458437253  4.3073006450 -0.1101371000 -0.1031414949  1.0000000000  0.1175558884  0.0081753586  1.0000000000
 0.0179735815 -8.5912543991  6.8239536464  0.2625344610 -5.3893788476  5.2512377269 -0.1131460949  0.0681945486  1.0000000000 -0.1020905375  0.1428949667  1.0000000000
-1.7762730048 -6.5317275077  5.4546102255 -0.8841540552 -7.8347950567  3.6197852804 -0.0095965824 -0.1644529170  1.0000000000  0.2192855096 -0.0061257670  1.0000000000
 0.8076606962 -9.1619988249  4.0579736424  0.9282719951 -8.4228205044  7.1169832639  0.1672292418  0.2334296235  1.0000000000 -0.1563039591  0.1794292703  1.0000000000
 0.1056976648 -5.3535547826  6.5428651415 -0.3811464467 -8.8708241143  4.5032142897 -0.2857319359  0.1178734044  1.0000000000  0.1399664505  0.0421491541  1.0000000000
-0.0775133198 -6.0099401308  2.8292729782 -2.5731588641 -6.0319898828  4.9503084332  0.3381606423  0.0768236485  1.0000000000  0.0122201189 -0.2465439854  1.0000000000
 0.8287367564 -8.8783233801  6.5643909851 -2.6779194332 -5.8978277427  3.0703160714 -0.1019709171  0.1866834695  1.0000000000  0.3243489403 -0.2918879309  1.0000000000
-1.1176793881 -6.7298512330  6.3502375611  0.8748552922 -9.0461055653  4.7382959122 -0.1056788397 -0.0525798944  1.0000000000  0.0731763917  0.2319426782  1.0000000000
 0.4069740535 -8.6117131673  4.7917753212 -0.0120678959 -7.9977769450  4.8240705626 0.0414406874 0.1613038266 1.0000000000 0.1125815146 0.0789817479 1.0000000000
 0.5193819827 -8.0402307856  6.2024225566 -0.1716819237 -8.7739288576  3.6932185852 -0.0807515986  0.1496500688  1.0000000000  0.2264002792  0.0970033631  1.0000000000
 0.2561900394 -7.5274936125  4.7923754740 -2.6332145412 -7.1267008412  4.7257085529  0.0497310935  0.1069423892  1.0000000000  0.0489219494 -0.2123305711  1.0000000000
-2.5675701965 -5.1376480074  4.4246294660 -2.1799525153 -6.1358193117  4.6387639353  0.0725432203 -0.3114092652  1.0000000000  0.0541371535 -0.2379675034  1.0000000000
-0.3184848300 -6.5737749295  2.9946192735 -0.8696456638 -7.2112662684  3.2777213815  0.3161402164  0.0613642759  1.0000000000  0.2484200857 -0.0169988355  1.0000000000
-1.5120872335 -5.7820134719  3.5857117355  0.8538241834 -8.3870618457  5.2623367021  0.1978907847 -0.1467144048  1.0000000000  0.0586282978  0.1816349428  1.0000000000
 0.0305185595 -6.6509487290  5.4862653857 -0.9085154797 -7.3522204881  6.8921002779 -0.0493330575  0.1306997289  1.0000000000 -0.2055343254 -0.0645165882  1.0000000000
-2.8604117267 -7.6513391535  3.8623588936 -0.6066313704 -6.4045516393  3.2501024587  0.1733181560 -0.2582907701  1.0000000000  0.2374442847  0.0102677659  1.0000000000
-0.8054432487 -8.8134800769  3.8538969998  0.6123517464 -6.4651689975  6.7974244333  0.1762649570  0.0352860199  1.0000000000 -0.2685234599  0.1911434813  1.0000000000
-2.8881548999 -8.8877045401  5.0526351575 -1.1878151588 -8.5258015526  6.9737837994  0.0979968265 -0.2052295959  1.0000000000 -0.1414667870 -0.0046497522  1.0000000000
-0.8408370845 -8.6882297787  5.8122327869 -1.7059157730 -7.7622097343  5.8365730618 -0.0014825680 -0.0126570549  1.0000000000 -0.0552612256 -0.1138582937  1.0000000000
 0.0690573174 -5.8310846548  6.5526516805 -1.5495451491 -7.5712294551  5.1178521858 -0.1900538660  0.0975017163  1.0000000000  0.0496980891 -0.0679619237  1.0000000000
 0.7958181561 -8.2322797049  5.1265458303 -2.2326124221 -6.8628491740  6.8613362421  0.0055817445  0.1960593818  1.0000000000 -0.1793460290 -0.2034102052  1.0000000000
 0.9613816762 -7.4749904606  4.5628112979 -1.3634774401 -6.6685958180  5.2107579015  0.0916811699  0.1821582508  1.0000000000  0.0182976466 -0.1041497125  1.0000000000
-1.4947710927 -6.8532963733  5.1107780878 -1.5942284075 -5.9182484916  3.0702327573 -0.0058935357 -0.1226404539  1.0000000000  0.2725123825 -0.1633221590  1.0000000000
-1.9226208884 -5.9836248646  5.0209763688  0.6620150910 -8.2887031187  4.2669010563 -0.0242815437 -0.1735885737  1.0000000000  0.1783749429  0.1802608260  1.0000000000
