358.7000000000
0
50
-7.7882722806 14.1051612580 -2.7176340506 -8.3211457919  9.6737454924 -3.2522558979  0.1922515124  0.0766401959  1.0000000000  0.0636460533 -0.2641427447  1.0000000000
-6.6100817357 12.6149541617 -1.0343353028 -8.5778928274 12.6395651435 -4.1097941167  0.2253813234  0.2536392421  1.0000000000  0.0733818000 -0.1099278763  1.0000000000
-8.3129846588 11.1393823282 -3.4431384102 -5.8841307309 11.4305132663 -4.6496709565  0.0728936220 -0.1184956117  1.0000000000 -0.2143250734  0.0295909395  1.0000000000
-5.5898756710 10.8423132447 -1.5156836448 -7.2029661158 10.8136703739 -4.6720971932  0.0805507516  0.3154949858  1.0000000000 -0.1253928524 -0.1267604334  1.0000000000
-6.7293318734 11.2329392340 -1.2977173617 -5.3667426292 11.8952037699 -4.0852739323  0.2328908127  0.2022316915  1.0000000000 -0.1329908203  0.1176313743  1.0000000000
-6.9660226210 12.6591155439 -2.2115669373 -7.0331592288 12.4826789118 -1.7404715768 0.1359920745 0.0727605589 1.0000000000 0.2173196883 0.1508736838 1.0000000000
-8.6666885345 10.0754927509 -2.3130650689 -4.3124448302 10.2435834028 -3.4406450764  0.2044675602 -0.2017325333  1.0000000000 -0.3073707827  0.2925476786  1.0000000000
-7.2068418718 11.9160038154 -4.9954989131 -6.7154345908 11.9068112133 -1.6932170534 -0.1280712238 -0.0759056882  1.0000000000  0.2108291033  0.1401875169  1.0000000000
-6.6464144420 12.1837264974 -1.9967067148 -6.8594036679  9.2167414806 -4.8464561735  0.1383644571  0.1470608721  1.0000000000 -0.2751734922 -0.2171362263  1.0000000000
-8.2965906950 11.0128474174 -2.5579635956 -6.1341604026 10.9663000079 -2.0786429221  0.1872551995 -0.1288465335  1.0000000000  0.0666843561  0.1547944199  1.0000000000
-7.2095632099 10.6410263557 -3.9932654842 -5.0956564979 10.3076846902 -3.6101923137 -0.0567541971 -0.0375439081  1.0000000000 -0.2407505505  0.1496389521  1.0000000000
-5.8837953200 13.7449293605 -4.5230860061 -5.6093764543 13.1394898675 -4.3973808764 -0.0876254004  0.1337405710  1.0000000000 -0.0982039793  0.1386499279  1.0000000000
-7.4340056394 13.1586101909 -4.0442841179 -5.5032053715 10.5937791940 -2.9163207789  0.0534057130 -0.0205323846  1.0000000000 -0.1192279689  0.1978977680  1.0000000000
-7.5520133755 12.4983132793 -6.0092377135 -7.6987479603 11.9107580340 -5.0257806309 -0.1051363390 -0.1032307636  1.0000000000 -0.1071191004 -0.1169105198  1.0000000000
-7.5110812098 12.6918174135 -3.7135738789 -6.5599477235 11.9096714482 -3.8817099459  0.0391663951  0.0101659864  1.0000000000 -0.1181667578  0.0624525186  1.0000000000
-6.1071325330 11.2121577882 -1.7207556404 -5.5571167415 12.3237018322 -2.8747621809  0.1031201192  0.2035958624  1.0000000000 -0.0108980804  0.2483621507  1.0000000000
-5.2746866469 12.4872183837 -3.7338995444 -5.6561314367 13.0227786436 -5.0789784700 -0.1060064934  0.1976137552  1.0000000000 -0.2000003163  0.1043109758  1.0000000000
-6.7152232913 10.5429879387 -2.5150015437 -6.2918735737 12.3730794891 -3.9110215387  0.0210216101  0.0441864451  1.0000000000 -0.0690253317  0.0870087019  1.0000000000
-7.1808954259 13.6281311422 -4.0178901700 -8.1506108213 10.2594440605 -2.4550609115  0.0131638723  0.0027267267  1.0000000000  0.2138709801 -0.1790031697  1.0000000000
-4.7961067852 11.7267208982 -3.3546895666 -7.9747676186 13.7949376059 -3.3302079025 -0.1288255244  0.2770430596  1.0000000000  0.0893040085  0.0161970185  1.0000000000
-6.8444135995 11.5349608421 -2.5360677660 -8.2398390256  9.6186767152 -3.1789894253  0.0605613575  0.0760921495  1.0000000000  0.0658418093 -0.2593248067  1.0000000000
-6.3708017269 11.9825381695 -3.1740918535 -6.3872409612 12.4366973761 -4.7241239699 -0.0198688034  0.0834825487  1.0000000000 -0.1256188765  0.0499601092  1.0000000000
-7.4230018579 13.4758890695 -2.8704088040 -7.6933739544 11.0392520801 -3.8921568275  0.1576305796  0.0782426721  1.0000000000  0.0198874859 -0.0912884836  1.0000000000
-7.1729546622 11.7950251824 -5.9059103891 -7.2488421983 10.5256465618 -4.1894986932 -0.1760137970 -0.1039764206  1.0000000000 -0.1054937828 -0.1359466865  1.0000000000
-5.8696044174 10.1234323588 -3.1926449339 -7.2880381061 11.3921999269 -2.0398464157 -0.1110792831  0.1322903497  1.0000000000  0.1744277233  0.0612798695  1.0000000000
-5.3419468998 10.6957127906 -2.3075435986 -5.9748598950 13.1479492658 -3.0182995498 -0.0196052617  0.2779196910  1.0000000000  0.0415074777  0.1788633331  1.0000000000
-6.8531187295 10.5694528291 -4.2433708043 -9.2896801800 12.5524333025 -3.7492269252 -0.1692827149 -0.0451717793  1.0000000000  0.1325406606 -0.1812856637  1.0000000000
-5.9898027776 14.0377149424 -3.7883407266 -8.5155445900 12.7159446550 -3.7207107296 -0.0171098495  0.1498566875  1.0000000000  0.1035511965 -0.0975041517  1.0000000000
-6.2419051561 12.0090041665 -0.8513910894 -7.1167141678 10.3716668004 -4.5079229934  0.3015446013  0.2645619650  1.0000000000 -0.1179422169 -0.1277399393  1.0000000000
-8.6127485039 12.2042226919 -2.9222896486 -7.0795384008 13.1357713747 -4.2717182283  0.1785008113 -0.0856558919  1.0000000000 -0.0114699355  0.0126882700  1.0000000000
-6.5954751534 12.3566780069 -4.1818050424 -7.0538987485  9.7842174139 -4.1197811664 -0.0710852003  0.0285069897  1.0000000000 -0.1512048853 -0.1441768316  1.0000000000
-7.2710887502 12.5035189886 -3.3837340724 -8.3972213749 13.1403314049 -3.9545415493  0.0741076200  0.0151428778  1.0000000000  0.0638357970 -0.0896189319  1.0000000000
-8.1320685633 12.2866026197 -4.0490961430 -9.1470597002 10.2762905070 -2.7489331023  0.0766852448 -0.1340500458  1.0000000000  0.2063937467 -0.2999167721  1.0000000000
-8.8232325437 13.1580492178 -3.5683409878 -6.3044065033 12.4767395612 -5.3435685861  0.1479501809 -0.1153837395  1.0000000000 -0.1771848390  0.0097689470  1.0000000000
-7.8673971276  9.3686284296 -3.9162687802 -6.7004321135 14.2064690073 -2.1011897478 -0.0157832439 -0.2463771571  1.0000000000  0.1363538148  0.1789682927  1.0000000000
-6.5730521283 11.2712895473 -3.1559621701 -7.0617889558 12.9157889734 -2.7168289629 -0.0069988298  0.0520804915  1.0000000000  0.0671100332  0.0975705383  1.0000000000
-7.4149292854 12.7817790149 -5.2464911088 -8.2169139863 11.5068200519 -3.8770128089 -0.0939190634 -0.0793864629  1.0000000000  0.0612356510 -0.1446044633  1.0000000000
-6.3363870431 11.6070549976 -1.2930794503 -9.5921666305 12.5148329631 -3.6834033122  0.2172170540  0.2297140212  1.0000000000  0.1755413304 -0.2303184587  1.0000000000
-5.0290941271 12.2795788130 -4.2575493667 -6.7259364170 11.9103364628 -2.6999062819 -0.1753177385  0.1799105107  1.0000000000  0.0577261963  0.1230084706  1.0000000000
-6.9381356606 12.3006736149 -2.5545618816 -7.4915023676 13.3649925611 -3.5806948013 0.1036107730 0.1165655546 1.0000000000 0.1013018194 0.0009276461 1.0000000000
-5.5477165144 12.9788096438 -4.1360072685 -7.8797341554 11.3403319881 -1.7005488718 -0.1170056518  0.1654605265  1.0000000000  0.2421238355 -0.0115458021  1.0000000000
-7.2115820986 13.1013777252 -5.2557696496 -5.5644945392 11.3800165437 -2.5376598071 -0.0430808368 -0.0336464161  1.0000000000 -0.0064382771  0.2465266464  1.0000000000
-8.3646872164 12.1658756364 -5.2931886706 -5.8204722448 12.6222380031 -3.5913717947 -0.0521437460 -0.2060435998  1.0000000000 -0.0701876269  0.1559272736  1.0000000000
-6.8432105254 11.4215083430 -4.4712233810 -7.0214044490 13.1123177544 -1.7788401849 -0.0818923177 -0.0534680904  1.0000000000  0.2174654205  0.2015811646  1.0000000000
-7.7850202758 10.7151395555 -3.0917707815 -7.7011649022 12.5699524944 -5.9697160924  0.0901342008 -0.0982579477  1.0000000000 -0.1513405413 -0.1127721880  1.0000000000
-4.6774949199 12.1894390113 -4.5368972094 -8.4830615867 12.5687191735 -4.7561865248 -0.2307653491  0.2069703280  1.0000000000  0.0089643958 -0.1523973232  1.0000000000
-9.4357966654 12.7239838081 -3.4933929744 -7.9852352054 10.2677398135 -2.2360204597  0.1539967433 -0.1776689647  1.0000000000  0.2182775631 -0.1297170653  1.0000000000
-9.0925658289 11.7274176584 -3.1478498437 -6.8509333833 13.6511357482 -3.1672134532  0.1974296798 -0.1947168615  1.0000000000  0.0584193694  0.0844413114  1.0000000000
-6.8906482976 10.0498440084 -4.9327282372 -6.8544957144 12.6775291068 -1.6842907059 -0.2242478241 -0.1403597969  1.0000000000  0.2180738548  0.1817649804  1.0000000000
-7.8871788641 10.6034266067 -5.1582451706 -4.9330805239 10.6561546575 -2.3338545733 -0.1280239290 -0.2293266214  1.0000000000 -0.0610205636  0.3207698657  1.0000000000
