746.7000000000
0
50
-5.6508220360  0.2888823960  2.5265000686 -7.0358381549  0.9879291124  3.3400059088 -0.0018980946 -0.0972437389  1.0000000000 -0.1731444806 -0.0891801424  1.0000000000
-6.1262208119  0.2291312718  2.6613873031 -5.5532746698  0.6502244701  2.9788866019  0.0409550905 -0.0659826276  1.0000000000  0.0296328587 -0.0211004518  1.0000000000
-3.4063888727  0.4711889139  3.0448773415 -5.4086010685  0.1879562960  4.2593453672  0.1895492557  0.1356627338  1.0000000000  0.0213050986 -0.0197658522  1.0000000000
-3.8342776331  1.7096876450  2.5085008648 -7.4734852397  0.3426288755  2.1276456441  0.0781460951  0.1707774100  1.0000000000 -0.1272369163 -0.2514155224  1.0000000000
-6.6524268683  0.6861442573  3.3898313403 -7.6862090790  0.9573507337  3.1237587835 -0.0907721637 -0.0782565768  1.0000000000 -0.2120518598 -0.1871787307  1.0000000000
-5.4355444929  1.3554612123  4.4646388631 -5.2256529401  0.1422096137  2.2211390339  0.0073015654  0.0763771344  1.0000000000  0.1208207024 -0.0865172438  1.0000000000
-3.0865234888  0.9936695322  3.1533474936 -5.7463536974  1.7098712976  0.9624182903  0.2096737118  0.1654458133  1.0000000000 -0.1007658398 -0.0312950202  1.0000000000
-7.6417204728  0.5444986571  2.5888696046 -6.3695932463 -0.7266566848  2.0272337267 -0.1630884611 -0.2201246632  1.0000000000  0.0550302676 -0.2707027328  1.0000000000
-5.7229625748  1.2050248170  0.7341918988 -4.6736543345  1.6166412451  3.7702951812  0.0041790248 -0.0608879375  1.0000000000 -0.0004719922  0.1354247418  1.0000000000
-4.4947681817 -0.2507110152  4.0376569908 -4.7111368980 -0.9805161361  0.7201663692  0.0995223748  0.0009226344  1.0000000000  0.3329002709 -0.1850593498  1.0000000000
-5.9626328057 -0.5717980426  0.8769819647 -6.9749336802  1.8913743624  3.0423546744  0.1093943937 -0.2901859076  1.0000000000 -0.1686722137 -0.0300653928  1.0000000000
-5.1292375493 -1.1729488840  0.8227821507 -6.6408574657  0.2477243204  0.8279683173  0.2398186018 -0.3097106123  1.0000000000 -0.0568632210 -0.2575133240  1.0000000000
-5.1621494202  1.2158421169  2.7049572942 -6.4948841055 -0.5176239688  2.6067518321  0.0534940404  0.0480659646  1.0000000000  0.0011381581 -0.2348506742  1.0000000000
-5.1804173501 -0.9331718060  0.7729449600 -4.1308654720  1.1027884149  3.3105602623  0.2107141636 -0.2528811127  1.0000000000  0.1029664573  0.1214307004  1.0000000000
-5.8533252135  2.5388805706  1.5298484573 -5.2185775494  1.7718904909  4.6765645336 -0.1208530397  0.0674411689  1.0000000000 -0.0617613906  0.1342160743  1.0000000000
-4.7105845054  2.2494377965  4.7694174254 -4.3576324048  0.1063812745  2.7863737842 -0.0542265311  0.1814419806  1.0000000000  0.1742571078 -0.0162377029  1.0000000000
-3.7679718064  0.5627250077  3.0517184495 -3.2592143191  0.8120721875  2.8423772028 0.2096975916 0.0862471117 1.0000000000 0.2439184853 0.1661772038 1.0000000000
-5.9012295734 -0.2326227658  4.1411168882 -4.1615411981  1.9521415314  2.7528239115  0.0183663280 -0.1420650691  1.0000000000  0.0264373625  0.2217564861  1.0000000000
-6.0956012574 -1.2707892257  3.7962532923 -5.2658615475  1.2620111481  4.0825279627  0.1002342678 -0.1873040953  1.0000000000 -0.0325396242  0.0727091527  1.0000000000
-5.9953628617  2.7544754086  3.2005608041 -3.7027744003  0.3066431531  3.4294354329 -0.1833029855  0.1423100342  1.0000000000  0.1611631419  0.0906579120  1.0000000000
-3.8857926310  0.7770121960  0.7675476631 -6.5434998143  0.2485246097  1.9669310433  0.2660022823  0.0756478111  1.0000000000 -0.0523407934 -0.1869907754  1.0000000000
-5.9626836507  2.9157024780  2.0087336739 -4.5515144621 -0.3511532978  0.5173709433 -0.2186514654  0.0838765944  1.0000000000  0.2876665966 -0.1681168685  1.0000000000
-7.0930931921  0.1049151413  4.3802954848 -6.2980315082  2.1810348202  3.0154312082 -0.0634589622 -0.1029511183  1.0000000000 -0.2106026678  0.0672550208  1.0000000000
-6.2385911029  2.2947834749  1.2898201871 -4.7291810449 -0.6366607056  3.2152483522 -0.1544128464  0.0311899874  1.0000000000  0.1935385769 -0.0835496596  1.0000000000
-4.0688695666  2.0229861305  1.6007198099 -5.7880538953  1.7658213221  1.7810868977  0.0475950238  0.1938900906  1.0000000000 -0.0817707306 -0.0024526400  1.0000000000
-3.8450791734  0.5451456708  1.0724531529 -5.7114167290  2.7515751885  5.2866355420  0.2850116894  0.0580875336  1.0000000000 -0.1605040633  0.2002654440  1.0000000000
-5.2359433134 -0.7569859771  1.7622306971 -7.4377566073  1.0765303960  2.6255962204  0.1616022450 -0.2069919471  1.0000000000 -0.1946047414 -0.1589383909  1.0000000000
-6.8708435210  0.6308134264  2.2154115977 -3.7418571569  0.3691076932  3.2307137078 -0.1404324501 -0.1542236023  1.0000000000  0.1785577709  0.0822068351  1.0000000000
-5.0153337702  1.5717682652  3.9986201730 -4.6379330421 -0.2804813215  4.1813282278  0.0074070386  0.1016515048  1.0000000000  0.1234942311 -0.0009954133  1.0000000000
-4.7380813177  0.6977988976  3.7999632714 -5.5465680908  2.8914658841  2.8358403424  0.0573754339  0.0525652949  1.0000000000 -0.1964014361  0.1626616822  1.0000000000
-3.5203045187  1.5016329588  3.8645769027 -3.6534537691  1.6942124866  3.5400280636 0.1204521172 0.2297692326 1.0000000000 0.0829864975 0.1798847326 1.0000000000
-4.6811125289 -0.5784378688  3.1000341921 -5.8967222031  3.0137309625  3.2970782172  0.1745747974 -0.0584986952  1.0000000000 -0.1967551226  0.1789099189  1.0000000000
-6.7420132668  0.7426689742  2.8921915788 -3.0324629401  0.7109964143  4.1650413379 -0.0970134755 -0.1261383429  1.0000000000  0.1611633380  0.2105364243  1.0000000000
-4.3434471201  0.6994888300  3.6084185016 -6.0177753083  2.3711739392  1.6145135342  0.1194513928  0.0503782222  1.0000000000 -0.1194051833  0.0314952206  1.0000000000
-4.7457161470 -0.7012098107  4.0008354305 -4.1480463948  1.2564555970  3.0066539202  0.1252568888 -0.0417562023  1.0000000000  0.1029495575  0.1677380901  1.0000000000
-4.9631694998  0.2936216668  3.3585997821 -5.9353082851 -0.4468014137  1.9823721558  0.0534197153  0.0139719184  1.0000000000  0.0660828534 -0.1970269870  1.0000000000
-3.0412443015  1.0990323766  1.2767673637 -4.8905121913 -0.9782850851  4.1099287284  0.3457882755  0.2003455891  1.0000000000  0.1111151014 -0.0700299148  1.0000000000
-5.5767270942  3.5423269756  1.4659211566 -6.2755540543  2.9733429581  2.3057499255 -0.2361552567  0.2857410820  1.0000000000 -0.2455979511  0.0897776729  1.0000000000
-4.8182506158  0.5634376420  1.4146559635 -5.8131157279  1.1530549947  4.4648808019  0.1344701968 -0.0409973597  1.0000000000 -0.0506169232  0.0547710102  1.0000000000
-4.6694435838  0.8902437277  1.0629414071 -6.6700498425 -0.8780131068  3.8736357977  0.1430268333  0.0089790376  1.0000000000  0.0202086268 -0.1846076952  1.0000000000
-3.3389189969  0.3681602544  3.0497181769 -7.4462425659  1.1823060009  1.6278786579  0.2201851732  0.1254026286  1.0000000000 -0.2367820774 -0.1980531648  1.0000000000
-4.7193269852 -1.1189399498  3.6693770943 -6.9559555809  0.4574181157  3.9257091780  0.2373181690 -0.0445454820  1.0000000000 -0.0585997712 -0.0854897910  1.0000000000
-7.2209966165  0.9850523746  3.3593097468 -4.2906666187 -0.0745748433  3.6272563285 -0.1746462139 -0.0850191721  1.0000000000  0.1741370226 -0.0532121534  1.0000000000
-5.5156055706  1.8623767511  4.2330420775 -3.8242766863  0.4986402257  2.6859983342 -0.0818381067  0.1181019792  1.0000000000  0.2053060877  0.0752135184  1.0000000000
-5.1773780447  1.6346438365  4.2663602219 -5.1791775956  1.6344003715  3.0012877315 -0.0453231440  0.1104127966  1.0000000000 -0.0209738886  0.0857388887  1.0000000000
-7.0789118759  0.5336101369  4.5664295486 -5.9301114361  0.9015460499  4.5961722959 -0.1579764007 -0.1113930761  1.0000000000 -0.0679653429  0.0067028698  1.0000000000
-5.1888427950  0.8289735637  0.8082968276 -4.9528691343 -1.2521337846  3.9687731266  0.0999654788 -0.0717748574  1.0000000000  0.1305028929 -0.1174364946  1.0000000000
-5.4191223954  3.3933395435  2.0250465795 -4.2730570246  1.2988682263  1.8976048984 -0.2303513264  0.2655298669  1.0000000000  0.1338246678  0.1101433893  1.0000000000
-5.4977540259  1.4933493155  1.1785401094 -7.8141247999  0.5222480324  1.9277372941 -0.0376558154 -0.0116852269  1.0000000000 -0.2133302295 -0.2762452824  1.0000000000
-3.3480222259  1.2738016958  1.8032335059 -5.5842013132  0.1736925464  2.9341730281  0.2246907150  0.1957356101  1.0000000000  0.0420094187 -0.0315153349  1.0000000000
