957.3000000000
0
50
 0.3246216111 10.4891338662 10.5475868212  0.0475797949 10.3999409146 10.6807727522 -0.0627065149  0.0235551553  1.0000000000 -0.0650453496 -0.0317469084  1.0000000000
 0.9428057997 13.2573420896 11.8207204229  2.7667112433 11.4115821482 12.2550246137 -0.0326835991  0.1857942912  1.0000000000  0.2160667245  0.1197863062  1.0000000000
 2.6229620434 10.6177918150 10.5013667517  1.3728769660 13.3500783872 12.9134329238 0.2262184685 0.1993232170 1.0000000000 0.0045093733 0.1479300752 1.0000000000
 0.4131156244 10.0336383946 13.2985767647  0.6520326648 13.2064173679 11.8970887398  0.0302451626 -0.1351733658  1.0000000000 -0.0876802065  0.1936785478  1.0000000000
 1.3713180353  8.8812197286 11.7370742744  1.2276064726 13.1892088492 12.5719701110  0.2395189521 -0.1901557025  1.0000000000 -0.0307822608  0.1552737267  1.0000000000
-0.3086497725 12.6396673944  9.8478440626 -0.1468482265 10.2441296246 13.5070217865 -0.2519861982  0.2351442464  1.0000000000  0.0419081535 -0.1731106760  1.0000000000
 0.9368266742 11.0171532521  9.7705941132 -0.6472242338 10.9974899111 11.5855266001 -0.0240545254  0.1670612206  1.0000000000 -0.1365614583 -0.0260343646  1.0000000000
-1.0795797321 11.4947996554 11.0752425232  2.0060368650  9.9498032159 11.6092809821 -0.2211768139 -0.0313206332  1.0000000000  0.2087811375  0.0193037465  1.0000000000
-1.8855259264 11.2514938436 13.2990983466  2.6355060219 11.2666985666 11.3523180554 -0.2221006437 -0.1996919750  1.0000000000  0.1885423460  0.1694210505  1.0000000000
 0.0109248454 13.4446284233 11.3628775984  2.9259673257 11.5236216899 11.9462066706 -0.1646179348  0.2003423037  1.0000000000  0.2309558271  0.1436889169  1.0000000000
 1.4037539510  8.2043820253 11.7593974073  2.7668689006 10.0619067890 10.4941291744  0.3466048164 -0.2930371952  1.0000000000  0.3455399957  0.1346223770  1.0000000000
 2.1382782193 11.5206114610 11.9081726299 -1.1241122091 11.6129627261 14.0953691863  0.1802794704  0.0860867810  1.0000000000 -0.1413524716 -0.1586322105  1.0000000000
 1.1981444069  9.9872220070 11.2576090136 -0.2086053787 11.4858822341 10.3519477960  0.1404314911 -0.0092036065  1.0000000000 -0.1684114655  0.1275312946  1.0000000000
-0.3913361930 10.3931300558 10.6006558763 -0.3217683406 11.7365013653  9.6476017085 -0.1055590831 -0.0828713691  1.0000000000 -0.2266811760  0.1931036804  1.0000000000
-1.0353563685 12.9691816658 13.1822534068  1.0649088038  8.3152675951 12.0392229933 -0.1874443387 -0.0024626523  1.0000000000  0.2380135425 -0.3081481498  1.0000000000
 1.3970428691  8.1537970286 12.0093432636  0.5990919163 10.7652415586 14.7292430867  0.2827803504 -0.2684030891  1.0000000000  0.1067552947 -0.1807763384  1.0000000000
 0.6343405710 12.6243024579 13.3382065785  0.9915161984 11.8728472044 12.8498915299 -0.0223472679  0.0217718347  1.0000000000  0.0271497099  0.0185044454  1.0000000000
-0.6564505941 13.5914725114 12.5815733360  2.1315694489 12.3921808160 11.8217910876 -0.1354757573  0.0747432214  1.0000000000  0.1192768585  0.1986896008  1.0000000000
-1.4876871858 10.9658726545 13.7925711552  1.5243138153  8.2637069393 11.9661069777 -0.1212602831 -0.1942635374  1.0000000000  0.3273556859 -0.2902933089  1.0000000000
-0.3139240777  9.1446180412 11.8113984238 -0.0454127042  9.3908486440 11.7487967918 -0.0262165392 -0.2622640469  1.0000000000  0.0095162942 -0.2067734823  1.0000000000
 0.2009135916  9.1566827213 11.2145485810  0.5124408008 11.1848202472 14.4088575882  0.0183490168 -0.1834201145  1.0000000000  0.0454497336 -0.1294539980  1.0000000000
-1.0119397701 10.9678886037 13.0724913060  2.3154912478 11.0474537009 10.1859562366 -0.1537765300 -0.1780657054  1.0000000000  0.1876225611  0.2281394782  1.0000000000
 1.3013344392 12.5880901993 11.8681380804  0.3690689146 11.6739258575 12.6142386993  0.0389627684  0.1331937467  1.0000000000 -0.0440948675  0.0424093406  1.0000000000
 0.0183049234 10.4383462023 12.0572378329  0.4444439321 10.8309951390 12.4813805586 -0.0666962342 -0.1045380967  1.0000000000  0.0551498144 -0.0446674166  1.0000000000
 0.9264511466 11.0836463589 12.1032613245  1.7886758929 12.4322660106 13.3747997746 0.0959300930 0.0020063321 1.0000000000 0.0864497016 0.0699402674 1.0000000000
 2.5179333937 11.0538560586 11.8431612897 -0.4105804659 13.4452027966 12.8566294280  0.2334257816  0.1360646408  1.0000000000 -0.1683983273  0.0959768190  1.0000000000
-0.4944408579 11.3507287842 12.4331880170 -0.6065389124 12.2717549004 12.8065781574 -0.1173314067 -0.1182885942  1.0000000000 -0.1419260498  0.0124762887  1.0000000000
-1.7227849255 10.9891918910 12.6345757136  1.2033958225 11.0952241586 10.0560411144 -0.2441621243 -0.1939586260  1.0000000000  0.0135686631  0.1711194219  1.0000000000
 1.2370738679  9.8505740996 13.0216245495 -0.0671190501 13.3338839000 12.6845723295  0.1824998083 -0.1273796296  1.0000000000 -0.1255559599  0.0796853673  1.0000000000
 0.8395641202  9.9768086216 12.6488971118 -0.4045107030  9.3243568324 11.0552077716  0.1646245074 -0.1312222665  1.0000000000 -0.0634071788 -0.2200864857  1.0000000000
-0.5708960377 12.7016410374 12.1911917117  1.8856528975 11.4304062878 12.6285988810 -0.1737571663  0.1093839520  1.0000000000  0.1149331673  0.0620271389  1.0000000000
-1.1169066289 11.4303409594 13.1974751751  0.1461788144  8.4296433606 11.6174344839 -0.1428190885 -0.1492124921  1.0000000000  0.1155719913 -0.2948355299  1.0000000000
 1.6552560753 10.2818701139 11.0639368039  1.1345735545 10.8396294156 10.7848574720 0.1461555639 0.0430368557 1.0000000000 0.0330436340 0.0727128256 1.0000000000
 1.0291251839 10.2864398089 13.6910296224 -0.0529224937 10.0551788909 12.9681924828  0.1116960377 -0.1628797992  1.0000000000  0.0344484033 -0.1952227387  1.0000000000
 1.5762830194 11.4193985132 12.8309174434  2.2462768255 10.4887918416 11.9548793207 0.1018603554 0.0553158820 1.0000000000 0.1947291959 0.0550695231 1.0000000000
 0.4878308850 11.1494846859 13.3758913480  0.2676778197 13.8514273099 11.9264358343  0.0291052028 -0.0691896404  1.0000000000 -0.1198189991  0.2138685675  1.0000000000
 0.5615687096 12.3522705006 11.9449900525  0.6186400856 12.7102975055 12.4238487467 -0.0196811317  0.1139770826  1.0000000000 -0.0423888393  0.0937397339  1.0000000000
 2.9851963899 11.4526049014 11.3746925211  0.3337855943  9.0226727828 11.9357008725  0.2113786546  0.2081810424  1.0000000000  0.0546743612 -0.2477343255  1.0000000000
 2.2367638614 12.1207694821 12.4599165716  1.7382781751 10.0249968074 12.8133267935  0.1564320064  0.1632614073  1.0000000000  0.1905533608 -0.0978344639  1.0000000000
-0.3735399479 10.9684393964 14.6604332210 -1.2565345312 12.1095039638 12.5630085418  0.0032082747 -0.2006253655  1.0000000000 -0.1966091137 -0.0240724592  1.0000000000
-0.5761081180 10.7649819092 13.0887898980 -0.9907192326  9.3460490078 11.8798716772 -0.0209822559 -0.1705840422  1.0000000000 -0.0921504924 -0.3510632428  1.0000000000
-0.8300209422 11.9960581127 10.7780300395  1.4622101867 11.1531362950 13.1075206573 -0.2448049602  0.0501354029  1.0000000000  0.1095187664 -0.0354393053  1.0000000000
 1.7879349608 11.0414756511 10.1066417890  0.6402553134  8.3610560636 11.8276721696  0.1239750488  0.2269591821  1.0000000000  0.1716248685 -0.3089428453  1.0000000000
 1.2511462836 12.2043086702 12.1425610378  1.4708778160  9.7761309243 12.8431302577  0.0424224963  0.1054483387  1.0000000000  0.2041783707 -0.1212974401  1.0000000000
 1.4934071614  9.5008013711 12.5337555986  0.6518718195 13.5387109474 11.8870329315  0.2422517591 -0.1175133069  1.0000000000 -0.1282808692  0.1725263413  1.0000000000
 0.5924253818 12.3016147690 12.8492376817  0.9226368263 11.2698536689 10.2680473199 0.0123423203 0.0124083824 1.0000000000 0.0138879080 0.1839919061 1.0000000000
-1.4306621178 10.5554864315 12.2668678030  1.4536865994 11.9918067839 11.2553430066 -0.1446275871 -0.2003916594  1.0000000000 -0.0033777225  0.1890809507  1.0000000000
 1.0930753249 11.8638479877 10.1209488315  1.3062988158 13.4633250653 12.1760864990 -0.0202026324  0.2373888601  1.0000000000 -0.0102807544  0.2308064948  1.0000000000
-0.2112214748 12.2832477087 11.8065721880 -0.3494329668  9.3082057849 11.6885822494 -0.1284057707  0.0382413068  1.0000000000 -0.0143511785 -0.2371754788  1.0000000000
 1.0998181444  9.6837728327 10.7101126039  0.6713824255 11.1993050094 13.9335700900  0.1326764186 -0.0468019534  1.0000000000  0.0682956579 -0.0582271206  1.0000000000
