782.2000000000
0
50
-0.2448447999 -2.7312540249  0.1128843030 -0.5508950776 -2.1108712775  2.2120050699 -0.1397681129  0.2250329009  1.0000000000 -0.0332297905  0.0122379454  1.0000000000
 0.4699540293 -1.7205846643  2.4623473719 -1.2376844687 -3.3287612491  4.1376881205  0.0850399179 -0.0193410550  1.0000000000 -0.2188213268 -0.1489883765  1.0000000000
 0.7517947116 -1.7156940651 -0.1102032178  0.5745860434 -0.0158809381  1.3266741106 0.1277379482 0.3174417101 1.0000000000 0.1789088960 0.1778307247 1.0000000000
 0.6046175184 -3.1085278846  2.7455728239 -0.1435960693 -3.3645128058  2.5958526189 -0.0350837409 -0.1597216833  1.0000000000 -0.1203381830 -0.1387556859  1.0000000000
-1.8527354274 -2.4153279290  3.3275750184  1.1887481860 -0.6548118591  2.8337978474 -0.1751575462 -0.0938261831  1.0000000000  0.2029043621 -0.0178435564  1.0000000000
 0.5989996511 -0.9101274124  2.2929126280 -0.9495107723 -2.0582139576  4.3222226979  0.1119906791  0.0444488900  1.0000000000 -0.0772017859 -0.1389058055  1.0000000000
 0.9832575049 -1.5514016708  0.9775431701  0.3486798444 -0.3666601483  3.2449956763 0.1186296972 0.1263934594 1.0000000000 0.1116273044 0.0181260524 1.0000000000
-0.1354104740 -0.1269657147  2.9153451862  0.5842708595 -2.0023448739  3.1530539138  0.0895345121  0.0345450934  1.0000000000  0.0437223394 -0.1433665024  1.0000000000
 1.0009127672 -1.1196641127  1.6812310981 -1.4494650361 -2.9196385971  4.6172613833  0.1362030586  0.0814806176  1.0000000000 -0.1761951511 -0.1966975744  1.0000000000
 0.0435288907 -2.1998127756  0.1334590090  1.8524649235 -1.6734360246  1.1953856706 -0.0553031493  0.2402800044  1.0000000000  0.2607654107  0.0147023708  1.0000000000
 1.0763523773 -3.5770463839  2.0306470839  0.2662991910 -1.3832002207  4.0279849363 -0.0086232184 -0.1863239235  1.0000000000  0.0435708813 -0.1003172445  1.0000000000
 0.2554682265 -3.2218825652  1.2778274350  0.6087874028 -0.4373680404  3.3977296885 -0.0653834170  0.0313880828  1.0000000000  0.1356978330 -0.0274891993  1.0000000000
-0.2024844278 -1.9476916282  2.9554918002  0.3859711846 -0.8030985889  0.3536994145 -0.0300710414 -0.0335838392  1.0000000000  0.1343252483  0.2494882350  1.0000000000
-1.2226448788 -1.1727408049  3.4350887064 -0.6649921776 -1.7782524664  3.1874758499 -0.0514637556  0.0195939204  1.0000000000 -0.0232035731 -0.0264019434  1.0000000000
-1.4072906752 -1.5263642153  2.7652052736  1.2720966136 -1.1729659066  0.7628711930 -0.1209853711  0.0491297444  1.0000000000  0.2217036797  0.1379900143  1.0000000000
-1.2080360706 -2.8856916494  0.0146438637 -1.2542515994 -1.4684114280  1.5671477184 -0.2335387663  0.2354591443  1.0000000000 -0.1125994704  0.1233596430  1.0000000000
 0.8722681432 -0.9374251324  0.1795371404 -1.5435172714 -1.5739949080  1.2988078285  0.1727979919  0.2761304952  1.0000000000 -0.1154433415  0.1707980224  1.0000000000
 0.4416103127 -1.8249320943  1.9194171094 -0.9329757792  0.1115106493  1.7663085965 0.0833665697 0.0092319602 1.0000000000 0.0311689489 0.1744370925 1.0000000000
-2.1481224562 -1.8422140038  1.0123087049 -1.2204441519 -0.4898140050  2.5477569799 -0.1867315195  0.1966765670  1.0000000000 -0.0027415000  0.0619309512  1.0000000000
-1.3008868919 -3.3636902831  1.4124487258  0.4336450943 -0.3118913301  1.1819323109 -0.2719192425  0.0560914826  1.0000000000  0.1490465952  0.2119195950  1.0000000000
 1.5223407473 -2.5758144080  3.3297446277 -0.1739254237 -1.4287652453  1.4276206938  0.1173429048 -0.2044398835  1.0000000000  0.0332230801  0.1094280637  1.0000000000
 0.1293691201 -2.2445070521  4.3603783493 -0.7846825926 -1.7618558352  1.8174418066 -0.0376886050 -0.1664169765  1.0000000000 -0.0091229205  0.0770126864  1.0000000000
 1.3316087790 -1.1012444837  4.0701365995  2.0080558817 -2.4794079533  3.3282491076  0.1757338279 -0.1359529384  1.0000000000  0.1498023539 -0.2131030988  1.0000000000
-0.0893655233  0.1436693059  2.7863933374  0.8198481891 -2.9751197161  0.5082179725  0.1243556154  0.0550305532  1.0000000000 -0.0006845302  0.0756894546  1.0000000000
-1.7945138516 -2.0731577971  0.4667777110  1.6497705805 -0.8870050824  1.8480971235 -0.2181580540  0.2673975719  1.0000000000  0.2760990074  0.0368525464  1.0000000000
-0.2663574560 -4.6593517203  3.0125607397  0.1789218250 -0.0593862583  3.1924941245 -0.2544757859 -0.2902691452  1.0000000000  0.1319176535  0.0125399450  1.0000000000
 1.4373721833 -1.6186708313  2.5918865487 -1.3162839905  0.1231678133  1.8443587593  0.1651631688 -0.0784595591  1.0000000000 -0.0086228249  0.1332870961  1.0000000000
 0.6033947093 -1.6322217511  0.8332646632  1.7785656138 -3.0526302397  2.4524495221  0.0923204443  0.1203221873  1.0000000000  0.0879041264 -0.2191903659  1.0000000000
 1.0498892899 -4.2848083472  2.0664967839 -1.5611235005 -3.0990318537  3.8378220248 -0.0203848986 -0.2379834222  1.0000000000 -0.1950384547 -0.1355591268  1.0000000000
 1.9993983554 -1.2158393295  1.2437289529  1.1695335090 -3.0628508676  3.0803660346  0.3024885124  0.0774090128  1.0000000000  0.0293771013 -0.2154543122  1.0000000000
 0.9427673134 -2.5536465745  2.1784002590 -0.6144168753 -3.5120314670  2.3260972250  0.0568302009 -0.0899539938  1.0000000000 -0.1737429013 -0.1013086694  1.0000000000
 0.2925450133 -2.2251500623  0.3079019406 -1.3216464074 -0.2692238571  2.4375013646  0.0433858867  0.2261286741  1.0000000000 -0.0174447424  0.1078996534  1.0000000000
-0.2512813357 -3.5011122635  3.3498260548  0.6995285194 -3.6252680658  1.8563517129 -0.1393638714 -0.2357026247  1.0000000000 -0.0811803721 -0.0970051868  1.0000000000
-0.1276731966 -1.4682939827  3.4970086756  1.8682181356 -3.1552685184  2.6202283694  0.0078273410 -0.0697464470  1.0000000000  0.1207006578 -0.2525490900  1.0000000000
 0.2514001211 -3.3961047659  1.7121212382  0.0972284671 -2.4513449825  0.5519347917 -0.1143698268 -0.0272555671  1.0000000000  0.0072471287  0.1586113920  1.0000000000
 1.1138676920 -1.5709938645  4.0952230731 -0.8385452653 -3.3425161737  1.8166704128  0.1537823913 -0.2163788695  1.0000000000 -0.1992876451  0.0045674369  1.0000000000
 1.3967492172 -0.7836354851  1.6908738405 -0.1903166451 -0.0074299764  2.8826824805 0.2433616547 0.0930597274 1.0000000000 0.0754231788 0.0837764247 1.0000000000
 1.8268409607 -2.2343839634  3.1126022078 -1.0600175019 -2.9701816400  3.1364149603  0.1841342010 -0.1812089467  1.0000000000 -0.1850768456 -0.1021123980  1.0000000000
 1.3684302586 -4.1528594466  2.1854339150  0.5103973322 -2.1213066680  2.8811992430 -0.0289402407 -0.2413729551  1.0000000000  0.0134472468 -0.0691103366  1.0000000000
 2.0999351724 -1.5717310145  1.5317863558  0.4545986149 -0.8755082539  1.6918279213 0.2829174452 0.0243879472 1.0000000000 0.1181402236 0.0859657318 1.0000000000
 2.1383615024 -2.6407314626  1.0092785031 -1.4929426011 -1.1069560527  1.7492855231  0.2431003990  0.0020890784  1.0000000000 -0.0451531272  0.1509148493  1.0000000000
 1.1133252772 -0.4320921604  3.6931739527  0.0926496729 -1.4634863441  3.5515343356  0.2083016965 -0.0791481483  1.0000000000  0.0501516948 -0.0924288512  1.0000000000
 0.5049891903 -0.9748227654  1.5355242186  2.2282579667 -1.5364365409  2.2520299960  0.1099080162  0.0538494709  1.0000000000  0.2623657969 -0.0073962359  1.0000000000
-0.9638028880 -3.1671741278  2.3754118149 -1.5104490798 -0.1463409461  1.7564050938 -0.1715017676 -0.0666107760  1.0000000000 -0.0433687878  0.2189477564  1.0000000000
 1.9717629353 -1.6346352331  3.0789841640  0.3149562727 -1.1742171443  1.1230218204  0.2171218187 -0.1640310933  1.0000000000  0.1205973717  0.1186223770  1.0000000000
-0.9047291796 -3.0653679144  0.3819777491  2.4692657523 -2.1186906967  0.7152842133 -0.2400553995  0.1638099849  1.0000000000  0.3286906095  0.0642623131  1.0000000000
-0.1519365291 -3.1530115712  1.7172439284  1.1975147355 -3.0278730661  2.1657642465 -0.0855477224 -0.0383353422  1.0000000000  0.0142539659 -0.0740480946  1.0000000000
-1.4814244387 -1.0568341399  1.8697586510  1.0986579473 -2.2777544277  3.2316187597 -0.0773124150  0.1317131194  1.0000000000  0.0640484453 -0.1652915484  1.0000000000
-1.5299848249 -2.6422228179  1.6438401290 -1.7913564289 -2.5935041510  2.1197317132 -0.1926252766  0.0954413298  1.0000000000 -0.1962694618  0.0382179365  1.0000000000
 0.6374506536 -4.6305190546  2.2904059128 -2.3699724380 -1.7295759840  3.1205706506 -0.1451058350 -0.2924891483  1.0000000000 -0.1852847347  0.0171576320  1.0000000000
