5.3000000000
0
50
-7.3869070140 -5.1407051929 -0.1852050965 -5.0515528176 -5.1742285371 -1.4670054566 -0.0694815873 -0.1360508068  1.0000000000  0.2328762724 -0.1213935789  1.0000000000
-7.3677834033 -3.4143048547  0.6014179862 -6.5633742691 -5.3163297443 -0.6925125373 -0.0833793173  0.0980685269  1.0000000000  0.0456616723 -0.1929294601  1.0000000000
-8.1455068670 -3.3055690145 -2.3883437868 -5.6207089942 -3.6053901628 -1.1585835321 -0.2469307588  0.1371509035  1.0000000000  0.1596407951  0.0493139874  1.0000000000
-6.6966813314 -6.2300679477 -2.0205525182 -7.2558795698 -5.0847862441 -2.0098138680  0.0203651172 -0.2970222619  1.0000000000 -0.0756055442 -0.0988533305  1.0000000000
-4.9105023011 -2.5279129336  0.1428863810 -8.5419251210 -2.9240364545 -1.3534552012  0.2269454459  0.1869016513  1.0000000000 -0.1868407866  0.1126168974  1.0000000000
-7.5338348328 -3.9207038739  0.7802684080 -6.6161527520 -2.5326579815 -2.0774861244 -0.1052533750  0.0302207992  1.0000000000  0.0278972080  0.2367821156  1.0000000000
-8.0074101255 -2.8266545244 -2.3883097758 -7.1541688740 -4.3862133887 -0.9806050270 -0.1847667560  0.2322449889  1.0000000000 -0.0516518684 -0.0195891348  1.0000000000
-8.2380665170 -3.7861695132 -2.9016181743 -5.6652144803 -5.6948597029 -2.2173790339 -0.2390111119  0.1063411860  1.0000000000  0.1566186942 -0.2495305852  1.0000000000
-5.6130003523 -4.5294951949  0.7804624734 -8.5154628133 -3.7014876163 -1.2370790827  0.1400038721 -0.0689515032  1.0000000000 -0.2240189432  0.0825032769  1.0000000000
-4.9776558194 -4.1417456766  0.1788383909 -5.7362175952 -2.3587447808 -0.1722384672 0.1667095606 0.0140461276 1.0000000000 0.1371813364 0.1544133829 1.0000000000
-7.6350570447 -2.4815888180  0.0468230949 -7.9680023824 -5.5390650214 -2.5929617330 -0.0709019533  0.2116027653  1.0000000000 -0.1818187834 -0.2311640210  1.0000000000
-8.4964310433 -4.5817471956 -0.5352338323 -6.7430665230 -2.4141481844 -0.0100252173 -0.2256787600 -0.0458849937  1.0000000000  0.0448420512  0.1719103044  1.0000000000
-8.2699245241 -2.4126983010 -2.4522100506 -7.6839108963 -5.5641552885 -1.7177900835 -0.2072700455  0.2774161645  1.0000000000 -0.1260049703 -0.1590784520  1.0000000000
-6.2360437131 -5.7495829102 -2.6993342753 -7.7140308403 -3.6643733042  0.2148255672  0.0825519527 -0.2388267433  1.0000000000 -0.0949354636  0.0485712110  1.0000000000
-5.8108140857 -4.3106548744  0.4144535615 -6.1004990775 -5.2435808033  0.1817063705  0.1046059177 -0.0071638328  1.0000000000  0.1020589717 -0.1048622723  1.0000000000
-6.5238105309 -6.0646815033 -0.7921719278 -5.7575269955 -5.5902135038  0.2113084960  0.0350894700 -0.2596714435  1.0000000000  0.1387241123 -0.1641943336  1.0000000000
-8.2210918608 -3.0641874540  0.8091263300 -8.6385930182 -4.1344896817 -2.9291398306 -0.1623159973  0.0833681922  1.0000000000 -0.2935050227  0.0763872749  1.0000000000
-4.7504114043 -3.1814468015 -1.1293560066 -8.0540134672 -5.9087196543 -0.3771090021  0.2622040760  0.1322921760  1.0000000000 -0.1521754451 -0.2001320729  1.0000000000
-7.5096703172 -5.5273912996  0.5943480323 -5.1830400880 -2.2961842133 -1.2352023745 -0.1047921574 -0.1716484235  1.0000000000  0.2375731706  0.2292221661  1.0000000000
-7.4424736628 -2.7209220699 -0.1954392745 -6.6498140926 -3.5878927520 -1.2974484037 -0.0956473819  0.1558139854  1.0000000000  0.0626233590  0.0977234637  1.0000000000
-6.5882536689 -5.5254149005 -2.5962745796 -6.1290168886 -2.1421404656 -0.7190208269  0.0369091465 -0.1458008870  1.0000000000  0.1033658130  0.2208662723  1.0000000000
-7.1948704021 -2.2741673340 -1.7966481110 -4.9564724576 -6.0582014405 -1.0993450389 -0.0632187598  0.2695563062  1.0000000000  0.2234072337 -0.2607197055  1.0000000000
-6.0309187757 -3.9750317642 -1.1458652213 -5.8046792282 -5.4080613471 -1.0845819103  0.0978352769  0.0194901601  1.0000000000  0.0826196083 -0.1688917780  1.0000000000
-5.2792717331 -5.7812255584 -0.4565964801 -5.4366734451 -3.6526741156  0.5188885874  0.1908960303 -0.1708291121  1.0000000000  0.1684279971 -0.0052608400  1.0000000000
-6.0673739358 -4.6866280955  0.1436128909 -7.5655239634 -3.0658844391 -2.7143164937  0.0788421300 -0.1034410991  1.0000000000 -0.0752717516  0.1970336045  1.0000000000
-6.7819848864 -2.4879701820 -0.7143014091 -6.8336554125 -4.0746831289 -2.4721352968  0.0018189035  0.1923973834  1.0000000000 -0.0211318656  0.0243431396  1.0000000000
-6.8655445934 -2.4290851755 -0.0141333769 -6.8094932277 -4.7196081784 -2.3107287532  0.0172828308  0.1920811356  1.0000000000  0.0278645462 -0.0664508136  1.0000000000
-8.6646797821 -2.7775003840 -2.7086600074 -7.8494321319 -4.6126936188  0.0931077300 -0.2503422010  0.2684937502  1.0000000000 -0.1415471136 -0.0707179407  1.0000000000
-7.5443476079 -6.1423700412 -0.9209559121 -5.2426680937 -2.4920850361 -1.8705476707 -0.0997301450 -0.2333671278  1.0000000000  0.1989774111  0.2242735543  1.0000000000
-7.8837605999 -3.3588037982 -2.5236587479 -8.6169151051 -2.7000016923  0.0431438880 -0.1264971951  0.1714240650  1.0000000000 -0.2060684527  0.1441938539  1.0000000000
-5.0255585765 -4.3583409246 -2.7346990244 -6.8072495340 -3.5858826322 -0.8317656170  0.2808333334 -0.0294198352  1.0000000000  0.0056919374  0.0552678348  1.0000000000
-7.2035290896 -4.5307941340 -2.8666621211 -5.6451691384 -3.6208386161 -1.1395583010 -0.0637022911 -0.0262776501  1.0000000000  0.1598253160  0.0466561096  1.0000000000
-6.0922213644 -3.0067635488  0.7318074202 -8.6967473395 -4.1982491186 -3.0575285296  0.0705419882  0.0954010344  1.0000000000 -0.2714276882  0.0549733625  1.0000000000
-8.6433352923 -6.1144875257 -2.0906113659 -4.9394282014 -4.5947693504 -1.1544824415 -0.2323549138 -0.2853288691  1.0000000000  0.2066239908 -0.0552035365  1.0000000000
-6.0398342326 -4.0213950264 -1.6945781702 -6.6304666727 -4.7373136324 -0.7752256306  0.1129227358  0.0346986666  1.0000000000  0.0495440654 -0.0561606407  1.0000000000
-4.7312026417 -4.3179448588 -0.7771872730 -6.1704767540 -6.0341133785 -0.9146781995  0.2478278927 -0.0137891627  1.0000000000  0.0606329160 -0.2273843761  1.0000000000
-8.3671774261 -5.7035109915  0.9969756941 -5.9199976811 -3.8462832469 -1.6817794594 -0.1581095654 -0.1514260080  1.0000000000  0.1216244674  0.0425818337  1.0000000000
-6.9443131957 -3.9951933412 -2.5975711497 -4.7620005024 -3.7596967872 -0.0762187661 -0.0487496453  0.0161479665  1.0000000000  0.1959121553 -0.0045863994  1.0000000000
-8.6247346758 -2.9707402344 -0.0216799567 -7.0563132978 -4.9904486620  0.1569119004 -0.1440393802  0.1601543638  1.0000000000 -0.0338211762 -0.1176176858  1.0000000000
-4.9088185256 -3.5536750399 -0.2486368286 -7.5224785979 -5.3920360977 -1.3885963838  0.2200569617  0.0706503976  1.0000000000 -0.0961039192 -0.1408265781  1.0000000000
-5.7221881041 -2.8651335736  0.4350560898 -5.5954595964 -4.8055051440  0.5381934395  0.1066792578  0.1228053854  1.0000000000  0.1668170811 -0.0926961300  1.0000000000
-5.3133381556 -4.9757820162 -0.9586910658 -6.9826355435 -3.5093315502 -0.7713204211  0.1517915143 -0.1102498596  1.0000000000 -0.0473851074  0.0956768005  1.0000000000
-4.7364761094 -3.0597645333 -2.0663201563 -6.3995290814 -3.8380155197 -0.1832818268 0.2978549929 0.1537577799 1.0000000000 0.0514345629 0.0099212146 1.0000000000
-7.2725673412 -4.7151530808 -0.1830698140 -6.1898100321 -5.5090985946 -0.0829451059 -0.0291390642 -0.0815220893  1.0000000000  0.0517201726 -0.1349783062  1.0000000000
-7.7618158198 -2.7817192093 -2.6694712288 -6.9405571653 -5.1770766519 -2.7260530355 -0.1330673601  0.2557632290  1.0000000000 -0.0524831206 -0.1434659054  1.0000000000
-7.7594441068 -5.4362238813 -1.5202779550 -6.5665801175 -5.8926320169 -2.5590926967 -0.1515039368 -0.1882864748  1.0000000000  0.0865490052 -0.2666492018  1.0000000000
-5.3778085368 -3.5368870150  0.3000901206 -6.7507904853 -5.2156196565 -0.1739328275  0.1540355267  0.0422001026  1.0000000000 -0.0197550829 -0.1141251551  1.0000000000
-7.6680847637 -4.2376166339 -2.5280912766 -5.4167480030 -5.2603993528 -2.5047501544 -0.1308049580 -0.0045557753  1.0000000000  0.2174819534 -0.1585784873  1.0000000000
-8.0287447516 -2.2524201818 -0.4015112356 -7.5048010167 -3.5206205320 -2.9244743724 -0.1623277034  0.2363571793  1.0000000000 -0.1079326950  0.1651171074  1.0000000000
-7.9591792137 -2.8060218035 -0.4941773042 -6.8344499673 -2.4171248198  0.4355451415 -0.1339141173  0.1744293598  1.0000000000  0.0115413746  0.1477358540  1.0000000000
