376.9000000000
0
50
 2.5652561857  5.8083239946 -4.8778645291  0.4393173993  4.6791587010 -2.0597342812 -0.0705097256 -0.0390166772  1.0000000000  0.0194676848  0.2052072577  1.0000000000
 3.5897500012  3.8627787448 -4.1411529151  3.0720517601  3.1045550102 -3.6789335162  0.1200991986 -0.1931175755  1.0000000000  0.2046405816 -0.1565421961  1.0000000000
 2.2414809702  6.3325024039 -4.2799007056  1.7590307589  6.5208233580 -1.9484745554 -0.1859163129 -0.0700746143  1.0000000000 -0.2794938459 -0.0317661136  1.0000000000
 0.4590641503  5.0831142109 -5.5717131352  1.4310659248  5.2213103917 -1.9782812465  0.0163017660  0.1603418239  1.0000000000 -0.0506429433  0.0959530208  1.0000000000
 2.4978996348  6.6202243133 -3.2642033271  2.8947494331  4.2714412508 -4.1474826267 -0.1893606871 -0.0779216400  1.0000000000  0.1062948681 -0.1265197850  1.0000000000
 3.4995556168  6.8066419035 -3.8635316035  3.4297223271  3.6136151744 -5.1151872949 -0.2407286431 -0.1593256493  1.0000000000  0.1251152824 -0.1450435583  1.0000000000
 0.5572300931  3.1497483380 -3.5799832599  2.2715729930  6.2907858226 -2.2789536629  0.2314778138  0.1384216358  1.0000000000 -0.2031456758 -0.0782604523  1.0000000000
 3.5222446906  4.5855560301 -1.9625664853  3.1988488443  6.7038769434 -2.4858783489  0.0906310680 -0.2798093808  1.0000000000 -0.2664611702 -0.2206812205  1.0000000000
 3.5277392293  3.0747706795 -2.8678027645  3.4243438423  4.9035704404 -4.6602151994  0.2713336558 -0.2302896902  1.0000000000  0.0054301641 -0.2039638457  1.0000000000
 1.3892862823  3.4720164398 -2.5220375512  2.7690941169  6.4308572776 -2.4780419291  0.1751430328  0.0592396553  1.0000000000 -0.2374782631 -0.1320945366  1.0000000000
 0.6217801443  6.1083154213 -5.4004315362  1.0347198709  5.4635601437 -5.4618843613 -0.1224444856  0.1804862021  1.0000000000 -0.0711022658  0.1042650447  1.0000000000
 3.2152507919  6.1371808073 -4.4841084948  2.4504557869  4.6884339158 -4.3261402202 -0.1109453082 -0.1111586006  1.0000000000  0.0432250075 -0.0858598960  1.0000000000
 1.9965175048  4.5393900945 -4.9207240753  0.7102865834  3.9295403472 -3.3242646269 0.0680285251 0.0026287161 1.0000000000 0.1550303933 0.1016163284 1.0000000000
 3.3450546621  3.6724327635 -3.1449195619  0.1493950970  3.0487416311 -3.3406994185  0.1872923126 -0.1888423751  1.0000000000  0.2402261669  0.2439835571  1.0000000000
 3.5757915189  4.7900166878 -4.8844848932  2.5005797730  3.7958292460 -4.3933041178  0.0568745272 -0.1668225532  1.0000000000  0.1186008272 -0.0583848714  1.0000000000
 2.9028115599  4.3593726823 -4.7271984254  3.2635178844  5.3347755916 -5.4579711136  0.0610563038 -0.0707577048  1.0000000000 -0.0368375776 -0.1168379345  1.0000000000
-0.0622090309  4.4470012787 -3.3392952372  1.3002734597  2.9690756923 -4.0099666102 0.0314761258 0.2584217757 1.0000000000 0.2662216769 0.0804349930 1.0000000000
 1.7815038146  4.8615075021 -2.0702328664  0.5667669087  5.8120734287 -4.5762068316 -0.0168799552 -0.0169910551  1.0000000000 -0.1159142332  0.1598070367  1.0000000000
 2.7806717325  5.2952691074 -3.2213685269  1.2687982158  5.5596321232 -2.5810185514 -0.0510785137 -0.1357092851  1.0000000000 -0.1052652222  0.0456154294  1.0000000000
 1.8067279162  5.0865629982 -2.3124079324  3.2976039919  3.6952995809 -4.3406609233 -0.0371033856 -0.0368186999  1.0000000000  0.1660591199 -0.1143131083  1.0000000000
-0.0053374312  6.5132367779 -3.7345742709 -0.1598417349  5.6132103443 -2.3332674271 -0.2127739328  0.2455669450  1.0000000000 -0.0670059518  0.3040666757  1.0000000000
 2.5708735622  5.8017452701 -3.6162305415  0.2007086169  3.0906472668 -2.3813790657 -0.1219440025 -0.0895475806  1.0000000000  0.2649291462  0.2593688535  1.0000000000
-0.2629626140  5.1778975027 -2.2570005241  1.1564397626  5.8511173974 -4.0148913679 -0.0562960468  0.3510452021  1.0000000000 -0.1028622259  0.0650260286  1.0000000000
 3.5735394136  4.8599884960 -4.8348687124  2.3640309637  6.2884440670 -2.4730316001  0.0267728106 -0.1606624078  1.0000000000 -0.1900228519 -0.0554058229  1.0000000000
 1.8656982171  4.4258671651 -3.8748317747  3.2550549636  3.8145134197 -5.4686519120  0.0738429653  0.0114130048  1.0000000000  0.1422792630 -0.1090130464  1.0000000000
 1.2473340820  3.9005064127 -4.9174482855  0.8088313512  4.0522516959 -5.3006222117 0.1279685723 0.0700549548 1.0000000000 0.0969245808 0.1332110764 1.0000000000
 2.3211171338  6.6533915331 -2.1677300565  2.0227017553  3.1688946046 -3.4183770441 -0.3226980405 -0.0874958275  1.0000000000  0.2919024339 -0.0182102066  1.0000000000
 1.6127081254  3.2011732287 -3.1697573274  3.4625333280  4.5191693346 -4.5125403379  0.2354233148  0.0399201141  1.0000000000  0.0462197675 -0.1466793019  1.0000000000
-0.2608659886  3.9144806425 -1.9889228863  2.9824705543  6.6504824908 -3.5691649867  0.1643254263  0.3570673398  1.0000000000 -0.1844093338 -0.1277041152  1.0000000000
 0.8780637497  4.6104874421 -4.4511828540  0.7585686778  3.6852896753 -2.9348309318 0.0699902591 0.1443390667 1.0000000000 0.1921002840 0.1629442149 1.0000000000
 1.4807169490  4.8666801081 -1.9260252335  2.3525636411  5.7130449543 -4.8128851118  0.0330796831  0.0376488274  1.0000000000 -0.1059682386 -0.0312501630  1.0000000000
 1.5744640623  4.2985465524 -3.8133561349  3.8200101424  6.4773815293 -3.6160674093  0.1004460084  0.0697787580  1.0000000000 -0.1957976247 -0.2304337980  1.0000000000
 2.3847057907  4.2369437336 -3.5642089209  3.2963870876  3.6927270862 -3.1103652482  0.0353766733 -0.0509851823  1.0000000000  0.1966753297 -0.1983277570  1.0000000000
 3.5270644634  3.8558185454 -5.4916641498  1.2837157676  2.9140828966 -4.6564307663  0.1191599754 -0.1478188315  1.0000000000  0.2328343625  0.0674472748  1.0000000000
 2.6200318661  3.8373994652 -4.6833265494  1.2888794410  4.7275975518 -3.0696737755  0.1351142124 -0.0678449541  1.0000000000  0.0498035954  0.0914275104  1.0000000000
 0.9136503730  6.5064767124 -2.1777696881  1.9129784941  4.9198774134 -4.0604429436 -0.2540464224  0.0996463643  1.0000000000  0.0370705891  0.0079383068  1.0000000000
 3.9142495776  6.6512491891 -4.9573060992  1.4835676336  6.5206554716 -3.8178130736 -0.1877259842 -0.1594559943  1.0000000000 -0.2046317391  0.0858014958  1.0000000000
 3.5761699830  5.0595290292 -4.0300102590  1.8261410952  4.4579818096 -2.8875034923 -0.0113325365 -0.1822600947  1.0000000000  0.0544368802 -0.0214724553  1.0000000000
 1.7344363611  3.8272213421 -2.0841539166  3.2307470354  5.2231977985 -4.9674421395  0.1388574048 -0.0438475818  1.0000000000 -0.0080540991 -0.0765612913  1.0000000000
 0.1848658280  3.7994644766 -5.3766409840  2.6784592784  5.2664132615 -4.0779583590  0.1540953687  0.1862103559  1.0000000000 -0.0204620320 -0.0595287246  1.0000000000
 1.9430850569  6.4232855720 -2.2159360954  3.5705928781  4.4306779550 -2.3869922591 -0.2727635600 -0.0575713626  1.0000000000  0.0545113117 -0.2953530116  1.0000000000
 0.2177694916  4.3500046916 -4.7800453342  2.0304150173  5.9720768248 -4.7838374290  0.0877415858  0.1974469915  1.0000000000 -0.0843963699 -0.0104103526  1.0000000000
 3.4668386766  5.6342641856 -4.9686420884  2.0064317294  3.5804927487 -3.0498463735 -0.0413150087 -0.1487012479  1.0000000000  0.1743770410 -0.0098783168  1.0000000000
 1.8778924126  5.7065888954 -5.3803000651  2.2653885999  4.8532191037 -4.3332161219 -0.0439227688  0.0157524456  1.0000000000  0.0372476894  0.0151133372  1.0000000000
 2.5075426791  4.8668275362 -1.9903714249  0.3771306255  3.7101240940 -5.4308519107  0.0006685629 -0.1497446776  1.0000000000  0.1105350896  0.1749442679  1.0000000000
 3.3802833311  5.8932963915 -2.5799181766  2.4917182430  5.7304311748 -3.0887408825 -0.1117471792 -0.2219007627  1.0000000000 -0.0737865345 -0.1376983991  1.0000000000
 3.8699542495  6.0384027469 -5.3338837237  0.5461254749  3.9778150353 -4.3466350268 -0.1341469693 -0.1548121685  1.0000000000  0.0703341499  0.1663255661  1.0000000000
 1.1251347119  3.4362967714 -5.2407051013  3.3689021871  5.5403355091 -2.1589504446  0.1601560170  0.1127348181  1.0000000000 -0.0985919034 -0.2240596682  1.0000000000
 4.0374515382  3.4606032738 -5.4459061579  0.9579408952  5.6299408590 -2.9413015865  0.1728662243 -0.1968260521  1.0000000000 -0.1206524241  0.1297367582  1.0000000000
 0.7866307435  4.5319910102 -5.0628106253  0.9822070005  4.7374362258 -2.9571162088 0.0586443908 0.1307135108 1.0000000000 0.0074290686 0.1196990557 1.0000000000
