819.9000000000
0
50
 4.3613054915 -5.7435619503  7.6341496417  6.1207373503 -5.6432882862  8.2060930687  0.1116632064 -0.2303363413  1.0000000000  0.2686184098 -0.2432763887  1.0000000000
 6.2732341771 -5.3897222866  8.8947999366  3.8793199311 -3.1907016519 10.9889097907  0.2238135209 -0.2504433132  1.0000000000 -0.1090643645 -0.0444136465  1.0000000000
 4.8618471556 -3.0777164117  7.4464341174  6.3864802749 -1.7694641612  9.3829467499 0.1253277327 0.1450861323 1.0000000000 0.1451361447 0.1248825611 1.0000000000
 4.0975018705 -1.9523070478  8.9024098057  4.0631897717 -4.5285670824  7.2835356749 -0.0505532039  0.1517577563  1.0000000000  0.0868530849 -0.0605050809  1.0000000000
 4.9739128144 -4.7033945398  9.4648508287  3.1252934963 -4.6421964165  9.3199074935  0.0738942168 -0.1785813661  1.0000000000 -0.2000081360 -0.1761769371  1.0000000000
 4.0641720769 -4.0648788384 10.3347506532  3.6237693372 -3.6357296382  8.4961330162 -0.1141690577 -0.1048469389  1.0000000000 -0.1033492847  0.0502636004  1.0000000000
 3.9055624880 -5.5941011864  9.2058486129  4.9276474098 -2.3515620359  7.0009004334 -0.0529448445 -0.2673204630  1.0000000000  0.1354801419  0.2522421499  1.0000000000
 4.4320493842 -4.6251445360  9.0960188566  3.3339683948 -5.2122662429  8.4379222214 -0.0104389133 -0.1616460174  1.0000000000 -0.0872256069 -0.1802539929  1.0000000000
 2.4379698507 -3.0466249617  7.1755177847  4.6028108530 -2.4165175755  7.8134314174 -0.2034291257  0.2149843457  1.0000000000  0.0351560274  0.1911577911  1.0000000000
 6.1300058213 -3.1771009049 10.1901251698  6.2978783026 -2.5494504321  7.8599714223  0.1148425439 -0.0578692156  1.0000000000  0.2213097873  0.1687091779  1.0000000000
 3.7762967487 -3.0902649100  9.9048998631  6.0418130198 -1.5126319374  9.5843844583 -0.0555599850 -0.0128887722  1.0000000000  0.0901940428  0.1571274818  1.0000000000
 5.4024514086 -5.0762338486  8.4082400611  5.6184267593 -3.4876919545  9.3108406117  0.1621721606 -0.1603789886  1.0000000000  0.1161785992 -0.0401528517  1.0000000000
 5.9824973215 -2.3501228085  7.4401411900  3.8980022656 -4.4694812432 11.5947423457  0.2461666289  0.1898079475  1.0000000000 -0.1497649963 -0.2142236560  1.0000000000
 6.0174036732 -5.7399459132  8.0326035027  5.5681454210 -3.9615948549  8.1345589960  0.2926992288 -0.2555170813  1.0000000000  0.2159482075 -0.0039719246  1.0000000000
 2.8438969673 -4.5905324263  7.6669580655  2.9033865385 -1.2999380171  9.6908163789 -0.1649453148 -0.0335495410  1.0000000000 -0.1842579633  0.1739812368  1.0000000000
 4.9217505631 -2.4915354039  9.4398292858  3.3425808530 -3.7036976040  7.0707660802  0.0120691129  0.0391045186  1.0000000000 -0.0399887310  0.0936073716  1.0000000000
 4.9381482978 -1.2910268775  8.9204617916  2.6537085660 -2.5940496002  9.4348277419  0.0237045997  0.2225398509  1.0000000000 -0.1986264174  0.0998314531  1.0000000000
 5.7686002787 -5.2608054327  8.1721772366  5.8317541474 -5.5590320165  8.0924077591  0.2162877615 -0.2082975619  1.0000000000  0.2452175265 -0.2335768329  1.0000000000
 6.1235348934 -4.4768269933  8.1356680062  3.8927418114 -2.9316675335  8.1503817028  0.2638433350 -0.0661907937  1.0000000000 -0.0099569138  0.1215453775  1.0000000000
 5.2073805930 -3.3046688988  6.9803317498  5.4710346406 -3.7427102153  8.2150203758  0.1977382797  0.1023820333  1.0000000000  0.1453017799 -0.0097064109  1.0000000000
 4.3554976334 -4.4579478545  9.1295252774  3.8397862839 -3.4656719531 11.4056245615  0.0449046122 -0.0964189968  1.0000000000 -0.1427761751 -0.0825200954  1.0000000000
 3.0732099287 -5.2397942896  9.7047959420  6.2654803321 -2.4370565023  9.7615982463 -0.2428106850 -0.2212097506  1.0000000000  0.1389815880  0.0629839455  1.0000000000
 6.7319951069 -1.3889495821  9.1219322895  3.4244455122 -4.0662395300 11.2196880961  0.2339385995  0.1846501521  1.0000000000 -0.1756667573 -0.1276534739  1.0000000000
 4.3820501055 -2.8411835488  9.8581279145  3.1672178479 -1.5012382330  9.5414844136 -0.0594982345  0.0327033619  1.0000000000 -0.1857097175  0.1475406579  1.0000000000
 5.3666153260 -5.5836915184  7.8536107282  4.4709078486 -2.5387698372 10.6858891621  0.2325990520 -0.2447643405  1.0000000000 -0.0624586492  0.0158711069  1.0000000000
 5.3725248089 -4.9244648190 10.4870300971  5.3252520460 -2.2306422691  6.6937093349  0.0880387578 -0.1882870000  1.0000000000  0.2238645867  0.3044316149  1.0000000000
 5.9326972366 -4.2615761633  8.0342777360  4.7064564216 -4.1126499017  9.0568940471  0.2333206870 -0.0448314438  1.0000000000  0.0400084414 -0.0821767876  1.0000000000
 4.1588408092 -4.4901889222  8.6296008293  4.7919895919 -5.0899374962  8.5304104408  0.0163177789 -0.1221135239  1.0000000000  0.0878155684 -0.2154076221  1.0000000000
 2.9604339329 -2.0491999476  8.0960156619  3.2911906680 -2.3556805314  9.9101109343 -0.1333904996  0.2335677266  1.0000000000 -0.1773166971  0.0784692965  1.0000000000
 3.8089341124 -1.6387971813  9.8492056846  5.6197901324 -2.0881671416  8.5293171793 -0.0987177621  0.1413976770  1.0000000000  0.1144138810  0.1411224326  1.0000000000
 4.7784426892 -3.9688985579  6.5872757132  5.4898314321 -2.1033894688  8.2017952782 0.2262123764 0.0481904466 1.0000000000 0.1125803311 0.2221151953 1.0000000000
 3.2268744448 -4.4287297870  9.5998303682  4.2377674274 -2.7911475183  8.0580265124 -0.1627220849 -0.1320697475  1.0000000000 -0.0146343484  0.2002448049  1.0000000000
 6.3906293412 -4.4276607757 10.5531461108  6.1948606461 -4.2377732056  8.0054278368  0.1561484364 -0.1580356775  1.0000000000  0.2868688080 -0.0644958648  1.0000000000
 5.3702018126 -3.5065896281  6.2370078697  4.5598296091 -4.0565585045  7.7214253849  0.2900107002  0.1689731227  1.0000000000  0.0739519205 -0.0382825546  1.0000000000
 4.2029860288 -4.3893073244  8.5642322917  4.0266935395 -5.1551264513 10.0836315076  0.0166120848 -0.0790763207  1.0000000000 -0.0570251132 -0.1992137589  1.0000000000
 6.0484869670 -5.6666860567  8.4498136134  5.0535345256 -3.8254185815  6.9169552825  0.2741820930 -0.2076582361  1.0000000000  0.2301244556  0.0654305712  1.0000000000
 3.4912356614 -4.3447543249 11.4417720202  5.0350171135 -4.4831245132  6.9188280381 -0.1821771069 -0.1666074454  1.0000000000  0.2275731540 -0.0249471327  1.0000000000
 6.0689001990 -3.9258566082  8.6109629451  3.3921042787 -2.6174941132  8.2003767003  0.2211974604 -0.0368312001  1.0000000000 -0.0841414004  0.1609474055  1.0000000000
 2.4338907917 -2.4768247341  8.4670046280  4.4701942895 -5.5636655001  8.8261765896 -0.2471727865  0.1490840061  1.0000000000  0.0676819876 -0.2513849028  1.0000000000
 6.4931059703 -3.4275290592  9.9531846813  5.6521941268 -2.2368257178  7.2557962996  0.1206894155 -0.0593339730  1.0000000000  0.2053243579  0.2332827370  1.0000000000
 6.3963242213 -4.1585349964  9.3628487962  4.8388212454 -3.7558199260  9.5094337080  0.2501259455 -0.0898922625  1.0000000000  0.0076218578 -0.0933150090  1.0000000000
 4.9145504064 -4.5070811211  8.9403513112  2.9858795240 -4.1173793305  9.8145307389  0.1086308819 -0.1289884164  1.0000000000 -0.2010181073 -0.1004348553  1.0000000000
 4.0483522311 -2.5227877697  7.7552242710  3.3852484433 -4.9543269940  8.7207476208  0.0457635281  0.2130270743  1.0000000000 -0.1172200278 -0.1803701815  1.0000000000
 3.0086338662 -3.1549987490  9.3844751989  3.1202111398 -2.0413099874  9.0016563560 -0.1445616856  0.0383132985  1.0000000000 -0.1912604409  0.1506543979  1.0000000000
 3.9050553810 -3.1875747165  7.0396039741  5.0600870249 -3.9586629270 11.0772521588  0.0216711234  0.1497727674  1.0000000000 -0.0046899504 -0.1484576419  1.0000000000
 5.6675232215 -1.6031255121  9.2133420463  3.3459744838 -2.8598175251 10.3577532285  0.0982481450  0.1700166055  1.0000000000 -0.1661267071  0.0044282578  1.0000000000
 3.5269751902 -2.0068782261  7.6766074750  5.6727703734 -2.8477837298 10.1014953163 -0.0813055372  0.2275597707  1.0000000000 -0.0102842853  0.0475915821  1.0000000000
 3.7409674540 -3.0806019544  6.6486791941  5.4684978361 -5.1416546987  9.2061106633  0.0276141348  0.2319116655  1.0000000000  0.1003259533 -0.2145428844  1.0000000000
 4.0484353225 -2.6539500287  9.9160909687  3.8079791487 -4.0205094413 11.1687506649 -0.0827303034  0.0552081815  1.0000000000 -0.1017231438 -0.1180760286  1.0000000000
 5.5060748454 -5.2191778716  7.0386535982  3.1168651646 -4.2388600825  9.9892416742  0.2900540158 -0.1285932684  1.0000000000 -0.1275285663 -0.0928627109  1.0000000000
