821.4000000000
0
50
-2.8429420640  6.6178303960 13.7728852430 -4.4892249200  9.1391637385 14.7060028262 -0.0146080950 -0.1592115566  1.0000000000 -0.0918577990  0.1597698655  1.0000000000
-3.1448052745  8.4269076939 13.1212815260 -2.8062054131  8.5543233209 16.0581192919 -0.0582909047  0.0835708789  1.0000000000  0.1484028298  0.0407589390  1.0000000000
-3.6868411121  7.2741485534 12.8239066932 -2.1363929733  7.3981664483 15.2496297210 -0.1411234982 -0.0501716526  1.0000000000  0.1491923634 -0.0581712412  1.0000000000
-3.9125208017  8.0607488938 15.1713232386 -4.6997950594  9.3934003482 12.1623131795 -0.0943947400  0.0502102477  1.0000000000 -0.2341951143  0.3123828531  1.0000000000
-4.8738121031  9.1402957343 14.4374739858 -1.1483410556  6.5614243600 13.5576987935 -0.1169997386  0.1968689406  1.0000000000  0.2011969201 -0.2546989654  1.0000000000
-0.8820905065  8.3848790484 13.4812146228 -1.4654021705  7.0248903232 15.0428081251  0.3299783171  0.0007225451  1.0000000000  0.1532963416 -0.1723958554  1.0000000000
-3.4083455141  7.5512459919 15.7021085568 -4.1003412230  7.1009994306 13.1371920807 -0.0028536519 -0.0318802590  1.0000000000 -0.1972657756 -0.0547598733  1.0000000000
-2.6328315544  8.4835370662 12.4926544165 -1.4047576295  7.6419867798 13.6742968232  0.0334833304  0.0590246712  1.0000000000  0.2252330629 -0.0853584364  1.0000000000
-2.4690761457  6.5445595727 12.2697336969 -3.1231998285  6.8119624750 13.6713591912 -0.0466960426 -0.2547741033  1.0000000000 -0.0503784391 -0.1557634041  1.0000000000
-4.2231772383  9.2943800785 13.8493449627 -3.4604432782  6.4364607859 14.5469932550 -0.0514687476  0.2199578580  1.0000000000 -0.1083653562 -0.1725259571  1.0000000000
-1.7187141569  7.6999930931 14.3445307698 -1.6889011348 10.3191359888 14.4838335078  0.1736447373 -0.0474561544  1.0000000000  0.2737993230  0.2738823708  1.0000000000
-3.5636274221  9.4330333003 13.3663233348 -2.0363484951  7.1226722891 15.6761714003 -0.0594706956  0.1886106355  1.0000000000  0.1461550372 -0.1035539589  1.0000000000
-3.7087471339  6.9527329637 15.7599275173 -2.2920207800  8.5212100606 14.2539000676 -0.0119431739 -0.1090794578  1.0000000000  0.1174449859  0.0548945315  1.0000000000
-1.6775835054  8.8451109731 13.7381728376 -4.3509817216  5.6958888385 14.5101875085  0.2135518965  0.0988905149  1.0000000000 -0.2490364107 -0.2110338586  1.0000000000
-0.8316596703  8.6476534876 13.1100622684 -3.8730784703  6.3926702613 13.3147162892  0.3465954144  0.0244915269  1.0000000000 -0.1497399998 -0.1652776272  1.0000000000
-3.3781643542  8.4572224376 15.0040647483 -2.6442748945  6.3827716515 14.2427862058  0.0309255400  0.1102925371  1.0000000000  0.0588269519 -0.2029976901  1.0000000000
-3.3477089725  7.5265104830 14.0771040131 -2.7057886580  6.9446223838 15.9501963039 -0.0226539516 -0.0343568394  1.0000000000  0.0627019944 -0.1610028349  1.0000000000
-1.2866203745  7.1269283446 15.4666835091 -2.6428616891  8.7054628782 12.6937198219  0.2217137972 -0.1682682234  1.0000000000  0.0058272404  0.1022643382  1.0000000000
-5.0735658194  9.2817800291 15.0573127220 -4.4460829150  8.2752397131 14.5116704876 -0.1444204506  0.1798542542  1.0000000000 -0.0773528350  0.0862935049  1.0000000000
-2.6610539983  9.1455475681 15.4015920330 -1.3297784632  6.9538557534 15.5472097156  0.1324232471  0.1283157878  1.0000000000  0.2185984249 -0.1705248057  1.0000000000
-3.5427852649  9.3453099810 15.7616857790 -2.1645382632  7.7599532154 13.9936502944  0.0287273874  0.1542572628  1.0000000000  0.1506781771 -0.0853502357  1.0000000000
-5.3715134688  9.0203660868 15.2988829634 -3.7717718065  9.1707130982 13.2471344610 -0.1319779489  0.2106077866  1.0000000000 -0.0903937757  0.1553706141  1.0000000000
-3.4353864041  8.0922679321 15.9155907274 -4.7570898262  8.2040653224 15.3434073199  0.0445491748  0.0404034732  1.0000000000 -0.1144605993  0.0907214506  1.0000000000
-4.2523422197  7.6402855033 13.5328856407 -1.5910656961  7.0117933382 14.9362451229 -0.1712459419  0.0354448718  1.0000000000  0.1305053428 -0.1323217565  1.0000000000
-3.4654327530  9.6429356242 15.5349621956 -2.3640657662  8.8804815449 14.7366623280 0.0593971740 0.1925221071 1.0000000000 0.1258057670 0.1070559967 1.0000000000
-2.6514101912  8.3816955423 14.3376942520 -4.8600389170  9.4932625240 12.0774630524  0.1033031530  0.0561733401  1.0000000000 -0.2735910968  0.3211829135  1.0000000000
-2.0863993843  9.8720135665 15.7009370825 -2.0516907373  7.0291115733 15.9331027288  0.1963535825  0.1834220855  1.0000000000  0.1334889768 -0.0832668425  1.0000000000
-2.9273777101  6.5940635300 12.9419787412 -4.5848676765  5.7229899957 14.6638703950 -0.0301997630 -0.1605844032  1.0000000000 -0.1714687395 -0.2161021167  1.0000000000
-3.3611542102  7.8698238902 15.9900439531 -1.3882363260  6.8033074232 12.9504655681 -0.0038864348 -0.0023554026  1.0000000000  0.1396826912 -0.2393300552  1.0000000000
-3.3462708737  9.7226642593 16.0983976132 -3.6623036486  7.9110983263 14.2237063923  0.1331045327  0.1916449545  1.0000000000 -0.0853890251  0.0228411580  1.0000000000
-0.7315165843  6.6877280625 13.9205669585 -1.5148187120  6.8704366759 16.3454265080  0.2813974314 -0.2455291229  1.0000000000  0.2039043563 -0.1187937361  1.0000000000
-2.7014577170  9.7747186741 16.3784374347 -5.4285875856  8.5591351099 15.3277353085  0.1158768533  0.1681255510  1.0000000000 -0.1954181770  0.1168153648  1.0000000000
-3.7819992761  5.8094505586 14.7201208584 -3.6554715532  9.0278953814 12.3385028066 -0.0821729429 -0.1525636966  1.0000000000 -0.1304672997  0.1605818631  1.0000000000
-1.7781549077  9.3974846616 13.0407627892 -2.0374738926  9.8466902443 15.2790878464 0.2401486101 0.1846158195 1.0000000000 0.2144381783 0.2164483002 1.0000000000
-1.8862984950  9.7205570054 14.1964066840 -2.8133134499  7.6596007772 12.4314508607  0.2191588400  0.1992491273  1.0000000000 -0.0314405279 -0.0701315921  1.0000000000
-3.3353711769  8.8357061556 13.8716506206 -2.6807865126  8.8038454029 13.8129769341 0.0170839714 0.1061633841 1.0000000000 0.0942658241 0.1235858970 1.0000000000
-2.8799141753  8.6818576939 13.4923275954 -3.3630124295  8.2711084207 12.6882169689  0.0495355659  0.0661297466  1.0000000000 -0.0697485075  0.0518086649  1.0000000000
-3.0125555976  7.2345041364 12.9757840950 -4.0777888191  7.3110045869 13.6654940208 -0.0535011703 -0.1355139666  1.0000000000 -0.1361931943 -0.0473308956  1.0000000000
-1.6576184970  8.4828995902 15.6712505203 -1.4969880811  7.1770235812 14.8238405245  0.2105902202  0.0240094996  1.0000000000  0.1655803018 -0.1436589807  1.0000000000
-2.3740372275  8.6231987398 14.3997296838 -4.4916859818  8.3852171147 13.3165385648  0.1044724686  0.0524176492  1.0000000000 -0.2028552182  0.1180412680  1.0000000000
-1.6077744121  6.8329788907 15.7297991303 -2.6076558723  8.1521446032 13.3480846369  0.1469340425 -0.1889971543  1.0000000000  0.0415512370  0.0245506451  1.0000000000
-4.8108733091  8.8848660065 15.3583661598 -1.2204697338  6.3988499942 14.2383578454 -0.1210656878  0.1573779917  1.0000000000  0.1909171682 -0.2456742919  1.0000000000
-4.3161379403  6.5236732572 14.8432689429 -2.5981862756  8.9176548640 12.9280665189 -0.1284430807 -0.0956784771  1.0000000000  0.0901251281  0.1495499249  1.0000000000
-4.2479990942  7.5127220310 13.1512686223 -2.9547751813  6.1086466938 13.2311504526 -0.2314874768  0.0089050689  1.0000000000 -0.0736217578 -0.2557279234  1.0000000000
-1.0107530404  8.7295399294 13.3675330508 -3.2685767786  9.7328913786 15.7989805277 0.3026744217 0.0493821432 1.0000000000 0.0959716889 0.1896396934 1.0000000000
-1.6284511761  9.3856355753 12.6229493672 -3.5605106601  5.8697437857 15.4575085164  0.2366347658  0.1713547361  1.0000000000 -0.0708707734 -0.1875415404  1.0000000000
-4.5970027299  9.2918226472 13.6009202619 -4.2044164024  7.0440001539 14.4988108237 -0.1743483911  0.1941822892  1.0000000000 -0.1501288932 -0.0642264418  1.0000000000
-2.8944977734  6.4810519726 14.1223896770 -4.3150625794  6.7703146200 14.4350251782 -0.0701248304 -0.1877555893  1.0000000000 -0.1311822161 -0.0354636897  1.0000000000
-2.4633989484  8.7179079736 13.3457165889 -2.7141784693  9.9302539150 13.8898743494 0.0885426238 0.1124557288 1.0000000000 0.1152001779 0.2496568442 1.0000000000
-3.8423623236  6.1748991139 14.7292446783 -3.8693652462  5.6792352719 14.5520816049 -0.1113479025 -0.2115639804  1.0000000000 -0.1522630736 -0.2507048971  1.0000000000
