277.2000000000
0
50
-0.0377311267  1.6466221884 11.3332042945  2.2996297614  1.9371857456  8.6327910304 -0.1498860901 -0.1498061816  1.0000000000  0.1195484418  0.1371323332  1.0000000000
-0.8123506818  1.3917125075 10.2515236324  0.8508304097  3.3628803604  9.7210865566 -0.1367831153 -0.1542702265  1.0000000000 -0.1539955824  0.1061788471  1.0000000000
 0.7733801067 -0.9959556848  8.3762874294 -0.8374850148  3.6442491494  8.3632211188  0.2981967186 -0.2032162275  1.0000000000 -0.2457341171  0.2396431690  1.0000000000
3.0417243943 1.5706834113 8.2099154318 1.2033007827 3.5573307107 9.9518494294  0.1986822241  0.1513830633  1.0000000000 -0.1064052545  0.1720140914  1.0000000000
 0.4511459091  3.3511802902  8.9565876514  0.0623791095 -0.7263025237  9.3388418564 -0.1285707994  0.1605997209  1.0000000000  0.1034416753 -0.2699863474  1.0000000000
1.5963001514 1.0614031092 7.6537403565 1.1076921960 0.8018209384 9.0743610137  0.2149454400  0.1654509211  1.0000000000  0.1319686954 -0.0260990877  1.0000000000
1.4830859221 0.8950725232 7.0970826910 1.1246808864 0.7541864124 8.4778676510 0.2628401586 0.1844637628 1.0000000000 0.1357018094 0.0423275858 1.0000000000
2.3719333215 0.9127490053 8.2054118721 2.4541638570 1.6296742964 7.5116696720 0.1961397659 0.0791025496 1.0000000000 0.2440751616 0.2005552116 1.0000000000
1.8276407964 1.2408638668 8.5284983530 1.1988214196 1.1949070763 9.2150457046  0.1415789417  0.0782160177  1.0000000000  0.0634249938 -0.0294336969  1.0000000000
 1.1031083338  0.3368488024 11.0490514047  2.0573339039  0.9983222121 10.9573601263  0.0459641258 -0.2147300356  1.0000000000  0.0396914707 -0.0850651620  1.0000000000
 0.8519615716  2.1840450422  9.7517499468  1.2896009938 -0.6256564893 10.0455083893 -0.0458432076  0.0358020706  1.0000000000  0.1849139745 -0.2332154145  1.0000000000
 0.0718329592  0.0560823674  9.0110313590 -0.9879336445  2.1430256127  8.7639776389  0.0810848608 -0.1350945262  1.0000000000 -0.1990371481  0.0561534963  1.0000000000
 2.6126600242  0.2674270227 10.5808196426  2.8060110351  1.9409077431  9.2982573029  0.1498069233 -0.1256400739  1.0000000000  0.1241436820  0.1369068013  1.0000000000
 1.3854505096  1.3310705782 10.9924589389  2.6538383332  1.4276471775  8.2221594335 -0.0485773900 -0.0814363135  1.0000000000  0.1744389465  0.0908118748  1.0000000000
 1.4969273180 -0.0021999247  7.8962562183  0.8767221479  2.3226469073 10.7339298718  0.3102594952 -0.0399337207  1.0000000000 -0.0666301720 -0.0416919551  1.0000000000
 1.0322751385 -0.6533237861  9.6383714670  2.6204315345  1.2653043512  9.1126730551  0.1497024697 -0.2062171265  1.0000000000  0.1365210450  0.0630992230  1.0000000000
0.3026279424 3.3265063120 9.4206311636 1.1000320887 1.7776183085 6.9457178870 -0.1570440913  0.1495775762  1.0000000000  0.1439087320  0.3066336709  1.0000000000
2.0186386490 1.2946590973 7.2320233373 0.7330466807 1.4281180124 7.6337246424 0.2550181461 0.2155521374 1.0000000000 0.1505840593 0.0897629222 1.0000000000
3.4932348920 1.4445612822 9.4911052394 1.0397718204 0.1572239121 9.3590514035  0.1821981395  0.0368539093  1.0000000000  0.1440999747 -0.0971715488  1.0000000000
-0.1807673586  2.0343783039  9.3731178027  0.8723608728  0.3964005446  9.0544959479 -0.1243906448  0.0211264625  1.0000000000  0.0823890029 -0.0596686979  1.0000000000
2.1373386202 1.7089200044 8.4192378844 0.3910462554 1.7009913136 9.2447670336  0.1931810190  0.1389064691  1.0000000000 -0.0496375976  0.0541635723  1.0000000000
-0.8343230077  0.7285148344 10.2964720760 -0.3356909207  1.5898703720 10.1420029713 -0.1347549817 -0.1730796368  1.0000000000 -0.1030889102 -0.0654146195  1.0000000000
-0.9474770132  2.6462926115  8.8100137522  1.2664336911  1.4252132266  6.7698406424 -0.2565026798  0.1460600494  1.0000000000  0.2194539621  0.2517547414  1.0000000000
2.2108606211 3.2186727750 9.1356964702 2.3445881761 0.8192654019 9.9351091970  0.0197614100  0.1575356456  1.0000000000  0.1026403109 -0.0423196401  1.0000000000
 0.7422407687  2.6138300802  9.0603347125  1.9152977183  0.2652736731 10.6177058554 -0.0482215000  0.1567262615  1.0000000000  0.1034859337 -0.1851606462  1.0000000000
 1.0196685389  2.1895225067  8.6835411115 -1.2491422730  1.3065107969 10.4193081498 -0.0183078791  0.1356536941  1.0000000000 -0.1892543901 -0.1538591465  1.0000000000
 0.5436060261  2.4234549777 10.4157496566  2.5106459826  3.2034856853  9.2346833745 -0.1381215108  0.0015290756  1.0000000000  0.0392504332  0.1606740949  1.0000000000
-1.1553758296  0.4572800497  9.7637700086 -0.8778862653  1.2420002860  9.6217410709 -0.0849114316 -0.2085685392  1.0000000000 -0.1299557061 -0.0921292357  1.0000000000
-1.4890674380  0.8093433874  9.7378593584  0.8210321768  0.0444593570 10.7956114796 -0.1965819603 -0.1510286368  1.0000000000  0.0449273154 -0.2239362732  1.0000000000
 0.0841877981  1.9138059837  9.2819085963  1.3199624051  1.4473315358 10.4225055341 -0.0333190508  0.0263519930  1.0000000000  0.0206871122 -0.0654802735  1.0000000000
 0.3478430885  3.0966624208  8.8636476056  1.7227406484  1.2406230437 11.5732048885 -0.1211130935  0.1897122011  1.0000000000 -0.0324460029 -0.1380023098  1.0000000000
1.0493975552 0.8560317430 6.5105916226 1.4070227247 1.0682363975 7.2710514362 0.2735735907 0.2433235353 1.0000000000 0.2270764101 0.1543158410 1.0000000000
 0.7968672014  4.2013003346  9.7781919139 -0.9916061338  0.1622161814  9.3359626857 -0.1833040841  0.1786680177  1.0000000000 -0.0118547902 -0.2264190607  1.0000000000
0.2879991474 0.2847583825 9.2406537202 1.3510441468 2.2636742180 8.0414790696  0.0353536579 -0.1286000740  1.0000000000  0.0910688496  0.2160151917  1.0000000000
-1.5821190920  0.9238391187  9.2211732006  0.1158445216 -0.1992580312  9.9841228704 -0.1371263869 -0.1208823954  1.0000000000  0.0448822952 -0.2282081232  1.0000000000
 1.5140061201  2.1864561908 10.1422533259 -0.1839801361  0.7514631802  7.9662683412 -0.0046500029 -0.0024510657  1.0000000000  0.0655939253  0.0294172053  1.0000000000
0.7704710785 1.8137860691 9.1568573626 0.3299910291 2.9422945821 8.7161649917  0.0675104260  0.0373370330  1.0000000000 -0.1114064182  0.1564085707  1.0000000000
-0.2769295512  2.3415417670  9.0501185483  0.4267333399  2.2118996558  8.6597594527 -0.1299152149  0.1368615240  1.0000000000 -0.0861500971  0.1520860000  1.0000000000
 1.7067669903  0.0030952606 10.9312889813  0.7167969653  1.0627808603  8.9127190503  0.0971800281 -0.2115718310  1.0000000000  0.0308105213 -0.0130589696  1.0000000000
 0.5052737258 -0.1144922195  7.3759798889  1.5344303682  0.9884133856  6.8519734814 0.2466077415 0.0111163256 1.0000000000 0.3133241895 0.2188553042 1.0000000000
 1.7604641973  2.2438196194  9.5091920634 -1.0100019776  2.6816038773  8.7368492695  0.0743173763  0.0756100398  1.0000000000 -0.2190099039  0.1787953571  1.0000000000
 1.8801266674  0.5874563038 10.4239931409  0.3939390336  1.5061769718  8.1855508095  0.0953828947 -0.1429252609  1.0000000000  0.0697820749  0.0864257872  1.0000000000
-0.2956025997  0.7340030087 11.1586009381  2.6870010051  0.4549972613  9.3799306607 -0.1182720476 -0.1740630159  1.0000000000  0.2426296256 -0.0345595413  1.0000000000
-1.7645735792  1.2772672556 10.1540433177  1.8964994156  2.1696735027  9.9836655867 -0.2931749748 -0.2026606587  1.0000000000  0.0125936292  0.0277748493  1.0000000000
-0.5144123773  2.7684548164  9.7889193934  1.7391706196  1.1999031506  7.4763393648 -0.2320059625  0.0594363474  1.0000000000  0.2239832686  0.1785203787  1.0000000000
0.6090930083 1.2168540318 8.5782966240 1.5722075926 3.1208214417 9.8699268407  0.0737039791  0.0597505416  1.0000000000 -0.0831769295  0.1393160814  1.0000000000
 2.2778899245  2.0533865667 10.2030041099  0.7910211919  3.1231162956  9.3382269305  0.0483306106  0.0360804210  1.0000000000 -0.1369744094  0.1696546317  1.0000000000
-0.7775135904  1.0735329477  9.3834677682  0.7936537948 -0.3399837182  9.8079462091 -0.1151884181 -0.0994667404  1.0000000000  0.1394391515 -0.1927240957  1.0000000000
 1.4141361675 -0.4087725014  8.9255146331  0.2316056360  0.1158355156 10.0202907148  0.2112345179 -0.1004688195  1.0000000000  0.0312295298 -0.2000881956  1.0000000000
 1.0216073656  3.0515939723 10.8247811911  3.6519392354  2.2309345355  8.5518664374 -0.1531922288  0.0611750210  1.0000000000  0.1989901507  0.1615712498  1.0000000000
