941.5000000000
0
50
-5.4617366844  6.7941293692  8.7006985160 -5.3939819503  5.4463912529  9.0008540656 -0.1082558846 -0.0713258635  1.0000000000 -0.2282250636 -0.1998450771  1.0000000000
-3.6171631289  8.3391441404  8.7614393080 -6.9124525541  8.6704205038  9.4964186927  0.1459554083 -0.0212170947  1.0000000000 -0.1562514316  0.1267867229  1.0000000000
-3.8996316641  7.9913226144  7.4390652537 -4.6215361259  8.6333268404  8.1298988502 0.1262180318 0.0983100949 1.0000000000 0.0735636833 0.1020623667 1.0000000000
-3.4213050381  8.1768861271  9.4159630320 -4.6840563704  9.4700053888  7.3405015382  0.1769061704 -0.0609720683  1.0000000000  0.1131636185  0.2850207642  1.0000000000
-5.0812634462  6.6111507230  7.8140866686 -5.6681169826  9.7951822753  9.8408453297 -0.1047598621 -0.0356447253  1.0000000000  0.0420453627  0.1959480829  1.0000000000
-2.9845594770  8.0619875668  9.9946776202 -7.0069662714  7.5421707072  9.7607359817  0.2200747168 -0.1020966236  1.0000000000 -0.2333859153  0.0349127837  1.0000000000
-5.9652086759  9.7870534108  9.6499739072 -6.0825161142  8.5489143444  9.1972036980 -0.0018281188  0.1830340890  1.0000000000 -0.1015079089  0.1224679501  1.0000000000
-4.3146781604 10.1209842595  9.9484529674 -3.7804843165  6.9528891009  9.7827796627  0.1949656843  0.1573077166  1.0000000000  0.0777282228 -0.1786542897  1.0000000000
-6.2209508343  6.7692843090  7.2377295598 -4.2268050692 10.5172019423 10.3700652764 -0.2774037657  0.0962139203  1.0000000000  0.2170454091  0.1453714886  1.0000000000
-6.1092922230  9.3068937646  8.6837686919 -6.6611709845  9.0110606459  9.7235627125 -0.0010932258  0.2014163994  1.0000000000 -0.1037974049  0.1788695130  1.0000000000
-4.6044281957  7.5287331893  9.0777163456 -5.7112715418  5.9070085690  9.0499790752  0.0192752868 -0.0441163854  1.0000000000 -0.2015259607 -0.1068957580  1.0000000000
-2.3064172941  7.2786215851  9.7720514424 -4.9088189949  9.5843700162 10.2815372863  0.2596991733 -0.2520226345  1.0000000000  0.0959244825  0.1104943786  1.0000000000
-4.4840001463  7.7328061323  8.0305901164 -3.1477814352  6.2030310318  8.6538961603  0.0391211202 -0.0003653950  1.0000000000  0.1288296817 -0.2987079421  1.0000000000
-5.4679691805  6.5659992412 10.5527407675 -6.0055326466  6.0556234613 10.5805172762 -0.0899352514 -0.1500494189  1.0000000000 -0.1800658249 -0.1663197247  1.0000000000
-7.1575539891  7.9412257625  9.4486552460 -3.3203231573  8.3350918921  7.8846662326 -0.2216198708  0.0781592362  1.0000000000  0.1903886028  0.0405290341  1.0000000000
-4.8537503531  5.6952191082  9.4855831273 -5.4808160346  7.9736395266 10.6955398071 -0.1251472198 -0.2644393951  1.0000000000 -0.0276649024 -0.0390667681  1.0000000000
-6.0532674146  9.4374289466 10.2596069781 -6.8900784048  8.5511681124 10.2541510000 -0.0264206064  0.1128908076  1.0000000000 -0.1022840768  0.0815156480  1.0000000000
-5.0354698093  9.9517957530  9.1642829081 -2.9614085576  6.5646865664  8.9892519848  0.1187196028  0.2127034065  1.0000000000  0.1104244896 -0.2736835075  1.0000000000
-4.5346587105 10.1186113177 10.0293582482 -2.9763034137  8.5277658221  7.7733398704 0.2011673927 0.0945476649 1.0000000000 0.2704427833 0.0619755028 1.0000000000
-3.7452489216  7.2340315646  8.2830566016 -5.5099994637  6.8606283340  7.8715547708  0.0901068509 -0.1025732292  1.0000000000 -0.1799193037 -0.0323720255  1.0000000000
-5.9409647549  7.9778721096  6.6136290300 -4.7245150534  8.7731870630  7.8188840513 -0.1807635488  0.2401829336  1.0000000000  0.0516909122  0.2087240085  1.0000000000
-5.9103299491  8.8463638131  9.2572828025 -6.2218653237  7.4548374100  7.2420381044  0.0041731843  0.1171391582  1.0000000000 -0.2108334705  0.1872935969  1.0000000000
-6.2320210677  6.5321600243  8.3457237898 -6.0541431314  6.9521837624  6.9553094062 -0.2758057042 -0.0677141068  1.0000000000 -0.2929023628  0.0848631310  1.0000000000
-3.9590996072  9.0524355508 10.2289447495 -5.4219816558  8.4006183937  9.3531432861  0.1800782319  0.0225446372  1.0000000000 -0.0454826650  0.0837361137  1.0000000000
-4.4604600650  9.5482691476  8.9923626942 -6.0970648502  8.6685169674  7.0848556363  0.1521073253  0.1440072281  1.0000000000 -0.1596270296  0.2920864518  1.0000000000
-5.1988846637  5.5698220500  9.3835668806 -3.1274845927  8.2668573848  9.9951931287 -0.1845418524 -0.2423190550  1.0000000000  0.2324778243 -0.0702230776  1.0000000000
-4.5073739730  9.5328669313  7.2241974194 -4.5504058176  6.7941747276  9.9529909898  0.1578424476  0.2788192903  1.0000000000 -0.0491490078 -0.1768419223  1.0000000000
-3.6784904924  8.8163385336  9.9213810682 -4.9479634046  8.2662165639  9.7201418019  0.2157079884 -0.0017240922  1.0000000000 -0.0042440344  0.0065570749  1.0000000000
-6.3378922994  6.6636609804 10.0728394244 -5.0329626595  9.7781246134  8.7859173851 -0.1598222432 -0.0633777160  1.0000000000  0.0993001069  0.2125402022  1.0000000000
-4.3669968710  7.2945309463  7.4293665873 -5.7023562730  8.9670634554  9.8469657713 -0.0138782973 -0.0118458891  1.0000000000  0.0067227618  0.1292022085  1.0000000000
-3.7440901875  6.1050590872  8.2611666588 -3.8352224274  8.8039329335  7.8986639500  0.0072263377 -0.2444328051  1.0000000000  0.1614131868  0.1465521232  1.0000000000
-4.0853407110  9.3163216389  7.3634933447 -3.7940507047  9.1595399112 10.7199215485  0.1987726531  0.2463626506  1.0000000000  0.1346250820 -0.0158125148  1.0000000000
-4.4060530869  6.3328716508  9.0899057357 -3.5766769604  9.3641349575  7.7678419683 -0.0363612800 -0.2041830194  1.0000000000  0.2546028926  0.1631453041  1.0000000000
-6.2951386785  7.7976193262  9.8134335873 -5.9838196806  6.4137022367 10.6740207746 -0.0761153411  0.0307045968  1.0000000000 -0.1672410808 -0.1397129654  1.0000000000
-3.9057822172  7.1025214816  9.7028807940 -6.7925521003  9.8107835063  9.8439853757  0.0534911599 -0.1227058855  1.0000000000 -0.0568333781  0.2229823473  1.0000000000
-4.2870073625  6.3500767065  9.5918401902 -6.2748587483  7.1440200195 10.8114531665 -0.0035116065 -0.2141677677  1.0000000000 -0.1424618398 -0.0776989488  1.0000000000
-6.6539204654  7.1992467827  9.7199369240 -4.5808607146  7.4420065687  9.3792339981 -0.2051631577 -0.0296285457  1.0000000000  0.0498581891 -0.0596949370  1.0000000000
-4.5643036588  8.6895087623  8.6113198840 -6.0826086178  9.5537991490  9.5665780993  0.1140873252  0.1232254254  1.0000000000 -0.0017636870  0.1947292145  1.0000000000
-3.7367389175  9.7166443478  9.9240000502 -6.6834980700  7.6839535723 10.5130025252  0.2436511699  0.0557141596  1.0000000000 -0.1632421935 -0.0091854203  1.0000000000
-5.7771179280  8.4725605343  6.5944434210 -6.5384848618  9.1742905857  8.8622902792 -0.1475586638  0.3293380098  1.0000000000 -0.0886217192  0.2038398597  1.0000000000
-4.5788654052  6.6232902728  7.4939272400 -4.0014696282  7.5526422642  9.3490224144 -0.0755026379 -0.0541860423  1.0000000000  0.0637326477 -0.0999098400  1.0000000000
-5.6029743960  5.7906872705 10.1065424908 -5.2665674572  8.1415625087  9.5500876355 -0.1781172809 -0.2436416678  1.0000000000 -0.0421526445  0.0202614218  1.0000000000
-6.4558924192  8.2656780963  6.8871328056 -7.3398235512  8.3640103900  9.4144292032 -0.1811798361  0.2982145258  1.0000000000 -0.2166785160  0.1636081715  1.0000000000
-3.9654739967  8.1053408963  8.2096574805 -5.6570129462  6.8660054792  8.0065721871  0.0869141955  0.0444017726  1.0000000000 -0.2041354423  0.0222428532  1.0000000000
-5.9942232574  7.1537116036  8.3147727067 -6.0459125848  6.3884268252  9.8785526760 -0.1787343585  0.0269114045  1.0000000000 -0.1827431885 -0.1498750370  1.0000000000
-5.1016779862  7.5492836668 11.0438375320 -3.9483229647  8.7989611261  8.0810209188 -0.0133374813 -0.1106611389  1.0000000000  0.1821425710  0.1044204827  1.0000000000
-4.0260237224  8.4393974987 11.0801043117 -5.5596912931  8.4719655807  6.5373975719  0.1184021921 -0.0622193805  1.0000000000 -0.0860677612  0.3207075262  1.0000000000
-4.9079095727  6.2717244318  9.5888821043 -7.0302436018  8.6352196550  8.5580112536 -0.1195466168 -0.2043865371  1.0000000000 -0.1781199674  0.2126647751  1.0000000000
-3.9948644301  7.2956658699 10.2222556863 -5.7649926942  6.6277238895  8.4445639876  0.0851419803 -0.1438326591  1.0000000000 -0.2105473615 -0.1064907690  1.0000000000
-4.6598412651  9.0338800273  8.6830820132 -3.4984301485  8.4828911515  9.8951745261  0.0897681354  0.1549316294  1.0000000000  0.1705686301 -0.0611497885  1.0000000000
