644.3000000000
0
50
14.8403012733  3.3836240126 -0.9947920246 12.5344917995  3.2018602999 -1.2978085190 -0.0193466717  0.1532067760  1.0000000000  0.1055234771  0.1327189973  1.0000000000
14.4888607232  0.4774139482  0.0607982118 12.6192027766  2.2718246789  0.5323342712 -0.1368369708 -0.1153896663  1.0000000000 -0.1004158782  0.0504228178  1.0000000000
13.6710876957  1.5069216182 -0.3548032778 15.2150613469  0.4084660571 -0.1842930637 -0.1154309386 -0.0434556909  1.0000000000 -0.1463301839 -0.1091893063  1.0000000000
13.5446877458  2.0874889674  0.0072612613 12.2790295505  2.7316980590 -0.7326369974 -0.0537301335  0.0167663620  1.0000000000  0.0811506773  0.1088221998  1.0000000000
14.8858316708  3.3374423602 -0.4930896051 12.6890075980  0.7659332846 -1.3246808281 -0.0427557157  0.1580698777  1.0000000000  0.0655703116 -0.2371251897  1.0000000000
14.2121621351  3.3883083313 -0.2953078410 12.4858466843 -0.0251242264  0.3794298851 -0.0288727435  0.1686505343  1.0000000000 -0.2291910116 -0.2282231429  1.0000000000
15.3143034136  2.3733962345 -0.5728936183 15.1622920676  3.3646232096 -2.9395550280 -0.1009126371  0.0173805540  1.0000000000  0.1963124552  0.0964361779  1.0000000000
12.7488490491  0.4090530759 -0.5241817208 14.0920298566  3.5221986766 -0.7716841862 -0.0731128494 -0.2205814709  1.0000000000 -0.0106359022  0.1736574193  1.0000000000
14.8618805351  0.5318060297  0.0458937941 15.3789741694  1.5649146498 -2.6030358802 -0.1704379988 -0.1348572287  1.0000000000  0.0981601259 -0.0743131235  1.0000000000
13.9088479941  0.2576867724 -1.9397774210 15.4185932572  1.2913863884 -2.6943051224  0.0420530014 -0.2575288535  1.0000000000  0.1137504506 -0.1026350097  1.0000000000
14.0915097185  3.1793249464 -1.2211362906 15.6508463512  3.4880616764 -1.8248456498 0.1020324320 0.1409119839 1.0000000000 0.1199626936 0.1465547612 1.0000000000
12.7054235123  2.3519960750  0.2930668278 14.3045812228  1.7928552003  0.9262215241 -0.1609386676  0.0780294249  1.0000000000 -0.2679332175  0.0227574976  1.0000000000
14.1124842051  2.6335395465  0.7426271870 15.5382397036  0.6814037820  0.3522742752 -0.2045093747  0.1157387543  1.0000000000 -0.2481120603 -0.0423121235  1.0000000000
13.7405528441  3.4411944809  0.7230561681 13.8234524398  3.6137573355 -0.5559826984 -0.1050464483  0.1682873066  1.0000000000  0.0440083066  0.2032145813  1.0000000000
12.7565999660  1.9283415615 -0.7525156308 14.8635032006  2.0897935880 -2.2977283509 -0.0006590254 -0.0603693306  1.0000000000  0.1486705321 -0.0469610448  1.0000000000
14.3335812742  3.9905770366 -0.5655429541 13.0708790670  3.7045656841  0.4799891204  0.0205770403  0.2200997014  1.0000000000 -0.0913451840  0.2743001694  1.0000000000
14.8028407608  0.9898131361 -3.4923518535 12.7298222698  2.3182913756 -0.6521218137  0.2121762968 -0.1832737102  1.0000000000  0.0725285010  0.0265319463  1.0000000000
13.1925471275  3.7208095649  0.6873768405 13.3527025990  3.2458183155 -0.7002317615 -0.1064457727  0.3045577693  1.0000000000  0.0705978096  0.1611532244  1.0000000000
13.2385576361  0.6478536635 -1.1395071179 14.2926406948  2.2804885019 -0.5421448348 -0.0357879125 -0.1740303252  1.0000000000 -0.0235537524  0.0973884848  1.0000000000
12.0065485312  3.5583384969 -1.5291220156 14.5482165212  2.2668985081 -0.1978622000  0.2832807446  0.2448807816  1.0000000000 -0.0775261194  0.0168406657  1.0000000000
13.4795321326  0.6189804489 -0.3614706196 15.5282179168  1.3636269432 -0.6173601692 -0.1126917915 -0.1792971698  1.0000000000 -0.0957845929 -0.0484834715  1.0000000000
12.8195437222  1.0099106002 -0.3767542433 12.1387977117  2.3460323504 -2.2291901557 -0.0300352437 -0.1628936140  1.0000000000  0.2427754158 -0.0463325477  1.0000000000
14.2280228507  3.1700035901 -2.5567182485 15.3266677588  0.4324063861 -2.7550928323  0.1906610825  0.0872921574  1.0000000000  0.0928116814 -0.2027584902  1.0000000000
13.5734266010  1.9141911874 -2.4340356530 12.2165315522  3.6419547688  0.2143938247  0.1908920909 -0.0856817169  1.0000000000 -0.0226136544  0.3094004211  1.0000000000
13.6987003875 -0.1291384566 -0.3820996980 12.6803337414  2.8272406699 -1.8868768547 -0.1128708573 -0.2509188872  1.0000000000  0.2042856639  0.0510305424  1.0000000000
14.7774954696  3.3305170853  1.1801137255 15.4831435325  3.2096855430 -0.7029141098 -0.1933157827  0.2622272793  1.0000000000 -0.0379609097  0.1554960988  1.0000000000
12.1766987754  0.3788637462 -1.7223820181 14.2083538953  0.4167256039  0.0485199777  0.1641830470 -0.2823012985  1.0000000000 -0.1373887504 -0.2047206790  1.0000000000
13.4329619566  3.7584639639 -1.6837171488 13.1159020979  3.6197273280 -1.7166483524 0.1538587048 0.1872815109 1.0000000000 0.1904508700 0.1470601847 1.0000000000
12.5640459626  1.0820598587  0.4471955650 15.9443554791  1.0555311402 -0.2003115533 -0.1552604324 -0.1017016509  1.0000000000 -0.0979243681 -0.0648944618  1.0000000000
13.9131055109  2.6266927801  0.7896522577 13.9929924423  0.4288004214 -2.4665266658 -0.2047645093  0.1032737676  1.0000000000  0.1397860187 -0.2529713012  1.0000000000
13.6101910717  2.5535378380 -1.5778501339 13.8839939124  1.8231204465 -1.0958880350  0.1066029142 -0.0010661845  1.0000000000  0.0116117183 -0.0602761132  1.0000000000
15.5050883747  2.3495864682 -1.4763756269 13.9603140510  0.6028754723 -2.2877794110  0.0495549418  0.0295057884  1.0000000000  0.0773910155 -0.2196010002  1.0000000000
14.7730859908  2.1206245136 -1.4675587354 14.3485185245  3.3065607616 -0.2166768697  0.0114444917  0.0215032170  1.0000000000 -0.0401382401  0.1777255082  1.0000000000
13.3810902266  3.9553636867 -1.1878574728 14.8183184060  3.0142186793  0.9727452286  0.1163739464  0.2601664718  1.0000000000 -0.2012436920  0.2107950361  1.0000000000
14.3542920017  1.4132840479 -2.5776634609 15.0271272463  3.8147709972 -2.1435465169  0.1494345913 -0.1139983687  1.0000000000  0.1493461603  0.1281525168  1.0000000000
14.3195754950  1.3098842594 -0.8278737598 12.8424662996  3.6963699987 -1.6088437962  0.0089773378 -0.0376395574  1.0000000000  0.2076482167  0.1455826735  1.0000000000
15.2769125084  2.9199641120 -0.6439989371 13.3153377145  1.4374558312 -0.7985178265 -0.0361167988  0.0965295812  1.0000000000 -0.0000031731 -0.0453498780  1.0000000000
11.6121000436  0.9556117960 -2.6036956745 14.1041820169  2.9437673239 -2.1228978396  0.3407334523 -0.2769373250  1.0000000000  0.2073424503  0.0923289739  1.0000000000
11.6284657830  0.5025820974 -1.8377186427 14.6811795012  2.6315365216 -1.5316830676  0.1630027306 -0.3467207579  1.0000000000  0.0897304219  0.0732580594  1.0000000000
14.5622131517  1.7895594333 -2.8145856037 13.9126834991  1.0595258919 -2.2729441807  0.1995812041 -0.0728600946  1.0000000000  0.1347365162 -0.1544795858  1.0000000000
14.0773082911  2.6220787035  0.9851786040 14.5301429120  0.7475141398 -3.2752077304 -0.2184899467  0.1790825249  1.0000000000  0.2181049475 -0.1910420916  1.0000000000
14.3615781520  3.5933375279 -1.3537521147 12.5340240275  0.3700509924  1.0411364978  0.0795454868  0.1647892445  1.0000000000 -0.2554668267 -0.2013502314  1.0000000000
14.2383082557  0.6804780140  0.2603307940 13.5913916230  3.7632089876 -1.4560010227 -0.1603464236 -0.1245268649  1.0000000000  0.1522179347  0.1780655624  1.0000000000
12.8620711611  3.8200801946 -1.3646894452 12.2342011785  2.3406240354  0.0457367098  0.1699978163  0.2073736077  1.0000000000 -0.0573452822  0.0664889395  1.0000000000
14.2273698342  1.8419145902 -2.0752971322 13.7167138353  4.2893824617 -1.9974858392  0.1433484610 -0.0499999861  1.0000000000  0.2211679061  0.2239350138  1.0000000000
12.8035448981  1.7480074300 -1.4420768547 12.9958948061  1.0374112565 -1.9058771809  0.1165942810 -0.0643870166  1.0000000000  0.1420082961 -0.1995585725  1.0000000000
12.9909650742  3.3267843637 -0.6250412895 15.3575876858  3.6559629858 -2.0452042219 0.0276581508 0.1760421989 1.0000000000 0.0948636007 0.1708883806 1.0000000000
16.0626835504  0.9124900094  0.2010461185 11.8368516400  3.5838825266 -1.6209638325 -0.1656282503 -0.0507484472  1.0000000000  0.2920037914  0.1640376697  1.0000000000
14.6504015182  0.6607927767 -2.7321605878 14.2287349101  0.3426718984 -0.9966005565  0.1425077057 -0.1951242389  1.0000000000 -0.0421973027 -0.2141403701  1.0000000000
15.5385469405  3.2540022879 -2.1894883536 14.3846717321  1.3755126341 -2.2668309662  0.1090431287  0.0726289974  1.0000000000  0.1023513091 -0.0909526737  1.0000000000
