112.1000000000
0
50
 -1.6620972564 -12.5911609947  -9.2810287621  -5.4129531071 -13.2035496385  -7.9813362473  0.0270975953  0.2966573759  1.0000000000 -0.0699787183 -0.2172415872  1.0000000000
 -3.3936804444 -15.4945220171  -6.7615512703  -6.0227266907 -14.9348280256 -10.2022874664 -0.2122097507  0.0093303589  1.0000000000  0.2411639655 -0.2074376530  1.0000000000
 -2.9481462432 -14.0367582877  -9.6040085266  -4.7027127119 -13.0341320117  -7.2195173116  0.0909972214  0.1080003228  1.0000000000 -0.1691369938 -0.2244421567  1.0000000000
 -5.1967274947 -14.5191713672 -10.1408341735  -2.9157239430 -14.0460150414  -7.0786095723  0.2218808393 -0.1179225208  1.0000000000 -0.1735426323  0.0667907680  1.0000000000
 -4.2254737431 -14.9450773785  -6.8021343255  -3.8144347687 -14.5337819789  -7.0999207194 -0.1576292189 -0.0810482194  1.0000000000 -0.1866884640 -0.0461400929  1.0000000000
 -3.2524400376 -13.4426094311  -6.9618572138  -1.9965448794 -15.9290436879  -7.0753464058 -0.1886265566 -0.0077309187  1.0000000000 -0.2054378261  0.1856359146  1.0000000000
 -2.1577184419 -13.5746465217  -9.5176105856  -2.7934713061 -13.5583611132  -9.5793537355 0.0835983474 0.2013894182 1.0000000000 0.0983234304 0.1488327768 1.0000000000
 -4.5777082282 -12.9473192645  -8.1340265132  -2.9382388816 -12.1060133211  -9.0347638822 -0.0601423818 -0.1906013454  1.0000000000  0.0775654367  0.0593117598  1.0000000000
 -4.3528338341 -12.5228110183  -9.6473907932  -1.9612811805 -12.6111891180  -8.5159457309  0.1311592386 -0.1070060867  1.0000000000 -0.0962705221  0.2255340419  1.0000000000
 -2.8951709548 -12.7971790231  -9.7581130306  -3.7159452365 -12.6674333708  -7.3298745645  0.1299447417  0.0863331086  1.0000000000 -0.1929826832 -0.0888777325  1.0000000000
 -2.5606501735 -13.5903307763  -9.5241272212  -2.7598658215 -13.7046882325  -9.2754337967 0.0730453366 0.1769066359 1.0000000000 0.0670640082 0.1317784724 1.0000000000
 -5.3011460968 -13.2923931403  -8.3484346554  -3.4247744673 -12.1037952518  -7.5923638231 -0.0093408545 -0.2485738435  1.0000000000 -0.2119510784 -0.0596923623  1.0000000000
 -2.8304118048 -15.0548337156  -8.3522890017  -2.6076856770 -12.7892175190 -10.8882328986 -0.0548949059  0.0764384396  1.0000000000  0.3163040733  0.1667485469  1.0000000000
 -1.8566911224 -14.8378965381  -8.0177150181  -4.9640583901 -12.9931755306  -6.8968358938 -0.1368691568  0.1524966573  1.0000000000 -0.2524297231 -0.2288094856  1.0000000000
 -5.0339448541 -14.6972780731  -9.4740954534  -3.4459295749 -13.6362594197  -7.2162528862  0.1421640112 -0.0811713558  1.0000000000 -0.1618186436 -0.0575123966  1.0000000000
 -2.7129577902 -14.6741111932 -10.4346711002  -4.5535052243 -12.7120334938  -9.1133211001  0.1858500461  0.2052094563  1.0000000000  0.0932549115 -0.1299563527  1.0000000000
 -3.3478833572 -15.4455402250  -9.3902584230  -2.2012228047 -13.3186040191  -7.3150078414  0.0793266046  0.0599050858  1.0000000000 -0.1837353900  0.1293328060  1.0000000000
 -3.8130691204 -13.9929202990 -10.0429764598  -3.4784865274 -15.5803833253  -9.0847147006  0.1750359489 -0.0340893645  1.0000000000  0.0247485071  0.0829594298  1.0000000000
 -4.7584843551 -15.1684746053  -8.7188879442  -2.6703020274 -12.6644308863  -9.4718750832  0.0262851555 -0.0802927326  1.0000000000  0.0901787402  0.1181148099  1.0000000000
 -3.8517807376 -12.8608472563 -10.2332041808  -2.3489061642 -16.0908664763  -8.1905542826  0.2001968944 -0.0094812196  1.0000000000 -0.0537753281  0.1763482549  1.0000000000
 -3.0158874399 -12.2681021171  -7.6090226068  -2.9363436135 -16.0203584245  -8.3589560785 -0.1891592336 -0.0005073848  1.0000000000 -0.0418385322  0.1132891086  1.0000000000
 -2.9816434935 -14.3306449625  -7.1575887303  -1.9863243802 -13.5004756549 -10.4756507865 -0.1683841167  0.0673656294  1.0000000000  0.2124768597  0.2599405815  1.0000000000
 -3.6368622945 -13.2937354563  -8.2415241000  -3.6598015936 -12.4761899925  -6.8519829043 -0.0779888927 -0.0561375878  1.0000000000 -0.2456919553 -0.0842350171  1.0000000000
 -4.8607681625 -14.7829810643  -7.7545093977  -3.7670496694 -13.1317614122  -6.7955518922 -0.0845875034 -0.0894002765  1.0000000000 -0.2618132596 -0.0933326517  1.0000000000
 -3.7081026426 -15.8735238604  -8.4884618114  -3.6082821170 -15.3177407229  -8.1886098815  0.0024088319  0.0013891626  1.0000000000 -0.0545639341  0.0124106859  1.0000000000
 -3.0237259403 -12.9632280348 -10.5329044331  -3.0541471000 -13.5990640751  -9.5809880041 0.2430246484 0.0864571452 1.0000000000 0.1552901034 0.0856930137 1.0000000000
 -4.6535459338 -14.7680960786  -7.7288409610  -3.6077425681 -15.3659730615  -7.6490441813 -0.0658027235 -0.0615766298  1.0000000000 -0.0863618851  0.0538328978  1.0000000000
 -2.3722722336 -15.2301340174  -9.7005939284  -4.4980872983 -11.9406422581  -6.8773229491  0.1089667652  0.2229479706  1.0000000000 -0.2515915999 -0.2157125591  1.0000000000
 -1.5602318163 -12.7786795671  -8.2241834347  -4.5095600572 -13.5574657050  -9.1354359953 -0.1568059193  0.2693942936  1.0000000000  0.0664864742 -0.1050565139  1.0000000000
 -4.2759121048 -13.5407900155  -7.4952610708  -5.5881556681 -15.3747648036  -9.4829880579 -0.1190899734 -0.1504587551  1.0000000000  0.1285809733 -0.1416365078  1.0000000000
 -4.0666741571 -13.0904912144  -8.5139273612  -2.2918123712 -12.9912089201  -7.4354683998 -0.0368093654 -0.0869686628  1.0000000000 -0.2085228520  0.1253576977  1.0000000000
 -3.8478362960 -15.5225951569  -8.1275647127  -4.0846189728 -12.8447376284 -10.4720478743 -0.0198225040 -0.0193805178  1.0000000000  0.2670560171 -0.0547057830  1.0000000000
 -5.2432343642 -13.5856630764  -9.9041284143  -4.6395296157 -12.5635145047 -10.5430433119  0.2064209170 -0.1769834630  1.0000000000  0.3161276305 -0.1661413957  1.0000000000
 -4.1185899195 -12.8771284914 -10.3015382100  -2.1141418099 -14.2004965917  -7.6822459481  0.3194105042 -0.0743747852  1.0000000000 -0.1268240642  0.1619966165  1.0000000000
 -4.0095141680 -12.3688507566  -8.6143898547  -4.4860900567 -13.2068826045  -9.0702890735 -0.0141405809 -0.1111584488  1.0000000000  0.0536225856 -0.1286691460  1.0000000000
 -3.2502839154 -12.7481328848 -10.7149585864  -2.5212080903 -14.6746417044  -9.6315378162 0.3009028160 0.0849604470 1.0000000000 0.1180408451 0.1673920493 1.0000000000
 -2.5927144705 -14.9494417550  -7.6534435390  -5.3047431595 -11.9565274960  -8.9974125533 -0.1441424410  0.1434340473  1.0000000000  0.1052540811 -0.3124454544  1.0000000000
 -3.4732208642 -12.1602189501  -9.8782106098  -2.9563387877 -15.4901563917  -6.7635929300  0.1764794020  0.0040097315  1.0000000000 -0.1453678434  0.1212265364  1.0000000000
 -2.2450007446 -15.6781334981  -8.4590059375  -3.9024114669 -14.8103940955  -7.6083884720 -0.0321841697  0.1464775763  1.0000000000 -0.0713594229 -0.0004052537  1.0000000000
 -3.6810829939 -15.7326306988  -8.9161260213  -1.9824641425 -14.0458509460 -10.4065395913 0.0398621456 0.0186436185 1.0000000000 0.1643317411 0.2415005228 1.0000000000
 -4.6361659398 -11.7037003795  -8.4944701808  -2.9691105999 -15.9461808156  -7.9309400146 -0.0079060410 -0.2534906607  1.0000000000 -0.0711235708  0.1043960685  1.0000000000
 -3.6016256394 -14.4392585036  -6.9831107707  -3.3451835104 -15.3452548704  -6.9961413729 -0.2002299333 -0.0204676779  1.0000000000 -0.2162223549  0.0381568560  1.0000000000
 -3.1650350555 -13.9728172471  -9.0935367022  -3.1358890744 -12.8553424153  -7.8653201256  0.0841566317  0.0460547679  1.0000000000 -0.1145687047  0.0214305223  1.0000000000
 -3.5960254807 -12.7648552971  -7.4958483633  -5.1364368533 -14.2136792038  -8.9759372921 -0.2038314488 -0.0587659126  1.0000000000  0.1040174183 -0.1675126645  1.0000000000
 -5.2777633266 -15.0496062995  -7.2861662996  -3.2994833771 -13.7493245303  -7.5827443541 -0.0870442098 -0.1298632116  1.0000000000 -0.1353040190  0.0184744718  1.0000000000
 -3.1563513359 -13.2060519529  -8.1766904560  -3.4269097834 -14.9112814681  -7.0117627313 -0.0751096055  0.0205498850  1.0000000000 -0.1761007809 -0.0165554445  1.0000000000
 -4.4246414600 -12.0140867541  -8.9364917798  -4.6817152280 -12.1183589037  -7.2157574527  0.0491740652 -0.1510354639  1.0000000000 -0.2152440892 -0.2646188923  1.0000000000
 -3.2863164345 -13.0047334735  -9.9825555194  -2.5199539108 -15.3469458110  -8.0918423372  0.1914856469  0.0623766069  1.0000000000 -0.0522495876  0.1380083524  1.0000000000
 -5.0438276415 -11.8663751810  -9.4997234141  -2.7880258743 -13.1820276113 -10.4947376222  0.1681200291 -0.2574093512  1.0000000000  0.2409377051  0.1724318695  1.0000000000
 -3.1061233245 -15.3522713435  -6.7374763337  -4.8387363837 -12.0015608160  -8.7957929202 -0.2117830864  0.0667087355  1.0000000000  0.0708751126 -0.2353685906  1.0000000000
