521.8000000000
0
50
5.1128169915 8.0983203254 0.8096772610 2.5024517258 8.3772197069 0.4086693859  0.0991847444  0.0944785533  1.0000000000 -0.1125623381 -0.0620593811  1.0000000000
 2.5304209479  5.1734657671 -0.6788452889  1.4338404810  8.0873532966  0.5287771217  0.1535589000 -0.2813808827  1.0000000000 -0.2243128065 -0.2105369271  1.0000000000
 3.6680264240  6.8996506943 -2.4413281799  5.3834255312  7.9849050102 -0.0685694434 0.0579154362 0.1027207396 1.0000000000 0.0764215765 0.1217301865 1.0000000000
 2.0745344928  7.3868559625  1.1061920040  2.5531766643  7.5490193932 -2.6049195540 -0.0225752814 -0.2051314586  1.0000000000 -0.2059122749  0.0201708433  1.0000000000
 4.3751320979  7.3237806459 -1.4904711479  4.9724486413  7.2694670833 -1.3938337136 0.0445008301 0.1039201955 1.0000000000 0.1432672381 0.1579767004 1.0000000000
 4.1077389034  8.0740203767 -1.6915962033  3.8724898962  6.1778493772 -2.1334155321 -0.0024971878  0.1811788937  1.0000000000  0.1618067002  0.0289293978  1.0000000000
 4.6649534706  6.8699100615 -1.7409161996  3.6706419571  5.6940772566 -2.0063158276  0.1742938880  0.2061019943  1.0000000000  0.2130524482 -0.0248329927  1.0000000000
 3.0044663060  7.0458455992 -2.0349170407  2.4565411066  8.0163338732  0.0819239899 -0.0120558588 -0.0382659020  1.0000000000 -0.0803539110 -0.1505661977  1.0000000000
 1.5957700080  7.0546193033 -0.5345852728  3.3477026533  6.0861306891  1.0827793795 -0.1057323777 -0.2516424450  1.0000000000  0.1391676411 -0.1983847645  1.0000000000
 3.8732368374  8.0227834840  1.0492269733  4.1988090341  8.7507225130 -1.1660689923  0.0531672229 -0.0383932621  1.0000000000 -0.0741239378  0.1955688708  1.0000000000
 1.5287098884  7.6243526003 -1.1845347624  3.4884763335  6.7891404588  0.5938737678 -0.2208642445 -0.1716250316  1.0000000000  0.0951612423 -0.1114098565  1.0000000000
 3.3371032489  7.6227499977 -1.0638056060  4.2561815879  5.8998102759 -1.7206545467 0.0048148989 0.0229253642 1.0000000000 0.2036268512 0.0479903538 1.0000000000
 4.0525663679  8.9790293953  0.4204571251  3.1844109155  6.4542364023 -0.7844064967 -0.0883707433  0.0904545501  1.0000000000  0.1022206011 -0.1079564684  1.0000000000
 4.6634721118  7.4204402468 -0.5031135576  4.3099490755  7.0380989490  0.9875867391  0.1112888401  0.0490637784  1.0000000000  0.1591257629 -0.0475155972  1.0000000000
 2.5318329512  8.2966148936 -0.0442299351  3.2956973293  9.1332959712 -2.8457446377 -0.1469885691 -0.0738816534  1.0000000000 -0.2730887927  0.2016976477  1.0000000000
 1.9853092870  7.6156306303 -0.2577816481  4.7944638453  8.4667657415 -0.8882335063 -0.1192762064 -0.1572286292  1.0000000000 -0.0090051711  0.1620895422  1.0000000000
 1.5246529221  8.1526576170 -1.3688701627  3.6972013295  7.5075757873  0.2248638683 -0.2343500050 -0.0699690893  1.0000000000  0.0248973067 -0.0437216663  1.0000000000
 2.4546999942  8.1154285177 -0.4256646879  4.5646827194  8.4505138490  0.3905283221 -0.1237752843 -0.0916599962  1.0000000000  0.0421428926  0.0685693425  1.0000000000
 2.1736272409  7.9512135482 -0.4680811680  2.4547202977  5.9428080245 -1.0222961625 -0.1173244999 -0.1028696332  1.0000000000  0.0727744851 -0.2257492108  1.0000000000
 5.9903802243  7.5508901256  0.7688602427  5.5073707999  6.8724530890 -2.4096813511 0.2184601160 0.1177800046 1.0000000000 0.2244802594 0.2730040572 1.0000000000
 2.0082374723  8.3897603493 -2.0265508512  3.3422526210  5.3919143631  0.1224726753 -0.2867795491 -0.0639465060  1.0000000000  0.2392892635 -0.1568869810  1.0000000000
2.8591958797 8.9569260005 0.7853947791 3.0741577121 7.0836309874 1.6660279523 -0.1102507962 -0.0373750026  1.0000000000  0.0453846595 -0.1391224888  1.0000000000
 5.1510337592  6.4074201788 -0.6285624518  4.2321355128  7.4645562095  0.0615145415  0.1965137222  0.0863536662  1.0000000000  0.0606215084 -0.0028101796  1.0000000000
 3.0338513322  4.8081169727 -0.5440594460  1.5917582827  8.1133364815 -0.8616369394  0.2568223099 -0.2327148159  1.0000000000 -0.1696755574 -0.1603232367  1.0000000000
4.0493942564 6.6383492985 1.8618343508 4.3993119254 6.9465351337 1.3005072833  0.1416576377 -0.1516283933  1.0000000000  0.1121231363 -0.1153426346  1.0000000000
 3.5124432315  8.6418475814 -0.0429785224  2.1247538224  7.2009072711  1.0687587142 -0.0514903153  0.0382783117  1.0000000000 -0.0455161712 -0.2404610685  1.0000000000
 5.7522514332  7.7169823148 -0.6831254710  5.9776328842  7.5808604222  0.1019755464 0.1729577202 0.2098764717 1.0000000000 0.1794954129 0.1617376183 1.0000000000
 3.1932146803  6.9103231011 -0.6603994537  1.0693843385  7.5807090396 -0.6555405204 -0.0049903762 -0.0658465361  1.0000000000 -0.1841331414 -0.2510337355  1.0000000000
2.4083739219 8.9425639257 1.2263986814 4.1175388462 8.9119199249 0.3881021326 -0.1847277326 -0.0866244245  1.0000000000 -0.0567630588  0.0096083072  1.0000000000
4.6438182371 8.3810701184 0.7326572423 5.1903128220 6.8636375809 0.6052353387 0.0144828889 0.1076209599 1.0000000000 0.1691871349 0.0360134267 1.0000000000
3.1897099785 7.3471124173 0.0755924562 2.7802730000 7.3424714971 1.5334077153 -0.0276136214 -0.0572222412  1.0000000000  0.0150882929 -0.1912979458  1.0000000000
 3.9460472715  7.8551506882 -1.7782106339  2.8846637595  7.5272615868 -2.2801168012 -0.0207908753  0.1087512295  1.0000000000 -0.1255954220  0.0692443295  1.0000000000
 5.8568431834  8.8057674807  0.3723501366  3.6689172190  6.5793094862 -0.0710727629  0.0587292827  0.1757732330  1.0000000000  0.1015420891 -0.1018543666  1.0000000000
4.3956413520 5.9170900607 0.4047914406 3.4010795038 6.9452157755 0.7425106864  0.2179377850 -0.0785836474  1.0000000000  0.0985672369 -0.1640579279  1.0000000000
 1.8112197416  6.8235028392 -1.6908099282  3.2351185736  5.6353735640  1.0472500157 -0.1283218113 -0.1741932180  1.0000000000  0.1833939028 -0.2400469936  1.0000000000
 3.2994626361  8.7938772666 -0.8280649467  2.8091797714  7.4970010654 -2.3937254062 -0.1518766467  0.0302509956  1.0000000000 -0.1122631440  0.0684787716  1.0000000000
 3.5463296610  9.7572740321 -1.4090259445  4.7377038154  7.3459868736 -3.1812099402 -0.2074245778  0.2055638130  1.0000000000  0.1028102197  0.2863777966  1.0000000000
 4.9515687664  7.9243070789 -2.1515609143  5.0645278026  7.0735847985  1.2152157204 0.0295750562 0.2756250962 1.0000000000 0.1542639733 0.0744288778 1.0000000000
 1.9631651272  7.7980094190  0.3587683281  4.7265376933  8.5234234666 -0.8871059810 -0.0905589357 -0.1795907959  1.0000000000  0.0389681782  0.1629691792  1.0000000000
 5.1911422169  7.4949782416 -2.1989392633  4.4890612508  7.2482953810 -0.5738522743 0.1435474184 0.2414960768 1.0000000000 0.0818279557 0.0838404575 1.0000000000
 2.2091882640  7.2685801453 -0.5799959761  4.0169204906  6.0930263548  0.3871118793 -0.0739603616 -0.1366362928  1.0000000000  0.1979501159 -0.0892603980  1.0000000000
5.6380138177 8.1414755636 0.2792153913 5.6045909672 8.2617618513 0.3515019115 0.0968632775 0.1411883085 1.0000000000 0.0880317373 0.1629411415 1.0000000000
 3.0847215030  6.2096386617  0.1165960906  1.3000066392  6.8357796494 -1.7193124114  0.0787678257 -0.1468718504  1.0000000000 -0.1643835430 -0.2282125537  1.0000000000
 4.4193380947  9.2955411992  0.3405482188  2.2561680992  7.6253987272 -1.8068731555 -0.0683828729  0.1471695180  1.0000000000 -0.1415098880 -0.0300539115  1.0000000000
 3.3846616393  9.0352618734 -0.6439742170  3.3354014919  5.6784503030 -0.5094880399 -0.1150475268  0.0273369048  1.0000000000  0.1747417224 -0.1103441775  1.0000000000
 2.2568213068  8.3608782516 -2.9380060428  2.1353214337  7.2378849039 -0.9043555087 -0.2946260179  0.1061661021  1.0000000000 -0.0667522120 -0.1427038430  1.0000000000
 1.3513218033  7.2346531417 -1.2714506790  1.4695459716  8.7388658447  1.3560579862 -0.1845603285 -0.1935293695  1.0000000000 -0.1687389425 -0.1960575978  1.0000000000
 3.0993720944  8.8154916692 -0.4173966156  3.2889351645  8.0814140224 -1.5295079013 -0.1185125593  0.0265888894  1.0000000000 -0.0785789699  0.0303831543  1.0000000000
 2.7898406948  9.0132147270 -0.9103037385  4.6689978118  8.7449920307  0.2344085767 -0.2131671703  0.0345188882  1.0000000000  0.0158051338  0.0909773143  1.0000000000
 2.0362364647  7.7185166732 -2.2002706719  3.6945353956  8.0543181594 -2.0224432875 -0.2258074421 -0.0630134957  1.0000000000 -0.0637466975  0.1268434218  1.0000000000
