219.4000000000
0
50
 0.8792075479 13.9858862684 14.8870961891 -0.2503293689 14.2753707661 13.9453355348  0.1750396919 -0.1536505343  1.0000000000  0.0745970984  0.0003792353  1.0000000000
-0.1986140340 13.5631500655 13.5957505370 -1.3048314590 12.0739356556 14.4266423177  0.0188783418 -0.0829202307  1.0000000000 -0.1455705572 -0.1893941307  1.0000000000
-2.3202576037 15.1453797834 13.0496944723 -1.0373342799 15.0220506248 13.6403883931 -0.1485343064  0.1154669686  1.0000000000  0.0265196613  0.0779595416  1.0000000000
-1.2280256961 13.2618142279 11.4594956375  0.0700785568 15.0655749698 14.4929441536 -0.2070944620  0.1483593401  1.0000000000  0.1257396517 -0.0087381909  1.0000000000
 0.9827091686 15.3640573348 12.0037698759 -1.6306561976 15.4035148197 13.9399384687  0.1796880425  0.2875828804  1.0000000000 -0.0456724006  0.1173400123  1.0000000000
 0.9103957029 13.0743459469 13.3154551520 -0.9051243965 13.8294140542 10.6015955063  0.1584774113 -0.0943652344  1.0000000000 -0.2092174474  0.3150989686  1.0000000000
-0.5867382524 14.3623855520 14.1306034046  0.7077526559 12.1169213322 14.0689723021  0.0629830701 -0.0226458858  1.0000000000  0.0822017906 -0.2572417378  1.0000000000
-0.6008735603 14.8421203354 11.9505486393 -1.9782842809 14.1528416472 12.6019878409 -0.0090757287  0.2412250908  1.0000000000 -0.1620342985  0.0618035986  1.0000000000
 1.4879583516 15.0212883970 11.6186671017 -0.2450688848 13.8322365838 11.7906355176  0.2419870993  0.2972947112  1.0000000000 -0.0444368110  0.1716668726  1.0000000000
 0.3690428034 11.3801659153 13.1182473230 -2.3070192882 12.6399767616 15.0019759381 -0.0532815331 -0.2144040067  1.0000000000 -0.1635663166 -0.1992712029  1.0000000000
-0.0906524383 12.6767055564 13.3370581384 -1.6143623463 14.4682968888 14.7614206617 -0.0424473496 -0.1215550304  1.0000000000 -0.0106334467 -0.0562475145  1.0000000000
 1.8716583305 12.6868740072 13.8709489634  0.7173011426 14.7028517220 14.7247272013  0.2724056687 -0.2146122144  1.0000000000  0.1739702505 -0.0536539392  1.0000000000
 1.1511603807 14.9838771168 12.3564441387 -0.5116716573 14.4163093737 14.1497205333  0.2364279392  0.2016350326  1.0000000000  0.0401998643 -0.0065933839  1.0000000000
-0.9576413994 15.0204650571 14.0569445835 -1.5770367240 15.0128719308 12.7790689790 -0.0000105860  0.0557096191  1.0000000000 -0.0680275531  0.1276252069  1.0000000000
-0.0479782674 13.9494629714 11.1681760161 -0.5575852423 14.4637211335 12.5539534247 -0.0387189293  0.2293542660  1.0000000000 -0.0110054843  0.1176221633  1.0000000000
 0.5355286428 13.1495867307 15.0289356232 -2.3329230532 13.0192520724 15.4228494580  0.1116670980 -0.2126186499  1.0000000000 -0.1546101293 -0.1887841365  1.0000000000
-0.6582868665 12.4098929015 13.6684147415  0.6262147521 14.8861914097 11.9469520959 -0.0551971765 -0.1700128927  1.0000000000  0.1259849374  0.2331551219  1.0000000000
 0.5520919936 12.4115898789 13.4506902699 -1.2257655492 13.3300724838 10.3937522391  0.0157836395 -0.1458676136  1.0000000000 -0.2814031353  0.3066644468  1.0000000000
-0.3236226885 15.2442640392 13.1132980149  0.2236917865 13.2285733892 12.4691193110  0.0542462125  0.1163891691  1.0000000000 -0.0421276512  0.0349101586  1.0000000000
-0.8725097361 14.0659491039 12.8279761257 -2.2931764378 13.0099551455 14.9592247645 -0.0629609017  0.0356979029  1.0000000000 -0.1672740620 -0.1624501892  1.0000000000
-1.1583422844 13.6066979790 12.0572403735 -0.4237016398 13.1354275293 11.4677500279 -0.1661247766  0.1285821531  1.0000000000 -0.1461157791  0.1487647545  1.0000000000
 0.1823299635 12.0869187063 13.7561732520 -0.8934216038 13.4080059029 13.6516471193 -0.0612096060 -0.2473915366  1.0000000000 -0.0627985761 -0.0457922546  1.0000000000
 0.3347210399 13.7192726291 12.5546251954 -1.0344649121 14.9660572724 13.7235771273 0.0717826691 0.0501551608 1.0000000000 0.0327143659 0.0725285222 1.0000000000
-1.6001231546 13.6471649774 14.4596292712  0.8681543539 14.3435590722 13.6229218262 -0.0908588262 -0.0970376183  1.0000000000  0.1304186350 -0.0222454555  1.0000000000
-1.1166335870 13.3765386384 15.7461164726  0.2667611295 14.8830167861 11.7677920558 -0.0225038342 -0.1775961559  1.0000000000  0.0920877168  0.2373072946  1.0000000000
-0.7205116725 12.8095601863 13.4425473531 -2.1939572386 13.0314787881 13.2718690137 -0.0749775113 -0.0657387110  1.0000000000 -0.2300042544 -0.0569739228  1.0000000000
-2.4900131899 14.5207316561 13.3486589666  0.1650612777 12.7520134992 13.5871016806 -0.1625416600  0.0959897911  1.0000000000 -0.0087255877 -0.1714968442  1.0000000000
-2.0561425354 13.6121807538 13.2868977650  1.1867777587 13.2486014457 13.5142265568 -0.1937216003  0.0208830701  1.0000000000  0.1560396544 -0.1147153567  1.0000000000
-2.1041424168 12.6474341118 14.4278871571  0.9112373064 13.3474056673 12.0057605170 -0.1442007509 -0.1545981055  1.0000000000  0.0960855644  0.0608525610  1.0000000000
-0.6872679711 15.0081492183 14.4012845289  0.0984607484 14.6657066312 12.1270800592 0.0823811942 0.0091627173 1.0000000000 0.0331851821 0.2155564926 1.0000000000
 0.1193745506 14.8622431766 15.6879609676 -0.6631035110 14.1988696663 11.4361143648  0.1550016984 -0.0670343002  1.0000000000 -0.0661538468  0.2279864245  1.0000000000
 1.6795401946 15.0472665876 12.6893989142 -0.7948423981 12.0717786568 13.8606224250  0.2808164022  0.1457011188  1.0000000000 -0.0936884850 -0.1880197950  1.0000000000
-0.4001615261 16.0482692373 13.9923506878 -0.4641930076 10.7901391291 12.8143770531  0.1107301353  0.1135971564  1.0000000000 -0.2457544092 -0.3227981668  1.0000000000
-1.8907341332 14.8885428737 12.9907447819 -0.0303750427 16.2635397145 13.8580037393 -0.0763298228  0.1172148460  1.0000000000  0.1912493947  0.1566695539  1.0000000000
-0.6686587611 14.2716950065 12.5502548108 -0.1255439078 11.3561601885 13.1475438989 -0.0569069126  0.1033376015  1.0000000000 -0.1147448129 -0.2673945913  1.0000000000
-0.3860164082 12.9848794019 15.1282179449 -0.6051202121 13.3946726491 13.9604100815  0.0388886432 -0.1909653986  1.0000000000  0.0035588692 -0.0928051050  1.0000000000
-2.1310639523 14.5400269896 13.7080371015 -1.5035929429 13.0115233071 15.4587535237 -0.1156615938  0.1124712324  1.0000000000 -0.0367076271 -0.1750112769  1.0000000000
-1.0168238388 13.6999304166 10.7403892164 -2.4932400999 15.5046510153 12.7807807267 -0.1957985525  0.2786341000  1.0000000000 -0.1452516267  0.2151275910  1.0000000000
 2.1800064856 14.3206225911 12.0156072820  1.1911262357 14.2383994440 12.8341652286 0.3286835915 0.1604080427 1.0000000000 0.2550046124 0.0872750376 1.0000000000
 0.7874140871 11.9475041482 13.5585149102  0.1604269654 13.2824643380 14.4538949765  0.0141167745 -0.2211394107  1.0000000000  0.0688702453 -0.1356344563  1.0000000000
-0.5209915250 15.9141174989 13.3313329887 -1.6410114059 12.5415304437 12.3989627286  0.0808435868  0.1746565211  1.0000000000 -0.2691259773 -0.0721916899  1.0000000000
-0.4349307616 14.2435525933 14.6566096510  1.3359091591 12.2974974701 12.9432369748  0.0544887300 -0.1073019654  1.0000000000  0.1652796218 -0.1710553656  1.0000000000
 0.3765876050 13.3304508525 13.3521049746  0.0101026273 13.3005569950 13.8692499312  0.0429157066 -0.0846408641  1.0000000000  0.0033546470 -0.1046562469  1.0000000000
-1.2101605780 13.3002507907 13.9621257408  0.8311633689 15.0947840784 13.9559956661 -0.0959884586 -0.1003069298  1.0000000000  0.2217921077  0.0140168501  1.0000000000
-1.9055061068 13.5453989454 11.9557069603 -2.1790436130 13.7532884182 14.9028596878 -0.2660733539  0.1185813269  1.0000000000 -0.1028227478 -0.1030468235  1.0000000000
-1.6977914913 12.1967537454 14.3248299852  0.4000744984 13.2977130273 13.1510519176 -0.1669807530 -0.1811969394  1.0000000000  0.0834231288 -0.0365394111  1.0000000000
 1.6865766362 13.3022412326 14.2155690247 -2.1679796927 13.3855969189 14.8727617966  0.2391187127 -0.1919464527  1.0000000000 -0.1138339465 -0.1370663589  1.0000000000
-0.2618709791 14.2955192721 13.5365317753  1.8640247928 12.4116413546 14.3089130663  0.0214712802  0.0154113851  1.0000000000  0.2563708243 -0.2787299263  1.0000000000
-1.8576121571 14.3222625612 13.1451509667  1.7830433326 12.7392454059 13.1239793875 -0.1083790866  0.0809177275  1.0000000000  0.1821972622 -0.1048611735  1.0000000000
-1.2661517346 15.5519915175 14.0224724643 -0.3833982492 16.0379881315 14.4682774547 0.0153370561 0.1176818978 1.0000000000 0.1715332590 0.0674343534 1.0000000000
