496.4000000000
0
50
 8.1433753318  9.8173049674 -2.2986094068  6.7654537755  7.5382018615 -5.4329364896 -0.2163805288 -0.1217438032  1.0000000000  0.2223354033 -0.0991462854  1.0000000000
 6.9607893792  8.7807115623 -4.8611334165  7.8282771389  8.7353000596 -4.0122672724  0.1551096481 -0.0581260945  1.0000000000 -0.0211968143 -0.1588691469  1.0000000000
 8.6608336323  9.4570306238 -2.8512682488  5.4360159494  8.2237765275 -5.4283941328 -0.1294796623 -0.2052130147  1.0000000000  0.2078865166  0.0571899942  1.0000000000
 7.9716885917  8.9626836493 -3.5629283770  6.2264780029  7.4159381013 -5.4702436226 -0.0760942709 -0.1119314365  1.0000000000  0.2148071939 -0.0206317564  1.0000000000
 5.8447667595  6.5946320385 -2.7932697331  6.8330479612  9.3127651525 -2.3913314975 -0.0941144880  0.0551058716  1.0000000000 -0.1113306291 -0.0119872535  1.0000000000
 6.7572140457  8.5417200547 -3.0498933646  4.5586788876  8.5727864522 -3.9770280858 -0.1051429297  0.0326755333  1.0000000000  0.1022361780  0.2104260034  1.0000000000
 5.1203041356  8.0664813211 -5.4088088800  6.7572199115  7.3185217688 -2.2358499364  0.2265406923  0.1052292781  1.0000000000 -0.1572579039  0.0721245760  1.0000000000
 7.1413662488  9.2183577145 -2.6255024165  7.9459702015  9.4431681882 -5.5781120752 -0.1365164719 -0.0358264275  1.0000000000  0.1493826397 -0.1506311933  1.0000000000
 4.6914044393  9.3718658369 -5.5072684724  7.2041967446  6.9689349806 -3.5954042530  0.1894965861  0.1716377790  1.0000000000  0.0187414632 -0.1065766162  1.0000000000
 6.7549516563  6.9517934974 -2.2181503437  6.9622613190  8.0980965652 -4.4182679390 -0.1731709275  0.0107726875  1.0000000000  0.0643055705 -0.0764360182  1.0000000000
 8.6811377887  8.7684752166 -2.6842981494  5.9316621188  6.1557260618 -1.6678194938 -0.1534864795 -0.2212489456  1.0000000000 -0.2370104956  0.1332976877  1.0000000000
 6.8695613651  8.3655588571 -5.1750465057  5.9174773115  8.5542689077 -2.9418219654  0.1564885100 -0.1067570906  1.0000000000 -0.0989025351  0.0572555629  1.0000000000
 6.2448566674  8.9334995362 -4.7229205547  6.3108903686  9.5802890093 -5.0583117363  0.0727200363 -0.0069352210  1.0000000000  0.1390481260  0.0106133339  1.0000000000
 6.6536583446  8.9956746647 -4.4942608408  5.2116378182  8.8873307062 -5.4880928445  0.0509392834 -0.0296080197  1.0000000000  0.1914271651  0.1073274136  1.0000000000
 4.5827694047  6.9932006593 -3.0929783482  5.8593143357  7.3810429572 -4.8352797602 0.0044430378 0.2387214944 1.0000000000 0.1868959626 0.0129088842 1.0000000000
 6.8733226372  5.9151199997 -4.9871682633  6.9549546801  6.5001569882 -3.9173916301  0.2389693407 -0.1093817914  1.0000000000  0.0628662910 -0.0915954771  1.0000000000
 7.8979589367  6.6265235886 -5.5065044154  5.5220363755  6.1749630610 -3.6493789546  0.1976490548 -0.2307163369  1.0000000000  0.0931816026  0.1487856051  1.0000000000
 6.6676725868  7.6482970143 -2.0594982135  6.2993502857  6.3863368671 -3.8580131231 -0.2008385866  0.0484518674  1.0000000000  0.1037652667  0.0642146246  1.0000000000
 7.5078446752  9.7575809387 -2.1228510816  7.5819829345  8.0582586414 -4.9557037563 -0.1631106158 -0.0685698305  1.0000000000  0.1151396668 -0.1464879066  1.0000000000
 6.4902906136  8.0089792112 -4.6608093742  5.1058291674  6.1565424932 -2.4790557317  0.1080909094 -0.0332834096  1.0000000000 -0.1009345640  0.2477147143  1.0000000000
 4.6043251930  9.3025050077 -4.0169112385  7.4569034986  8.4041310518 -6.0043684826  0.0522273574  0.1843513686  1.0000000000  0.2021914437 -0.1377908131  1.0000000000
 7.1523566041  7.1095418599 -1.8902534306  6.1671567917  6.4247750932 -4.5673924825 -0.2440625653 -0.0344235483  1.0000000000  0.1857965441  0.0247289450  1.0000000000
 4.9293694707  8.9977205673 -2.6675712097  7.7941249407  9.0356861629 -5.4241916163 -0.0993908146  0.1491975396  1.0000000000  0.1560854559 -0.1407177784  1.0000000000
 8.4816134393  7.6558037120 -2.7421651174  5.9547159989  7.7434273360 -2.9058381262 -0.1512626603 -0.2427124237  1.0000000000 -0.1056100851  0.0526621072  1.0000000000
 7.1866559205  6.4736930846 -4.8823707159  7.1056803899  9.4350497206 -4.6911709926  0.1869757986 -0.1572108593  1.0000000000  0.0954123674 -0.1084534259  1.0000000000
 7.5599413334  6.7271554417 -4.3220070262  4.6470539566  9.3164612045 -4.5898945994  0.0710679308 -0.1765840681  1.0000000000  0.1216939079  0.1836047589  1.0000000000
 7.9092166039  9.4296417196 -2.9118887292  6.7493321038  9.4255921437 -4.7934978659 -0.0785876191 -0.1080418338  1.0000000000  0.1141450706 -0.0262002022  1.0000000000
 7.6819244814  8.4787650651 -4.6568988885  8.0674333935  5.6347771645 -4.8570917497  0.0313245792 -0.1543303031  1.0000000000  0.1848592755 -0.3087512277  1.0000000000
 6.3027564457  8.9506233710 -5.0691846130  4.7554627397  9.8375225920 -3.4675375416  0.1850051424 -0.0575318276  1.0000000000  0.0098457225  0.1805012656  1.0000000000
 7.5781965007  6.9750239986 -4.8034001094  8.3550428165  6.4069661199 -2.0796075150  0.1335111304 -0.1601739619  1.0000000000 -0.2932613147 -0.2542959418  1.0000000000
 7.2167926103  9.0278801954 -2.9085174598  7.6499014788  7.5577161577 -2.5040554885 -0.1208396400 -0.0605096155  1.0000000000 -0.1807093208 -0.1146200137  1.0000000000
 7.8673111864  6.5593543107 -3.2918105650  7.7817858607  7.1607210833 -4.9570245602 -0.0532010285 -0.2043023286  1.0000000000  0.1455593948 -0.2246729482  1.0000000000
 4.8589650170  6.0628792829 -4.8897549215  4.8499317426  8.6569505645 -5.2887745257 0.2907046999 0.1806673473 1.0000000000 0.1983936116 0.1148400578 1.0000000000
 5.9264374218  7.8800684595 -3.3147160195  5.9550916083  7.1632515283 -3.0519697639 -0.0543345857  0.0766237137  1.0000000000 -0.0502670744  0.0881005727  1.0000000000
 4.5326824311  9.0661612525 -3.6349769716  7.8473250143  7.8286748283 -4.6582438708  0.0222029388  0.2452044590  1.0000000000  0.1194819565 -0.1845779694  1.0000000000
 5.2654323451  8.4039393501 -1.5865452892  7.3297392854  9.1527970070 -3.2224274357 -0.2280776282  0.1831296206  1.0000000000 -0.0313485023 -0.0758145146  1.0000000000
 6.4433492141  9.7393598845 -3.7884590438  4.7869134357  7.2253376508 -3.6225116104 -0.0272451903  0.0166242270  1.0000000000  0.0957336166  0.2211335689  1.0000000000
 8.4390193933  6.1923126416 -3.5398513743  5.6191961291  6.0700212461 -2.2090516135 -0.0502696606 -0.2982492757  1.0000000000 -0.1579991633  0.1564779703  1.0000000000
 7.0464887454  9.5017218397 -5.5710583099  6.0063064726  7.4525929986 -3.7101188956  0.1612660905 -0.1012355390  1.0000000000  0.0283563504  0.0817527616  1.0000000000
 6.7799576964  8.9702071773 -4.0008060369  4.5137877309  7.2390034638 -3.8125713123  0.0158858094 -0.0489361872  1.0000000000  0.0764121885  0.2477607124  1.0000000000
 6.1537055691  5.8755357381 -3.6464004983  6.5337258742  5.8543290093 -5.0789003259  0.0265059996  0.0833381574  1.0000000000  0.2405131051 -0.0562556510  1.0000000000
 6.9852376091  7.2719775009 -3.3647816390  5.7050202109  9.2562574704 -2.9394134779 -0.0409411591 -0.0862223646  1.0000000000 -0.0112455778  0.1525798141  1.0000000000
 5.2275185916  7.6236083860 -2.7144518982  5.3206644666  9.3295012386 -1.9635922136 -0.0757018727  0.1600601285  1.0000000000 -0.1307872000  0.1734931113  1.0000000000
 5.0962721743  6.1455272473 -2.7379466071  6.9270191500  9.3143694550 -5.9770937494 -0.0508630431  0.2413550974  1.0000000000  0.1943905575 -0.1099666866  1.0000000000
 8.1263852906  7.6877235528 -3.6836718602  6.7025340292  5.8893542508 -3.0606792934 -0.0323272804 -0.1819555475  1.0000000000 -0.0623985075 -0.0319989797  1.0000000000
 6.1812069689  8.2290016432 -5.5114595634  6.4084159262  6.7240221102 -2.9176897774  0.1898292623  0.0087007883  1.0000000000 -0.0615062296  0.0332744191  1.0000000000
 4.6360091547  6.1668899145 -4.0744245792  5.4868348931  7.8723954700 -3.3763497444  0.1653280070  0.2784810885  1.0000000000 -0.0386127484  0.1318116856  1.0000000000
 7.8582619907  9.1133770039 -3.4125692350  8.5528586105  6.4788135511 -2.8135164634 -0.0644400978 -0.1254886961  1.0000000000 -0.1361271296 -0.2777598134  1.0000000000
 8.4192754393  6.9424122571 -2.3003010439  8.4122445939  8.3364093896 -3.6352570614 -0.1824856130 -0.2505679081  1.0000000000 -0.0562374560 -0.1597948918  1.0000000000
 6.4304608302  8.3501562252 -3.6110327725  5.9476129823  5.8420324829 -5.1257618795 -0.0088714756 -0.0206192213  1.0000000000  0.3216363333 -0.0185825473  1.0000000000
