392.9000000000
0
50
 7.9024990204 11.6042340947 13.7451830459  7.0363773233  8.8940490172 11.7852635668  0.0797754126 -0.0063421620  1.0000000000 -0.0592781666 -0.0260032205  1.0000000000
 8.3098082236 11.2008829824 14.2486650251  4.8326716343 10.3012937517 12.0080273221  0.0794254072 -0.0817259931  1.0000000000 -0.1948292383  0.2294664982  1.0000000000
 5.7840447788  8.9824300254 11.8855653656  5.8661408254 10.6508420172 13.3512725462 -0.1945078650  0.0755020747  1.0000000000 -0.1065671807  0.1067644585  1.0000000000
 7.3293863213 10.3958687689 12.2370097430  7.3086187115  9.2274929723 14.7746691662  0.0691704775  0.0403241322  1.0000000000 -0.1386177924 -0.1967527675  1.0000000000
 8.0889351708  8.8320672892 13.8128615028  5.1464905658 10.8274661618 12.5585465627  0.0136793293 -0.2350293282  1.0000000000 -0.2173275091  0.2318328387  1.0000000000
 7.2031064454 12.3199359122 13.2981971869  5.1773183697 10.8751086545 12.8581401497  0.0696744466  0.1069512951  1.0000000000 -0.1670705738  0.1488099934  1.0000000000
 6.4483145381  9.4789916024 10.9051442037  7.4604975302  9.5108324059 14.5710648206 -0.0532333004  0.1777649780  1.0000000000 -0.0635890352 -0.1828317044  1.0000000000
 9.4605239093 10.6277800577 13.5908360421  7.0501018249 12.2276790087 12.8819799492  0.2133727936 -0.1547908047  1.0000000000  0.0313359737  0.1559931780  1.0000000000
 6.7237743446  7.8969567018 12.3852733243  5.6708971262 11.2396145792 12.3599803325 -0.1993129087 -0.1877425954  1.0000000000 -0.0923623593  0.1912481973  1.0000000000
 6.8696105380 10.4895170765 14.4100767310  5.4483959416 10.2752355479 11.7431658142 -0.0805480266 -0.0183719825  1.0000000000 -0.1739081006  0.2558896942  1.0000000000
 8.3488398040 11.3643835329 11.1343053760  8.6177944596 11.7600804247 14.0737344577  0.2247159178  0.1648729180  1.0000000000  0.1747319668 -0.0586205287  1.0000000000
 7.7117083325  8.9293066288 11.6752738693  8.7006706368  9.3400152134 13.4711286791  0.0637416988 -0.0238256926  1.0000000000  0.1025189781 -0.2001924613  1.0000000000
 8.1114507554 12.3233277507 12.4694861343  7.8675954734 11.5333907787 12.8878412964 0.1761277233 0.0902868409 1.0000000000 0.1257011916 0.0519489955 1.0000000000
 8.7279049990 10.7805958153 11.3665328772  9.2863523096 10.1286471348 13.1163223783  0.2943167465  0.0510538271  1.0000000000  0.2452109362 -0.1440179189  1.0000000000
 7.3677629319  9.5029211975 15.1497053401  6.3737366950  8.1563034246 12.5334781202 -0.1110152395 -0.2020158659  1.0000000000 -0.2190861713 -0.1441368820  1.0000000000
 8.5673705864 10.6985785424 11.0665537307  6.5079102841  9.7589016531 11.7727335854  0.2346887757  0.0988356862  1.0000000000 -0.0779182725  0.0786699187  1.0000000000
 7.8490260786  9.9223635755 10.5275046195  9.2408224202 10.2048060451 13.3666810413  0.1925218504  0.1438831948  1.0000000000  0.1687442420 -0.1629319278  1.0000000000
 7.0454438797 11.0936132864 10.8111451604  6.2694204454  9.5519204589 11.5883608938  0.1353892326  0.2772019672  1.0000000000 -0.0999588909  0.0920888008  1.0000000000
 9.8599324706 10.6034120541 14.4654418038  6.0670788930 10.8754493298 14.1691055708  0.2118392946 -0.1789042450  1.0000000000 -0.1338288200  0.0058697908  1.0000000000
 6.5528054316 10.0799955808 14.3531551602  7.5465628843 11.3888476553 14.5030731777 -0.1351337241 -0.0667242344  1.0000000000  0.0201090146 -0.0568366164  1.0000000000
 5.9240953490  9.2907913808 11.8047892526  7.9112138873 10.6112386119 10.2838710403 -0.1653657130  0.1193734281  1.0000000000  0.2425606807  0.2279560337  1.0000000000
 6.9518850302 11.3043375447 11.6685336416  8.3698317931  9.8827173131 11.7571432615 0.0506470428 0.2545606586 1.0000000000 0.2096867200 0.0144320186 1.0000000000
 7.7660673366 10.1969398798 10.7933858250  6.4776652351 12.0079433805 12.8296289049 0.1397401421 0.1754534365 1.0000000000 0.0527727361 0.1247872065 1.0000000000
 6.7465862232  9.7870066138 11.1325436392  5.4524334244  8.6393685084 11.9886281351  0.0312103111  0.1888944678  1.0000000000 -0.2797487947  0.0398776656  1.0000000000
 7.1415124456  8.8382811728 12.6510847280  8.6183184054  9.8737862982 12.6799922353 -0.0708441824 -0.0795966233  1.0000000000  0.1786242494 -0.0692260852  1.0000000000
 7.2077969135 11.1542775084 14.2800480032  6.5242947494  9.0236573309 11.8873228276 -0.0166139333 -0.0191717439  1.0000000000 -0.1183612340 -0.0019429221  1.0000000000
 5.3414351523 12.4502884217 13.4767759501  8.4308023820 10.0037914576 13.5028276426 -0.1253882818  0.1879840398  1.0000000000  0.0874392616 -0.1714154428  1.0000000000
 7.3029603088  9.3849168248 12.9574643519  7.2765317514  8.0291447368 12.9234670789 -0.0083958686 -0.0777591257  1.0000000000 -0.0949846389 -0.2582124061  1.0000000000
 6.2276448283  9.2063097882 14.3557534379  8.1497115157  8.6765267895 11.9226217253 -0.2151786544 -0.1145712720  1.0000000000  0.1334124880 -0.1502801088  1.0000000000
 8.8750113957  9.7226065684 11.0501625185  5.7061919838 10.8479949356 12.0380832401  0.3001909924  0.0252783880  1.0000000000 -0.1634507501  0.1970009149  1.0000000000
 7.4286518924 10.5608321732 10.9874663648  5.6194355430 11.3956611923 12.6002514722  0.1222489748  0.1452629567  1.0000000000 -0.0976908561  0.1784340340  1.0000000000
 5.6618616980 12.1450211706 13.5423941499  7.2078580398  9.1285145596 11.8858563197 -0.1226378827  0.1562944117  1.0000000000 -0.0575746541 -0.0507681345  1.0000000000
 7.7860587464 12.3625153721 12.5040885875  7.9655301875 11.2627516154 10.3130001693 0.1703170416 0.1307842693 1.0000000000 0.2568436407 0.2436829997 1.0000000000
 6.0395386064  9.9861402355 13.1966319561  6.9337428490 10.6403830910 12.8076630897 -0.1774970876  0.0135637429  1.0000000000  0.0314337445  0.0134317163  1.0000000000
 8.5181234111 10.4981683832 10.8596564421  9.2220353895  8.7726497690 12.1672987080  0.3072642301  0.1406352751  1.0000000000  0.2485000364 -0.2714963692  1.0000000000
 8.1951626729  9.7746845861 12.6635922839  6.7007556488 10.5105024160 10.3721660742  0.0808526927 -0.0760660768  1.0000000000  0.0614518715  0.2621646807  1.0000000000
 6.4682429583 10.8571334129 11.3499521002  9.7886646733  9.8343533206 13.4843236570 -0.0090228011  0.2141147038  1.0000000000  0.2566766279 -0.2148384083  1.0000000000
 7.6944496869 10.2137762180 10.2191333071  9.1158156339 10.3056805795 14.5011948737  0.2326131703  0.2246546496  1.0000000000  0.1130326686 -0.2014230506  1.0000000000
 6.5819821589 10.8532674682 13.6870804498  9.5982741367 10.9424479568 14.4256145729 -0.0904529521 -0.0144174148  1.0000000000  0.1960585021 -0.1650194565  1.0000000000
 8.1477391133  9.4982015776 12.7865898982  8.3945941461  9.8642854431 12.1484616198  0.0948897141 -0.0967963508  1.0000000000  0.1457681160 -0.0485042663  1.0000000000
 5.3557887803  9.5968111355 11.6668417050  5.1881764798 11.6196128996 13.4320743933 -0.1939559632  0.1809436633  1.0000000000 -0.2098451275  0.1262570851  1.0000000000
 6.1453055271  8.6176677323 13.9588655813  5.3190282068 11.4351121464 13.9880689022 -0.2736266758 -0.1668794046  1.0000000000 -0.1549997796  0.0851898321  1.0000000000
 8.2736708970 12.4519708561 12.7187326336  8.7844731135 11.4714051734 12.5010150942 0.2087183133 0.1095680454 1.0000000000 0.2152046788 0.0695753702 1.0000000000
 7.6727526951  9.5772029797 12.9998420315  8.2471939966 10.3485165380 13.9868079017  0.0184680987 -0.1074152166  1.0000000000  0.0386125373 -0.1403311391  1.0000000000
 8.5923931141 11.4623972499 12.5345365138  5.9236576717 10.4564104319 11.4803395691  0.2053776479  0.0602828659  1.0000000000 -0.1184365170  0.2255248256  1.0000000000
 6.7642532171  7.3448220158 13.0670517593  8.3515836920 10.9496788004 10.2346876849 -0.2305850583 -0.3211874506  1.0000000000  0.3072454844  0.2053897954  1.0000000000
 6.6395304187  8.6176249728 12.9625570659  9.5018364177  9.3702893697 12.2461303257 -0.1897974461 -0.1371133534  1.0000000000  0.2894696091 -0.2116391452  1.0000000000
 8.9504025172  8.8329459727 13.0840306136  6.2424254850  9.6868340933 11.8047309581  0.1370197895 -0.2453961277  1.0000000000 -0.1215463276  0.1822728004  1.0000000000
 8.4922726547  8.4394912740 12.6460558411  8.0119812415 12.0200730463 12.0828031070  0.1212117861 -0.2311465528  1.0000000000  0.1908324446  0.1433606871  1.0000000000
 7.2005816711  9.5237106881 12.3389293426  6.3266144856  9.8424206728 11.5381686792 -0.0070800780 -0.0475308853  1.0000000000 -0.1117219241  0.1518147421  1.0000000000
