89.5000000000
0
50
3.9913185259 4.3974115182 2.8734505876 6.1161727397 6.6551798029 0.4061456371 0.0720856808 0.0420397997 1.0000000000 0.3503390082 0.2966583962 1.0000000000
 6.2067636180  5.6367716389 -0.1698252270  5.3700714432  4.2234715406  2.3842037043  0.3156722177  0.0867931756  1.0000000000  0.1793924426 -0.0077816976  1.0000000000
4.0512400572 5.0520198982 0.9684122645 3.7862921945 3.7340471878 2.4344960277  0.0522665092  0.0740699923  1.0000000000  0.0557359379 -0.0572514789  1.0000000000
 3.7838610047  5.4038370479 -0.8367008546  4.3166410979  2.6092560356  0.8919337151 -0.0646041782  0.0938130963  1.0000000000  0.0772377026 -0.1957403091  1.0000000000
 2.9846784260  5.4141546979  2.9457430465  2.9558938232  5.8349118987 -0.1010757444 -0.0645216222  0.1623269401  1.0000000000 -0.1740546864  0.1501694754  1.0000000000
4.9727492890 5.5113610623 1.7615272812 5.0226236393 6.2531404908 0.4759413543 0.1639942743 0.1345897656 1.0000000000 0.1439644765 0.2474242036 1.0000000000
3.6450784909 6.2743490371 0.0635906731 5.6983140647 5.5691691868 0.2971021073 -0.0323019457  0.2126631400  1.0000000000  0.2336792754  0.1522333636  1.0000000000
 4.7386555870  3.5672071705 -0.8895743807  5.8568518744  2.8026307289  1.5102447822  0.0000755387 -0.2165084282  1.0000000000  0.2620754640 -0.1908945390  1.0000000000
 4.9099260612  3.4444942101 -0.5101708388  4.3866265177  5.4458980591  1.3939895098  0.0548870863 -0.2074653572  1.0000000000  0.0631229789  0.1237350398  1.0000000000
 4.5202891798  5.8682102942 -0.4080568414  3.1724657173  6.3099019329  1.1990113506  0.0191010719  0.1799319217  1.0000000000 -0.0984899814  0.2693696400  1.0000000000
2.3570466017 4.3698516903 1.2129989783 1.9547521537 5.3720222730 0.5907400043 -0.1459105464  0.0459902017  1.0000000000 -0.1914110192  0.1056645353  1.0000000000
5.5438974242 6.7087682215 0.9504534246 4.3511794560 3.0408071131 1.1136288797  0.2296912274  0.2685090217  1.0000000000  0.0510549353 -0.1923937136  1.0000000000
 5.0090756850  3.6478590236  0.9562073166  5.4819628826  6.6528704666 -0.0378765977  0.1169879333 -0.1069772043  1.0000000000  0.2114928762  0.2717601357  1.0000000000
 6.5223555502  3.6504876933 -0.8117962714  4.6495473012  4.9343031688  1.6065226967  0.3220087910 -0.2651039486  1.0000000000  0.1083702180  0.1031657111  1.0000000000
4.0205267900 5.5572071419 0.0649176626 3.6887605405 3.0419509472 1.5662984213  0.0171734680  0.1088201489  1.0000000000  0.0067366838 -0.1010732068  1.0000000000
 2.3430449094  6.3554069749 -0.6239709759  5.4296288736  4.5434376675  0.3291616665 -0.3033493527  0.2539568291  1.0000000000  0.1528694220 -0.0396706518  1.0000000000
5.2491327657 5.5123338765 0.5980771843 6.2003016794 4.2656801602 0.0899382019  0.1566478913  0.1149873873  1.0000000000  0.2856373582 -0.1038685230  1.0000000000
2.5285959382 5.3873602385 1.8506397310 2.4962087859 5.8116898402 0.8064050311 -0.1392185626  0.1767875271  1.0000000000 -0.1601849588  0.1902135210  1.0000000000
3.1371137507 6.0501602644 0.2664908841 5.8551456210 4.7010845988 0.4820266280 -0.0952559260  0.2366570858  1.0000000000  0.2602785884  0.0069062873  1.0000000000
3.8423343795 4.7341310555 3.0066372899 5.4036551087 4.5811440966 1.0723325887 0.0772126129 0.0744085529 1.0000000000 0.1843065413 0.0147232674 1.0000000000
4.5239960229 4.5836918720 2.7958861744 2.2144823775 5.4737042892 2.4596550946  0.0880038360  0.0210250612  1.0000000000 -0.0650252994  0.1714202520  1.0000000000
5.4900040496 3.1158298162 1.8404803387 3.0707436514 3.9001346091 0.4397320999  0.1886264901 -0.1479915987  1.0000000000 -0.1210342697 -0.0628236528  1.0000000000
 2.6472814848  3.0072958307 -0.1445878761  5.4342315460  4.8543229356  2.3074609172 -0.1979335788 -0.1716681127  1.0000000000  0.2728932907  0.0775629642  1.0000000000
 4.6169086779  5.8396314647  3.0506737670  3.8345562016  3.7375855947 -1.0088342895  0.1443340199  0.1768072854  1.0000000000 -0.1076822096 -0.1801469119  1.0000000000
 2.8404155703  3.7084917427 -1.6960145337  3.7747497491  4.8150362446  1.6689063867 -0.2881484826 -0.2081994037  1.0000000000  0.0588377594  0.0480837118  1.0000000000
 2.6201233525  4.5153317055  0.5710154533  2.5818338394  4.4460640313 -0.4541040294 -0.1677996969  0.0554408206  1.0000000000 -0.2539280859 -0.0482250253  1.0000000000
3.2346071516 3.1737315383 0.2721181399 4.4793655212 5.3199404859 0.9033518167 -0.0704062336 -0.1410423827  1.0000000000  0.0694977080  0.1037676170  1.0000000000
5.0589851142 3.0476158567 1.4063019395 3.1955510483 5.5727809521 1.9620769529  0.1801935268 -0.1816374420  1.0000000000 -0.0742246141  0.1783976724  1.0000000000
3.1350153663 5.0874560382 1.5989457570 4.0754072638 5.8472360410 1.3907151813 -0.0601892964  0.0836092027  1.0000000000  0.0374019706  0.1699989782  1.0000000000
4.4859630687 5.7362051129 2.8078263275 3.3162420626 4.3967453162 2.1075709421  0.1200976177  0.1732227610  1.0000000000 -0.0062793862  0.0330875871  1.0000000000
6.2125991233 3.2730357432 0.5072874560 3.8561322579 4.1178384943 0.7053981784  0.2962249660 -0.2059959453  1.0000000000 -0.0087513565 -0.0032088628  1.0000000000
4.2060723614 6.0491562628 1.6712624381 3.1029641494 3.4567457372 1.6321216871  0.0433770092  0.2194764597  1.0000000000 -0.0833068767 -0.0630796165  1.0000000000
 3.7604034934  6.4191464115  1.1267270435  3.6706907324  5.6181732718 -0.1520480528 -0.0056988317  0.2498245100  1.0000000000 -0.0801806095  0.1633671932  1.0000000000
2.3780007487 3.8876553202 0.7008739730 4.9770416280 5.6799809679 3.6030240147 -0.1635411205 -0.0848867624  1.0000000000  0.1627648132  0.2176517627  1.0000000000
5.2234296493 5.4643564999 1.7701368613 4.0074652879 4.9970521350 0.3075223408 0.1743193891 0.1228018336 1.0000000000 0.0300992267 0.0924070477 1.0000000000
3.7807697514 5.8813511345 2.3861855836 1.8774379564 3.8491560383 1.0880883948  0.0559431584  0.2041471624  1.0000000000 -0.2416117548 -0.0256648556  1.0000000000
 6.2698313769  3.0210943415 -0.2521623356  2.6134299464  5.2486239962  2.0913257863  0.2790212834 -0.2883353299  1.0000000000 -0.0318474058  0.1448435886  1.0000000000
 3.6715664238  3.8666013069 -0.9423790252  1.9765013089  4.0443045957  0.7416694426 -0.1507668717 -0.1516301852  1.0000000000 -0.2372895568 -0.0030465189  1.0000000000
 4.4824780369  3.4090515107 -1.4867130080  4.1444583881  3.1978286377 -1.2544593267 -0.0598362789 -0.2735571199  1.0000000000 -0.0575099678 -0.2267714439  1.0000000000
 2.9543081296  5.3057546659 -1.1432755798  4.0633579105  5.7450985052  3.1341100014 -0.2895476585  0.0712589396  1.0000000000  0.0889196321  0.1568148301  1.0000000000
4.5937921570 5.4421641231 0.8719774595 1.9950133725 3.6636345267 2.0831034288  0.1398234268  0.1436952392  1.0000000000 -0.1450337191  0.0075310352  1.0000000000
1.9157932067 4.3931958242 2.2928795695 5.2107125945 3.9990555970 2.8612542149 -0.1095704807  0.0841758607  1.0000000000  0.1946076217 -0.0067335009  1.0000000000
 3.1155923412  5.2246022604 -0.5530279645  4.8006173983  3.6659238919  0.6635330627 -0.2019406274  0.1069551963  1.0000000000  0.1028881098 -0.1422748935  1.0000000000
5.1274223340 3.6993383563 0.7807745732 4.8509962995 3.6067777352 2.4854725181  0.1488669798 -0.0989119200  1.0000000000  0.1732479654 -0.0359995369  1.0000000000
 4.0851225269  4.4560469146 -0.3108281604  3.8263944001  4.0424331215 -0.0409266191 -0.0056733399 -0.0681048499  1.0000000000 -0.0283057731 -0.1143941486  1.0000000000
 2.8574222606  5.8109136388 -1.0655798043  3.9014355455  5.0936063220  1.8818742549 -0.2410946914  0.1536796865  1.0000000000  0.0263297577  0.1161271130  1.0000000000
2.4806500305 4.8118865781 1.8145940598 4.2213966292 4.4540817666 2.7155840307 -0.1062320584  0.0713791630  1.0000000000  0.0787149667  0.0488501537  1.0000000000
 2.7833795320  5.1450806075  2.1962704971  5.0286119451  4.0509314171 -0.9872641808 -0.0878181945  0.1176523725  1.0000000000  0.1127060274 -0.1668094285  1.0000000000
5.0847712969 5.1241268408 2.2416236832 3.0495854692 4.7806218510 0.4222511626  0.2018829753  0.0945281574  1.0000000000 -0.1445239663  0.0771087045  1.0000000000
4.7483469503 5.9672316351 0.4802266002 2.1956125746 2.7810404502 0.5909393372  0.0671447162  0.1644777687  1.0000000000 -0.1851605532 -0.2008491604  1.0000000000
