603.1000000000
0
50
-13.5538821361   5.2414357985  10.9035833200 -13.4449634902   2.9459868836  10.8172391512 -0.2295837521 -0.0211621117  1.0000000000 -0.0718424559 -0.2122097518  1.0000000000
-10.3485406756   4.3083882272   8.7324906257 -10.2252353565   3.4102004039  11.7998615927 0.0072590424 0.2071056997 1.0000000000 0.1999434327 0.0278167087 1.0000000000
 -9.9587364927   4.6421339252  11.3047288604 -11.3338009271   5.6995508947  11.6340832441  0.1480646456  0.1819786216  1.0000000000 -0.0187047312  0.1689454314  1.0000000000
-12.0297203094   5.5742698787  11.3656705178  -9.9828533143   3.7490519441  12.1411198433 -0.1276162755  0.1084042091  1.0000000000  0.2590934587  0.0859973842  1.0000000000
-13.0791873509   5.7769542602  11.7200705655 -10.6857586611   4.1773331763  10.6760867936 -0.1663647456  0.0136254172  1.0000000000  0.1249967462  0.0828208381  1.0000000000
-13.1420105896   4.9968519930  10.8769008130 -14.1158422135   3.6493089245  11.0599365532 -0.1657261314 -0.0363359411  1.0000000000 -0.1616686300 -0.1812279150  1.0000000000
-10.9946119361   1.1291177155   9.8232666613 -11.2565509138   4.6593073781  10.8393115358  0.2931827438 -0.2717060768  1.0000000000 -0.0341240747  0.1341305867  1.0000000000
-12.5868473287   3.6128171238  10.6297273958 -13.1753719365   3.1583509454   9.7220402382 -0.0411583671 -0.0922941328  1.0000000000 -0.1265701443 -0.2065416861  1.0000000000
 -9.4250537669   4.6640494514  12.1580021840 -10.3448079218   3.6264370577   9.1381954154 0.2338127804 0.1769901426 1.0000000000 0.0838905385 0.1057431712 1.0000000000
-11.5555811207   4.3898696165   8.5096280823 -10.9232218230   1.3574182939  10.1257046374 -0.1287788856  0.1134551399  1.0000000000  0.2759682609 -0.2120984940  1.0000000000
-11.4300868948   5.6102856835  11.4602133787 -12.0508465214   4.8067256623  12.0318315801 -0.0401127615  0.1554123009  1.0000000000 -0.0342222201 -0.0051854387  1.0000000000
-10.8428060715   3.8161570042   8.8915124888 -13.7841389213   4.2722444676  11.9574528793 -0.0328274137  0.0868516477  1.0000000000 -0.1079302803 -0.1073051027  1.0000000000
-11.1222503517   4.7502487750  10.3956380781 -12.7791570249   2.8291103926  12.2003000684 -0.0237553624  0.1354621200  1.0000000000  0.0630430583 -0.1821475340  1.0000000000
-10.3248109318   4.4301373209   9.0447143748 -11.2053205672   5.2808135060   8.4087370338  0.0047264725  0.2016509587  1.0000000000 -0.1322260393  0.2440729290  1.0000000000
 -9.8693080791   4.8215139154  11.7692087667 -11.9288332188   2.2026184533  13.1778189902  0.1619034618  0.1798915879  1.0000000000  0.1470458880 -0.1929948257  1.0000000000
-10.4136957629   5.0093208807  12.4218946085 -11.3056650561   4.9337742990   9.6011702168  0.1665255079  0.1638504300  1.0000000000 -0.0601231964  0.1194633252  1.0000000000
 -9.8094580942   4.2575309890  12.2238086473 -11.7731745019   5.2660855824   9.1792490020  0.2335588890  0.1456837854  1.0000000000 -0.1437881512  0.1379566675  1.0000000000
-11.0619570527   2.2569464783  11.2148155693 -11.7359367181   2.2122460604  13.1103642630  0.2068264466 -0.1177690427  1.0000000000  0.2045714025 -0.1470979373  1.0000000000
-11.6409971015   2.3748515112  11.3293582001 -11.3985915822   2.2844724101   9.4022668098  0.1579353623 -0.1714208287  1.0000000000  0.0840772254 -0.1934037823  1.0000000000
-10.1411422962   4.9520274537   9.7280007745  -9.8979089437   4.5459568455   9.2055414723 0.0368861869 0.2499169637 1.0000000000 0.0727502003 0.2635462022 1.0000000000
-10.5042190089   4.5054605133   8.7687665375 -13.6938161499   3.7928301518  11.4593756928 -0.0116206432  0.2391751726  1.0000000000 -0.1359099905 -0.1577744340  1.0000000000
-11.7408310663   5.8451203025   8.4503830220 -11.1872384835   1.8753511037   9.7643350179 -0.2518163199  0.2704903189  1.0000000000  0.2181358045 -0.1928743742  1.0000000000
-12.5150044585   5.1864890843   9.0166083906 -12.3092230149   4.7047056006   8.7985051326 -0.2845445571  0.0732443273  1.0000000000 -0.1932065980  0.0690595770  1.0000000000
-12.8948349145   2.8502183557   9.0898563204 -12.8464627507   3.5489435499  12.3064549769 -0.1031518758 -0.2458751860  1.0000000000 -0.0263841981 -0.1514323467  1.0000000000
-12.0168225459   4.1152312361  10.8583992575 -11.5930536871   4.1154524385   9.0878256772 -0.0399867712 -0.0130643685  1.0000000000 -0.0841317256  0.0125057165  1.0000000000
-12.6877720150   5.3799539153  11.0459392303 -12.2033219094   3.8512759271   9.3546236468 -0.1812660584  0.0148743794  1.0000000000 -0.1044805283 -0.0573374754  1.0000000000
-12.3799439124   4.8090725961   9.9712108682 -11.6123519701   4.8238789205  10.2843027753 -0.1166619659  0.0341800068  1.0000000000 -0.1081483411  0.0785549216  1.0000000000
-11.7944286344   6.2187444147   8.8414335629 -12.0823215704   2.4129305061  10.1100482974 -0.2450226945  0.2750256731  1.0000000000  0.0611779910 -0.1986495009  1.0000000000
-11.4847775223   2.7346100263  10.6239893494 -11.3563301578   2.4275296541  11.9423009481  0.1264660553 -0.1121519106  1.0000000000  0.1735084051 -0.1197604612  1.0000000000
-11.0120436753   4.8233079431   9.0638014448  -9.3949486619   4.6235331664  11.4972161105 -0.0603338018  0.1836788347  1.0000000000  0.1931388574  0.2272003061  1.0000000000
-11.4954476140   5.1597605276  12.2277814714  -8.8055038863   3.9918608328   9.7147181980 0.0204602994 0.1111592315 1.0000000000 0.2832667464 0.3095775059 1.0000000000
-11.7318065053   3.5785345645  10.2939911357 -11.7199169109   6.0242896913  10.3197269241  0.0425314787 -0.0567763210  1.0000000000 -0.1309922951  0.1735173015  1.0000000000
-14.0107220034   4.2569908057  11.8350353594 -12.8999431382   4.8880501213  11.9457514464 -0.1235017404 -0.1586543546  1.0000000000 -0.1005409804 -0.0333031171  1.0000000000
-10.6712503271   5.0286883985  10.7018517092 -10.5531991672   3.1637935597  10.0400161291 0.0521160748 0.1677818232 1.0000000000 0.1470891863 0.0266655272 1.0000000000
-10.6559603966   3.9915351103   9.2707714116 -12.1503990474   3.2775498620  10.6364481860  0.0413391372  0.1560614179  1.0000000000  0.0273293161 -0.0840465034  1.0000000000
-13.0441676957   3.6185997061   9.9326692420 -13.4730436115   4.6966465649  11.7607095511 -0.1347564138 -0.1371061696  1.0000000000 -0.1292833400 -0.0926485378  1.0000000000
-11.2049359581   4.9996672208  12.0597937369 -12.0062239606   3.3309880424  10.2371575413  0.0352198386  0.0516891058  1.0000000000 -0.0215007741 -0.1049142361  1.0000000000
-11.8197250306   3.0461222316  11.1905825329 -13.7081769238   4.2305335724  10.8762893606  0.0711981143 -0.1015480788  1.0000000000 -0.1738547303 -0.1267034051  1.0000000000
-10.1428952099   4.4170043013  13.0230053904 -10.5580989490   5.6439208857  10.5452449404  0.1899311678  0.0927385870  1.0000000000 -0.0025197280  0.2392891616  1.0000000000
-13.3961585365   3.2810698730   9.4717390306 -11.9516605871   4.8646132350  11.7770930034 -0.1954330712 -0.1529742296  1.0000000000 -0.0229454089  0.0111909009  1.0000000000
-12.2015462249   1.8942557140  10.5200971629 -12.1470021498   6.5265403789   9.9731292130  0.1429016439 -0.2071502912  1.0000000000 -0.2718473174  0.2221540898  1.0000000000
-10.4275866327   4.7742670445  11.8019183390 -13.5246380634   3.7865067693   9.4528024656  0.1491072888  0.1659677974  1.0000000000 -0.2385289053 -0.1395741911  1.0000000000
-11.8144364945   5.5781071576  11.4584851815 -11.4752979976   3.7520649296  10.6313646697 -0.0816025008  0.1174438236  1.0000000000  0.0347401580  0.0143592807  1.0000000000
-12.3409484950   4.3460693964  10.6574586480 -13.4480733802   2.8491085801  10.6578458540 -0.0802897338 -0.0731785190  1.0000000000 -0.1130903033 -0.2272818312  1.0000000000
-11.8247567776   2.8913475243   8.8153776158 -13.5484157146   3.4653619425   8.8184176153 -0.0319577038 -0.1068356175  1.0000000000 -0.2603318220 -0.2295604134  1.0000000000
-13.1279170582   5.1008933431  10.3117404169 -11.0087807706   1.3491881932  10.7020383021 -0.1970600235  0.0213358370  1.0000000000  0.2993286246 -0.2577189874  1.0000000000
 -9.7395659387   4.1160595452  10.1650446238 -10.4841408480   1.2861625632   9.7483789234  0.1518657431  0.1788634755  1.0000000000  0.3470242427 -0.2228739263  1.0000000000
 -9.2360119031   4.4493143796   9.3304970798 -12.4337883152   4.3132231053   9.9425857292  0.1528786118  0.3285516810  1.0000000000 -0.1293258879 -0.0128754542  1.0000000000
-12.6575163385   2.6793808393  12.8859009592 -10.6441901605   3.5608160237  10.2271891434  0.1014495638 -0.1942510437  1.0000000000  0.1098641090  0.0363572374  1.0000000000
-13.0522074969   5.5016516964  10.2987381750 -11.6157963334   5.0439728913   8.4086455249 -0.1988065415  0.0371510306  1.0000000000 -0.2361478449  0.1818157475  1.0000000000
