819.5000000000
0
50
-6.6234327187  9.4896320640  2.6562956330 -9.0443749226  8.1383299008  0.5382781763  0.1801202784  0.2168715629  1.0000000000 -0.2675968988  0.2237383276  1.0000000000
-7.0914909174  7.6756327629  2.6035145190 -8.7316336235  6.0057084110  3.3174261085  0.0834680458  0.0055474920  1.0000000000 -0.1327294394 -0.1546440044  1.0000000000
-5.5119154543  7.4074783869  2.5996253213 -8.2336979416  8.3161773954  3.1172771142  0.2764521806 -0.0821109598  1.0000000000 -0.0262246694  0.0649762551  1.0000000000
-8.3363513324  7.3359272505  2.8466281880 -8.1017477751  8.1138428794  2.9522436593 -0.0892470068 -0.0585954733  1.0000000000 -0.0061215473  0.0461460073  1.0000000000
-9.5568771274  6.4111686198  3.5602301884 -6.2729175102  6.6289656964  1.6055630071 -0.1970563448 -0.1201259927  1.0000000000  0.1735853826 -0.1074766444  1.0000000000
-7.0464159947  8.8510105779  1.9849280888 -7.1905867016  5.3567355830  2.2066371706  0.0829954450  0.1970224381  1.0000000000 -0.0195311264 -0.3390998218  1.0000000000
-9.0888874291  6.6183808958  1.1704243124 -9.5083649163  5.8811883956  4.0535211487 -0.2364916180 -0.0180401130  1.0000000000 -0.1866165202 -0.2089378590  1.0000000000
-6.8267467373  6.2744614896  1.5673815225 -8.2515835289  8.5650615577  0.2075238889  0.0547331913 -0.1347755783  1.0000000000 -0.1865555365  0.2564217159  1.0000000000
-7.0879616220  7.6648576536  2.8956895319 -8.8973421259  6.3123608646  4.1313722615  0.0828963999  0.0239261579  1.0000000000 -0.0526623508 -0.1763828433  1.0000000000
-7.5678866528  8.6873118399  1.4134286577 -6.3923517454  9.1736876459  2.0842212568 -0.0162466957  0.1839646851  1.0000000000  0.1677405969  0.2422342010  1.0000000000
-6.3264783552  6.2804165420  1.6386559512 -7.2362580204  7.6459936388  3.7174876346  0.1333454948 -0.1769560142  1.0000000000  0.1189831421 -0.0056243928  1.0000000000
-8.6700697700  7.4156330947  0.8491683299 -8.5303151698  6.7815266956  1.1163308332 -0.2435502162  0.1288251229  1.0000000000 -0.1792342527 -0.0190637078  1.0000000000
-7.6676179145  7.3128809182  1.7739074946 -8.6535905885  8.0506806319  3.6003310706 -0.0678708190  0.0158430085  1.0000000000 -0.0458440012  0.0288198906  1.0000000000
-5.5033700444  5.5259906867  2.0835753649 -6.2284338557  9.4249167623  3.5040338902  0.2609494108 -0.3462604619  1.0000000000  0.2846229964  0.1742564541  1.0000000000
-6.9147216036  6.8389312784  5.2590394768 -6.5537084415  7.4580103363  2.8100392284  0.1829878992 -0.1457548326  1.0000000000  0.1490256139 -0.0603786674  1.0000000000
-9.0332064118  6.8616547861  1.1589183647 -8.2923533786  6.6569223372  4.5260388768 -0.2761858829  0.0247185602  1.0000000000 -0.0185667919 -0.1544025433  1.0000000000
-9.2406693943  6.5982214610  2.7395558256 -7.7232043292  7.5904368944  3.5302535124 -0.1750771313 -0.0990389382  1.0000000000  0.0250991742 -0.0403272949  1.0000000000
-9.7745907404  8.3671819466  3.0686383567 -6.7845954235  7.3415343189  1.9551986126 -0.1462936142  0.0721877890  1.0000000000  0.1273636129 -0.0212308813  1.0000000000
-7.1656228705  7.7812289683  3.2866985556 -7.4180753572  6.2298607047  3.0587499992  0.0644873027 -0.0252554343  1.0000000000  0.0634855944 -0.1897191971  1.0000000000
-6.9364465768  6.0132144842  3.2172321002 -8.8565591763  6.9564692477  1.4641312352  0.0973100123 -0.2007867509  1.0000000000 -0.1892319417  0.0169663087  1.0000000000
-6.7670358116  7.8060163343  0.9690767720 -6.2021578654  7.4719757032  1.4150355170 0.0553101587 0.1344425741 1.0000000000 0.1564202842 0.0481182492 1.0000000000
-9.3693113727  5.8369195855  2.7136042558 -8.0171563895  8.7721773177  2.7612361493 -0.2227696044 -0.1752374992  1.0000000000 -0.0015747581  0.1193850273  1.0000000000
-8.4510820609  7.3255984930  1.0280426201 -6.7573687854  8.5621402796  1.6451650118 -0.2014136291  0.0303848677  1.0000000000  0.0856008357  0.1620374010  1.0000000000
-9.4224781302  7.3253517599  3.7999209130 -8.4803439542  8.7351072742  2.2621493957 -0.1465762193 -0.0564437504  1.0000000000 -0.0586336184  0.1724259302  1.0000000000
-7.3391330030  6.0683606393  1.4316923056 -6.5503190082  8.1168139470  3.9970622392 -0.0502977659 -0.1752346212  1.0000000000  0.2015732199  0.0079037455  1.0000000000
-7.8654241360  8.1089897117  3.8958673010 -8.9036726554  7.5372465487  1.7603989404  0.0552310188  0.0174285254  1.0000000000 -0.1765739617  0.0263136462  1.0000000000
-7.9410811465  5.4788983179  1.5835352684 -8.9175060636  7.6560366151  0.6376492481 -0.1203506581 -0.2423075730  1.0000000000 -0.2681021743  0.1292366965  1.0000000000
-7.4259803674  9.1869919320  2.8848930568 -8.1841335557  6.3319282319  4.2340094774  0.0945381653  0.1548937423  1.0000000000  0.0067087821 -0.2044843534  1.0000000000
-6.4823696167  9.4889910188  2.4409275684 -7.2438030854  7.7938629842  3.4139748030  0.1589755441  0.2361336474  1.0000000000  0.0653060464 -0.0123068796  1.0000000000
-6.8047472758  8.5521984839  4.8058621624 -7.6920815693  6.4383855181  2.4472609845  0.1924958724  0.0128544528  1.0000000000 -0.0448805120 -0.1559791602  1.0000000000
-5.4660607119  5.9203082443  2.9937253040 -7.9007438646  7.6993526796  4.0204572185  0.2764811438 -0.2734689075  1.0000000000  0.0212546448 -0.0073977984  1.0000000000
-7.7284819328  8.3262141486  4.4911551155 -7.7688898350  7.8131244336  1.2871310052  0.0407871076  0.0434178963  1.0000000000 -0.0645906359  0.1148237057  1.0000000000
-8.2227842668  6.2936669797  1.7772323093 -8.7196480746  6.2351394762  4.4605294526 -0.1379365670 -0.1424520744  1.0000000000 -0.0591700872 -0.1606479623  1.0000000000
-8.1851683985  7.2812602382  1.8707738109 -6.0095931197  5.9757829308  2.4150128288 -0.1221667226  0.0150733072  1.0000000000  0.1916331720 -0.2218062563  1.0000000000
-8.6048376953  6.1689213412  4.2865252572 -7.6003335879  7.5482847904  3.8584477213 -0.0426527801 -0.1944199414  1.0000000000  0.0583372240 -0.0461433936  1.0000000000
-6.6164519494  7.8155573255  1.5816260541 -8.6218943716  6.6337964112  0.9750550505  0.1330386192  0.0274969843  1.0000000000 -0.2352643404 -0.0271730893  1.0000000000
-7.3875112225  7.3730252429  3.7360816031 -8.1477590014  7.4862419774  1.8681868535  0.0606883168 -0.0450715185  1.0000000000 -0.0456396897  0.0101592454  1.0000000000
-7.6733530510  8.9748759070  3.2598767349 -7.7413335976  8.7979139948  4.3627050382 0.0666971143 0.1211893576 1.0000000000 0.0569738487 0.0919541594 1.0000000000
-8.6880149518  8.9315068426  0.9635929673 -8.4364468427  6.1496363322  3.2714862021 -0.1669917204  0.3068896237  1.0000000000 -0.1107748206 -0.1920995212  1.0000000000
-8.1140396429  9.0508374336  1.5635769359 -7.0315640203  8.6853736339  3.6736613458 -0.0678551884  0.2351637978  1.0000000000  0.1236730452  0.0677034727  1.0000000000
-7.8574714635  8.5667593050  1.6069235718 -7.2107450641 10.0332361318  4.3865007005 -0.0614729759  0.1672321161  1.0000000000  0.1548362097  0.1707426025  1.0000000000
-8.1693614421  7.3456810548  0.7812201099 -7.0855896065  9.6832461448  3.3534596213 -0.1379279730  0.0703967454  1.0000000000  0.1585609092  0.1760693189  1.0000000000
-6.7982522318  7.6449765615  1.0310519077 -8.9017832185  7.8534589658  2.8189323695  0.0320741821  0.0938193819  1.0000000000 -0.1043624321  0.0614256708  1.0000000000
-8.5595006105  8.5170846748  1.2551357067 -8.2024524579  7.2012639880  2.6122624916 -0.1259205737  0.2038358911  1.0000000000 -0.0581926926 -0.0570132309  1.0000000000
-8.9063747196  8.8944920627  3.1642887371 -5.3870782607  7.5760130936  2.1478152128 -0.0757685402  0.1707252851  1.0000000000  0.3088678413  0.0138311146  1.0000000000
-7.2061923682  9.5282183388  4.2710385065 -6.5559748875  8.7672572767  2.1134641255 0.1527567998 0.1546391850 1.0000000000 0.1754539864 0.1561062210 1.0000000000
-7.7918228231  8.6301455676  0.9637123287 -8.2441228603  7.7625912527  2.0251252837 -0.0690013199  0.2691931048  1.0000000000 -0.0356503763  0.0664612685  1.0000000000
-5.5366569381  8.0778345121  2.0152660678 -7.8179285237  7.0404780309  3.9726091316  0.3058725259  0.1696386719  1.0000000000  0.0866313461 -0.1041301322  1.0000000000
-8.7535579289  8.3406779709  4.2318334698 -5.8776309481  5.7985666167  2.6576549296 -0.0532738322  0.0161935931  1.0000000000  0.2268792237 -0.3130667785  1.0000000000
-7.3222757726  9.0145544849  2.6442669624 -9.6033936873  9.5846086308  2.9089334314  0.0586777521  0.1914384505  1.0000000000 -0.1820930787  0.2550532433  1.0000000000
