987.5000000000
0
50
 2.5399801944 -2.6139471950 12.5529641434  4.3910768591 -3.5489080025 11.4347493178 -0.0367755333 -0.0418920938  1.0000000000  0.2117117174 -0.1820446414  1.0000000000
 2.2420683887 -4.1240634463 11.4883279235  1.4844758908 -0.6592117854 13.0762439006 -0.1392270731 -0.2387112601  1.0000000000 -0.1407350279  0.1905156610  1.0000000000
 1.1918835618 -2.9532003110 10.5363791069  4.4501550230 -0.1428604541 10.7013541105 -0.2180487837 -0.0958659591  1.0000000000  0.2036562663  0.2800053223  1.0000000000
 3.8764996037 -2.3818856213 10.8430848386  2.4044997671 -1.7188537061 10.2850799306  0.0850023094 -0.0060528808  1.0000000000 -0.1338935312  0.1016131053  1.0000000000
 4.6165219880 -3.9025794708 11.8043597461  2.7513650360 -2.7197592147 11.0916257817  0.1909409928 -0.2545126493  1.0000000000 -0.0673132296 -0.0641104530  1.0000000000
 4.3931766274 -3.5962438640 10.6571382889  4.7466079000 -1.8026865975 12.2988638579  0.1879193052 -0.2124709624  1.0000000000  0.2013203869  0.0528256095  1.0000000000
 4.9421018822 -3.7543006669 11.6094783726  4.3900642479 -4.0760320623 12.7069355413  0.2597914970 -0.2359402746  1.0000000000  0.1423278146 -0.2121811783  1.0000000000
 1.5710378917 -2.9660587615 13.0932731137  1.5076945537 -1.9294808756 13.1347865452 -0.1324882668 -0.0974802024  1.0000000000 -0.1394636022  0.0443215990  1.0000000000
 3.2729031742 -0.6344445431 12.7012510445  1.9691907591 -3.8526043038 11.3262599486  0.0524635935  0.1319662869  1.0000000000 -0.1359850033 -0.2095926434  1.0000000000
 1.9846386895 -1.7241805003 12.6038947494  3.5503929295 -4.0785246296 12.3001019082 -0.1146658432  0.1122707702  1.0000000000  0.0775222563 -0.2652965413  1.0000000000
 4.2705136810 -3.0543692111 10.0207175946  2.1822939559 -0.5136124576 13.0549435665  0.2058448930 -0.1075845928  1.0000000000 -0.0730340754  0.1520279635  1.0000000000
 2.6153606792 -2.6027129865 12.8858036874  2.7012939629 -3.5553109603 12.7484534757  0.0152906183 -0.0426657687  1.0000000000 -0.0311441041 -0.1215665245  1.0000000000
 4.0029015342 -3.8087830972 12.2789585805  2.2319085291 -4.1126656241 12.7811285465  0.1665881202 -0.1946368052  1.0000000000 -0.0727672224 -0.2152081947  1.0000000000
 1.5871979163 -0.9858107620 13.3737867638  2.1538858230 -3.0619114086 11.8222730358 -0.1209589280  0.1338465003  1.0000000000 -0.0990626515 -0.1364079642  1.0000000000
 4.5505535656 -3.8074624082 12.9308994073  4.8176102833 -1.0793116113 10.0244248298  0.1880884526 -0.1628144329  1.0000000000  0.2690284627  0.1657544340  1.0000000000
 1.6430794585 -0.7941696358 12.2526544806  1.4226594455 -1.1990519010 11.2797641142 -0.1168995395  0.1480273194  1.0000000000 -0.2056433560  0.1129949900  1.0000000000
 2.8702807674 -1.7544523491 12.7860109036  3.7327615885 -2.4788250733 10.5635881068  0.0037855636  0.0211277062  1.0000000000  0.1339598782 -0.0409688046  1.0000000000
 3.9236713194 -3.8131263831 12.3350801419  3.9904064551 -0.4791979944 11.3277925688  0.1031087505 -0.1932375595  1.0000000000  0.1776340567  0.2219504484  1.0000000000
 3.0891907265 -0.5253480474 12.5092446754  4.1858096494 -2.1057892456 13.4008810324  0.0513311279  0.1760969063  1.0000000000  0.1399834961 -0.0293822122  1.0000000000
 4.7955473955 -2.8394977086 10.5721944113  3.8577796202 -2.5406388451 10.0730524155  0.2528143281 -0.1042913706  1.0000000000  0.0703369281 -0.0483617636  1.0000000000
 3.3408956160 -3.6992528681  9.6803263313  2.2271526994 -1.8194839002 10.3092290201  0.0187923667 -0.2372614563  1.0000000000 -0.1285004981  0.0806503791  1.0000000000
 4.6079213761 -2.4722534550 10.9507556250  2.0573812083 -1.5753531158 12.6845653073  0.2293649503 -0.0471384404  1.0000000000 -0.1054532276  0.0491855972  1.0000000000
 2.5550875786 -2.8415688484 11.3162385000  2.2611590658 -1.1448596748 10.1971228928 -0.0426766965 -0.1152629830  1.0000000000 -0.1650230404  0.1473016272  1.0000000000
 1.6340874570 -2.1886731501 13.1346838145  3.8239925823 -2.3683173695 11.5474370334 -0.1458509190 -0.0133434506  1.0000000000  0.1130526916 -0.0575395445  1.0000000000
 1.1444173613 -1.5757779060 10.6132034587  2.7540277474 -1.0499256010 10.4090171280 -0.2071880252  0.0800651867  1.0000000000 -0.0190742435  0.2083925620  1.0000000000
 2.9415342052 -0.9029345882 13.1059934079  1.6099385390 -4.0815186420 11.0356010026 -0.0242430856  0.1454795044  1.0000000000 -0.2302838784 -0.2670527891  1.0000000000
 3.0936530288 -2.7573315841 12.2792993389  1.7897633269 -3.5511802096 11.6465820980  0.0295042600 -0.0559802074  1.0000000000 -0.1402578921 -0.1509477476  1.0000000000
 2.9456470874 -1.6706850784 12.9318711114  2.2181924699 -0.9447691820 10.3309291768 -0.0185479585  0.0196862282  1.0000000000 -0.1225727229  0.2166571537  1.0000000000
 4.1191646714 -1.1420934270 11.6582864792  1.8897482334 -3.2686084659 12.2045340014  0.1521071522  0.1222850196  1.0000000000 -0.0941982672 -0.1025826378  1.0000000000
 4.6023795471 -1.9050082140 11.2513125161  3.6951665551 -1.0181538298 11.2134737746 0.1872592333 0.0352618139 1.0000000000 0.1598352880 0.1224571354 1.0000000000
 2.8087784279 -1.4633696896 12.7812356195  3.1972842531 -3.7993746588 10.9119505301  0.0282531715  0.0741983159  1.0000000000  0.0233118793 -0.2157064715  1.0000000000
 4.4569603000 -1.0110573379 11.5179515921  0.9735852784 -2.8746495622 13.2963729833  0.2160688278  0.1156649640  1.0000000000 -0.2018351110 -0.0282816097  1.0000000000
 3.7924367216 -3.3820271484 10.2896230454  2.8090712343 -2.5192248456 12.2709434979  0.1311628982 -0.2021322765  1.0000000000 -0.0274277895 -0.0283647286  1.0000000000
 1.6248849029 -0.5299898777 13.2728249086  2.6738310580 -1.7079052084 12.4966432340 -0.1415696715  0.1759436442  1.0000000000 -0.0237043859  0.0521876492  1.0000000000
 4.8585383880 -4.0646142596 13.6082398561  3.9790988411 -2.4695785619 13.0633893611  0.2190218600 -0.1953289571  1.0000000000  0.1131995313 -0.0482817789  1.0000000000
 2.8440892725 -3.2374036413 11.6078229522  3.3619874913 -1.8474472950  9.5738884242  0.0030847608 -0.1309518805  1.0000000000  0.0253491191  0.0669867271  1.0000000000
 2.3382765566 -4.0266871970 11.5300942015  3.7363907764 -4.0160182034 11.1181223584 -0.0620463979 -0.2268820164  1.0000000000  0.1034368333 -0.2577378792  1.0000000000
 4.4582687438 -3.2946015190 11.2943843242  2.1697824436 -0.6041284057  9.6595314436  0.1823177323 -0.1314000560  1.0000000000 -0.1264790174  0.2670483480  1.0000000000
 1.6674243112 -0.7413616511 11.4578597905  4.0685330846 -1.6615697224 12.5218654089 -0.1629810323  0.2254990674  1.0000000000  0.1152373415  0.0667998087  1.0000000000
 4.3293842505 -1.7609877268 10.2894512824  2.0234886847 -2.3971381021 10.0201613867  0.1733839906  0.0259218537  1.0000000000 -0.1542911733 -0.0524810426  1.0000000000
 2.5786961789 -0.2702099627 13.1758669806  1.1122312791 -0.2954999446 10.8057039596 -0.0138496292  0.2111929623  1.0000000000 -0.2499319843  0.2373933881  1.0000000000
 1.1199238245 -2.2162537331 12.9592224711  1.4664036447 -0.6805078781 10.2321539061 -0.2048992075  0.0003837353  1.0000000000 -0.2304289068  0.2440193578  1.0000000000
 2.1043005611 -3.0248727963 12.9048541645  1.7502384619 -2.8107385338 12.2256264118 -0.0542013780 -0.0707762955  1.0000000000 -0.0958164386 -0.1056926901  1.0000000000
 1.0515033328 -0.7646188007 13.1717403436  3.8659878239 -1.7911101697 10.1130662185 -0.1856323900  0.1651954844  1.0000000000  0.0985561265  0.0328655845  1.0000000000
 1.9060886084 -1.2059802284 13.0793607274  3.7576417371 -0.5452593279 12.4400337757 -0.0680801224  0.0688615912  1.0000000000  0.1043934491  0.1767072456  1.0000000000
 3.5879042753 -0.8644364850 13.2670058751  3.8166442801 -3.3914306228 11.0462106460  0.0837100521  0.1175179191  1.0000000000  0.1275366411 -0.1558377673  1.0000000000
 1.8362613188 -3.8392484236 10.9282206966  1.3207399535 -2.9892282236 11.1162331261 -0.1678694451 -0.1943061130  1.0000000000 -0.1839142174 -0.0944790086  1.0000000000
 2.4606897184 -3.4863005831 11.5918664262  3.6376280248 -0.6203929110 12.9028182130 -0.0432698943 -0.1502335475  1.0000000000  0.0923630373  0.1804975352  1.0000000000
 3.4208525798 -0.8010285303  9.6376688724  1.7366034566 -0.3419879324  9.7086980538  0.0683697347  0.2310838635  1.0000000000 -0.1976729837  0.2998818096  1.0000000000
 4.4542374748 -0.5936619942 12.6917413923  4.3740051632 -1.7649145129  9.7304627912 0.1502441860 0.1841553621 1.0000000000 0.2066949621 0.1070475721 1.0000000000
