509.8000000000
0
50
 5.9439504971 -4.0901289694 -7.8674075573  5.2072665087 -3.0095730661 -7.0064598316 -0.0138471354 -0.0959660940  1.0000000000 -0.1171480915  0.0392877549  1.0000000000
 4.6135260640 -1.6652513237 -9.5722383233  4.9968030539 -3.0143888838 -7.7947478456  0.0144858216 -0.0516941945  1.0000000000 -0.1179531845 -0.0290855517  1.0000000000
 4.3519081327 -1.2056018143 -7.6192280443  7.0956806375 -2.2630136803 -7.8626005462 -0.2166637917  0.1087787344  1.0000000000  0.1258646058  0.1001843942  1.0000000000
 6.5802288682 -2.0924806521 -7.6471185626  4.6051508020 -2.1870884644 -9.9278280772  0.0739415436  0.1484709637  1.0000000000  0.0756241325 -0.1291802818  1.0000000000
 6.8053939942 -1.5301136114 -9.1555415920  5.4070070164 -0.4255678776 -8.5891130119 0.1774166555 0.0750544390 1.0000000000 0.0066259455 0.2283311001 1.0000000000
 6.2318669955 -0.8153605320 -9.3093821646  5.3493958177 -2.7070787646 -7.3266005360  0.1983450139  0.1513927006  1.0000000000 -0.0830023021  0.0239321797  1.0000000000
 7.2092303331 -2.8753190984 -7.6065202310  3.7943755096 -2.7286958229 -8.0120172365  0.1037859468  0.0567681455  1.0000000000 -0.2412057281 -0.1325769442  1.0000000000
 7.0603708789 -2.5058997803 -8.4758350399  6.1763151602 -3.5726922795 -7.9349694774  0.0865152703  0.0126247473  1.0000000000  0.0535809956 -0.0523091599  1.0000000000
 4.3938191308 -3.7429398299 -8.5652478934  4.6060883677 -2.2411230921 -9.9577512639 -0.0686124496 -0.1537428736  1.0000000000  0.0288669475 -0.1053377077  1.0000000000
 5.4153487092 -2.3045902963 -7.0302576804  4.9225086779 -1.4333923234 -6.6553769511 -0.0961765784  0.0749197371  1.0000000000 -0.1874877323  0.1879539441  1.0000000000
  5.0929200513  -2.6010110564 -11.3097780217   6.3169573378  -2.3344451417  -6.9209622220  0.2688144916 -0.2661175869  1.0000000000 -0.0081299318  0.1757941980  1.0000000000
 3.7619252198 -0.7989387568 -7.9615287929  5.1721042203 -4.3527501328 -8.1911997268 -0.1827999053  0.1393986865  1.0000000000 -0.0216443871 -0.1722068910  1.0000000000
 5.2821466263 -2.3712225858 -5.6073259066  5.8778182939 -2.3284618571 -7.3465703895 -0.1897714582  0.1500816843  1.0000000000 -0.0410378049  0.0701658653  1.0000000000
 4.6310392950 -2.5333703470 -9.5546285014  6.2089044659 -2.8209688756 -9.1645729241 -0.0060597370 -0.1407902779  1.0000000000  0.1335257222 -0.0698804721  1.0000000000
  3.8463387537  -2.6477287045 -10.0030828424   4.7213212345  -1.5504318306  -7.8837628120 -0.0441247007 -0.2371972204  1.0000000000 -0.1139625139  0.0918340768  1.0000000000
 5.1920686417 -1.6239693700 -7.6712830151  3.9350812273 -1.8110719086 -7.7504235429 -0.1085763834  0.0817321803  1.0000000000 -0.2214078331  0.0154157574  1.0000000000
 7.0766603756 -2.4750430681 -8.2384344944  7.2755219758 -3.2523659333 -8.6746513860  0.1366845078  0.0413321054  1.0000000000  0.1869694996 -0.0091173813  1.0000000000
 5.3767313547 -2.0051580675 -9.8796426784  3.9189316766 -2.9222567980 -9.6096729114  0.1217109884 -0.0205632880  1.0000000000 -0.0546899667 -0.2280171622  1.0000000000
 5.8460658503 -3.1144044823 -8.7531632486  6.9442049988 -0.1295657789 -9.8562559629  0.0725534826 -0.0630644842  1.0000000000  0.3076667306  0.2316014805  1.0000000000
 4.1572225978 -4.7724425659 -7.5016137689  5.6033745990 -2.1618672089 -9.8181064219 -0.1592624550 -0.2134857024  1.0000000000  0.1377847408 -0.0887493749  1.0000000000
 5.9126781766 -1.3458939479 -7.5412334851  7.1376802828 -4.2102534532 -9.4309913173 -0.0429206340  0.1427858859  1.0000000000  0.1915568395 -0.1186433592  1.0000000000
 7.3879088068 -2.0919846445 -6.9065594097  5.0059141090 -2.0554069046 -6.4747968485  0.0399254095  0.1601895691  1.0000000000 -0.1874566291  0.0883625740  1.0000000000
 6.2767539881 -1.0691894075 -7.3003383897  4.7343417382 -2.7242208976 -9.7842890156 -0.0697320378  0.2248684530  1.0000000000  0.0392089411 -0.2214403734  1.0000000000
 7.5016097071 -1.7242827448 -8.5476148907  6.6065718648 -0.3815559846 -9.0127603691 0.2233143805 0.1215688206 1.0000000000 0.2066878964 0.2832115344 1.0000000000
 6.4136990279 -0.8066420218 -9.3163404636  3.4992422461 -3.2704899733 -8.9641581320  0.2046110249  0.1619626200  1.0000000000 -0.1219626797 -0.2577434223  1.0000000000
 3.3213324002 -0.9355906945 -8.1876862815  4.4722646423 -2.5048209012 -7.8834640895 -0.2995642180  0.0577880982  1.0000000000 -0.1087595805 -0.0285582118  1.0000000000
  4.0464859788  -2.6543525363  -7.9133047460   5.1533090891  -2.6506121123 -11.3077000560 -0.2202461337 -0.1028031572  1.0000000000  0.2899460257 -0.2770982689  1.0000000000
 6.1083829382 -1.1009419353 -9.8851230172  4.8988215922 -1.4518076741 -6.1950656425  0.2297061045  0.0931651235  1.0000000000 -0.2299235274  0.2058021556  1.0000000000
  5.9554231503  -1.4725363660 -10.0084662875   5.8921192206  -0.4668382901  -9.5753002036 0.2103965771 0.0312156254 1.0000000000 0.1724731286 0.1648382896 1.0000000000
 5.5778417992 -4.8418002238 -8.5788279881  5.8954266539 -3.3544903240 -8.5550860459  0.0013995278 -0.2445081392  1.0000000000  0.0811111033 -0.0885094063  1.0000000000
 5.0655701190 -3.6572060817 -6.9745983425  7.2443156258 -2.2167726033 -7.0429165967 -0.1241421282 -0.0404221430  1.0000000000  0.0574235311  0.1621293794  1.0000000000
  5.9559993289  -1.9243778207 -10.9441823757   3.3758864323  -2.0205317936  -8.1206250083  0.2862734776 -0.0828345490  1.0000000000 -0.2540078424 -0.0763637794  1.0000000000
 5.3324787126 -1.1984656357 -9.6712638461  6.0421050121 -4.4611917521 -8.0874338082  0.0924176794  0.0430097346  1.0000000000  0.0248077778 -0.1090813341  1.0000000000
 4.8885466044 -3.9540635984 -6.4699341115  7.0652568019 -3.2589734103 -8.6408910192 -0.1943889181 -0.0508034736  1.0000000000  0.1461870771 -0.0164910993  1.0000000000
 6.4009779996 -2.9924664901 -9.4917311661  2.9011950683 -2.7747140770 -9.5498889420  0.1746618796 -0.0999297321  1.0000000000 -0.2162285714 -0.3064857299  1.0000000000
 6.6150249801 -1.5184315517 -7.3626098515  6.4019808256 -2.2573842112 -6.7780485018  0.0065135581  0.1916255912  1.0000000000 -0.0228900026  0.1288916134  1.0000000000
 6.8196525696 -0.9357969818 -8.2948440806  3.6845515223 -3.2415182922 -8.3213475033  0.1683165496  0.2193814656  1.0000000000 -0.1619486564 -0.1770199024  1.0000000000
  5.6539265042  -2.9541806377  -9.4168996586   5.4780739217  -2.2279623892 -10.8071088741  0.0987723820 -0.1079233741  1.0000000000  0.2580088402 -0.1631923303  1.0000000000
 4.5340054407 -3.6614356982 -7.9466798319  5.7605980523 -4.4246214309 -9.2991473031 -0.0719155632 -0.1095273968  1.0000000000  0.1027420848 -0.2164458980  1.0000000000
 4.2206084367 -2.2722978885 -6.9542695858  4.1034756662 -1.5923520528 -7.2555229023 -0.2456351806  0.0628485993  1.0000000000 -0.2350822680  0.1139677208  1.0000000000
  6.7117643432  -3.0138773923  -9.7694075696   4.9836441102  -2.3299391570 -10.6925343160  0.2467537318 -0.0594401984  1.0000000000  0.2075249600 -0.1775776636  1.0000000000
  6.2654745701  -1.9099636217  -8.5956790628   5.3536490571  -2.9726715888 -10.7577910998  0.0625843182  0.0577645688  1.0000000000  0.2036943339 -0.2530263415  1.0000000000
 4.0717289020 -1.8203849580 -7.7321925727  4.3487770031 -0.6244158053 -8.8546206919 -0.1976033958  0.0380956011  1.0000000000 -0.0892499956  0.1306750102  1.0000000000
  6.1546374694  -3.8246802635  -7.9487295076   4.2671630353  -2.7245666779 -10.3873147102  0.0513482841 -0.0095581206  1.0000000000  0.1274019612 -0.2703162301  1.0000000000
 5.1312630226 -2.6870142305 -6.5691352976  6.2353390195 -4.6024436486 -9.3705903197 -0.1579680137  0.0596687222  1.0000000000  0.1202463639 -0.1806083538  1.0000000000
 5.0742973208 -2.9710531674 -6.5074182612  5.6501005180 -2.5155460687 -6.9132797397 -0.1677359064  0.0300995814  1.0000000000 -0.0683486499  0.0907134071  1.0000000000
  6.3679665807  -3.4190537778 -10.1066366336   3.2117270658  -1.8654192267  -8.1504965013  0.2159000046 -0.1837834142  1.0000000000 -0.2418020124 -0.0612550798  1.0000000000
 5.1360808964 -0.3329160848 -9.2513435337  4.3580441822 -0.5069895061 -8.1156122506  0.0224522875  0.1896610925  1.0000000000 -0.1596890040  0.2054708348  1.0000000000
 5.8836967258 -1.6916869830 -8.3650051626  5.3790747986 -0.1827989100 -9.4103073486 0.0308381426 0.0877337731 1.0000000000 0.0781272542 0.2136275996 1.0000000000
 4.9804577193 -2.2274071560 -7.5209982356  4.9820256751 -3.1548320702 -7.6381080434 -0.0710498089  0.0314519364  1.0000000000 -0.0790691896 -0.0261865057  1.0000000000
