795.9000000000
0
50
-7.8493423922  2.9092642656 13.3589860429 -9.3506438120  2.6449712862 12.1728401079 -0.0200499929 -0.0647703855  1.0000000000 -0.2496527242 -0.1345741103  1.0000000000
-8.4936233500  3.0427934195 13.3699814982 -8.9900387620  5.1295573987 13.5417822709 -0.0683614169 -0.0695595211  1.0000000000 -0.1456913245  0.2534336428  1.0000000000
-9.2076810868  4.9961062948 13.1234398750 -9.1038673979  3.7865758473 13.0340246766 -0.2357566570  0.2186381394  1.0000000000 -0.1805085496  0.0489409019  1.0000000000
-8.1958566416  4.1797452007 13.0785988831 -6.1930504097  3.5697632372 13.7243185329 -0.0815510471  0.1044165298  1.0000000000  0.1946731339  0.0308105061  1.0000000000
-8.3205612350  4.6803117592 12.5730818125 -5.7862117287  3.4871407911 15.1165920626 -0.0987579127  0.2014288124  1.0000000000  0.2090442121  0.0512029380  1.0000000000
-8.1631891820  5.0811648107 14.9816055070 -6.9286691532  1.9855069760 12.3228711951 -0.0519725962  0.2222623225  1.0000000000  0.0797427770 -0.2355604928  1.0000000000
-9.2161019922  3.5855688776 12.4935978053 -9.5444196556  4.8403030069 13.7967919040 -0.2641898443  0.0154674605  1.0000000000 -0.2156691191  0.1745854511  1.0000000000
-6.1333914253  1.7330867518 14.2252411547 -7.7830886741  2.9049219468 14.5465905582  0.2067758856 -0.1693491991  1.0000000000  0.0112525881 -0.0255001486  1.0000000000
-9.0382805278  3.9239760482 15.0287713096 -6.5110819511  1.8726233338 12.2514907940 -0.1424570190  0.1037948575  1.0000000000  0.1978386625 -0.2435802745  1.0000000000
-7.6885094779  1.8434575359 15.5993096926 -8.8496311248  5.2333702672 13.1143070324  0.0327268915 -0.1259066720  1.0000000000 -0.1751019910  0.2670951486  1.0000000000
-8.9081337377  4.0338523172 12.8750365630 -8.5609097828  4.2955587823 14.5110378239 -0.1656978412  0.0735176828  1.0000000000 -0.0888967574  0.1122799433  1.0000000000
-6.3509946374  5.1190878363 13.4608200904 -6.9223978772  2.9221531452 13.3291579112  0.1489786250  0.2258608887  1.0000000000  0.1153441287 -0.0559651741  1.0000000000
-6.2997592474  5.2167903238 13.8151775613 -8.5180464808  4.0446609489 12.9706571446  0.1951376233  0.3147997239  1.0000000000 -0.0959381839  0.0764113689  1.0000000000
-5.9492019271  2.7391595463 15.0159702558 -9.6065647725  3.1949767796 15.4130173758  0.1944167586 -0.0218001269  1.0000000000 -0.1585014277  0.0121636144  1.0000000000
-8.6287413791  3.1735618729 14.5110279796 -8.6199972949  4.4520716272 12.8713478489 -0.0712580712 -0.0139578164  1.0000000000 -0.1447181911  0.1151902300  1.0000000000
-6.1139946779  5.1933354505 13.9253345199 -7.1028841215  3.6333842057 14.1866167363 0.1956256369 0.2528314569 1.0000000000 0.0478423961 0.0362911144 1.0000000000
-7.4066728051  4.5331007309 15.4354439040 -5.7939158184  2.0109594902 14.3538942737  0.0597206686  0.1863070761  1.0000000000  0.2082889353 -0.1245141561  1.0000000000
-5.6768003821  3.6183727436 13.2789968411 -6.9634893961  4.7849032686 12.5713939362 0.2842202320 0.0451863980 1.0000000000 0.1028503983 0.2114400879 1.0000000000
-9.3734234357  3.6757256350 13.1570212103 -7.2311810723  3.2835789175 13.1420726221 -0.2208340394  0.0396341374  1.0000000000  0.0295912475 -0.0190680687  1.0000000000
-9.2745635335  2.0157400419 12.9245338204 -6.4020115042  2.5703184193 14.4362686796 -0.1943520858 -0.1854060830  1.0000000000  0.1301929887 -0.0586083909  1.0000000000
-6.5189374602  3.9141930944 15.5424306797 -8.0634623250  2.2042099263 14.5367220803  0.1077782268  0.1099817293  1.0000000000 -0.0188488861 -0.1185870906  1.0000000000
-8.4100111650  1.6947590955 12.9433420886 -7.7309005866  3.6529258772 15.7276137013 -0.0636961906 -0.2031464327  1.0000000000 -0.0137477381  0.0840438005  1.0000000000
-9.3963244617  4.7898905466 15.6672385887 -6.1788548528  1.0643669254 15.2854501659 -0.1400788696  0.1573913746  1.0000000000  0.1751776878 -0.1924770435  1.0000000000
-7.7260552747  2.6964419313 13.8415259596 -5.8239029810  3.7376047890 14.4136023097  0.0403804463 -0.0515212454  1.0000000000  0.2207967937  0.0759689236  1.0000000000
-9.0177720316  5.4853593211 12.6564399411 -7.6589599919  3.8558184810 12.8734220911 -0.2191303486  0.2844625961  1.0000000000  0.0120185454 -0.0053816002  1.0000000000
-8.6549975543  3.3542613710 11.9882070141 -7.9787491568  1.5979428119 15.0989292286 -0.1812919708 -0.0181474874  1.0000000000  0.0231854638 -0.1312798871  1.0000000000
-7.4215314669  3.2858079028 13.0818476656 -8.8623136160  2.8389234848 14.0791149862  0.0541110960 -0.0212486825  1.0000000000 -0.1193087446 -0.0825376078  1.0000000000
-8.9030578913  2.7876327984 12.1162971926 -8.8610393303  2.2380719799 12.4195072324 -0.2038762035 -0.0959492496  1.0000000000 -0.1747899700 -0.1815818665  1.0000000000
-7.3594188895  4.2008675066 12.5809160402 -9.0006654025  2.1545787182 14.0415337574  0.0114323678  0.1302474267  1.0000000000 -0.1232682994 -0.1244963009  1.0000000000
-9.0096068682  2.6945430738 13.9715756526 -6.6305578427  3.3729211712 14.7739806770 -0.1945615976 -0.0431363144  1.0000000000  0.1142503552  0.0122117119  1.0000000000
-8.6263238222  3.9685512326 12.4747393835 -8.1756301852  3.2581712121 13.2222842477 -0.1520614113  0.0713147544  1.0000000000 -0.0740710238 -0.0193765613  1.0000000000
-6.4628680767  3.9941025014 15.4186645143 -8.6968770656  2.7332947506 13.0741525692  0.1333897097  0.1091469994  1.0000000000 -0.1455425044 -0.0721105622  1.0000000000
-7.5664864048  2.9603944370 14.0751576795 -6.8913046773  3.6205409019 14.8553193873  0.0602191872 -0.0494869707  1.0000000000  0.1181743367  0.0219371466  1.0000000000
-8.2267870043  4.0302077925 15.4718613197 -7.1599873816  2.7329723759 13.4546912431 -0.0433340448  0.0957352555  1.0000000000  0.1233868747 -0.0872422513  1.0000000000
-5.7697854113  4.7920438656 14.6662342049 -7.5820689124  3.4518150061 14.9370394947 0.2528446485 0.2356149351 1.0000000000 0.0486696177 0.0577029872 1.0000000000
-9.0190552312  4.1937119829 13.9795981031 -7.3001636388  1.3653843736 14.5735431614 -0.1495578148  0.1281227010  1.0000000000  0.0409633766 -0.1767616164  1.0000000000
-7.9513886916  4.9754599913 12.4492593076 -7.0428395949  1.7695913866 15.3888752539 -0.0024525692  0.2255974013  1.0000000000  0.0675064340 -0.1454575195  1.0000000000
-8.9168490223  4.4895714527 12.4634558549 -6.6534469337  2.8232125388 14.5851076084 -0.2136908366  0.1162600531  1.0000000000  0.1252200330 -0.0430106851  1.0000000000
-7.5297715181  2.4893534353 13.2470477307 -6.2517001190  3.7129808163 15.1686086600  0.0174273047 -0.1306293141  1.0000000000  0.1920402108  0.0785513093  1.0000000000
-6.4453024849  2.2555483938 13.3382211864 -7.9996566238  5.2290741286 13.5387589607  0.1688797454 -0.1172594088  1.0000000000 -0.0496571446  0.2346039379  1.0000000000
-9.3591129753  2.9776907416 15.2261380143 -8.7733248635  2.4089919385 11.7396819650 -0.1441266015  0.0060059694  1.0000000000 -0.1838568721 -0.1768842552  1.0000000000
-9.5791986766  2.3131840213 14.1690696517 -8.5371888509  2.2813473081 11.7127426105 -0.2271775046 -0.1139041417  1.0000000000 -0.1432938122 -0.2640898723  1.0000000000
-5.8913736860  2.1916971193 14.8466467218 -8.1771605707  4.7459996531 15.5713246940  0.1955040171 -0.0352840427  1.0000000000 -0.0355843817  0.1698261211  1.0000000000
-7.0032855532  2.3098400663 14.3556487865 -8.1277085296  1.6589123759 12.1697004798  0.1189400260 -0.0588554841  1.0000000000 -0.0704222753 -0.2797705425  1.0000000000
-7.1053668976  3.1185646104 12.0077143064 -7.5378332520  3.9149102212 15.3270956058  0.0492281782 -0.0595440622  1.0000000000  0.0292842542  0.0431348615  1.0000000000
-9.3709809507  3.8791144544 12.6123376444 -8.6365059534  3.8660487207 13.1410919794 -0.2294098517  0.0061056019  1.0000000000 -0.1428560500  0.0309968483  1.0000000000
-7.6764540993  2.3076791728 13.6963668486 -7.0352004863  2.3170454989 13.9122592711  0.0159222419 -0.1238145356  1.0000000000  0.0922388389 -0.1260456582  1.0000000000
-5.9402867269  4.9511834108 15.4095413063 -6.2095235152  4.3991400501 15.1693861025 0.1783304295 0.1971140678 1.0000000000 0.1642944809 0.1467008333 1.0000000000
-8.8157225481  3.4003935015 12.2625455536 -8.9654928984  3.5136963026 15.0386874545 -0.1960325913 -0.0115445133  1.0000000000 -0.0982989823  0.0656078280  1.0000000000
-7.1341374644  3.9302649031 12.6630156335 -8.5109000646  2.8422360713 14.7317241007  0.0666890095  0.0440101924  1.0000000000 -0.0690737200 -0.0035676456  1.0000000000
