994.1000000000
0
50
 6.3211845626  5.7755698618 -0.7657161113  7.7731557962  9.0353205295  1.9835881740 -0.2941436128 -0.3431120565  1.0000000000  0.0577774470  0.0452405411  1.0000000000
8.7468772248 8.4215113225 2.0044034630 6.2322936108 7.0152350812 0.5194291172  0.1516848688 -0.0110085616  1.0000000000 -0.2405853494 -0.1087227856  1.0000000000
 6.1566912714  8.3872844877 -0.6602497862  8.9083304703  9.0043447893  2.6986976527 -0.1873832336  0.1069594201  1.0000000000  0.1614275879 -0.0069979570  1.0000000000
6.1505261766 9.8866056500 2.3501476545 8.8966469213 9.1535711942 0.4217948022 -0.0493245180  0.2091764363  1.0000000000  0.2482811391  0.0210692443  1.0000000000
 6.2864565088  6.7908821744  2.9339248380  5.4754830154  7.9498823797 -0.7709184431 -0.1888141800 -0.1085917178  1.0000000000 -0.2934081571  0.0573489550  1.0000000000
5.5078927245 8.0824150797 0.3989131523 8.2487466249 7.9672010020 0.5156378758 -0.2357177234  0.0673353224  1.0000000000  0.1370005477 -0.0825361065  1.0000000000
6.4271515515 6.4811838323 3.1233008097 7.0690101744 8.1476860267 2.2082682643 -0.1621701244 -0.1480895139  1.0000000000 -0.0254077796  0.0064838346  1.0000000000
 5.6050881419  8.0059329526  2.7216620259  7.5944266257  8.3194496766 -0.5157854257 -0.1846627749 -0.0028078964  1.0000000000  0.0498967973  0.0153866266  1.0000000000
7.7911017430 7.8584740555 2.9962922800 5.6671357584 8.6690874496 0.1951321058 -0.0259491086 -0.0553420914  1.0000000000 -0.2095243766  0.1358584898  1.0000000000
 6.5255616857  8.7419404476 -0.1986269948  8.7142052985  9.6152222973 -0.0213039631 -0.1251888600  0.0989979348  1.0000000000  0.2151822537  0.1379367404  1.0000000000
8.0440240097 6.5834791140 0.2390944994 8.9476713538 8.4952200001 0.2063828567  0.0571716604 -0.2500377128  1.0000000000  0.2420026324 -0.0360908462  1.0000000000
 5.7414021676  7.5454129979  3.0407456295  7.6830214409  7.1906497718 -0.6916621866 -0.1700666689 -0.0150456398  1.0000000000  0.0205516216 -0.1457373172  1.0000000000
6.1744068456 6.3741225117 0.9147081194 7.9427828751 7.4745559603 0.8355974845 -0.2194403925 -0.1717157932  1.0000000000  0.0291880078 -0.1530861300  1.0000000000
 9.2087009197  7.8091153882 -1.0350163307  7.9145899346  8.6726555077  1.0371669877  0.2585572889 -0.1617105710  1.0000000000  0.0833889523  0.0219291329  1.0000000000
6.4934606324 9.0619120321 1.5132872857 6.3897298968 6.0273839853 2.9660244043 -0.0917265893  0.0858769710  1.0000000000 -0.2001345254 -0.1826635227  1.0000000000
6.2057070935 7.1994761213 2.5512233903 7.3895883013 8.8593529483 0.4704999621 -0.1964555942 -0.0541279986  1.0000000000  0.0365961608  0.0926008179  1.0000000000
 9.0424492994  9.3136677791 -0.1166565963  6.0423884653  8.6249481462  0.0484614431  0.2642664443  0.0687601971  1.0000000000 -0.1850774188  0.1327206333  1.0000000000
7.3468940007 6.7825475159 2.0354764698 7.8009119375 8.8487982421 2.0918820620 -0.0656511817 -0.1735029732  1.0000000000  0.0777531593  0.0488846565  1.0000000000
8.7272012973 9.1037836215 0.2380941133 7.6042082359 6.7054420862 0.0001613866  0.2001237504  0.0735100742  1.0000000000 -0.0294640435 -0.2373217863  1.0000000000
 5.9714753355  8.9124790498  2.4912272607  6.0178804694  8.6341280896 -0.2259834479 -0.1342110715  0.1227827109  1.0000000000 -0.1573762334  0.0843421229  1.0000000000
 7.4149589652  8.5172849927 -0.1086999962  5.6009162369  9.5196429211  0.2877257596  0.0045947905 -0.0017816079  1.0000000000 -0.1937933720  0.2467392352  1.0000000000
8.9926598945 7.5484896063 2.3756858740 7.5088974229 8.1297401767 2.2646276736  0.0912475953 -0.1663528124  1.0000000000  0.0303902122  0.0084290359  1.0000000000
 8.2312506230  7.1553429034 -0.9326008881  5.7641611152  9.6979275799  0.3977545612  0.0744993133 -0.2283651547  1.0000000000 -0.1568122019  0.2462456538  1.0000000000
8.9567250829 8.0214363419 2.7824799106 9.0916002008 9.0290745402 2.2040139573  0.1003903940 -0.0888691806  1.0000000000  0.2160889564  0.0025689193  1.0000000000
 8.2049916750  8.0957544857 -0.0371877320  6.8629641395  8.4646055523  0.6817625409  0.1447467768 -0.0456959490  1.0000000000 -0.0896187308  0.0030382388  1.0000000000
 8.7511850504 10.0606201982  1.3147181499  9.2869574989  7.3085239599 -0.5069305076  0.2441246606  0.1969315906  1.0000000000  0.2411783190 -0.1924456954  1.0000000000
 5.1752483902  9.5700034667  0.1773001403  7.0556716241  9.3734015554 -0.7500167320 -0.2369684734  0.2926195318  1.0000000000  0.0361900487  0.1602355066  1.0000000000
 7.8115105851  9.7418029671  1.1201183104  8.4330849190  7.1632758919 -0.3146037658  0.0464853816  0.1459887459  1.0000000000  0.0831830795 -0.1990245155  1.0000000000
 9.6616225161  7.4133349952  0.4649375919  6.8370454524  9.9421118764 -0.3219696825  0.2391412518 -0.2058330661  1.0000000000  0.0426629512  0.2441227412  1.0000000000
 9.2841625763  7.5625789907 -0.6034127935  7.2990891719  8.7730286389  2.1043910493  0.2401475501 -0.2073238347  1.0000000000  0.0504234096  0.0724915634  1.0000000000
 6.9730680443  6.9534580782 -0.3123030464  7.3102513057  7.6043021358 -0.6187486245 -0.1490727582 -0.1471972955  1.0000000000 -0.0378365288 -0.0988788397  1.0000000000
 7.0281472355  8.8562465401  2.8314553874  6.0304770365  8.7068183906 -0.8789699774 -0.0377173113  0.0730129499  1.0000000000 -0.1824747789  0.1644017454  1.0000000000
 5.9532887710  6.8740339451  1.2422920324  6.3197240174  7.6581014747 -0.0544570170 -0.2604128475 -0.0802471101  1.0000000000 -0.1792578403 -0.0158236226  1.0000000000
6.4141640534 9.3749764936 2.4907405393 7.2226893662 6.2083566427 2.4455225646 -0.0321215239  0.1373443696  1.0000000000 -0.0984144141 -0.2604182833  1.0000000000
 7.7503459239  6.7685880154  0.3634073909  5.2965290379  9.2394824427 -0.0884766090 -0.0393021761 -0.1862989671  1.0000000000 -0.2416189021  0.2411811831  1.0000000000
7.2893380960 6.3954849591 1.8986329231 8.5899288940 7.2286982091 2.9857877221 -0.0944278793 -0.1833493249  1.0000000000  0.0733900951 -0.1503397512  1.0000000000
7.2136462203 6.5345036215 0.7824317942 6.1936529155 6.3625797244 2.4857657087 -0.0986320944 -0.2087371387  1.0000000000 -0.1899414657 -0.1651518608  1.0000000000
 6.4571519142  8.5605576671 -0.7867661393  7.8744125392  9.9467621090 -0.8075145400 -0.1095605669  0.0979142032  1.0000000000  0.1684892893  0.2312576141  1.0000000000
7.3819665228 9.2946289257 0.0050016833 7.6659431800 8.7351344054 1.2704281505 0.0539506781 0.1325531473 1.0000000000 0.0623556585 0.0472437232 1.0000000000
 7.7482553988 10.1726311658  2.2385138092  8.2483234059  6.9786122043  0.1937891679  0.0619798824  0.1721804783  1.0000000000  0.0580273736 -0.1784180161  1.0000000000
7.5854984302 9.7184115652 0.3635482080 8.1674520014 9.9286181679 1.5222189534 0.1213701004 0.1722335790 1.0000000000 0.1186820255 0.1300660381 1.0000000000
9.2114543075 7.7930340545 0.2086058809 6.1341651495 6.1485897438 1.6300931082  0.2105341985 -0.1301549924  1.0000000000 -0.2255588838 -0.1953040165  1.0000000000
8.5609013845 7.1469806891 1.5946826828 8.0329105027 7.3328189050 2.8155325788  0.1129664959 -0.1599404176  1.0000000000  0.0503541172 -0.1641638312  1.0000000000
6.7126816508 7.9789202267 1.8152047437 9.3888488628 7.0042143020 0.0259685989 -0.1089364329  0.0038495764  1.0000000000  0.2578191585 -0.2478935469  1.0000000000
 8.0987195346 10.1832479767  2.2265160853  9.4264849008  7.5930063457  1.0724005081  0.1544036421  0.2042969123  1.0000000000  0.1893837837 -0.1542681623  1.0000000000
 8.2729803245  8.6771601859 -0.5700608537  8.1358926579  7.2908169282  2.0843268998  0.1557035102  0.0633302330  1.0000000000  0.0569690631 -0.1604777080  1.0000000000
8.6572701438 8.7517639532 1.1238147367 9.4352379295 7.3878107942 0.6937507768  0.1832845735  0.0094252499  1.0000000000  0.2093955032 -0.1943634531  1.0000000000
 5.3440771710  8.7766481975  0.8150828996  6.1487798035  8.7708342207 -0.5738864594 -0.2696354491  0.1707230892  1.0000000000 -0.1903955353  0.1608231807  1.0000000000
8.4104812551 8.2953973907 1.5024696606 8.3181089072 9.4047677950 2.5884522939  0.1197541784 -0.0179327169  1.0000000000  0.1166241355  0.0865655044  1.0000000000
8.0658142853 8.6170722382 2.1047413419 9.2888969007 7.0062631720 1.2440843994  0.0590153708  0.0230315343  1.0000000000  0.1879190595 -0.2188910529  1.0000000000
