370.8000000000
0
50
-5.4188251299  4.9445902216 14.9199862668 -3.3877761784  1.9975204359 15.3912570167 -0.2639804501  0.1902355848  1.0000000000  0.0439621467 -0.2130000334  1.0000000000
-5.4931307574  2.4886087297 16.8450215849 -3.7070735891  3.7411248967 14.0457251535 -0.1778327143 -0.1565044914  1.0000000000  0.0062109108  0.0009421842  1.0000000000
-3.1607087545  5.6076833997 16.7048581803 -3.6491686657  3.7904376855 16.0099927276 -0.0006822691  0.2209161268  1.0000000000  0.0122708370  0.0185264959  1.0000000000
-4.6678560382  2.3261023260 14.5858523542 -5.0168366933  2.4307015571 14.1503988435 -0.1669297134 -0.1983612548  1.0000000000 -0.2006034062 -0.2622217021  1.0000000000
-5.4870031359  3.0846122535 17.7306490773 -2.4110931732  4.4502477038 15.7354409723 -0.1707801665 -0.0317709500  1.0000000000  0.1342509033  0.1010655701  1.0000000000
-3.1599827259  5.4627171809 17.0789030622 -2.8747568645  3.0802553964 17.0789586739  0.0230486428  0.2064534738  1.0000000000  0.1052378869 -0.0526945066  1.0000000000
-2.0723292428  2.1782654688 15.2235759173 -4.0392830033  2.4398612390 15.2994498051  0.2033459863 -0.2296586356  1.0000000000 -0.0818320983 -0.1444108786  1.0000000000
-3.9670340151  5.1849618209 17.2269405654 -1.8705838178  3.3766427109 15.4702882492 -0.0282612427  0.2127998284  1.0000000000  0.2353429513 -0.0007932192  1.0000000000
-5.2321261584  4.1913963601 17.3914171057 -4.5470530481  4.6482599686 14.3009923869 -0.1708875251  0.0714781764  1.0000000000 -0.1593308174  0.1524153361  1.0000000000
-3.0869242009  4.5112515449 14.8393519690 -4.3100566725  2.4265433395 14.8162498508  0.0699263091  0.1109816855  1.0000000000 -0.0770533601 -0.1869821749  1.0000000000
-4.3732634290  5.6498958320 14.0296470399 -2.8865066058  4.8110167464 16.3147312186 -0.1372146827  0.2816073986  1.0000000000  0.0839495138  0.1426791787  1.0000000000
-2.4066600760  2.3065622396 14.8831492406 -1.6104829685  3.8214249210 14.4260588073  0.2029230441 -0.1772594742  1.0000000000  0.3168489868  0.0332019998  1.0000000000
-2.0425986527  3.1232534981 15.9247457727 -4.2404867908  4.7831480941 17.5136688952  0.1914108719 -0.0268348356  1.0000000000 -0.0407260785  0.1156867687  1.0000000000
-1.6937647781  4.2754295815 17.1496970174 -2.7590253667  4.7275716216 17.4470339314 0.1931368750 0.0688438689 1.0000000000 0.0555568960 0.1311048884 1.0000000000
-4.0036629102  1.8514665925 14.3164404909 -3.2417232331  2.7800820781 16.7747031618 -0.0934912958 -0.2803639926  1.0000000000  0.0541566363 -0.0856590838  1.0000000000
-3.3331723125  3.0107836711 14.0342282019 -4.0757078862  5.4394094963 15.2439880205  0.0268908137 -0.1170827950  1.0000000000 -0.0682714405  0.2350635392  1.0000000000
-3.4771800251  2.4465745963 17.7496635558 -5.2970914312  3.1233564231 16.9394814716  0.0314645247 -0.0836112270  1.0000000000 -0.2145090755 -0.0465766468  1.0000000000
-3.7338353113  5.2151967434 16.9277844267 -4.5659558914  4.8970110769 16.4174804739 -0.0027863252  0.1523763076  1.0000000000 -0.0755612909  0.1339496433  1.0000000000
-1.8597050387  4.1015587594 17.6308337192 -2.7152100455  3.7150412900 17.4339559273  0.1938071107  0.0396368349  1.0000000000  0.0890974305 -0.0023408154  1.0000000000
-2.5663908089  4.3104818761 16.1895173221 -5.4078773454  3.3025184094 17.7429595392  0.1447366648  0.1146674792  1.0000000000 -0.1378544754 -0.0593006865  1.0000000000
-4.1049374151  3.5668627438 16.0470931441 -4.3240614158  4.9883264569 14.3174267332 -0.0546497285 -0.0182851433  1.0000000000 -0.1545724129  0.2049477693  1.0000000000
-3.4487523052  4.8851218245 15.7258985652 -1.9847297983  3.9035447317 17.7545309960 0.0040142809 0.1535165668 1.0000000000 0.1500772283 0.0607596758 1.0000000000
-2.4232130545  3.0930580885 13.9637693680 -3.1101086987  5.5898716173 15.8095403928  0.1883528688 -0.0993012870  1.0000000000  0.0507021953  0.2435794687  1.0000000000
-4.5535009203  5.3873626451 16.7409183185 -2.4211447710  4.9608204276 16.3641407382 -0.1026499192  0.1685101837  1.0000000000  0.1233863383  0.1751469570  1.0000000000
-3.7666009709  3.3805993336 15.1168055733 -2.0938769225  3.3002725566 14.0505361709 -0.0306631225 -0.0454800276  1.0000000000  0.2402214192 -0.0645032028  1.0000000000
-4.1267548627  5.5649113581 14.2592926888 -4.9339277454  1.9774326380 15.5616792380 -0.0754874208  0.3154074832  1.0000000000 -0.1265977934 -0.2032678290  1.0000000000
-1.6508476417  3.7176818556 16.7912700365 -3.3008908846  3.7515221306 14.8510771714 0.2213362025 0.0203883338 1.0000000000 0.0302208888 0.0520963805 1.0000000000
-1.8930779546  3.9011287818 14.3768817227 -1.9765151764  1.7118497018 17.4300350007  0.2562397229  0.0065695064  1.0000000000  0.1553204015 -0.1829487302  1.0000000000
-2.1705082953  4.6223706718 15.9070423404 -2.8434674977  3.1037086075 16.7876346741  0.1733488818  0.1233807942  1.0000000000  0.1085129156 -0.0306619472  1.0000000000
-5.1135722043  4.4894703251 15.9209462467 -3.4758049396  4.6354392891 17.6920350489 -0.2010391284  0.0787704732  1.0000000000  0.0422936511  0.1319245975  1.0000000000
-3.6227058841  5.0233680015 17.1584127625 -3.3961934472  2.9019970167 14.4472871707 -0.0188372125  0.1538419257  1.0000000000  0.0935665801 -0.1167526205  1.0000000000
-5.2682745985  1.8956237435 15.0559945214 -3.1703039499  2.8762869308 14.9515679563 -0.2354529950 -0.2540707031  1.0000000000  0.0796908953 -0.0680145785  1.0000000000
-4.9058806007  3.3894373978 17.2100944868 -4.7557965550  3.0793025147 16.8356233600 -0.1564440413 -0.0206523486  1.0000000000 -0.1224205280 -0.0924251211  1.0000000000
-1.7019716913  5.0772837634 16.4797194053 -4.2208273092  4.1442407818 15.7930791885  0.2289772700  0.1320234185  1.0000000000 -0.0774968685  0.0878531446  1.0000000000
-5.4632023437  2.2791077610 14.4244791244 -2.4114515948  2.0267569842 14.7975208889 -0.2719556618 -0.2143026208  1.0000000000  0.1614754994 -0.2433509565  1.0000000000
-2.9057236639  5.2498060338 16.9354234300 -1.7834768722  1.9512812214 14.6793351778  0.0867778115  0.1770699607  1.0000000000  0.3013266810 -0.2375192738  1.0000000000
-1.5609618136  3.1556927246 16.8796915183 -4.3244311689  4.3648969801 17.2411770228  0.2089285282 -0.0738883572  1.0000000000 -0.0448060022  0.0674376483  1.0000000000
-2.5870257354  3.7698980898 15.5920384022 -5.1660192297  2.8327795773 16.1930191977  0.1611003932 -0.0135103489  1.0000000000 -0.2069427472 -0.0693098679  1.0000000000
-1.6082684546  5.3352371992 17.0466673140 -3.1767726968  3.3275009513 16.7726591468  0.2222304379  0.1984878851  1.0000000000  0.0128808845 -0.0425714256  1.0000000000
-2.6355235092  4.0507176918 14.0910606874 -2.2402030574  5.0739411395 14.2309209655 0.1757108691 0.0295720214 1.0000000000 0.2004225130 0.2164155458 1.0000000000
-2.5923151465  4.0274694889 17.3575687127 -2.2716700118  4.9937470089 15.9694791845 0.1224324545 0.0420200109 1.0000000000 0.1663219999 0.1864383654 1.0000000000
-4.7012765877  4.1386607244 15.7405750721 -1.9676114113  3.4637853887 15.6769468993 -0.1239049462  0.0649358942  1.0000000000  0.2121024648  0.0120227927  1.0000000000
-3.7841717188  5.2312398185 16.9291951149 -2.6652285716  3.6331786401 15.8068123909 -0.0394727906  0.1423306099  1.0000000000  0.0834603101  0.0162591673  1.0000000000
-2.9082406029  2.7964130048 16.1586488021 -5.2098886820  1.8149104751 16.0090883550  0.0789939874 -0.1334481686  1.0000000000 -0.1797118461 -0.1876893806  1.0000000000
-2.8492692019  2.0762725581 14.3605862095 -3.4279163452  2.3504927279 17.2681450411  0.1249511406 -0.2339520820  1.0000000000  0.0258036443 -0.1304890306  1.0000000000
-4.9860182235  1.9356809022 16.5244268018 -1.5633639186  3.9975267349 15.5001156324 -0.1429499001 -0.1723352458  1.0000000000  0.2780056125  0.0766373231  1.0000000000
-3.1543174469  1.9557568699 14.6598124464 -5.2586723932  3.8411837525 15.5539926832  0.1055160525 -0.2435151838  1.0000000000 -0.2322913133 -0.0122392806  1.0000000000
-1.6679258126  2.8211201580 15.0668352448 -3.6077825515  4.7920336974 16.8490626699  0.2806362574 -0.1377007889  1.0000000000 -0.0165668036  0.1485655471  1.0000000000
-2.4748971761  3.1737552191 15.6496453920 -2.2921848341  5.4585299412 14.3671178947  0.1215919984 -0.0878949253  1.0000000000  0.2017180959  0.2506358722  1.0000000000
-1.9747831471  2.0356884685 14.6053294110 -5.1223929107  5.5000983116 17.4679707041  0.2384027642 -0.2348631288  1.0000000000 -0.1747392432  0.1988091054  1.0000000000
