492.2000000000
0
50
-3.6317877693  1.9199277141  1.7697387638 -3.2177088516 -1.1692663903  3.1467188541 -0.2657457290  0.2885994303  1.0000000000  0.0910870808 -0.0854707920  1.0000000000
-4.2188792205  0.3236596645  2.6355110044 -4.7276350413  0.1041751860  4.0469922249 -0.0907900752  0.0247128841  1.0000000000 -0.1828407896 -0.1322259861  1.0000000000
-3.9387611576 -0.7932729591  4.2582763081 -3.4197350679 -0.5815665078  1.7093822193 -0.0573521208 -0.1889933282  1.0000000000  0.0758332206  0.0727604401  1.0000000000
-2.2205671087 -0.9073729070  0.7631425414 -2.8420456453 -0.9318410705  0.7943954894 0.2334179275 0.2314884136 1.0000000000 0.2342123290 0.2126858122 1.0000000000
-2.6870330439 -0.2178912733  5.1128838045 -3.7122754631 -2.7303312775  3.1317505483 -0.1030979389 -0.0601317587  1.0000000000  0.2126446998 -0.2243219384  1.0000000000
-2.7434887889 -2.2760140356  3.3928057791 -2.3732483627  0.8350192633  3.4348550174  0.1770233399 -0.1100533290  1.0000000000 -0.1115396781  0.1041439128  1.0000000000
-2.4882399493 -0.4779736428  1.0249809787 -2.9299129423 -2.6566260526  3.0679428700  0.1568310631  0.2632232165  1.0000000000  0.2562426937 -0.1468371656  1.0000000000
-2.6447854249  1.2851574666  3.5065081520 -0.2916617304 -0.5111438718  2.7535736082 -0.1643060402  0.0762139905  1.0000000000  0.0831639298  0.1816400336  1.0000000000
-3.1699473423 -1.8152817470  3.7208578406 -3.4058056735 -0.8927660357  3.2952433845  0.0937906034 -0.1616453272  1.0000000000  0.0053250809 -0.1053263403  1.0000000000
-3.8220012790 -2.0287727205  2.7060829560 -2.1507548488 -1.5443703743  2.1739907192  0.1753395053 -0.1441683430  1.0000000000  0.2075998738  0.0578687112  1.0000000000
-4.3889122873  0.1128010727  4.1651287983 -2.4389903422 -0.8266848684  0.8350146306 -0.1605125619 -0.1424059152  1.0000000000  0.1964639350  0.2222050533  1.0000000000
-3.5089291466 -2.1368568964  3.4256159715 -2.8639415526 -1.7365891722  1.0603044839  0.1091024445 -0.2113817429  1.0000000000  0.2844500613  0.1319525772  1.0000000000
-4.2295305348 -1.6535152394  2.3236212582 -4.1253136297 -1.5005573186  2.7826827624  0.1504636659 -0.1783898819  1.0000000000  0.1005628652 -0.1544043294  1.0000000000
-0.3030356906 -0.9859522925  2.9065701216 -3.3528531944 -0.0193805762  4.5444434941  0.1410776783  0.1593057108  1.0000000000 -0.1275941158 -0.0775571979  1.0000000000
-3.9035102694 -0.1784556599  2.1298024799 -3.0985911844 -0.0319537770  5.9849007407 -0.0601796967  0.0450877271  1.0000000000 -0.1183522829 -0.1955295793  1.0000000000
-2.3076609547  0.0895573499  4.2385376260 -1.5465544552  0.9641711033  4.1064322794 -0.0500566951  0.0354832320  1.0000000000 -0.1097655815  0.1408330723  1.0000000000
-3.0002899188 -0.7311341492  4.7843284624 -3.7727036019  0.8140610407  4.1646003764 -0.0942956463 -0.1053719859  1.0000000000 -0.1976083633 -0.0734903554  1.0000000000
-3.1411516359  0.1223794528  3.2006567257 -3.1793225344 -0.2190510163  1.3750220840 -0.0388651732 -0.0143742849  1.0000000000  0.0493587019  0.1445488102  1.0000000000
-1.5037333717  0.2501070514  3.3039334874 -2.3649658593 -1.4538951592  3.2278178886 -0.0245235610  0.1214470205  1.0000000000  0.1793883533 -0.0341341090  1.0000000000
-1.9694656232  0.3131613040  4.0231489542 -3.6793972446 -0.0934085773  2.5657459777 -0.0975809135  0.0476357303  1.0000000000 -0.0586931447  0.0214402268  1.0000000000
-3.2165530927 -2.1782938893  2.3550887632 -2.8142323839 -1.4866899812  3.7225802760  0.2096833654 -0.0834101036  1.0000000000  0.0831505299 -0.0810359651  1.0000000000
-2.4581097919 -2.6877506668  4.4377515188 -4.1262356927  0.4713690990  2.4641806587  0.1796779902 -0.1926184944  1.0000000000 -0.1798918560  0.0519244492  1.0000000000
-4.4228039875 -2.5086267382  2.8870931023 -3.2951454336 -1.4280237619  3.6124686270  0.2258851249 -0.2920767532  1.0000000000  0.0593111242 -0.1766992499  1.0000000000
-5.2522014618 -1.0580800163  3.4102908132 -1.9312881583 -1.1551146306  2.1156722752 -0.0711350484 -0.2743063737  1.0000000000  0.1421785610  0.1225104695  1.0000000000
-3.6652570357 -0.1711721454  2.4689642114 -1.3885950475 -1.4264804955  1.5761554277 -0.0430858406  0.0675137249  1.0000000000  0.2499814470  0.1590142740  1.0000000000
-2.4712807305 -0.7516500589  5.3424338790 -0.9979743267 -0.3372558882  2.9358787375 -0.0668182459 -0.1096962151  1.0000000000  0.0440968469  0.1293283174  1.0000000000
-2.3965666675 -0.9077582784  2.3192190055 -3.0609439374  0.8867456551  2.1749338504  0.0970887905  0.0850639123  1.0000000000 -0.1194249708  0.2161992166  1.0000000000
-3.9469169449 -1.1052060903  4.7232187193 -3.0444133866 -0.7892513804  2.4336920126  0.0000375458 -0.2853556083  1.0000000000  0.0805906794  0.0237174136  1.0000000000
-0.8627939945 -0.8077818631  3.5350168711 -4.1526973569 -0.7953285797  3.5536562575  0.0845221997  0.0868109699  1.0000000000 -0.0588830336 -0.1684976745  1.0000000000
-3.3794623415 -2.0627273203  1.4339595112 -3.2482346127 -2.5024709135  3.8943179234  0.3173239635  0.0498686025  1.0000000000  0.1617958964 -0.1919208956  1.0000000000
-3.1582066977 -3.2058303567  3.6043165971 -0.4892616846 -0.7802267777  2.5984819189  0.2290906021 -0.2404195750  1.0000000000  0.1617277328  0.1872368283  1.0000000000
-3.1924988257 -0.7053415095  3.5387817060 -3.6110169107  0.6077715125  2.2129331351  0.0174730834 -0.0829528536  1.0000000000 -0.1342447452  0.1484833941  1.0000000000
-3.6093887974 -0.4416995086  3.9454275426 -0.9215453116 -1.5176538334  2.9076954361 -0.0907834642 -0.0557711693  1.0000000000  0.1573195931  0.1089836185  1.0000000000
-2.5911496051 -0.4758003206  2.4916072127 -4.6716561377 -2.6475843229  2.9075128369  0.0364029822  0.0455130340  1.0000000000  0.1906346621 -0.2724301283  1.0000000000
-3.7678708751 -0.6497233804  4.3544423198 -2.5243909789  0.4041500651  2.6184801057 -0.1121904139 -0.1581457755  1.0000000000 -0.0676222254  0.1537617373  1.0000000000
-4.0673660154 -0.6438275672  3.1396120551 -4.4983061155 -0.4851903807  3.5297901307 -0.0099367817 -0.0758030140  1.0000000000 -0.1173116229 -0.1474738732  1.0000000000
-3.4114879473 -0.5766453364  1.0214939499 -4.0666566988 -1.3199802702  4.6410638385  0.1377427163  0.1712292147  1.0000000000 -0.0086787926 -0.2490545783  1.0000000000
-1.6406790868 -1.1967843719  3.5699797533 -4.4206997149 -0.3523422186  2.7121831083  0.1024492631  0.0495539802  1.0000000000 -0.0153649673 -0.0541306770  1.0000000000
-4.1692327596  1.8442850501  1.7943973001 -4.2303489424 -0.0798554171  5.3868041066 -0.2521219383  0.2261920082  1.0000000000 -0.2603535355 -0.2304254200  1.0000000000
-3.3584388031  0.5453784555  3.1793324492 -2.4351885060 -3.1271759047  3.9117035587 -0.1343001717  0.0055125067  1.0000000000  0.2164681134 -0.1439381939  1.0000000000
-4.5693267201 -0.1816448810  2.7021529164 -2.3642669741 -0.3790281039  2.6569224521 -0.0744664089 -0.0685914845  1.0000000000  0.0626592526  0.0548094277  1.0000000000
-1.5577643389  0.5678782951  3.6178731599 -3.5136948641 -0.4024392062  3.9532489508 -0.0467408394  0.0862470699  1.0000000000 -0.0482911605 -0.0844476769  1.0000000000
-1.9476363269 -2.5280105932  4.4913640079 -3.3590213223 -0.1058439400  4.3222937444  0.1347737562 -0.1611868541  1.0000000000 -0.1240206003 -0.0821068406  1.0000000000
-2.2792790986  0.4158776365  5.3578871464 -3.8315414539  1.7645317876  1.2139283605 -0.1727396767 -0.0061449786  1.0000000000 -0.2577315581  0.3473220778  1.0000000000
-4.1349645567 -1.4248415619  1.7474455983 -3.8715560725 -2.3004127850  2.7918699950  0.1241604915 -0.0122436029  1.0000000000  0.1539450966 -0.2070467297  1.0000000000
-4.4244779757  0.0157480597  3.4657677405 -1.3143929530 -1.0800035305  1.7407463492 -0.1357377971 -0.1094558943  1.0000000000  0.1871731776  0.1781475605  1.0000000000
-3.3124916023 -0.5767550039  1.3747444783 -2.9110235180 -2.6550413477  2.8455752457  0.1497584741  0.1608374905  1.0000000000  0.2126532988 -0.1422338972  1.0000000000
-3.2108160376  0.0237276383  5.3047689748 -1.8915361057  0.3469997987  2.7789547097 -0.1902217750 -0.1489505466  1.0000000000 -0.0162654854  0.1304998003  1.0000000000
-0.6763644268 -0.9169158700  2.7644166895 -0.2913779602 -0.8634188339  2.9770103961 0.1515504924 0.1291673430 1.0000000000 0.1373186989 0.1107966118 1.0000000000
-3.5431602005  1.2403074383  1.5484969301 -2.6238926674 -0.9917715039  4.8832160802 -0.1564640270  0.2792706078  1.0000000000 -0.0281426644 -0.1072680505  1.0000000000
