466.4000000000
0
50
-5.0588835790  3.5369337933 -8.1074700412 -4.5579375263  3.4799811317 -8.5892401396  0.0151554910 -0.0944706812  1.0000000000  0.0205698773 -0.0026371638  1.0000000000
-4.1164939685  2.7180072017 -9.9248671745 -4.0492426680  1.3754854679 -7.8532564806  0.0450205575  0.2110166186  1.0000000000 -0.3233107641  0.0425209584  1.0000000000
-5.9085294956  5.0901081381 -8.7656650386 -3.7549538051  3.7625594291 -8.2253896476  0.1363877381 -0.0913670066  1.0000000000  0.0400729481 -0.0977039155  1.0000000000
-6.2878509095  3.3661192816 -7.2756750198 -4.3506044265  2.9464884051 -9.6513925821 -0.0829776287 -0.1515220124  1.0000000000  0.0661966720  0.1630082530  1.0000000000
-4.1475963419  2.0455750808 -9.3169445530 -3.8963694134  2.7350733712 -8.8995896298 -0.0584288614  0.1334554959  1.0000000000 -0.0076488845  0.0786458236  1.0000000000
-4.8008890377  5.3585013832 -7.5544007574 -7.0664661529  3.2983528419 -7.5807586854  0.1781424416 -0.2676562888  1.0000000000 -0.0852345197 -0.1070342805  1.0000000000
-5.3911241327  2.1547273253 -7.6555656928 -7.1996936542  4.3625970011 -9.1036275203 -0.2014443847 -0.0609765475  1.0000000000  0.0975167885  0.0160615008  1.0000000000
-7.0832142214  6.0617357178 -8.5562683138 -6.9603005903  3.5854866411 -7.4641796831  0.1892861333 -0.1689247554  1.0000000000 -0.0891710917 -0.1439109925  1.0000000000
-5.2444569440  2.6576244688 -9.9830747005 -6.4939515284  3.5784234702 -6.8912576160 -0.0102139979  0.2037976464  1.0000000000 -0.0760448868 -0.2366300448  1.0000000000
-4.9597446843  2.3582312085 -6.7671844029 -5.8659749749  4.5305402444 -8.3909922879 -0.2617150953 -0.1796115149  1.0000000000  0.0906190578 -0.0940644446  1.0000000000
-3.7280824788  3.4149120746 -9.5217489559 -6.6832836389  5.1479214546 -9.8271540351 0.1155056235 0.0962308568 1.0000000000 0.2179034901 0.0139984564 1.0000000000
 -4.2268850533   1.9168357545  -9.8103873694  -4.3043790413   3.6423842942 -10.6391170427 -0.1031510946  0.2357992593  1.0000000000  0.2241103769  0.2432644661  1.0000000000
 -6.8440667203   4.5528324792 -11.1126172956  -7.3131552469   2.1652491311  -8.9743645729  0.2298407201  0.1642582291  1.0000000000 -0.1199277779  0.1170945646  1.0000000000
-4.7082462441  2.3970671317 -6.5052464724 -6.6620736925  1.5933025469 -9.3047843840 -0.2497699888 -0.2166585633  1.0000000000 -0.1599065752  0.1363074913  1.0000000000
-7.5319399767  3.9130454552 -7.3127146711 -3.6456835657  3.0210219989 -9.7224451089 -0.0617961242 -0.1416704604  1.0000000000  0.1128464527  0.1638469753  1.0000000000
 -6.5714900614   2.1796249019  -9.5892249258  -4.9339790550   3.9798973662 -10.1092475133 -0.0814223462  0.1470131658  1.0000000000  0.2051080243  0.1160851500  1.0000000000
 -4.8069785229   3.3776153374 -10.4481483481  -6.3569657853   4.7166147055  -7.7754228197  0.1364303873  0.2396983965  1.0000000000  0.0341749127 -0.1382754977  1.0000000000
-5.8273482858  4.3344999508 -7.2252715142 -5.9692667596  1.5417292342 -9.7608279622  0.0559316989 -0.2393543965  1.0000000000 -0.1231200327  0.2609227097  1.0000000000
-6.5628256207  3.7294768888 -7.3897075787 -6.8826684404  1.8205025412 -9.6213697652 -0.0353374307 -0.1204720454  1.0000000000 -0.1378695761  0.1918267435  1.0000000000
-7.3045502559  2.3899095018 -9.8894328695 -4.8883618356  1.0482718418 -9.3574184764 -0.0592820957  0.1759609144  1.0000000000 -0.2099177817  0.2515134361  1.0000000000
 -6.7229599125   4.8643137065 -10.3056944272  -4.1468191332   4.6510209350  -7.4895263444  0.2183142326  0.0889138777  1.0000000000  0.1119786812 -0.2319646281  1.0000000000
-3.5382416448  3.3794736771 -8.4443645646 -6.3383349349  4.8302279520 -8.0704029944  0.0865802814 -0.0307445134  1.0000000000  0.1076312347 -0.1581366750  1.0000000000
 -4.8232862097   3.6173914718 -10.0784657148  -6.7995722542   4.6839734403  -8.6483760924  0.1249406962  0.1656152031  1.0000000000  0.1008045715 -0.0610215780  1.0000000000
 -3.5610248115   5.2668774482  -7.8234749938  -5.0553456881   3.5547800481 -10.4860885371  0.2620854211 -0.2454388106  1.0000000000  0.1598650976  0.1683987807  1.0000000000
 -5.9658361449   3.4412313379 -10.0703196277  -7.3518897070   4.9047187848  -7.5127857841  0.0844909509  0.1562778835  1.0000000000  0.0466764818 -0.2005969409  1.0000000000
-4.1111244606  1.3798581627 -9.6249697683 -3.8325743645  3.2236647260 -6.9502267721 -0.1298294613  0.3011374907  1.0000000000 -0.0786896552 -0.2452100042  1.0000000000
 -6.1614829800   5.1434864930  -8.0870927647  -4.2818802363   3.9685933928 -10.8792382369  0.1180013441 -0.1618128572  1.0000000000  0.2526392498  0.2389782239  1.0000000000
-7.1268917987  4.8807804448 -8.4778242967 -6.6170779448  2.6843908448 -6.6026647969  0.0815618186 -0.0675790021  1.0000000000 -0.2304711838 -0.1974655095  1.0000000000
 -5.3974476178   2.5676224372  -6.9071195991  -4.2758959032   4.5477986093 -10.0658682934 -0.1865666415 -0.1241631429  1.0000000000  0.2878560673  0.0940329777  1.0000000000
-3.5200878329  4.3888870950 -8.3335027711 -6.0434825700  5.0213096288 -8.6265378939  0.1444785968 -0.1099928950  1.0000000000  0.1492051335 -0.1270273506  1.0000000000
-4.4489085559  4.3785223872 -8.7007018899 -5.3129887578  4.9185437763 -9.2031418119  0.1693361925 -0.1091181286  1.0000000000  0.1875996756 -0.0533737798  1.0000000000
-7.2001263149  2.7891501310 -6.6553151372 -5.6007069874  5.1326744906 -9.2678411086 -0.2061709931 -0.1713424614  1.0000000000  0.2139081299 -0.0769560249  1.0000000000
-5.9183622502  2.6891490884 -7.6353147278 -4.6638476240  3.5577915774 -6.7454784060 -0.1320804930 -0.0918004474  1.0000000000 -0.0859709249 -0.2829715916  1.0000000000
-4.6490411079  3.5006812153 -8.5566286000 -5.3242300102  1.8150800954 -8.8426474695  0.0244827169 -0.0536229690  1.0000000000 -0.1664190031  0.1031111407  1.0000000000
-4.9736196591  2.6890884387 -9.5530086046 -3.7892219959  4.0804009544 -8.9613194574 -0.0119052742  0.1261542891  1.0000000000  0.1461656110 -0.0235682342  1.0000000000
-7.4323269069  1.9129905373 -8.9733584600 -6.1419648267  4.1108527279 -8.0587384913 -0.1263851160  0.1094665635  1.0000000000  0.0543903601 -0.0942759053  1.0000000000
-5.6056780851  4.7980170614 -7.7457836794 -6.2043195643  1.5743072371 -8.6763270849  0.0873901048 -0.1912463340  1.0000000000 -0.2011166921  0.1299808534  1.0000000000
-5.6529283426  3.6403351014 -7.7864730770 -6.3851970162  3.4311496970 -8.8425936931 -0.0282377447 -0.1411328947  1.0000000000 -0.0025532833 -0.0222936430  1.0000000000
 -3.4148803130   3.9430648748 -10.4983127684  -5.7243775613   4.5768901455  -8.0419896408  0.2926285436  0.2362545149  1.0000000000  0.1120903771 -0.1449372900  1.0000000000
 -6.6328824152   3.1941735381  -8.8897654929  -4.2258975637   4.2066240501 -10.0056967022 -0.0584500314 -0.0069616147  1.0000000000  0.2350097187  0.0708701660  1.0000000000
-7.3712031601  3.9947552798 -9.4789643898 -3.7208269372  4.9953210089 -8.5608592257  0.0733493118  0.0277184632  1.0000000000  0.2420354990 -0.1535444714  1.0000000000
-6.5087000694  1.2156966262 -8.9421886880 -4.6694136631  4.2589566973 -8.8459286177 -0.2054000604  0.1695183726  1.0000000000  0.1307601780 -0.0365545683  1.0000000000
-5.5114959457  0.7668907390 -9.2461857910 -6.7955804597  3.3905693295 -9.4584505040 -0.1990516956  0.2019712214  1.0000000000  0.0588707779  0.0593945285  1.0000000000
-4.8885179139  2.3213388210 -9.0715109519 -4.4499264332  3.8051213926 -8.0223734805 -0.0448939547  0.1081713195  1.0000000000  0.0354451008 -0.1031954818  1.0000000000
-7.3412755589  3.2101594384 -6.6024102596 -4.5787059465  4.6348004885 -8.5847388721 -0.1104474113 -0.1946587027  1.0000000000  0.1823779247 -0.0836433072  1.0000000000
-4.4397202690  3.1790289638 -7.7379254729 -6.7299135235  4.2415297492 -8.9040696925 -0.0477112534 -0.1145765344  1.0000000000  0.0352836174 -0.0201772339  1.0000000000
-6.4623817427  4.2533745594 -7.3476318410 -6.2187704278  5.0210898063 -9.3277272429  0.0017912561 -0.1883966330  1.0000000000  0.2075818597 -0.0340750143  1.0000000000
 -5.2302106522   3.8452289514 -10.5244069679  -5.4898807626   3.0379835550  -9.2800164080 0.1798378491 0.1495893166 1.0000000000 0.0289600420 0.0284896301 1.0000000000
-3.8557931561  1.1192642107 -9.6209780747 -4.9572891038  3.8709318528 -7.6994402448 -0.1814137032  0.3227834236  1.0000000000  0.0350126536 -0.1339015858  1.0000000000
-7.0557257907  4.6702793519 -7.6670298692 -3.3389053564  4.5187355607 -9.0820032953  0.0744296460 -0.1664648973  1.0000000000  0.2669796901 -0.0169610304  1.0000000000
