894.3000000000
0
50
-7.6326089607  9.6848033824  2.3355288747 -6.3276350346  8.9503602754  3.8736795793 -0.0759927060 -0.2219408068  1.0000000000  0.1150003902 -0.1433362189  1.0000000000
-4.1476486880  8.4284241616  0.6094451740 -5.6032214623 10.8931534733  1.5824874095  0.2586252931 -0.0318469358  1.0000000000 -0.0893608278  0.0324107969  1.0000000000
-6.2367383608  8.4654205055  1.6914526712 -6.7012214906  9.4201720818  1.5678751905  0.0944495488 -0.1953636758  1.0000000000 -0.0296291012 -0.1974599501  1.0000000000
-5.4122569663 10.1764737485  3.4685099903 -3.4443401140 10.6047228983 -0.1290816257 0.0770349090 0.0031421279 1.0000000000 0.0377123451 0.2825958202 1.0000000000
-7.0350094684 10.6584730101  1.5760980561 -5.3149043352  9.8186645796  1.1478689522 -0.1636359615 -0.0459542879  1.0000000000  0.0225074805 -0.0168964152  1.0000000000
-5.8900108487  9.3687514503  1.8465848230 -5.8917466268  9.3659896385  3.1684117835  0.0384361042 -0.0596226191  1.0000000000  0.1379775196 -0.0586757965  1.0000000000
-6.9106818103 10.6364686851  1.4103362428 -3.4831824003 10.5673473797  2.0076264158 -0.1719922042 -0.0713089970  1.0000000000  0.1302973807  0.2835413819  1.0000000000
-5.2108146308  9.2731552805  3.4074470343 -5.3269606899 12.4357425612  0.5891276092  0.1462488404 -0.0596671504  1.0000000000 -0.1950918413  0.2202278747  1.0000000000
-4.6707978740 11.4349884784  2.9695889166 -4.3889132271 11.1836597369  1.8273363777 0.0365967270 0.1797378999 1.0000000000 0.0448552481 0.1926633931 1.0000000000
-3.8351218364  8.8458406424  0.8198309706 -4.2981148942 11.3990134300  0.4263263819  0.2324037804  0.0480266127  1.0000000000 -0.0783201703  0.2254239058  1.0000000000
-5.4461668168  9.9896015769  2.8092731397 -4.5669998926  8.2260785750  1.8170422441  0.0823456877  0.0363768750  1.0000000000  0.2507011244 -0.1028381158  1.0000000000
-4.1039144301 11.2711564060 -0.3762615551 -5.9097658648 10.1399744073  0.0869674799 -0.1277846786  0.2909928158  1.0000000000 -0.0906678833 -0.0234761657  1.0000000000
-5.0760102720  8.3787172269  0.0585369050 -5.0190954026 10.9313585458  3.0588784738  0.1400230577 -0.1927189129  1.0000000000  0.0841578426  0.1250462245  1.0000000000
-5.7520235173 10.8681203621  2.9984081577 -6.6939734995  9.3368954387  1.2789715269 -0.0419646357  0.0328262608  1.0000000000 -0.0730953476 -0.1301978974  1.0000000000
-4.3202702237  7.6287460809  0.6157581193 -4.8339771429  9.6099639364  3.5855335216  0.2947633050 -0.1722876096  1.0000000000  0.2015164297  0.0573223708  1.0000000000
-5.9336186413  9.3817026522  0.3416812348 -4.9797817865 10.3724350073  3.2544242839 -0.0256955633 -0.1031814628  1.0000000000  0.1031361279  0.0546205222  1.0000000000
-4.8642944795 10.5754180810  3.0121255185 -4.8066519690 11.6896168708 -0.4750973282  0.0762164797  0.0860005324  1.0000000000 -0.1976824219  0.2776264515  1.0000000000
-4.4249149680 11.3347026135  0.8910732082 -5.0198136189 11.1666518184 -0.8411484636 -0.0489196636  0.2298983821  1.0000000000 -0.2397361734  0.1825607462  1.0000000000
-4.5207486056 10.2016467626  2.3887285302 -4.9041697640  7.6590579988  0.8638974511  0.1212273078  0.0355504433  1.0000000000  0.2576725061 -0.1985937772  1.0000000000
-7.2591817086  9.9704827954  0.8865349122 -6.2111930748  8.2100629216  1.6660156460 -0.1369649788 -0.2115180588  1.0000000000  0.0870318058 -0.2507848751  1.0000000000
-4.7120179260  7.9433524962  1.8375560207 -6.5101737230  8.9401513704  2.5716277933  0.2853807686 -0.1502300201  1.0000000000  0.0457548135 -0.1420313551  1.0000000000
-4.6446124844 11.6738002170  0.9968403954 -6.8927795829  8.9664825497 -0.2928291130 -0.0880217173  0.2698483833  1.0000000000 -0.1449104125 -0.2788795691  1.0000000000
-6.2363838620 10.3950714533 -0.0355104999 -4.6798844869  9.0097627052  2.7713768734 -0.1678396582 -0.0456308314  1.0000000000  0.1921609636 -0.0175203616  1.0000000000
-6.6873529585  8.8455292037  2.6622295669 -5.5848484020  8.3770360917  1.9686664985  0.0517304467 -0.1997328119  1.0000000000  0.1452528490 -0.1597423083  1.0000000000
-3.6197906603  9.1889915077  1.8419109782 -5.2724682440  7.6587920597  2.4488952842  0.2875340875  0.1156830778  1.0000000000  0.2079086733 -0.1934441401  1.0000000000
-5.8397235738 10.0473176812 -0.0718888573 -6.2827638058  8.9230285106  0.0625832795 -0.1408633918 -0.0425679796  1.0000000000 -0.0705372532 -0.1663664879  1.0000000000
-6.0188384993 11.1283850981  2.1334869870 -4.6590476471 10.4334175789 -0.2055985266 -0.1014674411  0.0334950551  1.0000000000 -0.0566345658  0.1527953979  1.0000000000
-3.1928584486 10.3286260285  1.3768776009 -5.8333919868 10.7919580108  0.8847212255  0.1999078636  0.2123062710  1.0000000000 -0.1207483202  0.0645715473  1.0000000000
-6.2550049138  9.7944487343  0.7388408215 -5.2815673074 11.4747593969  3.2383171056 -0.1230263508 -0.0851558764  1.0000000000 -0.0206483758  0.1216774653  1.0000000000
-7.6793013917 10.1450078700  1.8786372291 -5.9883996397 11.2452840028  1.9084211092 -0.1572655656 -0.1283063754  1.0000000000 -0.1167383785  0.0677901723  1.0000000000
-4.4015468940 10.6389409325  2.6950107298 -3.9242083539 10.9782221472  3.8807598895 0.1170569822 0.1318883860 1.0000000000 0.1409999014 0.1830767019 1.0000000000
-4.8217544752 10.4802775233  0.9133941182 -5.7517221018 11.7928840387  1.4843294809  0.0185005654  0.1450171205  1.0000000000 -0.1470665025  0.1323990610  1.0000000000
-7.0279487638  9.1045322973 -0.8516905925 -5.3683907077  9.9699430113  3.0177761212 -0.2215932953 -0.2460794538  1.0000000000  0.1046931339  0.0163497858  1.0000000000
-5.1437144747 11.7291723693 -0.9105212046 -3.6109037326 10.1122029603  1.6465939995 -0.3151154926  0.2383592424  1.0000000000  0.2133277222  0.1414681927  1.0000000000
-4.5896421618  9.7231642591  3.6617486234 -5.2729769188  8.7703976570  0.0048895955  0.1613613638  0.0513210665  1.0000000000  0.0612487007 -0.1310384336  1.0000000000
-6.9518024142  8.8144917448  0.5866159476 -4.0504051268 11.3824987529 -0.6086437971 -0.0630514536 -0.2950328929  1.0000000000 -0.1419077813  0.3605566533  1.0000000000
-5.2321813181  8.8784516518  3.7396718164 -3.3459561678 10.6275247619  1.3734433342  0.1867275015 -0.0839474620  1.0000000000  0.1578237254  0.2580462123  1.0000000000
-3.3724675401 10.7313927278  2.1041789107 -5.3334868819 11.5775010727  1.6317477646  0.1618261598  0.2376275604  1.0000000000 -0.0765323950  0.1404815075  1.0000000000
-5.1292231008 11.6916378689  0.2762316293 -4.7404726053  7.8440320176  1.8370721446 -0.2000025973  0.1871724291  1.0000000000  0.2893906373 -0.1813603598  1.0000000000
-5.8809376568  8.2262835213  0.3684508765 -4.8987891966  7.4757348827  0.6628160149  0.0510565606 -0.2150960698  1.0000000000  0.2281039183 -0.2264689070  1.0000000000
-4.7034051951  8.9980676992  2.6564102675 -5.1414937028  9.4871325832  3.8492640047  0.2180094118 -0.0114557752  1.0000000000  0.1454412699  0.0105811967  1.0000000000
-6.2812061080  9.8583321152  0.0393402296 -5.3695601071 10.8360615898 -0.1472583889 -0.1277075142 -0.1238476285  1.0000000000 -0.2026058850  0.0639709282  1.0000000000
-7.7107700187 10.3852945538  2.4309709300 -3.6448996816  9.9420080686  3.1111034303 -0.1225604987 -0.1379905720  1.0000000000  0.2387120789  0.1371795522  1.0000000000
-6.2886899491  8.7147391501  3.9001437205 -6.2576910692 10.4747799964 -0.5260841047  0.1427758549 -0.1215030235  1.0000000000 -0.2059634946 -0.0187716731  1.0000000000
-5.6349696597 10.5539153379 -0.3902185121 -5.8852146955 11.0895271100  1.9217574463 -0.1964535617  0.0380797320  1.0000000000 -0.0703407360  0.0397947007  1.0000000000
-5.7173513237  8.6952654789  2.3248912736 -7.1698361616  9.7569609145  1.0015411182  0.1316522654 -0.1304225620  1.0000000000 -0.1269243235 -0.1654790540  1.0000000000
-5.6087988713  9.4230197959  1.2177112409 -6.2795637135 11.0511167484  1.3973575560  0.0283259441 -0.0776821516  1.0000000000 -0.1654009495  0.0011868653  1.0000000000
-6.3757740959 10.6043200403  2.4100539132 -7.9972253416 10.4577028063  2.7047822833 -0.0781494940 -0.0703461549  1.0000000000 -0.1029945400 -0.1951698385  1.0000000000
-7.7326325773 10.0972334204  2.8480236475 -6.0191537234  9.1767839528  3.0664688723 -0.0542159789 -0.1681307715  1.0000000000  0.1387926682 -0.0749343142  1.0000000000
-6.8912622988 10.6859544694  2.5172737517 -5.0940628009  7.2399266878  0.6821384419 -0.0983459757 -0.0924724574  1.0000000000  0.2339716760 -0.3005787238  1.0000000000
