153.3000000000
0
50
7.9319852396 5.6913442760 8.9887878917 7.9341885261 6.1174496016 8.1561694010 -0.0959138497 -0.1092758003  1.0000000000 -0.1494778794  0.0005821102  1.0000000000
10.8303763529  7.0611548841  8.1194222246  8.2803271873  5.3225317759  5.8267874736  0.0316157249  0.1881288470  1.0000000000 -0.1084496390 -0.0176427350  1.0000000000
9.4822785761 4.3415245123 7.0814890292 8.7897344431 7.3210669818 6.2885390250  0.0761851318 -0.1172664352  1.0000000000 -0.1699616767  0.2182347509  1.0000000000
10.9476942657  5.4183457065  6.7558397808  8.6829163043  5.8117725345  8.0552620648  0.1600640144  0.1170245150  1.0000000000 -0.0460985347 -0.0161314959  1.0000000000
9.6421107940 2.8908331216 7.1880704423 8.6689177077 7.4997554281 5.9075883298  0.2325910048 -0.2641032007  1.0000000000 -0.2059422134  0.2144786181  1.0000000000
 9.1834941935  6.4828937292  5.0685271923 10.3232952895  5.3220922008  6.1645075358 -0.0814530272  0.2790725652  1.0000000000  0.1471830114  0.0877691199  1.0000000000
10.0225362092  5.6138412029  6.7002679356  8.3688774164  6.6647703042  5.1356183295  0.0776934488  0.1062285815  1.0000000000 -0.2045038485  0.1895655177  1.0000000000
8.6687527414 4.6834428887 7.1272633353 9.0227775832 5.9763327583 5.1526534232 -0.0376042913 -0.0650241742  1.0000000000 -0.0470824021  0.1885910771  1.0000000000
7.2958593280 5.1840652464 6.5281765958 8.3015972403 3.4432811858 6.5007654126 -0.2215388675 -0.1166002219  1.0000000000  0.0830166453 -0.2656133329  1.0000000000
9.1781992475 4.9738552427 7.2159887968 9.7455022057 6.2036571008 6.1166234402  0.0275702338 -0.0469624023  1.0000000000 -0.0135238996  0.1617206974  1.0000000000
9.7717541579 7.0543456989 6.3200278467 7.7604672106 6.0213611470 8.6047903212 -0.0420769849  0.2420392611  1.0000000000 -0.1175751808 -0.0345678004  1.0000000000
10.7894218073  5.9939159544  6.9761819281 10.3029588707  6.2589608914  5.4235253996 0.1070849351 0.1266154274 1.0000000000 0.1195309495 0.2491431011 1.0000000000
10.4447990253  4.1470750439  6.8832959017 10.1723641896  5.6118339331  8.3503700188  0.2320768565 -0.0330158332  1.0000000000  0.0862904929 -0.0071018923  1.0000000000
11.3405624411  5.1161557567  5.6150582730  8.3551373924  7.5532699418  5.5751355033  0.2715863651  0.2036295497  1.0000000000 -0.2388361337  0.2604386539  1.0000000000
9.2214622654 5.9955605641 8.2875312102 8.9346170091 6.9489933370 5.9509167989 -0.0267354985  0.0121024587  1.0000000000 -0.1479776686  0.1909559899  1.0000000000
8.3008427924 6.1977331034 8.5996017921 8.8078754927 4.3582568414 6.7262445676 -0.0876795979 -0.0646944895  1.0000000000  0.0167996357 -0.0951272956  1.0000000000
9.2211021204 6.8830510514 6.1503887464 7.6170478825 4.2574197049 6.4911412404 -0.1033021637  0.2099318878  1.0000000000 -0.1081665068 -0.2338896424  1.0000000000
10.1276467539  5.7664589278  8.1890970618  8.1270575759  6.1094245033  8.0206457139  0.0956098205  0.0419376843  1.0000000000 -0.1496114720 -0.0218827030  1.0000000000
11.2339439311  4.9487121063  6.6010213457 10.0213645233  2.8081782096  7.6143241467  0.2541532852  0.0695904518  1.0000000000  0.2691384454 -0.2738495247  1.0000000000
9.7445691701 6.5623075854 6.3842634359 8.5710907948 5.4259345571 8.9439546283 -0.0452265050  0.1613153838  1.0000000000 -0.0822318383 -0.0963980428  1.0000000000
9.3652343803 3.2738733151 6.3775366790 7.4982305329 5.9841805071 6.5583743076  0.1704539330 -0.1893153929  1.0000000000 -0.1788126167  0.0023230103  1.0000000000
11.7453574400  6.5326235485  7.8857735450  6.9294533813  4.5866296804  6.5309021076  0.1794725696  0.2010363485  1.0000000000 -0.2310784419 -0.2176784726  1.0000000000
10.5480064897  6.6796774659  6.2518670471  7.8785510674  6.4631410286  5.3396153418  0.0903048848  0.2272271983  1.0000000000 -0.2548142819  0.1153831233  1.0000000000
 9.4124304750  3.7046078772  6.9461756774 10.1889497505  5.1089828409  6.2249547217  0.1958852964 -0.2096149131  1.0000000000  0.1602759232  0.0275787774  1.0000000000
8.7724378714 3.6812757272 6.9409793442 9.8157546299 3.6702526522 8.8321492528  0.0539620575 -0.2175861794  1.0000000000  0.1618217808 -0.2151542318  1.0000000000
10.2393811981  3.0271020251  6.2412051966  9.5485972474  6.3534050786  8.4050128957  0.2864634306 -0.1288845781  1.0000000000  0.0091460892  0.0599498654  1.0000000000
9.1307905162 6.2722734449 8.7058005378 9.9669446546 6.6627339205 8.1104441247 -0.0326556812  0.0040009774  1.0000000000  0.0112113655  0.0751224846  1.0000000000
9.0769611682 5.1934033970 9.1947301671 8.1948738955 5.6842691203 7.5791849851  0.0153531211 -0.1262175567  1.0000000000 -0.1472108273 -0.0950337874  1.0000000000
9.4930883652 6.5466210588 7.2976565378 6.8436839160 4.7042722992 7.3327837172 -0.0681511708  0.0938314091  1.0000000000 -0.2192145341 -0.2389232051  1.0000000000
7.6222475889 5.1374762773 5.8936132834 7.7671842817 5.2514495563 8.4199375524 -0.2090298081 -0.0384049556  1.0000000000 -0.1689670616 -0.1416751226  1.0000000000
8.6711886753 5.1325168197 7.6200074683 7.0893557993 5.6257945885 7.6649024161 -0.0440985831 -0.1108033058  1.0000000000 -0.1981354074 -0.1345966078  1.0000000000
8.4730645526 3.8288697230 5.8228815922 7.5915168312 4.5700301369 7.3764911309  0.0167778682 -0.1963884772  1.0000000000 -0.1521002249 -0.1884319928  1.0000000000
 8.7052639201  4.8460255512  9.3588869052 10.8542411472  5.4085736184  6.6044997715 -0.0051211764 -0.1503338507  1.0000000000  0.1973370574  0.0998216654  1.0000000000
 9.5220853587  5.2266809025  7.9589166925 10.1381277627  5.6241182717  5.1997096394  0.0698424802 -0.0487892889  1.0000000000  0.1036550365  0.2424640851  1.0000000000
8.2718326566 7.3543007948 5.0733601442 8.5739630101 6.4811386581 6.0869297926 -0.2535199241  0.2897473428  1.0000000000 -0.1460236216  0.1240111462  1.0000000000
 9.1675348279  4.8657512009  7.5023871442 11.3466539375  6.9048499951  8.1071794448  0.0200364051 -0.0504473574  1.0000000000  0.1356081523  0.1485945358  1.0000000000
8.6868568683 8.5423454926 7.9392619636 7.8396948645 5.8124638440 7.0072063941 -0.1612741965  0.1734146045  1.0000000000 -0.1708768291  0.0009442955  1.0000000000
 8.3031293893  5.8745990407  7.9245055489 11.3459349994  5.3080324765  5.2811441329 -0.1038224284 -0.0521329458  1.0000000000  0.2704771622  0.2920004955  1.0000000000
8.6574529349 5.2834146190 5.1296783861 8.6705633141 6.9323368418 7.0501952467 -0.0636355173  0.0451579520  1.0000000000 -0.1528278426  0.1650862933  1.0000000000
 8.7491948559  7.1113132905  5.4937667447 10.3054634055  3.7510017906  6.7575303055 -0.1579612639  0.2508403013  1.0000000000  0.2335518060 -0.0793214854  1.0000000000
9.0900898144 7.1281493751 6.6060813935 8.5113394752 6.5337332502 4.9842068702 -0.0873700311  0.1517538265  1.0000000000 -0.1760022981  0.2204373465  1.0000000000
8.9490081154 7.6561953892 7.9602938478 9.6150176807 5.2174871076 8.9055803792 -0.0993709107  0.1269383614  1.0000000000  0.0751045876 -0.0930006534  1.0000000000
 6.4824489338  4.1634544877  6.1365241823 10.0968288187  3.4787556774  6.8472306809 -0.2989132657 -0.3036004122  1.0000000000  0.2352864131 -0.1661995713  1.0000000000
8.7364320024 4.2910458685 6.6190014776 9.1774868882 7.3362021924 6.9641878820  0.0468195828 -0.1498295539  1.0000000000 -0.1359795349  0.2002070423  1.0000000000
7.8867724915 5.4302995129 8.8071549253 9.0588699135 4.7735263436 5.3099631459 -0.0790788925 -0.1476127823  1.0000000000  0.0516570322  0.0119508277  1.0000000000
8.4571793454 4.9268403566 9.3901714841 7.6690034658 4.4979650199 6.4989777578 -0.0395675573 -0.1465662153  1.0000000000 -0.1400511763 -0.1622557764  1.0000000000
7.0630126837 4.8120030731 7.3301226009 8.2099858567 4.2850816424 8.1365018922 -0.1983585451 -0.2169322160  1.0000000000 -0.0308429669 -0.2307924543  1.0000000000
8.2533650225 3.9224156446 6.6126206996 9.6357650459 4.6072140868 6.2200603549  0.0139265258 -0.2100171832  1.0000000000  0.1332112180 -0.0086168031  1.0000000000
11.0260426760  4.9455079525  5.4621180778 10.4005355124  4.8113615654  7.8691881560  0.2648931703  0.1692717004  1.0000000000  0.1597987861 -0.0460101821  1.0000000000
7.4492965246 6.2640779773 8.9589941616 8.8961412668 4.3116332016 6.0396947364 -0.1721761633 -0.0725398747  1.0000000000  0.0621933192 -0.0651964410  1.0000000000
