36.0000000000
0
50
-7.8919297446  6.2397920350 13.0395184082 -7.6912195450  5.1447692315 12.5537732709 -0.2348568904  0.0254748278  1.0000000000 -0.1354972675 -0.0078182823  1.0000000000
-4.9342214872  4.1465036731 15.6963356652 -5.5527103859  3.9353662821 14.4969630938  0.1468079206 -0.0934105921  1.0000000000  0.1732969884 -0.0850698089  1.0000000000
-7.1902149671  6.3838101464 15.8862428614 -7.3477907015  7.3160564574 13.0143897507 -0.1720478441 -0.0226754202  1.0000000000 -0.2430226505  0.1700666391  1.0000000000
-6.5903990977  6.0269527885 13.1580928246 -4.9823136640  4.3272670817 14.4944585297 -0.0617901896  0.1027948097  1.0000000000  0.2261272936 -0.0215541733  1.0000000000
-4.2785312480  5.3858342863 11.9299895253 -7.9878466319  5.5240886337 15.8290829126  0.2603722583  0.2937937582  1.0000000000 -0.2139792200 -0.1485854113  1.0000000000
-6.0781660460  4.4182657847 13.6519664164 -7.6988244265  5.8487006096 13.9844321621  0.0917244201 -0.0514000852  1.0000000000 -0.1636919848 -0.0315576020  1.0000000000
-6.4975637715  5.0866146107 14.9013713668 -4.4431686561  6.1000390086 13.4695436815 -0.0016999224 -0.0553704117  1.0000000000  0.1201094530  0.2244662872  1.0000000000
-6.5242668232  6.9079237114 13.0863916228 -8.1695762285  5.0596046582 14.4472513509 -0.1207404185  0.2262513418  1.0000000000 -0.1904991631 -0.1093751271  1.0000000000
-5.1809291124  4.4550547856 13.6994880485 -7.2537357644  4.8692411540 15.6865155223  0.1958734537  0.0610569634  1.0000000000 -0.0760075591 -0.1145841961  1.0000000000
-7.1152663651  5.2924541097 14.9804115935 -6.8929070335  4.1698412131 14.9106946902 -0.0697126654 -0.0749951867  1.0000000000 -0.0001014309 -0.1946608489  1.0000000000
-4.7073069968  4.4634759094 14.3843685868 -5.9853431701  6.6828413890 12.7418491886  0.2049487202  0.0165780243  1.0000000000 -0.0630875167  0.2292837037  1.0000000000
-5.2319777193  4.8905158370 13.4525831955 -5.7169801721  3.9477718711 15.7435635258  0.1432848270  0.0681798948  1.0000000000  0.1214153085 -0.1321005738  1.0000000000
-5.5824968838  5.0756944602 14.3746459071 -3.7192771508  6.2309484976 14.4944925425 0.0699962200 0.0624591976 1.0000000000 0.1795852443 0.2311287690 1.0000000000
-6.1974764846  5.6741076966 15.9011938266 -6.2092144769  4.4538540874 15.4951938655 -0.0354582734 -0.0166241864  1.0000000000  0.0602509905 -0.0924921146  1.0000000000
-4.5554779676  5.1143751237 11.7971266994 -7.7902745981  6.0203484907 13.7909554821  0.2736866766  0.2648965740  1.0000000000 -0.2214549855 -0.0021096535  1.0000000000
-6.1836819664  4.1576958900 15.8803835829 -5.8093993894  5.1346757103 15.1340525854  0.0643483299 -0.1190372786  1.0000000000  0.0656494270  0.0334727778  1.0000000000
-6.8663545704  6.7069772540 12.3940367254 -5.6533981221  6.5671149159 15.3623609402 -0.1686225433  0.2292864041  1.0000000000 -0.0426706450  0.1029030674  1.0000000000
-4.9236180772  3.8828908941 14.6955421155 -5.6383699464  3.0758231982 13.5915418271  0.2106772988 -0.0310631870  1.0000000000  0.2532431385 -0.1483409509  1.0000000000
-7.6531525918  4.0728883562 13.3530507912 -4.7944056698  6.4070487461 13.5802950089 -0.0731179707 -0.1838273669  1.0000000000  0.1032022298  0.2021632188  1.0000000000
-7.3816442709  3.3561311884 13.3135929392 -8.3132259394  5.6006457897 12.6892910820  0.0234415629 -0.2618051411  1.0000000000 -0.2788864158 -0.0600304491  1.0000000000
-7.9643521145  4.9137228144 13.0839672649 -6.1843293865  3.7513359135 15.4613066122 -0.1704515769 -0.1391188882  1.0000000000  0.0648731946 -0.1543199382  1.0000000000
-6.7292807971  4.1297122584 13.6826833889 -7.4613992403  4.6814771830 14.6551582309  0.0579039928 -0.1446433992  1.0000000000 -0.0864704603 -0.1468434351  1.0000000000
-4.4705229607  6.3434377746 15.0078124580 -5.2074911795  3.6433189889 15.6554931619  0.0937517265  0.1754443351  1.0000000000  0.1338639505 -0.1020825869  1.0000000000
-7.6047854546  6.0003106623 15.5344203647 -7.2265721008  7.2794478613 12.4802020046 -0.2006646495 -0.0435521630  1.0000000000 -0.2565236081  0.2554520858  1.0000000000
-7.9628836065  5.0008929474 16.0312106650 -6.8535787784  3.7455641152 14.0698689256 -0.1317472667 -0.1825888207  1.0000000000  0.0395929789 -0.1752901906  1.0000000000
-5.4237437675  3.4951624382 13.9473535110 -8.5665727473  4.9206915206 15.4885312052  0.2519919878 -0.1529260938  1.0000000000 -0.2184468698 -0.2359529993  1.0000000000
-7.3789784904  5.0100625554 13.7252032973 -4.9926678281  6.7315003757 14.9852277912 -0.0755865195 -0.0827582332  1.0000000000  0.0010696967  0.1712007151  1.0000000000
-6.3291161842  6.1042741094 12.5830970260 -5.1882529270  5.8461182447 15.2051594632 -0.0141968919  0.2091514000  1.0000000000  0.0657619808  0.0686251364  1.0000000000
-4.4938504628  4.2594785389 14.9168364650 -4.2145258232  5.0561705513 14.9310405655  0.1651494615 -0.0032686571  1.0000000000  0.1830520700  0.0904554457  1.0000000000
-7.4778306674  6.6317269307 15.7486710587 -7.2183625578  6.6714417406 11.8915995158 -0.1719602933 -0.0197955248  1.0000000000 -0.2152733904  0.2435739919  1.0000000000
-6.7196137858  4.7816753245 14.7200267835 -5.3574087473  6.6744367979 13.4511401973 -0.0265964505 -0.0867528457  1.0000000000 -0.0331857918  0.2371687797  1.0000000000
-5.4570902087  3.7734446337 14.3300433486 -5.6520356763  3.9843226023 15.6511166563  0.1833045661 -0.0482589594  1.0000000000  0.1374081860 -0.1326042498  1.0000000000
-6.3895095019  4.6149243957 13.6302454142 -7.2253088791  5.3600007633 15.4034537733  0.0143655545 -0.0332079644  1.0000000000 -0.0739120948 -0.0732548344  1.0000000000
-6.5875523731  3.1970523335 14.0044328962 -6.0208864722  6.5985537666 12.8387583366  0.1567762305 -0.2558390987  1.0000000000 -0.0392452685  0.2591289231  1.0000000000
-4.7111892625  5.0596567836 12.4455950403 -5.0746779441  5.4009882299 12.4736724005 0.1958011473 0.1939690968 1.0000000000 0.1467370178 0.2026024814 1.0000000000
-7.9322866171  5.8341139648 13.9005824687 -6.4802903445  7.9397050497 14.8410506637 -0.2483022375 -0.0113701798  1.0000000000 -0.1860041551  0.2083068422  1.0000000000
-6.9685523421  5.3147466524 13.4560757382 -6.7502973117  4.2226881973 13.0460730771 -0.0575885114  0.0278409406  1.0000000000  0.0787986661 -0.0624190375  1.0000000000
-3.7905150443  5.1168655980 15.1431268555 -7.0358913544  5.5171243694 14.1721461350  0.2058446110  0.0621645100  1.0000000000 -0.0714650615  0.0062008446  1.0000000000
-5.7827613395  6.6688223922 14.5367705371 -7.7014442801  4.4179195872 14.4711125712 -0.0441926413  0.1259376139  1.0000000000 -0.1135938595 -0.1582118737  1.0000000000
-7.3749061908  5.9117518459 15.6383134688 -4.2923469109  4.6261017513 14.4883154831 -0.1439316470 -0.0517487910  1.0000000000  0.1954208357  0.0522428578  1.0000000000
-5.6135857483  6.8759395579 13.2722917839 -6.0025246401  6.5014986390 13.7911040806 -0.0385902118  0.2858866002  1.0000000000 -0.0561254216  0.1242716004  1.0000000000
-5.6724059160  3.2602385926 14.6928212176 -7.0367809985  5.6267176294 16.0377829491  0.1994529297 -0.1452754543  1.0000000000 -0.1402672825 -0.0402452266  1.0000000000
-5.3512015640  3.3805379736 14.2065309058 -6.1079452922  6.1304705171 13.6808546649  0.2730007618 -0.1301365388  1.0000000000 -0.0435773529  0.1257379383  1.0000000000
-6.8826199172  5.9716751354 15.2134086047 -6.2222569098  6.4920955892 12.1865962666 -0.1277551831 -0.0019821518  1.0000000000 -0.0864213256  0.2410094751  1.0000000000
-4.9776788167  5.3988236316 13.3833152766 -6.6840149189  5.4911127578 14.4291787932  0.1375651092  0.1380171305  1.0000000000 -0.0636215722 -0.0088360294  1.0000000000
-5.7956683319  6.9464142989 13.6579195123 -6.8116286005  6.2622341333 15.9240329681 -0.0653800363  0.2390023957  1.0000000000 -0.1465366824 -0.0340785848  1.0000000000
-7.8790530937  4.0146864855 14.1208086913 -7.0830935279  2.9500145051 13.6073970489 -0.0741070884 -0.2073464815  1.0000000000  0.0984930419 -0.2732372301  1.0000000000
-4.9900051631  4.1551580061 13.6292451026 -4.9076346843  6.1867199447 12.8223036914 0.2442778007 0.0264379857 1.0000000000 0.1013655374 0.2139418436 1.0000000000
-6.5689991304  7.0156211553 14.8783275577 -7.3472818851  6.9015300538 11.8325239065 -0.1347245535  0.0868525022  1.0000000000 -0.2399122658  0.2968058968  1.0000000000
-5.4890371219  3.7631631251 13.6581036738 -6.2937350928  6.5203406430 12.1358145126  0.2402850920 -0.0690337590  1.0000000000 -0.0548067095  0.2895626350  1.0000000000
