711.7000000000
0
50
-4.1461675659  5.1068770580  2.0727134548 -5.0715618728  4.2616545395  0.3785634420 -0.1568859253 -0.0006125960  1.0000000000  0.1015838898 -0.0374590300  1.0000000000
-4.0279213222  5.2481145905  0.1061949125 -5.1129612547  4.7214142098  2.7603480515 -0.0039769982 -0.1806783738  1.0000000000 -0.1418945542  0.1264730358  1.0000000000
-3.5380429147  4.9705094029  1.1628088810 -4.5222624449  1.9236622662  2.7932277351 -0.0738682893 -0.1230879744  1.0000000000 -0.2129710675  0.2480544591  1.0000000000
-4.6734403146  5.8158228712  1.4562429497 -5.2702163546  2.5787468556 -0.2077490050  0.0035104195 -0.0238554014  1.0000000000  0.1732200383  0.0316844449  1.0000000000
-3.8977554456  3.7133236828 -0.3786790771 -4.6424227320  5.1180141665 -0.0352803710  0.0432599586 -0.1695404524  1.0000000000  0.1023185659 -0.0850926430  1.0000000000
-2.4983223589  3.6468235766  0.4306319013 -5.3842080182  3.8417398618  0.8635551694 -0.1897451608 -0.2686500598  1.0000000000  0.0514985013  0.0940118156  1.0000000000
-4.8958514503  2.7055535858 -0.5844619456 -4.1346876319  4.8440914353 -0.3032098545  0.1854605042 -0.0783759579  1.0000000000  0.0733193279 -0.1485162308  1.0000000000
-6.9768309112  5.0613735683  1.0630228194 -6.4850087131  1.9756864438  0.9365146057 0.1807705724 0.1366847164 1.0000000000 0.2006148330 0.2638998425 1.0000000000
-4.9203043803  2.3189795685  2.4236099371 -4.1507065438  4.7488776741 -1.0185112857 -0.1748700712  0.2327668253  1.0000000000  0.1085896647 -0.2332867029  1.0000000000
-5.3441462169  3.4965148338 -0.6889143040 -2.7674175343  5.8180185925  1.0971702566  0.2124214162 -0.0953806809  1.0000000000 -0.1568993494 -0.1500950226  1.0000000000
-3.5334738442  4.1063251739  1.5117918532 -6.6957361660  4.3099345669  1.2943877584 -0.1793724891 -0.0701279770  1.0000000000  0.1552502281  0.1676269818  1.0000000000
-4.9063912235  2.5692316787  3.1433248586 -4.1064307741  2.0265473815  1.5561353245 -0.2134343635  0.2902870787  1.0000000000 -0.1901660955  0.0584226148  1.0000000000
-3.5985568971  4.4349717541  2.0864685694 -6.3797948011  3.9292196419 -0.3684386005 -0.1887614383 -0.0125392474  1.0000000000  0.2486569067  0.0216166843  1.0000000000
-6.4152918028  2.8561503062  0.2514677198 -5.4222209112  4.2043833107 -0.7958495656  0.2357831573  0.1405695151  1.0000000000  0.2538493529 -0.0703405841  1.0000000000
-4.2824480113  2.7033790764  1.6792588796 -4.0850978247  2.3057089544  1.0188326874 -0.1161568240  0.0808077405  1.0000000000 -0.1088699531 -0.0043072389  1.0000000000
-3.9306433463  3.2570692708 -1.3098098595 -5.5010397800  3.1884110396  1.0241329434  0.0943382702 -0.2761737422  1.0000000000  0.0668795557  0.0701865157  1.0000000000
-6.0966466198  2.0049394129  1.6072122174 -2.4476246184  3.3492165242  0.0946214308  0.0649351749  0.2852977432  1.0000000000 -0.1591834816 -0.2731370551  1.0000000000
-5.6550662620  3.7086080042  0.6793521380 -3.0334684916  4.4552964034  0.5576456474  0.0929015560  0.0883491582  1.0000000000 -0.1499361380 -0.1815568854  1.0000000000
-5.8477288354  4.2704165925 -0.7896705568 -5.1309711259  3.2515702041  2.4236428428  0.2943250976 -0.0287118956  1.0000000000 -0.0907869745  0.2051924368  1.0000000000
-4.7247652503  3.7337234898 -1.5831732900 -3.6718045556  4.5844411655  0.1997917794  0.2432961276 -0.2613036578  1.0000000000 -0.0307030535 -0.1840672846  1.0000000000
-4.4313614528  5.6864356066  0.9092913008 -4.3137854190  4.2101866099  2.4805087953  0.0238849341 -0.0669676411  1.0000000000 -0.1424785610  0.1086932103  1.0000000000
-4.2698154419  2.5126114457  2.5365073034 -2.5115152296  5.5649203122  0.8398069985 -0.1835571926  0.1721712331  1.0000000000 -0.1709835001 -0.2151153753  1.0000000000
-5.0694664472  2.1140080716 -0.2866349126 -7.2626330371  4.2369663703  1.4011241348  0.1710520891 -0.0101373425  1.0000000000  0.1603713142  0.2581983702  1.0000000000
-4.3265569675  5.5610933318  2.0390935474 -5.0598861619  5.0421112724  3.5279737003 -0.1567944379  0.0232172249  1.0000000000 -0.1738359396  0.1701030043  1.0000000000
-2.9778332462  2.9517186128  0.8467316747 -4.9120382483  2.0533400071  1.9140451683 -0.1894819394 -0.1427181290  1.0000000000 -0.1008459954  0.1837511740  1.0000000000
-5.8587163230  3.8085446569  1.0350721165 -4.1633684354  5.8473139570  1.2261559953  0.1029074062  0.1247040702  1.0000000000 -0.0696177896 -0.0554450437  1.0000000000
-3.5840765750  2.2527594917  1.6987619336 -3.0979480798  2.8512907420  1.1981531580 -0.2510813534  0.0737830395  1.0000000000 -0.2133330389 -0.1185135531  1.0000000000
-4.4877323797  3.3138411677 -0.0044740735 -3.4402529695  2.5986210102 -1.0716361966  0.0516463060 -0.0739631392  1.0000000000  0.0966701143 -0.3502990844  1.0000000000
-5.0990379452  4.9013419956  3.4822835588 -4.1564705553  1.9788691718  2.7672368452 -0.1708293708  0.2013720500  1.0000000000 -0.2688657909  0.2347057005  1.0000000000
-2.6887173159  3.1728692652 -0.1141235989 -2.5140138731  3.7107953041  0.7755493575 -0.1272154149 -0.2940377684  1.0000000000 -0.1876859372 -0.2199892814  1.0000000000
-6.1482805575  4.5342635186  0.4251055831 -3.8818442389  3.1821219343  1.8547315863  0.1612169917  0.0504162694  1.0000000000 -0.1737292481  0.0504191248  1.0000000000
-5.8485920917  4.4710455275  0.8206069971 -4.5048542534  4.6877524709  3.2599404002  0.0723170019  0.0235104507  1.0000000000 -0.1810549154  0.1392100795  1.0000000000
-3.5933693921  5.9380964200  0.4478797198 -3.4406998676  4.3340294763  0.1113560321 -0.0569085339 -0.1926328428  1.0000000000 -0.0087446132 -0.1996280441  1.0000000000
-5.3706056570  1.8464431895  2.3210594790 -2.4855339879  3.1393662236  0.3292448065 -0.0624972774  0.2993061064  1.0000000000 -0.1563751287 -0.2688577787  1.0000000000
-3.0402956788  3.1095903378  0.7816890476 -4.4618954101  3.8852865707  1.6442174678 -0.2101960275 -0.1655009430  1.0000000000 -0.0779128801  0.0112555463  1.0000000000
-5.3746958752  4.6948644336 -0.9218538475 -4.8815546206  3.6281036296  1.0403453392  0.2256658629 -0.1461645179  1.0000000000  0.0033812687  0.0327371991  1.0000000000
-3.0033190605  4.5306803001  1.2278043786 -7.2741753496  2.6807395757  0.8561374485 -0.1331453257 -0.1511390001  1.0000000000  0.2424422621  0.2674957590  1.0000000000
-4.4555345509  2.7957718550  3.1395948488 -3.6357376771  4.7468400764  1.7256047938 -0.2397746509  0.2560503128  1.0000000000 -0.1679929966 -0.0767911087  1.0000000000
-3.4111805144  2.3026279086  1.5113501620 -4.2889238282  3.4106151539  2.0934159337 -0.2222065652  0.0103725434  1.0000000000 -0.1649118038  0.0710982941  1.0000000000
-5.6674390935  3.8856723681  2.1633165518 -3.2267989862  5.0739657100  2.1167822513  0.0102446589  0.1777845020  1.0000000000 -0.1976360204 -0.0694805742  1.0000000000
-5.1434124676  1.7943688720  2.5469650723 -5.7586599145  5.9914567089  0.1268295602 -0.1563865264  0.2951982005  1.0000000000  0.1492081940 -0.0246538851  1.0000000000
-4.7892478887  3.3026778185  3.4896965842 -2.8947916352  4.4790114831  1.6037484439 -0.2106139020  0.2211610367  1.0000000000 -0.2130869586 -0.1236385351  1.0000000000
-6.2970789284  4.0169699957 -0.1107275131 -3.7337379791  4.3829646138  0.7162379442  0.2390119490  0.0578347415  1.0000000000 -0.0765868998 -0.1573459842  1.0000000000
-5.3876568391  4.9330889545 -0.2993916328 -5.5818485147  4.9711936342  1.8651729969  0.1841793636 -0.1034929507  1.0000000000 -0.0015866430  0.0979747666  1.0000000000
-3.5658727227  2.2404282973  0.3956656718 -4.2704444412  4.1720932165 -0.9594889595 -0.1026528178 -0.1215102662  1.0000000000  0.1243775358 -0.2321728790  1.0000000000
-4.4076318327  4.1294308539 -0.7181734792 -2.8279548820  5.0411522749  1.0937162537  0.0699047914 -0.2239358067  1.0000000000 -0.1937367452 -0.1513115599  1.0000000000
-3.9538680278  3.8544953573  2.2564820717 -3.6124422724  4.4345354430  0.3861929007 -0.1770677408  0.0433128504  1.0000000000 -0.0593061279 -0.1333408496  1.0000000000
-6.7086110411  4.1138288180  0.2113867031 -3.3359582743  4.2325627896  0.9669122529  0.2424330243  0.1104329166  1.0000000000 -0.1556777476 -0.1321309833  1.0000000000
-6.4015794364  4.8826571781  2.2052619574 -5.0525342122  4.3122283200  2.2809277244  0.0541104215  0.1847660064  1.0000000000 -0.0936181044  0.0856654128  1.0000000000
-5.6527001309  2.2973851837  1.0002447967 -4.5585851317  4.2133747189 -0.5081156592  0.0684784650  0.1276062887  1.0000000000  0.1234826600 -0.1498939523  1.0000000000
