376.5000000000
0
50
-11.1329482509  -0.0808370377  -7.0573990671  -8.8000591850   0.1888338930  -8.8009018326 -0.1522324965  0.1699277954  1.0000000000 -0.1782340821 -0.2063380176  1.0000000000
-11.7298531637  -0.9220457321  -6.5838229532 -10.5853989381  -0.3978963612  -9.0830250794 -0.0663476839  0.2837903019  1.0000000000 -0.0381987134 -0.0114832378  1.0000000000
-11.2653712827  -1.3982478103  -8.6133636203 -11.6221684538  -2.2815453321  -7.9260016497 0.0637903513 0.0856436999 1.0000000000 0.2049009953 0.2002956362 1.0000000000
-11.6064388571  -1.4081932416  -9.9275603368 -11.0557428824  -2.8959757281  -8.8216113557 0.0683352388 0.0731838038 1.0000000000 0.2566006549 0.0554981504 1.0000000000
-10.6148808598  -0.8942572885  -7.1719209380  -9.3280788784  -2.0431780142 -10.6418749696 -0.0109029658  0.1079996853  1.0000000000  0.1558942794 -0.2133390992  1.0000000000
 -9.3641163315  -1.5835283839  -8.5978450613 -11.1423508491  -1.7571918692  -8.8212216185  0.0708548182 -0.1559343196  1.0000000000  0.0839388583  0.0674086511  1.0000000000
-11.7090226121  -1.4742136447  -9.3426534310  -9.1685670552   0.0613335472  -7.2560318450  0.1062767574  0.1082877729  1.0000000000 -0.2131026781 -0.1398401890  1.0000000000
-11.6604181242  -2.3051331196  -8.4878723765  -8.4749131995  -1.9405736155  -7.8620086127  0.1979560122  0.1431195313  1.0000000000  0.1322446490 -0.2763974574  1.0000000000
-12.5129913223   0.0806005294  -9.2907504739 -10.0898344707  -2.5836529198  -9.4245790790 -0.0528617391  0.1529521659  1.0000000000  0.2093061238 -0.1269054530  1.0000000000
-10.4301111546  -1.2632370027  -8.8648593564 -10.0228819786  -1.1090310844 -10.7030611719  0.0432158206 -0.0616070374  1.0000000000  0.0477476107 -0.1101594538  1.0000000000
-10.9863044976  -2.2016842149  -9.8580597124  -8.4858336670  -1.0816487289  -8.8548643122  0.1693424424  0.0234717825  1.0000000000  0.0005172252 -0.2345963070  1.0000000000
-10.5499861307  -0.2910443902  -6.5516912157 -11.8098431074  -0.9127882360  -9.1280961502 -0.1656563894  0.1034292970  1.0000000000 -0.0111052710  0.1590159618  1.0000000000
 -9.8521741668   0.0698139106 -10.2565501029  -9.7755424906  -0.4634098637  -9.6287923738 -0.1192724476 -0.1385832617  1.0000000000 -0.0240328564 -0.1175401386  1.0000000000
 -8.6108016471  -0.3963424729  -8.5195337743 -10.9815615975  -1.4921595977  -9.1657841328 -0.0869597047 -0.2478659353  1.0000000000  0.1145896152  0.0100680371  1.0000000000
 -8.7577214061   0.5595802685  -9.1447355409 -11.4517377570  -0.6634656066  -6.5105145362 -0.2145394742 -0.2286696879  1.0000000000 -0.1018474324  0.2543497947  1.0000000000
-11.3124094327  -2.0983742740  -9.6130410192 -12.2867979826  -2.2728412480  -8.6534493911 0.1484358725 0.0195378474 1.0000000000 0.1531610681 0.1774803089 1.0000000000
-11.5382696912  -1.5087306455  -6.5276731176 -10.5498212101  -0.3743095320  -7.5643660834 -0.0008398885  0.2621694818  1.0000000000 -0.0980353962  0.0715537221  1.0000000000
-10.6225007924  -0.6987847708  -9.8800675680  -8.3514358183  -2.2149910058  -8.0553127998  0.0307597664 -0.0092299150  1.0000000000  0.1466468248 -0.2945987924  1.0000000000
 -9.9900749898  -2.1372895415  -9.1707540928 -12.4746132605  -0.2084604528  -9.1211233941  0.1545935387 -0.0902796022  1.0000000000 -0.0275282167  0.1869251138  1.0000000000
-10.0920856287  -0.6435183227  -8.5849825339 -10.4409954122  -0.1901489077  -8.8273856764 -0.0540975288 -0.0737978645  1.0000000000 -0.0710848162 -0.0527551275  1.0000000000
 -9.8228922022  -2.2667048981 -10.9354401268 -11.5519637908  -2.1340319730  -9.4722641488  0.1585331753 -0.1424359657  1.0000000000  0.1716895495  0.0844416543  1.0000000000
-11.3916895263  -2.0038841843  -8.7658291345 -11.5128631075  -0.8767211666  -6.3640412820  0.1462268214  0.0967905078  1.0000000000 -0.0656598309  0.2728032512  1.0000000000
-11.0910733034  -2.2424952168  -8.0960247994 -11.9946310970  -2.0275209292  -9.8266434024 0.1853062768 0.0791752866 1.0000000000 0.1569099443 0.1173727518 1.0000000000
 -9.4180421728   0.3575179196  -9.0348766113 -11.9758403824   0.4651876925  -7.1113316843 -0.1602038618 -0.1428908396  1.0000000000 -0.1841997019  0.2391868520  1.0000000000
-10.3829318672  -0.7815263767  -9.5707941865 -11.6257196825  -3.1488555944  -7.0101406669 -0.0113842865 -0.0599747304  1.0000000000  0.2979797163  0.2394444401  1.0000000000
-11.2302942362   0.4742124726  -7.6324585121 -10.0165294126  -2.2199225919  -8.3360451885 -0.2131314059  0.1483313881  1.0000000000  0.1656757290 -0.0488758695  1.0000000000
-11.5562884941  -1.2206856268  -6.7625760808 -12.6644007252  -0.3142710461  -9.4485529039  0.0081060464  0.2696465703  1.0000000000 -0.0226318087  0.1472409232  1.0000000000
 -9.0906289273   0.3874694053  -7.8394441215  -9.5683625695  -1.8447311842 -11.5912552152 -0.2296752435 -0.1624255172  1.0000000000  0.1645986610 -0.1737585641  1.0000000000
-11.0474859994   1.0806470212  -9.5819098730 -12.3997008055   1.3109111852  -9.7322956594 -0.1838185136 -0.0241276636  1.0000000000 -0.1502352377  0.1109153499  1.0000000000
 -9.9363246869  -0.9806851251  -7.1753683161 -10.7885378956  -0.2235134323  -8.7987959109 -0.0379564849 -0.0111039005  1.0000000000 -0.0696695378 -0.0352409856  1.0000000000
-11.9917125152   0.6793093059  -7.9085260139  -9.4793864789  -0.8251533682  -9.6243494218 -0.2268870602  0.1581694016  1.0000000000  0.0212951380 -0.1471841937  1.0000000000
 -9.4884292275  -0.6870599965  -8.5649887265  -9.5680753376  -0.0052267370 -10.4146661163 -0.0719703488 -0.1061590136  1.0000000000 -0.0905939367 -0.1585228901  1.0000000000
-9.5939589499 -1.4497502928 -8.1214625728 -9.6878461139 -1.4605722567 -8.4820151698  0.0647593291 -0.1131324753  1.0000000000  0.0430601754 -0.1163883848  1.0000000000
-8.6629437350  0.2210703814 -7.7568894743 -8.8686907312 -3.0140102638 -8.6284145014 -0.1978635270 -0.1762787857  1.0000000000  0.2796937073 -0.1893394053  1.0000000000
 -8.9915363922  -1.0342557795  -8.1781616981 -11.4829302766   1.0449171676  -8.5026885196 -0.0093097595 -0.1661493026  1.0000000000 -0.2054515512  0.1116007560  1.0000000000
-10.2690381370  -2.1907437001 -11.1145925462 -12.3572457765   1.0687326327  -9.8463461106  0.2029989189 -0.0953811425  1.0000000000 -0.1600602881  0.1442795466  1.0000000000
 -9.2963869586  -0.3837178685  -9.0954048349 -12.9500740405  -0.5564791629  -9.4807515078 -0.0545855769 -0.1626732400  1.0000000000 -0.0053782988  0.2042459961  1.0000000000
 -9.1882686554  -2.3975162956  -8.3970148714 -10.9638033258   0.7106524148  -9.4431726809  0.1994125545 -0.1873590191  1.0000000000 -0.1476887222  0.0167395413  1.0000000000
-10.9768067149  -0.2125506759  -7.8314816443 -11.8867648550  -0.6069002892  -8.1016697393 -0.0992916769  0.0865220333  1.0000000000 -0.0288487648  0.1928072685  1.0000000000
 -8.9008102410  -1.3262475875  -9.2220191258 -11.7378394150   0.0738400899  -9.7949397816  0.0502370966 -0.2042791655  1.0000000000 -0.0564560487 -0.0044278419  1.0000000000
-11.5126855699  -0.8183958821 -10.0992409852 -11.3072504173  -0.1905123438  -9.6224333180  0.0232338172  0.0347188108  1.0000000000 -0.0013558827  0.0341142551  1.0000000000
 -9.5013704665  -0.7731298973 -10.7955936004 -11.8552838989  -1.3693159738  -7.1748325448  0.0380424209 -0.1834420059  1.0000000000  0.0115774350  0.2992523286  1.0000000000
 -9.5599991276  -1.7711554880 -10.1886884039 -12.0046155790  -0.1503091576  -7.9969043521  0.1307229290 -0.1829818007  1.0000000000 -0.0883765794  0.2351637867  1.0000000000
 -9.8903239511  -2.6549990454  -9.9374649461 -11.9568603016  -1.9380312433 -10.1458351192  0.2133768355 -0.1246891833  1.0000000000  0.1554548501  0.1125597955  1.0000000000
 -8.9570807894  -2.7209387892  -8.8014412768  -9.2007689492  -0.9733585966 -10.8225842566  0.2309632250 -0.2531563769  1.0000000000  0.0470583001 -0.2065406352  1.0000000000
-11.4124392173  -0.0790679465  -6.7419755722 -11.4963050071  -1.9332950615  -9.5144691751 -0.1648533841  0.2285491884  1.0000000000  0.1601303439  0.0831057111  1.0000000000
-10.1021514830  -2.7674639496  -7.4300890939 -11.6035663471  -2.1065150916  -9.0367361433 0.2349876427 0.0481492665 1.0000000000 0.1592142792 0.1123591796 1.0000000000
 -9.7624228767  -3.0598032491  -7.8947101799 -12.5461388686  -2.0660305065  -9.8684063012  0.2562180769 -0.0603445777  1.0000000000  0.1262948511  0.1619037282  1.0000000000
-9.8403015475  0.2713031952 -7.1689301286 -9.4429481779 -2.5308771007 -7.7808879413 -0.2907268185 -0.0547774681  1.0000000000  0.2276424210 -0.0785529017  1.0000000000
-11.5666205076  -2.3382219430 -10.5312234518 -10.7864892571  -2.4246384594 -10.3935313969  0.1774552086  0.0619765963  1.0000000000  0.1941316036 -0.0351436797  1.0000000000
