502.3000000000
0
50
-5.3363492639  2.9385113060 -8.8948522522 -6.0336841654 -0.6304960393 -9.4001752077 -0.1005618457 -0.2115818667  1.0000000000  0.1869501074  0.1390393142  1.0000000000
-4.9407393939 -0.3278137082 -9.2487858239 -5.6128595670  1.9401324770 -9.8512013232  0.1685465625  0.0096529066  1.0000000000 -0.0732058889 -0.0536877767  1.0000000000
 -5.1083940738   3.7410163610  -9.7891393777  -3.5587928257   2.0334677813 -11.1781112056 -0.2472215082 -0.2206994977  1.0000000000 -0.1129346001 -0.1147340707  1.0000000000
 -6.3640142927   0.0518300856  -7.9095187821  -4.7547930573   2.5629866464 -10.4569701394  0.2717737621  0.0986330963  1.0000000000 -0.1871050417 -0.1439726140  1.0000000000
-5.8594238010  3.3485830513 -9.4112939068 -4.5940676209  0.5850204910 -9.2817316592 -0.2521616060 -0.1960351211  1.0000000000  0.1016780395 -0.0933228915  1.0000000000
 -5.3536078562   0.1332837565  -8.6505690712  -6.1089807507  -0.8139902793 -10.5528951548 0.1464962836 0.0091349229 1.0000000000 0.1487456844 0.2322084979 1.0000000000
 -5.7538192551   1.6914999732 -10.5291782867  -6.8203991520  -0.0902396378  -9.5382589534 -0.1390000102  0.0346000818  1.0000000000  0.1000246334  0.2289908198  1.0000000000
-3.7977303753  0.9338036544 -8.9191380948 -3.3290319802  0.6846205034 -8.3037770284  0.1225798753 -0.1445858549  1.0000000000  0.1935637144 -0.2336043768  1.0000000000
-3.4701858293  1.2563025005 -9.8228047691 -5.0267128211 -0.4988511742 -9.7771453784  0.0525871838 -0.1466377248  1.0000000000  0.1419056808  0.0642987665  1.0000000000
 -5.6520357607   1.3211839014 -12.2564317066  -3.7836263044   1.0817799142 -10.8175490403 -0.1407271993  0.1458981754  1.0000000000 -0.0326693908 -0.1069805101  1.0000000000
-5.2357250435 -0.7744874800 -9.2281446201 -4.6822454060  0.3528888236 -8.3019425356  0.1932505554  0.0577737026  1.0000000000  0.2134083607 -0.0851691310  1.0000000000
-7.3111796469  1.1547582348 -9.2699229936 -4.7820814728  2.6762848097 -8.9958253396 -0.0232103705  0.1800701087  1.0000000000 -0.0229747279 -0.2409662769  1.0000000000
 -4.6882497463  -0.0923265460 -11.2174879761  -4.1796795116   1.1508768481  -9.7566062374  0.0508206207  0.0779674498  1.0000000000  0.0528756205 -0.1335507352  1.0000000000
-3.6389802969  1.4751613083 -8.7617797080 -7.0910330297  1.6886363155 -9.4849433621  0.0903632600 -0.2361871871  1.0000000000 -0.1380852656  0.1421043976  1.0000000000
 -4.6735888899   1.6466962955 -11.8268638792  -4.0485736742   0.9794919940 -10.8719058506 -0.1389174709 -0.0509597135  1.0000000000 -0.0484741599 -0.0260523658  1.0000000000
 -7.5807663596   1.5712997503 -11.0009240859  -5.7940006618   2.0985226991  -8.9638023160 -0.1948387998  0.2806988240  1.0000000000 -0.0621984986 -0.0967275151  1.0000000000
 -6.4373433606   2.7692502746  -9.2828998320  -6.0157954756   1.2127985078 -10.6149975648 -0.1728907260 -0.0682543302  1.0000000000 -0.0346612003  0.0639482550  1.0000000000
-4.3089115468 -1.1165502957 -9.6110302498 -5.2275027508  2.6139202898 -9.6208775986  0.1925340958  0.0206161340  1.0000000000 -0.1275440484 -0.1398544075  1.0000000000
 -5.3953645972   0.5008936819 -11.7622319381  -5.8940525011  -1.1641831147  -9.1744216009 -0.0780874779  0.1591618560  1.0000000000  0.2716106654  0.1642656746  1.0000000000
 -5.0759099185   0.1593364434 -11.0916804731  -4.1572645260  -0.7495941932 -10.0869164278 0.0003629418 0.0851153502 1.0000000000 0.1363442689 0.0337768374 1.0000000000
 -6.5346010458  -0.2142544675  -9.0026014631  -7.3847339165   1.2140814464 -11.1053430597  0.1968759739  0.1896469503  1.0000000000 -0.1844944681  0.2421665480  1.0000000000
 -3.2089950413   1.5733552733  -9.5865444420  -4.3895518039   1.1405378683 -11.6590117237  0.0259142876 -0.1953047410  1.0000000000 -0.1256359169  0.0279561303  1.0000000000
 -5.2261890008   0.9304361880  -7.9380681842  -6.8885312277   2.5167316070 -10.2813409993  0.2299969594 -0.1207446814  1.0000000000 -0.2576836654  0.0487064927  1.0000000000
 -5.1495488242   0.2675296195  -8.5927774241  -6.0561885434  -0.8069493801 -10.4171478959  0.1736547982 -0.0261459673  1.0000000000  0.1025937719  0.2047509804  1.0000000000
 -5.8888926684   0.5617078499 -10.7698874596  -6.5179791403   0.0403880306  -7.6688233827 -0.0342392558  0.1282610569  1.0000000000  0.3071415022  0.0531293103  1.0000000000
 -5.3246246635  -1.3114690313 -10.7087684481  -4.0031504477   0.6129537763  -9.1396335318  0.1309406087  0.1961206379  1.0000000000  0.1217216847 -0.0953130321  1.0000000000
 -5.7979050163  -1.2773564292 -10.5637308094  -7.2222102754   1.1080700132 -10.5276107863  0.0902221870  0.2333533581  1.0000000000 -0.1358253180  0.2343911153  1.0000000000
-4.0715631760  1.6771805571 -9.0050177698 -5.3520294331  2.7332542171 -9.7273621130  0.0522869486 -0.1833332462  1.0000000000 -0.1249415277 -0.1342718059  1.0000000000
-5.9461718736  0.4689651677 -9.2594635736 -5.3824223836  1.7042893765 -8.3623984526  0.0920538508  0.0712228508  1.0000000000  0.0812337089 -0.1807648394  1.0000000000
 -5.5395732957   0.0217436240 -11.6602544155  -6.6884313501  -0.9660036159  -8.4018800050 -0.0276864367  0.1415077389  1.0000000000  0.3292303663  0.2690720098  1.0000000000
 -6.4751206261  -0.3018004570  -8.2364448188  -4.0446691052   1.5427825928 -11.5728680507  0.2357355863  0.1453562382  1.0000000000 -0.1331010642 -0.0711095048  1.0000000000
 -4.0117929815   2.5689911349 -10.5280858745  -5.5500077076   2.6084029252 -10.5624802754 -0.1267628479 -0.2134062600  1.0000000000 -0.2091693101 -0.0698854551  1.0000000000
 -6.2393703852   0.8309462070 -11.6990439290  -5.1063336762   2.3596876095  -8.7786166376 -0.1387077152  0.1983719581  1.0000000000 -0.0372697800 -0.2311445444  1.0000000000
 -5.9405034558   2.3646457126 -10.7224456414  -7.1320288230   1.7556662884  -9.3230092449 -0.2718496418  0.0020673108  1.0000000000 -0.1147187266  0.1352803896  1.0000000000
 -5.2595471674   1.5993407076 -10.9705490488  -5.0810622478   0.8730607321 -12.5096609761 -0.1188718786 -0.0055328383  1.0000000000 -0.1697770766  0.0865403055  1.0000000000
 -4.9205335639  -1.6586180017 -10.8269948623  -5.4609587092   0.4931770266 -12.1324920611  0.1785841414  0.1927130300  1.0000000000 -0.1198625498  0.1111138607  1.0000000000
-6.5310099602  2.2260122571 -9.1316658524 -6.9888199633 -0.0775441528 -9.1499865787 -0.0994112668 -0.0054861231  1.0000000000  0.1455034045  0.1959869044  1.0000000000
-5.9414816429  0.9626625891 -9.0762755153 -6.0053766526 -0.2720307739 -9.3794834470 0.0684775263 0.0303979492 1.0000000000 0.1315932719 0.1572750208 1.0000000000
 -3.5817106375   1.8606841125 -10.7872843326  -2.9512801147  -0.2790749064  -9.2152949003 -0.0984402181 -0.1520540316  1.0000000000  0.1835847666 -0.1417483461  1.0000000000
 -6.9211035270   0.7618898633  -9.6797412298  -6.5675579915   1.2831781024 -10.8055422631 -0.0364725177  0.1986258329  1.0000000000 -0.1574098638  0.1727800889  1.0000000000
 -6.3496614479   1.5015454899 -11.2224801262  -5.7587335318  -0.3803271781  -8.4390566749 -0.1724904625  0.1289371430  1.0000000000  0.2781278211  0.0812065873  1.0000000000
 -5.8592867516   0.7005262721 -10.3636890743  -5.7545427908   0.0655668183 -11.7600599527 -0.0206067895  0.1011057305  1.0000000000 -0.1038431442  0.1981528796  1.0000000000
-3.9204413863  0.5901288951 -8.3940697570 -6.4544604925  0.9798438513 -8.5626257867  0.2155890675 -0.1625368557  1.0000000000  0.1199918499  0.0658834055  1.0000000000
-3.8961139957 -0.2941422635 -9.8481216371 -5.3374792633  0.5275435386 -7.2544562166  0.1244768956 -0.0066915859  1.0000000000  0.3514142804 -0.1189223237  1.0000000000
 -6.2947174253   0.6544980282  -7.9297718345  -6.4740967512  -0.3773853461 -10.3340563169 0.2372322314 0.0342597142 1.0000000000 0.0290875972 0.2508852162 1.0000000000
 -4.6791563601   1.1484866345 -10.7072609224  -4.7752095284  -1.6187859314  -9.8167130709 -0.0320159534 -0.0334168406  1.0000000000  0.2233957290  0.1176526099  1.0000000000
-3.7834114395  0.4615087990 -9.6731336598 -4.8468027672  2.0509501890 -8.1274478683  0.1079387293 -0.1098344902  1.0000000000  0.0607300637 -0.2419197902  1.0000000000
 -5.3901850066  -0.0950637773  -9.3198365326  -6.3704696616   1.0940300292 -10.1791531331  0.1706150682  0.0693008115  1.0000000000 -0.0435456359  0.0951687678  1.0000000000
 -3.9074058885  -0.7904181365 -10.4619332751  -5.3463475987   1.2649575915 -11.8431012325  0.1444875359  0.0080800893  1.0000000000 -0.1548686285  0.0521941793  1.0000000000
 -5.0583952715  -0.4147316782 -10.4623598835  -4.1925476627   1.1146694204  -9.2895548656  0.1263150117  0.0480145612  1.0000000000  0.0843259071 -0.0968781338  1.0000000000
