359.1000000000
0
50
-9.9965065375 -0.2474499899 -4.9617219733 -9.6150908465  1.7159768471 -2.1566722952  0.2351847749 -0.1121078501  1.0000000000 -0.0843514085  0.1287280034  1.0000000000
-10.6489742692   0.2476412694  -2.5829477052  -9.5437864996   2.8835092302  -3.5570085555  0.1031365093  0.1274808163  1.0000000000 -0.1745208537 -0.0662446486  1.0000000000
-8.8199456261 -0.1330041486 -2.2131263028 -9.5394213176  2.6772211506 -3.9462345712  0.0917306300  0.2204641757  1.0000000000 -0.1492277399 -0.1066711719  1.0000000000
-8.6744544762 -0.3558798097 -4.6620485214 -9.7475320716  0.9498480463 -3.1201470506  0.2470998568 -0.1317657592  1.0000000000  0.0484906819  0.0492952127  1.0000000000
 -7.3221666393   0.0007613972  -2.6978575027 -10.5698425237   2.5658143729  -2.2839620006  0.1112718329  0.1269364738  1.0000000000 -0.1503280741  0.0842877956  1.0000000000
-8.9750122981  1.5765620769 -3.4943773148 -8.4864664589  2.8556629636 -4.4654116613 -0.0571482325 -0.0296702584  1.0000000000 -0.1527342465 -0.1870325498  1.0000000000
-10.8679695105  -0.7441960379  -2.4468131842  -9.0887264106   1.7102035479  -2.4325240658  0.2285750348  0.1547097786  1.0000000000 -0.0680367266  0.0218733233  1.0000000000
-8.9881286260  3.1713802068 -4.7091995780 -8.5448066363  1.0680969709 -2.0541652777 -0.2000854101 -0.2292223697  1.0000000000 -0.0285628488  0.1195477792  1.0000000000
-9.1044885902  0.9828658223 -4.8233765545 -8.9604076500  1.7123435186 -1.7346209496  0.0757712939 -0.1438246741  1.0000000000 -0.1289378405  0.1954792745  1.0000000000
-7.7748599548 -1.1260957110 -2.2569735948 -9.8928593452  0.6296461935 -2.3762950876 0.2499927980 0.2152370593 1.0000000000 0.0269723864 0.1578939556 1.0000000000
-10.4964448254  -0.2606515482  -4.7180236787  -7.8195644495   1.9973279762  -1.3319748609  0.2073898667 -0.1116138506  1.0000000000 -0.2514935191  0.1666110812  1.0000000000
-9.0100968971 -1.0388323288 -3.2084234537 -8.2290649810  0.6658292402 -4.5051858816  0.2770793025  0.1000105058  1.0000000000  0.0875601042 -0.1575635847  1.0000000000
-9.8545197156  0.1315247162 -2.1303153742 -9.6876947064  1.7974529004 -4.3217909567  0.0857224978  0.1861665424  1.0000000000 -0.0191888294 -0.1021450351  1.0000000000
-7.8476716424  0.0063911657 -2.0896225238 -9.8302326631  1.8571684668 -4.0834457788  0.0848484526  0.1871792470  1.0000000000 -0.0353637349 -0.0822712273  1.0000000000
-6.7752646786  1.6373822049 -3.3700366773 -9.7223034922  3.6455650616 -4.7564851910 -0.1409687274 -0.1103584664  1.0000000000 -0.1216579685 -0.2323457486  1.0000000000
-8.9549448223  1.1205176452 -1.8591872440 -8.2631798140  2.5394684934 -4.6060742885 -0.0495922781  0.1557195104  1.0000000000 -0.1292207314 -0.2373387923  1.0000000000
-9.3645589167 -0.2797782984 -4.0473853488 -8.9138951033  2.2878551856 -1.8224148197  0.2124240702 -0.0408092118  1.0000000000 -0.1730573108  0.0886801668  1.0000000000
-8.0064136667 -0.9054712387 -4.1880128974 -9.8065656506  2.8650934698 -4.5172404503  0.3136472017 -0.0580758596  1.0000000000 -0.0763795528 -0.1689588967  1.0000000000
 -7.6175652623   2.8981791646  -3.5463109014 -10.0029846504   2.6249031175  -5.0330001932 -0.2530107321 -0.1580027250  1.0000000000 -0.0687195434 -0.2039846410  1.0000000000
-8.0612818570  0.7704522994 -5.1769202638 -9.7236074489  0.0216595867 -1.9941230581  0.1413819540 -0.2512967241  1.0000000000  0.0704842806  0.1977448270  1.0000000000
-9.4070317316  1.2866248656 -3.8652182989 -7.3847376290 -0.0382857959 -1.9413120404  0.0080957703 -0.0769468214  1.0000000000  0.0727438855  0.2007487928  1.0000000000
-7.4608314369  2.8083667450 -3.1133304319 -8.0342644224 -0.6970072059 -2.0514404539 -0.2625301314 -0.1022230560  1.0000000000  0.1559723865  0.2638766396  1.0000000000
-7.3313470425  2.6163046609 -4.4697917521 -7.9668227469  1.2026074510 -1.4304556391 -0.2078404873 -0.2294863193  1.0000000000 -0.1140143656  0.1854221959  1.0000000000
-8.5117939138  1.2554790231 -4.5204319290 -8.5646307871  1.2955659279 -4.9829879268  0.0557737914 -0.1699810650  1.0000000000  0.0292107487 -0.1851158326  1.0000000000
-10.0759244803   1.1399390064  -3.9898181695  -9.1548178532   0.5030601028  -1.5503859370  0.0323890209 -0.0541976565  1.0000000000  0.0245997863  0.2368159235  1.0000000000
-7.9644874625 -0.7797716619 -3.2555928831 -9.8227161572  0.3696217556 -3.2317943390 0.2234336898 0.0538779730 1.0000000000 0.1240235929 0.0437660108 1.0000000000
-7.8360286711  2.0890026308 -1.3525469312 -8.6606059290 -1.2915642742 -1.9479315996 -0.2503583129  0.2005414762  1.0000000000  0.2341172438  0.2699616654  1.0000000000
-7.2512178706 -0.8297386834 -4.8019479371 -7.8923001754 -0.4911197716 -3.9269189476  0.3350672150 -0.1678460327  1.0000000000  0.2250941316 -0.0975473510  1.0000000000
 -8.6058304542   2.3623029127  -1.3971252723 -10.3140865374   3.2245967237  -3.7536339912 -0.2351788033  0.1599782221  1.0000000000 -0.1624310279 -0.0690984277  1.0000000000
-8.7697049034  1.6094899566 -4.8295687014 -7.5053225630  0.8582897798 -2.8654146123  0.0324200365 -0.2001844863  1.0000000000  0.0289714182  0.0267738008  1.0000000000
-9.2334264748  2.7212885814 -2.0547305019 -9.0002107192  0.7414615623 -4.0351233684 -0.1882885549  0.0910291866  1.0000000000  0.0629140134 -0.0948070620  1.0000000000
-7.8901931303  0.7971068061 -2.8209991509 -8.2581160938  0.7131733380 -1.8968167861 0.0192982784 0.0580653101 1.0000000000 0.0010496659 0.2174132355 1.0000000000
-8.1564465839 -0.0999028455 -2.0743187707 -7.6930700406  1.8921622145 -0.7273826334  0.0670152300  0.1812127465  1.0000000000 -0.2204672954  0.2797164003  1.0000000000
-7.4217019358 -0.7589106828 -3.8362524764 -6.9769565780  1.9018639587 -3.1187328672  0.2658588744 -0.0432525400  1.0000000000 -0.1825121043 -0.0436927268  1.0000000000
-7.8288346903  1.0850909763 -1.2932946710 -9.5046463735  0.4848523382 -5.5146267308 -0.1111093667  0.2262767055  1.0000000000  0.1851160544 -0.2219935687  1.0000000000
-7.5659801635  0.3964185940 -2.5121589547 -7.6262193201 -0.3228370839 -4.8278330869  0.0255594761  0.1092904160  1.0000000000  0.2673894912 -0.2110735108  1.0000000000
-9.8914394964  1.6276290968 -3.8112928216 -7.9137213828  1.4786414409 -2.3542883429 -0.0252541687 -0.0360803936  1.0000000000 -0.1447801060  0.0854296863  1.0000000000
-9.6164470786  2.3201898283 -1.6039875296 -7.6179239077  2.9090132182 -4.5717638928 -0.1489492833  0.1556759227  1.0000000000 -0.2294998772 -0.2566792634  1.0000000000
-8.1665021766  1.3327416824 -5.0178266187 -8.1082587013 -0.3125882037 -5.2150973195  0.0286013452 -0.2459869852  1.0000000000  0.2448306118 -0.2288923135  1.0000000000
 -8.9135850114  -0.0096320578  -4.5692665475 -10.5168437141  -0.5967956666  -2.2819471648  0.2090195615 -0.1167039634  1.0000000000  0.2090170802  0.1639710581  1.0000000000
-8.9674030623  1.4713898368 -5.2110807530 -7.3795327364  0.2171032943 -4.7167348450  0.0521735880 -0.2361872885  1.0000000000  0.1560642594 -0.2203524880  1.0000000000
-10.8091660030   2.5327937757  -1.4418473056  -8.6965256749   0.4316494329  -4.8615428511 -0.1351857551  0.1606936334  1.0000000000  0.1799354446 -0.1713449165  1.0000000000
-10.1423561593   0.5422797373  -2.2132055912 -10.0967147003   1.3593780335  -4.8431770948  0.0059089565  0.1701177276  1.0000000000  0.0653604119 -0.1729450809  1.0000000000
-10.7973947162   0.9117517925  -3.5460129751  -9.2689322867  -0.2147896569  -2.4856991554 0.0712464767 0.0222195553 1.0000000000 0.1449295248 0.1406900470 1.0000000000
-8.0113084423  3.0270544749 -3.6161052296 -8.7009766578 -1.3693753496 -1.8972046119 -0.2427412424 -0.1556006008  1.0000000000  0.2757429802  0.3213224758  1.0000000000
-7.9808435413 -1.0852805914 -3.4760374949 -9.5142515351  2.5035034407 -2.2893420108  0.2889295682  0.0698388554  1.0000000000 -0.1561408294  0.0975719628  1.0000000000
-8.3926606169  2.5608958655 -2.1506612786 -8.5437699973  2.6888540645 -4.5289759622 -0.2556440230  0.0853731442  1.0000000000 -0.1148955399 -0.2193783726  1.0000000000
 -7.9997111775   2.2392577105  -1.5185265757 -10.3189932934   2.4009290090  -2.6335173494 -0.2154185378  0.1623678000  1.0000000000 -0.0886811218  0.0540783623  1.0000000000
-9.2015129230  0.1055388667 -3.3653796981 -7.3021891107  1.1170039173 -4.9615096253  0.1339084290 -0.0004612393  1.0000000000  0.0524912128 -0.3040533977  1.0000000000
-10.6837949688   0.5042339965  -4.1072315266 -10.9379702460   0.3116567312  -3.1781168253  0.1617945847 -0.0470830093  1.0000000000  0.1378597404  0.0896436674  1.0000000000
