131.0000000000
0
50
-2.9206658256  5.1606068253  0.9332698982 -0.8232058634  7.9908330818  0.7290245465 -0.0902553972 -0.1881263949  1.0000000000  0.1509630451  0.1804011091  1.0000000000
-2.6597996813  5.5752544832  0.9313238199 -2.6694125233  5.4933288619  2.7462615121 -0.0909904896 -0.1241518668  1.0000000000 -0.0791038946 -0.0586749015  1.0000000000
-2.4004452106  5.1500921137 -0.3834004302 -2.1265456276  8.3061031764  0.4622315782  0.0071293738 -0.2379732464  1.0000000000  0.0121237008  0.2410109120  1.0000000000
-1.8072872866  6.2857059268 -0.6052220758 -3.0009933592  5.0952668703  0.1585515949  0.0632482798 -0.0626704264  1.0000000000 -0.1025766853 -0.2225676803  1.0000000000
-3.5436662487  5.1514505740  2.0852041161 -3.4761689759  7.8171456850  2.0247724679 -0.1238267154 -0.1881112626  1.0000000000 -0.1615849714  0.1099685222  1.0000000000
-2.9687513414  5.7188556052  2.8989648320 -3.6117317366  7.4380246111  0.0334471181 -0.1062625928 -0.1057334461  1.0000000000 -0.2223078086  0.0858449296  1.0000000000
-2.6985625239  5.3360311979 -0.7631460349 -1.8405328583  5.0500586297  0.6201228837 -0.0576659953 -0.2075709450  1.0000000000  0.0597420761 -0.1867363121  1.0000000000
-1.3163575029  5.6386055758  1.9845496038 -1.6522160056  7.0805624249 -0.3540760618  0.0957456454 -0.0956130636  1.0000000000  0.0737355119  0.0482796558  1.0000000000
-3.9860036142  7.4727209634  1.5657668338 -3.5374869890  8.5988044321 -0.1916360122 -0.2267223144  0.1462517345  1.0000000000 -0.1963291527  0.3210270294  1.0000000000
-3.0345934529  7.6485191749  0.8614778222 -3.8695237130  6.6487048020  1.3677305053 -0.0982287346  0.1136656817  1.0000000000 -0.2079387173  0.0470665143  1.0000000000
-2.7925633579  6.5116635148  1.9095911295 -3.9884410712  7.5224874664  2.9830349585 -0.0973009470 -0.0455214557  1.0000000000 -0.1730843129  0.0891376143  1.0000000000
-3.3151608687  7.7266108496 -0.5925692019 -2.9093281586  5.3230409082  0.7682098264 -0.1801391513  0.1468928522  1.0000000000 -0.0884979823 -0.2076130214  1.0000000000
-1.8665221013  8.2831756132  2.9744484137 -3.4526489264  4.9210019446  1.7104839274  0.0062325754  0.1618006326  1.0000000000 -0.1653063649 -0.2180525146  1.0000000000
-0.6233172705  7.4311394438  0.0848550537 -0.6661368811  8.2088484960  0.1293718048 0.2023170054 0.1368923045 1.0000000000 0.2115180999 0.2583002357 1.0000000000
-1.6746088935  6.0498160804  0.6325675568 -3.6527178888  8.3987754084  1.6437737739  0.0401587948 -0.1024543005  1.0000000000 -0.1716319856  0.2202184331  1.0000000000
-1.7911132339  7.2678117810  1.8003753676 -2.9388150490  7.2240483464 -0.9495300152  0.0059404031  0.0818706247  1.0000000000 -0.1206048819  0.0675791245  1.0000000000
-3.8550097046  7.6084368703 -0.9112147527 -3.1872122421  5.3439730281 -0.1874843195 -0.3184105158  0.1826966713  1.0000000000 -0.1494969418 -0.1926757170  1.0000000000
-3.5333818188  5.3010055088  0.9568925837 -3.2521908122  7.9772586866 -0.8969932019 -0.1542053253 -0.1558863314  1.0000000000 -0.1488968064  0.1740730014  1.0000000000
-0.4651417437  5.0291722833 -0.3184481486 -0.8783880012  6.1488596190 -0.8992460217  0.2681522417 -0.2252332660  1.0000000000  0.1990242439 -0.0370380904  1.0000000000
-3.4289034526  7.7817062457  2.4848678472 -3.6999968957  6.3950299443  0.8592779524 -0.1252573255  0.1114206743  1.0000000000 -0.1915417427 -0.0013146815  1.0000000000
-1.0743296181  5.1559861517  1.2130803972 -2.5043628805  5.1888669805 -0.5384689818  0.1413766265 -0.1631567714  1.0000000000 -0.0581301029 -0.2148754953  1.0000000000
-3.5380012622  5.2523192328  0.5779220456 -2.8320344518  6.0300063656  0.7635987138 -0.1788136152 -0.1642667628  1.0000000000 -0.1123899330 -0.0610318875  1.0000000000
-2.1591627114  7.9503045110  1.6289493176 -2.8232665628  8.0290569370  2.1502521298 -0.0237525175  0.1234215950  1.0000000000 -0.0610426983  0.1922768549  1.0000000000
-2.4384099443  4.6957560027  2.9392179761 -0.9193354452  4.7706460044  2.5247255199 -0.0552557839 -0.1980214062  1.0000000000  0.1138177498 -0.1994957085  1.0000000000
-1.7651856481  8.2309578044  1.7067835999 -4.0313783253  6.0743583827  2.3154158042  0.0432491597  0.1713032852  1.0000000000 -0.2203118583 -0.0261763120  1.0000000000
-3.4868803070  8.2674704389  2.6542270678 -2.9707543608  4.6994130434  1.6272960656 -0.1413459860  0.1383004053  1.0000000000 -0.1139884790 -0.2272353267  1.0000000000
-2.3706923360  6.2400880598 -0.8206098563 -0.9673237997  7.9663339532 -0.3149773846 -0.0352751076 -0.0298128837  1.0000000000  0.1617799920  0.1918337387  1.0000000000
-1.6574999315  6.5784293222  0.9041319705 -2.2659700014  5.7071820387  2.7756578903  0.0105298052 -0.0302896066  1.0000000000  0.0103360491 -0.0929776399  1.0000000000
-2.2294775300  5.6200375643 -0.0253406105 -2.0812605261  5.1289392682  1.5774687369  0.0083423079 -0.1539811475  1.0000000000  0.0336616061 -0.1552090682  1.0000000000
-2.4713581277  7.8186756613  0.7038907824 -1.0398479286  7.0892904375  2.9535755942 -0.0237509050  0.1611963603  1.0000000000  0.1110433823  0.0555402843  1.0000000000
-1.4233500746  6.7154990164  2.9607299896 -1.4006931560  5.3128543732 -0.5083999582  0.0704281526  0.0037551434  1.0000000000  0.0946894644 -0.2205982663  1.0000000000
-3.7911247722  5.4860998482  0.5867535144 -0.4377546592  6.1324205097  2.2491304449 -0.1898768724 -0.1541148570  1.0000000000  0.1879737311 -0.0671640172  1.0000000000
-2.4854452153  8.0319111370  1.3333116564 -1.4298108651  7.7755141845 -0.2897392933 0.0003734279 0.1975362600 1.0000000000 0.1159440459 0.1754483462 1.0000000000
-0.4588305884  4.7201035205  1.4745454268 -3.9623796616  7.3000700723 -0.6787502033  0.2254556048 -0.2303671542  1.0000000000 -0.2819800212  0.0915550870  1.0000000000
-0.7883202231  4.9568057593  1.2677900071 -2.3195851142  4.9068408989  2.8398034334  0.1827230855 -0.2034516641  1.0000000000 -0.0317217745 -0.1515341865  1.0000000000
-0.2442712638  4.8339536355  1.8107228143 -3.5684910188  5.3314406157  0.4356098793  0.2164527326 -0.1947726389  1.0000000000 -0.1695109782 -0.1554158206  1.0000000000
-2.7293516700  6.8779968358 -0.9113128233 -1.2265100750  6.1043679610 -0.6604783987 -0.0592627009  0.0639099656  1.0000000000  0.1496381612 -0.0975241522  1.0000000000
-1.7946798938  8.4187689277  2.9405978417 -2.6914504381  5.1170858150  0.4896624296  0.0560023846  0.1827712885  1.0000000000 -0.0850566238 -0.1884525013  1.0000000000
-2.5876041974  7.5781674449 -0.9014677461 -3.9126949008  7.8763051895  2.6994495779 -0.0623036707  0.1632883182  1.0000000000 -0.1727198874  0.1547117948  1.0000000000
-3.5960200191  6.1273998227  2.7817988232 -3.3349325985  5.9407266494  2.0426289987 -0.1983831280 -0.0659038343  1.0000000000 -0.1563751445 -0.1073360144  1.0000000000
-3.1485263282  4.7383852485 -0.2367733819 -2.4560412507  6.1366670633 -0.4377738014 -0.1391797397 -0.2898378730  1.0000000000 -0.0691922790 -0.0906927557  1.0000000000
-0.2159470889  6.1827263315  0.0327945116 -2.7309112413  6.5244651114  1.3704450751  0.2493141582 -0.0318302269  1.0000000000 -0.0917013572 -0.0349307640  1.0000000000
-2.9561652053  6.4464620563  0.2002132468 -2.4555088847  7.9066527326  2.4164125958 -0.1343767182  0.0058430053  1.0000000000  0.0048807812  0.1542249890  1.0000000000
-3.5341701587  7.9870793801 -0.2134026921 -0.3024437809  7.6294815607  1.2238086324 -0.1971344144  0.1705402408  1.0000000000  0.2360011046  0.1089445384  1.0000000000
-2.8251078556  7.3977315500  1.3476642704 -1.5357531180  6.4004419549  1.7761259746 -0.1061503131  0.0748436133  1.0000000000  0.0886199062 -0.0389122130  1.0000000000
-1.4320699906  7.1335284640  2.4789765242 -3.9507989964  7.6885390386 -0.5912416098  0.0026264474  0.0599268064  1.0000000000 -0.2620766352  0.1687292005  1.0000000000
-2.4029387065  4.7001389850  0.9968329139 -0.5045397630  7.0301503010  0.8176277768 -0.0467120501 -0.1800264618  1.0000000000  0.2329996099  0.0747449100  1.0000000000
-2.6843082745  8.2190253584  2.1391556705 -3.4414645814  7.6157312428 -0.7651751842 -0.0912604457  0.1129971237  1.0000000000 -0.2331115739  0.1814254183  1.0000000000
-0.0864444350  8.3469806383  0.7791357364 -1.0910841990  6.5679190005  1.2901622636  0.2681241931  0.2368686497  1.0000000000  0.1015646827 -0.0005245372  1.0000000000
-2.3503156078  4.8979409157  1.0277036858 -0.5553304323  7.6425642158  2.2225780215 -0.0338191992 -0.1934635479  1.0000000000  0.2029409235  0.1048136511  1.0000000000
