989.7000000000
0
50
-0.5498522791 -6.6523937879 -6.2542789881  0.7694279538 -5.2146518444 -6.0996751239  0.0762153115 -0.0458325627  1.0000000000 -0.1437169539  0.0256643586  1.0000000000
 0.5606240146 -7.2443664373 -6.2434476146  0.3700047966 -7.8044751287 -7.4949343989 -0.0197931931 -0.1530018968  1.0000000000  0.0363723581 -0.1533624472  1.0000000000
 0.4588841397 -5.6804728361 -6.5453004991 -1.3186411917 -5.8216479967 -5.2548820588 -0.0604487304 -0.0088604751  1.0000000000  0.1411665825 -0.1186076905  1.0000000000
-2.1036955865 -4.8485560184 -7.2582629336  0.2817802736 -3.5482933137 -6.7163614054  0.2370094409  0.1541778441  1.0000000000 -0.1565218842  0.2863829037  1.0000000000
 1.1201355607 -6.7782693362 -7.3966025151  0.3523322834 -6.2491264739 -8.5886863643 -0.0562473349 -0.0800886845  1.0000000000  0.0425452229  0.0447283270  1.0000000000
-1.3304348962 -7.7309155321 -6.1313434525 -0.4527567187 -5.3460112541 -4.9916018690  0.1602583947 -0.2467572874  1.0000000000 -0.0560028085 -0.0420324159  1.0000000000
-0.8128547187 -3.8038978644 -6.9491989235 -0.7716506253 -5.0742195678 -8.1862188759 0.0390084500 0.2890592064 1.0000000000 0.0892287437 0.2147902590 1.0000000000
 0.4765865052 -5.6774755136 -5.1233449402 -0.3082374912 -6.4765351314 -6.7422282641 -0.1663353763 -0.1064513645  1.0000000000  0.0651438577 -0.0647496028  1.0000000000
-0.3508370067 -4.7794727872 -5.9063165126 -0.5624011755 -3.7469456375 -6.1541815187 -0.0268275798  0.0521390627  1.0000000000 -0.0430415345  0.2427389417  1.0000000000
-1.4458144362 -5.1660162471 -7.0728483716  0.3951220588 -5.5760303923 -7.5339417902  0.1382188184  0.1550600887  1.0000000000 -0.0387515666  0.0403735054  1.0000000000
-0.3309081430 -6.8901871345 -5.0224589391 -2.0957994414 -6.9718950293 -5.0862213826  0.0114316647 -0.2963239668  1.0000000000  0.1853416702 -0.2431740941  1.0000000000
-1.5077901999 -6.8683817862 -6.8059027042 -0.3737270867 -5.5132864649 -9.5753251833  0.1976250422 -0.1180984925  1.0000000000  0.1255998204  0.1993760401  1.0000000000
 1.8210555430 -7.1569802624 -6.1660546155  0.6213272189 -6.1414834764 -8.3648153694 -0.1331981832 -0.1966619506  1.0000000000  0.0030550313  0.0939337060  1.0000000000
 1.1784468078 -4.4936450999 -6.8606550343  2.1604580424 -4.8072772486 -8.2245231306 -0.2159314283  0.1036101719  1.0000000000 -0.1766049557  0.1331864769  1.0000000000
-1.2328933213 -6.8995316820 -5.9016916102 -0.5570278257 -3.9055452709 -6.0246117302  0.1686968679 -0.1605308709  1.0000000000 -0.0798079680  0.2144289851  1.0000000000
 0.0814206109 -7.4486763992 -5.9250623337  0.4466727353 -8.1837730775 -7.6926979217  0.0048582847 -0.2258693243  1.0000000000  0.0413731586 -0.1567766214  1.0000000000
-1.0722903854 -6.7806051709 -8.6175659531 -1.0360481776 -6.5825684726 -8.1148335464 0.2104666300 0.0206206511 1.0000000000 0.1683146912 0.0323352966 1.0000000000
-1.7724784765 -7.3821450271 -6.8391665022 -0.2613363282 -7.4917259189 -6.4769438932  0.2533642021 -0.1606396824  1.0000000000  0.0523667267 -0.1700754057  1.0000000000
-0.5191455587 -4.7209660586 -5.4427791798  0.1590468480 -5.1798037458 -5.4417169241 -0.0620596123  0.0929416081  1.0000000000 -0.1194617746  0.0150228880  1.0000000000
-0.6428614635 -4.4045392063 -6.3498499382  1.0740616224 -5.2724711340 -8.7355002397  0.0236990944  0.1723223420  1.0000000000 -0.0372082068  0.1432433034  1.0000000000
 0.0568689100 -6.0973603905 -5.8888841418  0.4438831649 -7.1654132860 -7.5406251225 -0.0670442652 -0.1216695733  1.0000000000  0.0240083779 -0.1221228371  1.0000000000
 1.4363116342 -6.5311867967 -5.3652021667 -0.8985775873 -4.4283998151 -7.2234620137 -0.2002829402 -0.1366035514  1.0000000000  0.0465071165  0.2341292628  1.0000000000
-1.7843562261 -6.2179511824 -6.0271296892 -2.4647755994 -4.3263429297 -7.2424208631  0.1938521930 -0.0971650551  1.0000000000  0.3036633036  0.2736412697  1.0000000000
-0.0518408978 -4.7962506520 -8.8139242372  1.1107476887 -6.1670233431 -4.5939074682  0.0243570671  0.2053996316  1.0000000000 -0.2496830325 -0.2061839110  1.0000000000
-1.3643076447 -6.8435583705 -6.8619801514 -0.0453510364 -7.7601096736 -8.1227818489  0.1664632758 -0.0889252918  1.0000000000  0.0700202369 -0.0657217894  1.0000000000
 1.1524406446 -4.7854727434 -5.8255645607  0.7081341158 -6.4020086605 -7.1794971685 -0.2428673343  0.0545996400  1.0000000000 -0.0437727526 -0.0573088533  1.0000000000
-0.8081504471 -4.3046054883 -6.6293222779 -0.0955546414 -6.6230272928 -5.4277242225  0.0605778312  0.1978391603  1.0000000000 -0.0181524429 -0.1510495040  1.0000000000
-0.5431239280 -7.3914563473 -8.2791186580 -0.6758388034 -6.4754186402 -8.0324373142  0.1392542148 -0.0264258552  1.0000000000  0.1113954117  0.0360058538  1.0000000000
-0.6404026374 -7.1667574827 -7.4872890903 -1.9562512526 -5.9471248918 -6.6640604254  0.1271882016 -0.0892357101  1.0000000000  0.2165001160  0.0196178985  1.0000000000
 0.4158699483 -3.7228274723 -6.9589939535 -0.7842063870 -3.8998454047 -6.7272276449 -0.0803307871  0.2498948997  1.0000000000  0.0175283114  0.2626998070  1.0000000000
 2.0245319178 -7.1266646530 -7.1464399047  0.3315079088 -5.2618349806 -9.2587954345 -0.1939644504 -0.0778411966  1.0000000000  0.0186836798  0.1941231229  1.0000000000
 0.1314732176 -6.7758087419 -5.4824983073  0.2442159352 -6.8934594380 -8.0224063989 -0.0356303215 -0.2005417666  1.0000000000  0.0231024745  0.0184787507  1.0000000000
-2.0073287080 -6.6777705596 -6.4624501146 -0.5750349257 -6.7867167209 -4.7642216936  0.2538484328 -0.1356176956  1.0000000000 -0.0019027408 -0.2675744517  1.0000000000
-0.7699682763 -5.9794919419 -9.0412507211  0.8243882826 -7.5684997435 -6.2174013301  0.0906624006  0.1305941737  1.0000000000 -0.0952355577 -0.2318368029  1.0000000000
 0.6123329258 -6.2291426815 -6.5847563985  1.1472364916 -5.9321004261 -7.6955262988 -0.1147815425 -0.0651866347  1.0000000000 -0.0826823865  0.0183488536  1.0000000000
-0.4897025810 -5.7097203127 -6.2311624135 -0.0678382706 -5.9865228029 -6.4660486485  0.0333636736 -0.0115618606  1.0000000000 -0.0141967630 -0.0553961298  1.0000000000
 0.1588299554 -5.9159280934 -9.1005415308  1.2805776932 -4.7376687064 -6.1827203409  0.0378045307  0.1038327712  1.0000000000 -0.2391135019  0.1131887531  1.0000000000
 0.8913664672 -5.0052072993 -9.0921161029  0.8250669107 -8.0608214054 -7.3063025297 -0.0163000163  0.2142660195  1.0000000000  0.0332245990 -0.1684871177  1.0000000000
 0.5433927446 -3.9285499962 -7.1474971892  0.1787797171 -4.9563368759 -5.9563406455 -0.0790357346  0.2726077740  1.0000000000 -0.0732910842  0.0567612290  1.0000000000
-0.5609265603 -7.5273430138 -6.7002520326  1.2383021822 -4.9033616276 -8.8441539183  0.0995417493 -0.1428267712  1.0000000000 -0.0355148292  0.2385522953  1.0000000000
-1.4737039304 -6.5899312892 -5.7811351866  1.2536448134 -5.4093739289 -7.6423254666  0.1862347648 -0.0609307890  1.0000000000 -0.0937422428  0.0920671774  1.0000000000
 1.1938116407 -4.3467741844 -5.6024668333 -0.0045518860 -8.2475810096 -7.2145174815 -0.2944576005  0.0863662311  1.0000000000  0.0442075531 -0.1666867434  1.0000000000
 0.2289192122 -8.4578147323 -7.2647228593 -1.3467816273 -4.3569386102 -7.1919330280  0.0496349828 -0.1831754916  1.0000000000  0.1116104857  0.2337991213  1.0000000000
-0.2814088600 -7.1488646718 -7.5060078629  1.4862916069 -6.3075628070 -8.2851907742  0.0821627050 -0.0840504404  1.0000000000 -0.0357580462  0.0550390306  1.0000000000
-0.0629426240 -6.7023870325 -5.4145554534  1.2729518071 -8.0785667043 -7.4830168152 -0.0395418656 -0.1776348925  1.0000000000 -0.0289715919 -0.1555792628  1.0000000000
-0.8955109703 -6.4005816173 -5.9193324495 -0.0525861825 -6.5893675959 -4.2860829616  0.0587917868 -0.1158883733  1.0000000000 -0.0816845218 -0.2951886492  1.0000000000
 1.4353514477 -5.8947665379 -5.0017951867  1.3193282517 -6.5477052035 -4.7393397707 -0.2550259700 -0.1239826213  1.0000000000 -0.2065033520 -0.2364892222  1.0000000000
 2.0874852316 -4.6064501770 -8.6315607497 -1.6254980125 -7.4428704352 -7.1481412469 -0.1990824880  0.2354554058  1.0000000000  0.2428911894 -0.1314482809  1.0000000000
 0.1204677624 -3.6668484877 -6.8207318690 -0.8713991117 -5.4451192836 -9.7128067873 -0.0926054166  0.2540300600  1.0000000000  0.1487074658  0.2211616799  1.0000000000
 1.2410558588 -5.7897144139 -4.9234342698  1.5984418237 -6.6390587728 -6.4258728171 -0.2816429913 -0.1367850012  1.0000000000 -0.1358283225 -0.1039097503  1.0000000000
