109.1000000000
0
50
12.1900459613  5.1446108704  1.2661159458 13.4526502434  2.2020824016  2.3006038415  0.0546214941  0.2378627217  1.0000000000  0.0828282009 -0.1221115366  1.0000000000
13.3037761508  3.7154352476  2.8555615809 11.5034841416  3.9744018190  2.5964319838  0.0102129990  0.0661696445  1.0000000000 -0.1328660189  0.0968347085  1.0000000000
11.7357879368  2.9850906847  0.7021616331 13.8450605367  3.6299370272  3.1242701265  0.0775644183 -0.0487431701  1.0000000000  0.0096528323  0.0386818622  1.0000000000
11.8261784441  1.4242161025  1.8322046011 13.1259219491  3.1900593823  4.2759422100 -0.0507179996 -0.1995106072  1.0000000000 -0.1528347304 -0.0129503565  1.0000000000
12.6629893852  1.4416535020  4.1900838116 11.7814178107  4.0984067392  3.7305655449 -0.1489865783 -0.1718762609  1.0000000000 -0.1819036443  0.0350840860  1.0000000000
11.4938526096  5.2632933777  3.8209218630 10.8242345881  4.3039699747  2.0898885322 -0.2223476764  0.2243073308  1.0000000000 -0.1837567670  0.1389931806  1.0000000000
14.2180261245  3.2680179537  1.7686732421 11.7990724030  4.9314072131  1.5777808905  0.1891867038 -0.0379079870  1.0000000000  0.0025279454  0.2432240844  1.0000000000
13.3849176505  1.4469154396  0.8911230216 11.4167213304  5.2214582962  1.3608716469  0.1987125376 -0.2354202325  1.0000000000 -0.0015656674  0.2375234186  1.0000000000
12.9113044463  2.5567569233  2.5697499136 12.4449234756  2.5904149771 -0.3511823491  0.0000985856 -0.1062110164  1.0000000000  0.3131243447 -0.0972799327  1.0000000000
10.5295358563  2.1536779630  3.0364087945 12.7976110608  4.5955356209  1.3181415009 -0.2878183912 -0.1873645967  1.0000000000  0.1026973651  0.1601356816  1.0000000000
12.8859791242  2.8314738320  1.4952965253 12.2145612508  3.5128433283  2.4006778027  0.0741537339 -0.0764292701  1.0000000000 -0.0443099646  0.0317335190  1.0000000000
14.1552213386  2.5944819448  1.4442486072 13.4011544687  3.6959954230  1.4305418299  0.1928826716 -0.0692063776  1.0000000000  0.1454123321  0.0190466611  1.0000000000
11.7982878310  1.8558978063 -0.0270625553 14.3665599959  2.2732074061  2.3917789997  0.2329157818 -0.2426159678  1.0000000000  0.1221788571 -0.0888953830  1.0000000000
11.0807448769  5.0824544606  3.2383677106 13.1139854450  1.4372019605  3.4469891581 -0.1970600679  0.2705512261  1.0000000000 -0.0551885334 -0.1896332816  1.0000000000
13.5246503177  2.6288053084  2.8138916424 13.1139786309  4.3096914398  3.4771476236  0.0232249574 -0.0742669604  1.0000000000 -0.0627006906  0.1164409587  1.0000000000
13.0371654537  2.3456235164  1.4946251139 10.9536997907  4.4102348257  2.1516767022  0.1202742970 -0.1383520212  1.0000000000 -0.1258505005  0.1364790031  1.0000000000
12.9453305086  3.2384092775  2.1333093897 11.4785695944  1.5375081966  3.0498751989  0.0239257765  0.0196949721  1.0000000000 -0.1644183958 -0.2484604351  1.0000000000
11.0429303251  1.8016993785  2.1668130044 11.0517302887  1.5528733875  0.8516080548 -0.1241757791 -0.2136382671  1.0000000000  0.0198993430 -0.2968006764  1.0000000000
13.2060249207  2.9512493620  3.0361559558 13.4462974797  2.4089711138  3.0265312992 -0.0086095993  0.0075988788  1.0000000000  0.0038435300 -0.1073392099  1.0000000000
12.2553609615  1.8693150163  0.2759203102 13.3947858879  5.0695059682  2.4854063131  0.1780600618 -0.2471589090  1.0000000000  0.0554044157  0.1710720509  1.0000000000
11.9042605075  3.3318488286 -0.0555603517 13.4403395450  3.9870154258  2.5460138570  0.2680585512 -0.0415519788  1.0000000000  0.0515538081  0.0828701316  1.0000000000
12.7630971424  2.3334212071  4.7115855956 11.6259157275  4.3857833506  3.5293739896 -0.1773725605 -0.1185401731  1.0000000000 -0.1970193184  0.1453373292  1.0000000000
12.2125878114  1.3971515355  3.5189519792 13.0568354854  1.5598807297  4.1025996298 -0.1602961230 -0.1920903304  1.0000000000 -0.1182521306 -0.1823177235  1.0000000000
12.7538058685  4.8551639877  1.6761307437 14.7779887737  4.1548829299  1.8933891494 0.0979150694 0.1704736400 1.0000000000 0.1478169164 0.0947603907 1.0000000000
10.9155087686  5.0348608473  3.3002848091 12.6976207998  3.9363503568 -0.1176148882 -0.2464168350  0.2499779616  1.0000000000  0.2858000951  0.0399610560  1.0000000000
13.0828794808  4.0009433996  2.9733849283 11.6365858647  3.0427834479  3.4731414761 -0.0360056014  0.0832838652  1.0000000000 -0.2054410714 -0.0136862881  1.0000000000
10.9943132225  3.0997378700  1.5206487417 10.6022606787  5.3018287966  2.4370901088 -0.0734698747 -0.0567512054  1.0000000000 -0.1947344579  0.2582715389  1.0000000000
10.8615432320  4.1113041758  2.5456476970 11.6049088778  3.9078261616  2.7691862938 -0.1786333224  0.0928893262  1.0000000000 -0.1400094352  0.0564081429  1.0000000000
11.8123262804  1.7295949856  3.6037363505 12.6649137375  5.4005062674  0.5379021649 -0.2027727464 -0.1990499452  1.0000000000  0.1837862776  0.2913381528  1.0000000000
12.0322387078  2.9128554482  0.4687020765 11.1527730694  3.6356292959  1.6718754753  0.1418356721 -0.0954797133  1.0000000000 -0.0414592040  0.0277839390  1.0000000000
10.1404559845  2.6447717752  2.5172102733 12.6319301831  4.8044126796  2.3799496339 -0.2656036401 -0.0884315387  1.0000000000 -0.0140020169  0.2311645615  1.0000000000
14.0158388687  5.2962974287  1.3737198454 11.8509212221  2.1238281275 -0.2639182552  0.2146721754  0.2233338506  1.0000000000  0.2284929984 -0.2086421135  1.0000000000
11.4578103462  3.1083085350  1.1009026118 11.0578623560  4.8111727918  2.6699376021  0.0272101694 -0.0076496072  1.0000000000 -0.1637026447  0.1840909458  1.0000000000
11.9453543044  3.3168360921  2.8908090913 12.2966502958  4.3285050952  3.1885282153 -0.0980421675  0.0116910989  1.0000000000 -0.1354268586  0.1411893310  1.0000000000
12.7364735996  5.0148856731  1.6245684270 10.6326977044  1.7873507909  2.2094829476  0.1426603266  0.2288262828  1.0000000000 -0.1973949331 -0.2227860997  1.0000000000
12.5446028961  2.2286546245  2.2399868445 12.4248412334  4.4408968990  2.8340805112  0.0682303891 -0.1628661626  1.0000000000 -0.0740278342  0.1178734544  1.0000000000
10.7137127925  3.1773455650  1.4304180958 13.8379129695  3.0617351592  3.1822754078 -0.0562870013 -0.0341121358  1.0000000000 -0.0021010049  0.0062861527  1.0000000000
14.4735413287  3.6959696852  1.5318242604 12.6891805859  5.0074827934  0.8056421115 0.2209420013 0.0301022841 1.0000000000 0.1894363876 0.2345567381 1.0000000000
11.7842129880  3.0876970223  2.7023429096 11.8693354499  1.5449933545  4.0753014204 -0.0945803841 -0.0517219289  1.0000000000 -0.2501776142 -0.2353931437  1.0000000000
15.0794277922  3.2874717092  1.9951508085 11.6349079590  4.1320196663  3.8627440644  0.1799743133  0.0140152431  1.0000000000 -0.2250874710  0.0862378213  1.0000000000
12.6700987262  2.3078203092  3.5789341903 10.6090806636  4.8012253478  3.0141984262 -0.1115179474 -0.0857707563  1.0000000000 -0.2793445907  0.1966965573  1.0000000000
12.7816592372  4.9596267909  2.5871535708 14.9740215945  4.6412375707  2.0650016831 -0.0286551527  0.2289030676  1.0000000000  0.1446072191  0.1363360154  1.0000000000
12.4018370863  3.9128793092  1.9890843191 11.9767990587  5.1774292133  2.1351282321 -0.0050385467  0.0548976120  1.0000000000 -0.0221037447  0.2455200863  1.0000000000
12.3037769179  3.1089659696  0.1649600049 13.2295571087  1.9608489077  0.6322433329  0.2383674621 -0.0400400397  1.0000000000  0.1822455667 -0.1721722046  1.0000000000
12.0324620386  1.8985771261  2.1791318313 11.1657424355  4.3600301132  3.0126437579  0.0153339763 -0.1908886847  1.0000000000 -0.1966928065  0.1247814418  1.0000000000
11.8462528735  3.5188967462  2.2583670453 12.2489095012  4.5437131425  3.3834393092 -0.0596801014  0.0223739947  1.0000000000 -0.1249054318  0.1624727648  1.0000000000
12.0056030293  3.0051445104  3.6604504762 12.4890633719  2.9527052664 -0.3596355942 -0.1670318137 -0.0412062572  1.0000000000  0.3065685046 -0.0517031561  1.0000000000
11.3402933956  4.8228288452  0.5665790812 12.6462020699  2.2566252883  1.9244002763  0.0637130329  0.2237387079  1.0000000000  0.0633345008 -0.1092566351  1.0000000000
15.0000080549  2.8119666119  1.7033114726 12.3954572093  4.5759398081  3.9676825091  0.1899379243 -0.0367258212  1.0000000000 -0.1688303899  0.1246902685  1.0000000000
12.3233155665  2.4045934097  3.2211354648  9.9253787963  4.0700284542  2.5464032436 -0.1152774723 -0.0839003691  1.0000000000 -0.3517001887  0.1062318958  1.0000000000
