41.7000000000
0
50
 0.2711035128 -0.3261435445 17.5938936848 -2.6543357332  2.2008113794 18.0982819101  0.3768840512  0.0185041824  1.0000000000 -0.1407721832  0.1331057340  1.0000000000
-1.3849125045 -1.3216915838 17.7465757453 -2.8318422227  2.6070156995 17.2190689519  0.1639279246 -0.2149859641  1.0000000000 -0.2292445473  0.1982355692  1.0000000000
-1.4192425696 -0.2339705835 16.8072085529 -3.3115162224  0.8970234567 17.6692331879  0.0318778332 -0.0862634857  1.0000000000 -0.1377221634 -0.0154143880  1.0000000000
-3.5717228600  0.2895741549 16.8031450899 -1.5564527828  2.6614351295 16.7717287895 -0.2304742712 -0.1977418159  1.0000000000 -0.1526528268  0.3269917157  1.0000000000
-2.5183438528  0.8294365515 20.1956592306 -1.9794218366  0.4942517863 17.0483914850  0.0216906011  0.0483823815  1.0000000000 -0.0471724345 -0.0347900377  1.0000000000
-1.1050291349 -0.1705851361 19.8412042620 -0.8657283014  1.9626442705 19.7747025910  0.2271985644 -0.0162902067  1.0000000000  0.1394008545  0.2449050934  1.0000000000
-2.0208739511 -0.9930556101 20.2447631691 -1.5846257184  0.3910212028 19.4047898950  0.1489849954 -0.1353373381  1.0000000000  0.1097951624  0.0140861561  1.0000000000
-3.6275800952  1.6792650122 18.4101112414 -2.4250320949 -1.1478858808 17.2443006220 -0.1586096298  0.0387375621  1.0000000000  0.0536089037 -0.2572508084  1.0000000000
-1.4471649284 -0.5390997733 18.3211025890 -1.4770189647 -0.1563142579 18.6138197541  0.1323993066 -0.0951754358  1.0000000000  0.1037569977 -0.0261664616  1.0000000000
-3.2771733955  0.4051351645 18.6879564505 -0.7955344320  0.0841603441 17.9831259504 -0.0853474282 -0.0778012947  1.0000000000  0.1452415870  0.0036332758  1.0000000000
-3.5960952343 -0.0372987138 18.4348168560 -2.3219569715  2.4088808593 18.5481989441 -0.1159842336 -0.1221772285  1.0000000000 -0.1149685666  0.2374791040  1.0000000000
-1.3577807471  1.4659524913 17.9024052081 -3.1464386487  0.9671554487 16.5519054172 -0.0044779487  0.1187201728  1.0000000000 -0.2098240424 -0.0202912218  1.0000000000
-3.0214472534 -1.0931209470 19.9750451444 -2.5927776977 -0.3364712653 20.4579802277  0.1019661575 -0.1676333594  1.0000000000  0.0846081512 -0.0916336351  1.0000000000
-3.2712389210  2.0793351968 17.7888169619 -2.4093442598 -0.6745078182 17.2631320228 -0.2083087005  0.0677621188  1.0000000000 -0.0184267763 -0.1887993485  1.0000000000
-1.3598210124  1.2916581023 20.8423980717 -2.9910180639 -0.7603321576 17.1808897332  0.1571394915  0.1479015825  1.0000000000 -0.0813879874 -0.1920946655  1.0000000000
-0.8275706651  1.1027536958 17.0666574587 -2.3183186988 -0.2005136651 17.6636485821  0.0570537222  0.1492914209  1.0000000000 -0.0306110529 -0.1200081206  1.0000000000
-2.9883135411  1.3705457119 18.4410704865 -0.4627809910  1.1590470020 17.4373972452 -0.0925671636 -0.0017428872  1.0000000000  0.1588193572  0.2197932335  1.0000000000
-0.4135705879  0.6942001015 17.7625461020 -3.7186815310  1.9984910014 19.0405149928  0.1511634378  0.1371297551  1.0000000000 -0.1840511523  0.0738031190  1.0000000000
-1.8199108774 -1.1212193657 18.8752529590 -0.9661814496 -0.5272504558 19.4115855277  0.1495683343 -0.1957789363  1.0000000000  0.2036827907 -0.0503948599  1.0000000000
-0.6390581498 -0.4808912907 17.1736262366 -1.3053030270  0.6061694134 20.4155911946  0.2165142668 -0.0711589516  1.0000000000  0.1804615558  0.0479085500  1.0000000000
-0.9985377751  1.1373035018 17.6224302275 -2.1534604190 -1.6334617981 19.7679633885  0.0366292255  0.1211240153  1.0000000000  0.1525512344 -0.1915528419  1.0000000000
-1.5271917610  1.0915500358 17.5142837458 -2.4586216021  1.9030963070 18.0856842013 -0.0313478034  0.0882818567  1.0000000000 -0.0914533083  0.1548173028  1.0000000000
 0.6085617374  1.1912673478 18.1047940602 -2.0000194494  1.3083727452 20.2443778514 0.2655909036 0.2563701212 1.0000000000 0.0628153975 0.1153433667 1.0000000000
-2.3616695668 -0.6452546276 20.5947706141 -2.9043016404  2.3861233174 19.2051828852  0.1808120211 -0.1065189542  1.0000000000 -0.1049488848  0.1659336735  1.0000000000
-1.5197083207  1.8258863283 19.6835866662 -2.4541580610  1.8332079825 18.2929602902  0.0736393466  0.1885170022  1.0000000000 -0.0834298700  0.1436134544  1.0000000000
-2.7551516294  2.9978548249 17.4614140983 -3.9555494131  2.2006034339 19.5292357606 -0.2715856326  0.2500801079  1.0000000000 -0.1667328337  0.1018727210  1.0000000000
-1.2363709877  1.8494037990 20.2624636327 -1.9905416751  0.2424535350 17.6730701461  0.0822254613  0.2013165734  1.0000000000  0.0192954698 -0.0626210901  1.0000000000
-2.4213291999  0.9424633691 18.5392261816 -3.3008325375  1.0187009416 17.8861077082 -0.0409594121  0.0187365899  1.0000000000 -0.1560928275 -0.0240117243  1.0000000000
-1.7773438527  0.3870326562 17.0031068569 -3.9621093877  0.0489879082 19.5698888828 -0.0085110048 -0.0365702365  1.0000000000 -0.0343626905 -0.1137199618  1.0000000000
-1.7422853106  2.6633903838 16.9933663081 -1.1769591743 -0.2285512730 20.1695258452 -0.1703321694  0.2684039776  1.0000000000  0.1575226104  0.0077762976  1.0000000000
 0.5362572798  1.0353939429 17.7061612841 -0.4446743248  1.3950611774 17.2630323027 0.2758749662 0.2190464220 1.0000000000 0.1085705695 0.2244981575 1.0000000000
-0.9935871547  0.9022744315 17.3351993798 -3.5575513791  3.1840359931 19.1805223837  0.0354413557  0.1099500061  1.0000000000 -0.2168302151  0.1697030869  1.0000000000
-1.6212179460  0.4725497968 18.0034058305 -4.8633983933 -0.2732896638 18.3539401629  0.0469315812  0.0492193835  1.0000000000 -0.1898610042 -0.1872323211  1.0000000000
-3.4482562641 -0.5576229995 19.7468698041 -1.8495963193 -1.3351620795 18.0929560197  0.0116078944 -0.1287502574  1.0000000000  0.1274251679 -0.2191988626  1.0000000000
-2.1888085004 -0.6234322462 19.2341462066 -4.5520545465 -0.4876676623 19.0077699199  0.1102856152 -0.1088174879  1.0000000000 -0.1504207219 -0.1972729220  1.0000000000
-4.8001519495 -0.0693612526 18.6608302545 -1.8684036449 -1.3131342195 19.7212282527 -0.1868084493 -0.1817139226  1.0000000000  0.1601823865 -0.1656837808  1.0000000000
-2.0861554022 -0.3475595785 17.9037541768 -3.4070257123 -0.6605938393 19.8699300848  0.0469091108 -0.0792179893  1.0000000000  0.0445513056 -0.1277418174  1.0000000000
-4.3554890733  1.4007788065 19.2950845808 -3.9445477326  0.3583700887 17.6499689684 -0.1633471780  0.0209709678  1.0000000000 -0.1935780146 -0.1447938320  1.0000000000
-3.6329777662 -0.2229906759 17.9957504776 -1.8483016385  0.7613613892 16.5168441264 -0.1345054930 -0.1496260911  1.0000000000 -0.1120764686 -0.0126953125  1.0000000000
-2.8128368406 -0.7186374820 19.3979625279 -2.4156927210 -1.3404499930 18.2987642634  0.0709013241 -0.1277884399  1.0000000000  0.0473539790 -0.1838598597  1.0000000000
-1.0594455399  1.4880065726 19.5707664998 -1.1091578717  0.2543319773 19.8882545134 0.0968845821 0.1701469661 1.0000000000 0.1946509263 0.0162607124 1.0000000000
-2.5978850636  2.7498486024 18.5231945314 -1.4803199285  2.1503857192 17.1186299426 -0.1483404813  0.1695980177  1.0000000000 -0.0924911278  0.2294477458  1.0000000000
-0.9022126318  1.2081219732 19.7779927652 -4.2423343948  0.7787596974 18.4624449992  0.1729070710  0.2026512026  1.0000000000 -0.1618380363 -0.0314101541  1.0000000000
-2.9551046677  2.4724362001 19.2989823330  0.0502302807  1.5043103548 17.4149013692 -0.1353556764  0.1588173725  1.0000000000  0.1733131719  0.2355762682  1.0000000000
-0.3436474296  0.4330951797 18.8104528579 -2.1193364007 -1.4130121875 20.7709014328  0.2172037017  0.0915648784  1.0000000000  0.2355103046 -0.1324205990  1.0000000000
-0.8348498804  1.0748873935 19.5949309188 -2.1635355585  0.6793202478 17.8005237440 0.1721332712 0.1322904400 1.0000000000 0.0102590071 0.0599605864 1.0000000000
-2.8020340901 -0.6990462491 17.0956966008 -3.2026892609  0.0985189118 17.6324382490 -0.0436300554 -0.2290485333  1.0000000000 -0.1714808122 -0.2127717783  1.0000000000
-3.1633657399  2.9208584767 18.8831693989 -2.2303935910  1.3177980863 18.6036806303 -0.1323316229  0.2288639847  1.0000000000  0.0202852383  0.0697304719  1.0000000000
-3.0411290106  0.8600355617 18.5042150617 -3.5993427292  1.2422855706 19.1630543967 -0.0531273664  0.0010950486  1.0000000000 -0.1217018163  0.0397126707  1.0000000000
-0.3101455333  1.3817236987 19.5045665544 -2.9194819677  2.8255441111 17.7837835303  0.1956438145  0.2279929393  1.0000000000 -0.2133709160  0.2145746983  1.0000000000
