813.4000000000
0
50
-5.4301466341 -1.5934252163  2.6277583777 -5.7138955680 -0.7588629465 -0.2831589380 -0.2969237947  0.1758580123  1.0000000000 -0.0789943086 -0.3016257681  1.0000000000
-5.4661534574 -2.5186047209 -0.1702435487 -6.1322555113 -3.5015840085  1.9886655974  0.0843289381 -0.0473505090  1.0000000000 -0.1076427717  0.1456036993  1.0000000000
-4.5675680364 -3.3018723577  1.7764169777 -5.9849503436 -2.1199735272  2.0848930013 -0.0170876274  0.2202841011  1.0000000000 -0.1902544713  0.0868947370  1.0000000000
-5.6853433254 -2.3923217302  1.2482648472 -4.3448486392 -2.3877801417  0.9962862565 -0.0785570990  0.0472679713  1.0000000000  0.0514706386  0.1491588382  1.0000000000
-4.7590454613 -2.3734202637  1.1403928201 -5.9238497562 -3.2220832937  0.9872958050  0.0106900698  0.0923195098  1.0000000000 -0.0450660612  0.0741295374  1.0000000000
-5.0529525715 -1.9543893153  1.9771697459 -4.8128370134 -2.3250468892  1.9192168668 -0.1821661984  0.1762777243  1.0000000000 -0.1044904591  0.1509865980  1.0000000000
-6.2004365985 -2.6098713408 -1.1856107011 -4.4170695454 -2.3095972202  1.0607579371  0.1061689649 -0.2002222328  1.0000000000 -0.0111815875  0.1101352611  1.0000000000
-5.0471913822 -3.4130881640  1.9670584620 -8.3342768652 -2.6663599782  0.6141502537 -0.0105534639  0.2032936376  1.0000000000 -0.1094903553 -0.0726641890  1.0000000000
-6.8978849202 -4.8786319780  0.0006910944 -5.4275933205 -2.4908705924  1.1297594131  0.0621772659  0.0539288167  1.0000000000 -0.0555890591  0.0825266142  1.0000000000
-7.5054708997 -3.4434735626  2.3271228903 -5.3914576379 -2.3443028674 -0.7362510049 -0.1654070508  0.1177967819  1.0000000000  0.0864482547 -0.1267791602  1.0000000000
-7.0771476008 -3.1754694502  0.2088254755 -7.9475327900 -3.5880900748  1.0851876702 -0.0359728211 -0.0565319041  1.0000000000 -0.1208413346 -0.0236705829  1.0000000000
-4.9122315178 -2.9463965504  2.3434199836 -7.0459278163 -4.3262398662 -2.3716081616 -0.0902334855  0.2745292793  1.0000000000  0.2083290170 -0.1702409247  1.0000000000
-5.1446924303 -3.5544810375 -1.0178326604 -8.2511730724 -2.7118683092  0.4642725052  0.1939065837 -0.0761809120  1.0000000000 -0.1028031271 -0.0966124627  1.0000000000
-7.4981596648 -4.1334511450 -1.0889546296 -6.9754356248 -3.0521923594  0.8266121005  0.0721860442 -0.1569337010  1.0000000000 -0.0731966692 -0.0355404085  1.0000000000
-5.9771697472 -0.4775108000  1.0264659086 -5.1810978929 -1.6768011993  1.2093939797 -0.2925223893 -0.1629614209  1.0000000000 -0.1390174975  0.0058925761  1.0000000000
-6.9227116021 -3.6500603996 -0.6927233086 -6.3624190965 -0.8119643937  0.5468992095  0.0717008092 -0.1150485031  1.0000000000 -0.2299443310 -0.1959433398  1.0000000000
-6.6986512552 -1.7641108726  1.3938081182 -7.7503162542 -2.4745768402  1.0771155721 -0.1963602616 -0.0434493116  1.0000000000 -0.2090199855 -0.0779853520  1.0000000000
-6.2695129464 -4.1221559770  1.4225748644 -5.7990572159 -4.0864144297  0.4062875952 -0.0029226476  0.1457563944  1.0000000000  0.0587147569  0.0599515318  1.0000000000
-5.9312978561 -4.8193184866 -0.2129870805 -6.7043329100 -2.1626621617  0.2123713893  0.1715611238  0.0357891107  1.0000000000 -0.1353208141 -0.1248637318  1.0000000000
-6.9599912192 -3.6921772502 -0.4094236789 -7.9080463139 -3.0295804957  1.0600937971  0.0892095384 -0.0977586372  1.0000000000 -0.1603882819 -0.0358879290  1.0000000000
-5.6291559707 -1.2487790891 -0.1898597815 -6.8567547695 -3.7445454714 -0.2359740395 -0.0619101008 -0.2041740651  1.0000000000  0.0501532319 -0.0840168413  1.0000000000
-7.7688793346 -3.6366157333  2.4035451351 -7.7103293899 -4.0414681969  0.5817860998 -0.1697483037  0.1314324769  1.0000000000 -0.0750087140 -0.0492910892  1.0000000000
-5.9139645239 -0.5435581449  0.3940295930 -4.9115114279 -4.3987084803  0.5560395987 -0.1714861183 -0.2195457762  1.0000000000  0.1552932532  0.1458031459  1.0000000000
-5.1478028479 -2.1854479055  0.9700331682 -5.0301488065 -1.3155769627 -1.2881500028 -0.0259552773  0.0364827170  1.0000000000  0.1364964986 -0.3122107055  1.0000000000
-4.0565763962 -4.4373447797  0.2202827481 -7.3551872841 -4.3905740418  1.1489109337  0.3074790083  0.1817875650  1.0000000000 -0.0082616073  0.0573820555  1.0000000000
-4.2168159768 -2.7697315874  1.1995247717 -5.0340301029 -4.1641084136 -0.5093591758 0.0608385694 0.1454153253 1.0000000000 0.2608593402 0.0340863021 1.0000000000
-4.4970689365 -2.3282622855 -0.1303049130 -5.7480555765 -1.1688040209  1.1543026155  0.1205077063 -0.0528021574  1.0000000000 -0.1581696524 -0.0220876482  1.0000000000
-6.4527611810 -2.6891831560  0.8099429449 -6.5716682230 -3.7187387909  2.8533062136 -0.1183791472 -0.0124813246  1.0000000000 -0.1189637636  0.2694741674  1.0000000000
-6.1476958192 -2.7946015459 -1.0858640149 -7.2124727327 -4.0329868789 -1.1523220257  0.1387870546 -0.2024843160  1.0000000000  0.1303116798 -0.1625524020  1.0000000000
-6.0086608500 -3.4819521503  0.4444039761 -6.7433214992 -2.5792224277  1.2049749678  0.0418096286 -0.0453755275  1.0000000000 -0.1266875589 -0.0204357413  1.0000000000
-6.1069776733 -5.5347674774 -0.5860664649 -6.5834872845 -2.3909852818 -0.8614312802  0.1873783775  0.0164159228  1.0000000000  0.0141547282 -0.2171363870  1.0000000000
-5.2993382623 -3.3755292783 -1.7245612148 -5.4039099269 -1.5008068146  0.2164251048  0.2381087373 -0.1924960598  1.0000000000 -0.0685532137 -0.1177225424  1.0000000000
-4.0589702867 -3.9757391070  0.5150742990 -5.6196983767 -4.1442170250 -0.4444150500  0.1992856308  0.1953206611  1.0000000000  0.1820173307 -0.0083444749  1.0000000000
-4.8700567342 -5.7964262557  0.6177818889 -5.8270093081 -2.9734201788  2.4503017500  0.2356282866  0.1773878814  1.0000000000 -0.1586165836  0.1696987997  1.0000000000
-4.6063407599 -2.5722053295 -0.2580530290 -6.4344227776 -4.0399858829  2.5897622306  0.1744126032 -0.0027397467  1.0000000000 -0.1091094621  0.2150620754  1.0000000000
-5.9255192699 -5.7779973638  0.7838163695 -6.5121313523 -4.9646600145 -0.9944491339  0.1786996918  0.1643966987  1.0000000000  0.1908288963 -0.0510124588  1.0000000000
-6.1338924645 -2.8471147510  2.4912464715 -5.2410097427 -3.7431985161  2.0479802842 -0.2203026716  0.1888621099  1.0000000000  0.0224810126  0.2175203605  1.0000000000
-7.9945406430 -2.9426759864  0.2556116622 -5.5604436340 -4.9206139482  0.8194394254 -0.0709073729 -0.1104147670  1.0000000000  0.1049583182  0.1656031290  1.0000000000
-5.5583893642 -3.9256772821  0.0574558029 -5.1086411056 -4.5018682380  1.6500096626 0.1086939521 0.0161940522 1.0000000000 0.0762423803 0.2363562679 1.0000000000
-8.2165955127 -2.0424575667  0.5086356199 -6.2887962738 -2.7151228838  2.7636032064 -0.1821820488 -0.1614250461  1.0000000000 -0.2200079131  0.1773823193  1.0000000000
-5.1926431988 -5.1627462482  0.1283408816 -6.0587156555 -3.2287414982  1.4356137691  0.2168177275  0.0928622011  1.0000000000 -0.0859562024  0.1215169430  1.0000000000
-7.0654068686 -1.5838240328  0.2147617545 -6.7802195507 -2.7136346709  1.6445131725 -0.1100315766 -0.2116158821  1.0000000000 -0.1771537611  0.0542566959  1.0000000000
-7.8284837732 -4.0658470335  0.4801377079 -6.3932223068 -1.1508950533  0.1306050949 -0.0036687763  0.0092949048  1.0000000000 -0.0932610891 -0.2038150070  1.0000000000
-6.5306386856 -5.5302522635  0.1979270706 -6.4989846095 -3.9106889311 -1.1156935880  0.1363606463  0.0784267186  1.0000000000  0.1341605668 -0.1247037702  1.0000000000
-3.8482552104 -4.7103078589  0.7841863375 -5.1972972115 -3.4621934058 -0.4947940975  0.2679043856  0.2871859244  1.0000000000  0.1541723662 -0.0389198163  1.0000000000
-6.2743374300 -2.4493392521 -0.8741226904 -5.9041702336 -2.6825467450  1.4959393442  0.0448076740 -0.1621534435  1.0000000000 -0.1389482997  0.0714145246  1.0000000000
-7.5475574062 -2.8316707613 -0.6450722035 -8.0497512023 -3.6002218012  2.0857033376 -0.0051393014 -0.1713958460  1.0000000000 -0.2311501125  0.0878383202  1.0000000000
-4.6064075941 -2.3142689974  1.0701621270 -5.0549522227 -4.1887587761  1.3682366464 -0.0163006303  0.0869566566  1.0000000000  0.0669693342  0.2002057312  1.0000000000
-6.3802830781 -4.1625973610  2.0980890869 -5.7072382625 -3.6828590995  0.6781394926 -0.0854537641  0.1985814596  1.0000000000  0.0453429759  0.0208895920  1.0000000000
-6.2031369113 -1.8272195415 -1.2051762240 -6.5447535528 -1.3252625533  1.4991221590  0.0864404440 -0.2360176033  1.0000000000 -0.2606144285 -0.0298855327  1.0000000000
