467.4000000000
0
50
-12.7711979306  -3.3601151454   2.0214423357 -10.7643882556  -3.8252172139   3.4124086335 -0.0473454948  0.1700362986  1.0000000000  0.2309040533  0.2232629186  1.0000000000
-11.9847325689  -4.2162872673   2.3355776158 -10.0889660688  -4.9745322977   1.8356991565 0.0255084620 0.1023348331 1.0000000000 0.2750394904 0.0186179112 1.0000000000
-10.8187503794  -6.0687719869   0.9659058022 -12.2080861631  -4.3911580375   0.0906999313  0.2188923968 -0.1692951265  1.0000000000 -0.1037992412 -0.0281642523  1.0000000000
-12.9204954946  -3.4580946274   2.7909732401 -11.8374731154  -4.0905823070   2.1351727319 -0.0304884588  0.2186627733  1.0000000000  0.0507839671  0.0581499845  1.0000000000
-12.3050280671  -6.6257582285   3.6313596438 -12.1674552931  -6.2480511659   1.7913502000  0.0672300626 -0.0916065844  1.0000000000  0.0699390888 -0.1365348048  1.0000000000
-12.0194199571  -4.2159038418   0.9700782623 -12.9682706716  -6.4380693658   0.9956128889 -0.0135349068  0.0571030715  1.0000000000 -0.0577883298 -0.2084497609  1.0000000000
-13.8183010344  -4.4768045432   1.0336845579 -12.9122909377  -5.0842324648   3.9673420910 -0.1883905856 -0.0219552667  1.0000000000  0.0542366525  0.0773263576  1.0000000000
-12.3176719924  -4.5173131604   4.5094361610 -14.1546734677  -3.6664193749   3.0827960536  0.0806662408  0.1232856695  1.0000000000 -0.1285554880  0.1585706243  1.0000000000
-13.5018788302  -4.1801941234  -0.0604460300 -11.4554443504  -4.0688944233   2.7313710053 -0.2521326933 -0.0733188813  1.0000000000  0.1532046286  0.1438312635  1.0000000000
-13.3206843820  -2.9249079812   0.2420219796 -14.0761481248  -5.9130158670   2.1592963618 -0.2899385885  0.1698524469  1.0000000000 -0.1533860461 -0.0305371185  1.0000000000
-11.3852523089  -5.2912454726   1.8692227787 -11.8811240883  -4.3111714571   4.1758757081  0.1376856771 -0.0324637680  1.0000000000  0.1123944710  0.1449506555  1.0000000000
-12.8957313032  -5.0834970842   0.2111702285 -10.6029855015  -5.9836157650   1.2335182883 -0.1825774708 -0.1601617818  1.0000000000  0.2250375203 -0.1578112521  1.0000000000
-12.0650583969  -6.8738912279   2.7681558457 -11.8564658306  -3.5638830413   2.9209075698  0.0928453723 -0.1442051649  1.0000000000  0.0623685343  0.2056027402  1.0000000000
-14.1262770941  -2.8460476105   2.6203649686 -11.4679908495  -5.6016183939   2.7900275186 -0.1699084484  0.2578728119  1.0000000000  0.1444519076 -0.0044520686  1.0000000000
-11.9377963467  -4.8584927742   1.4992563558 -11.0595312797  -5.9304524763   1.4830916540  0.0733421172 -0.0190890527  1.0000000000  0.1781684773 -0.1591011202  1.0000000000
-13.3919175203  -4.3083938695   1.8899013354 -13.4292480735  -4.4687531663   0.4728155462 -0.0998456842  0.0402138773  1.0000000000 -0.2022454272 -0.0551433902  1.0000000000
-13.7482349479  -5.2346010138   3.6403521572 -11.6572555030  -3.4835684245   1.7429508049 -0.0393428081  0.0285675944  1.0000000000  0.0418794224  0.1933139730  1.0000000000
-11.0047606256  -4.2620815471   1.1817119512 -12.7346564409  -7.1546557796   2.6085427736  0.1030215246  0.0745145862  1.0000000000  0.0530218319 -0.1811710609  1.0000000000
-11.9284164011  -4.4614555576   2.3394575909 -14.0988389282  -5.4142201479   0.9390915172  0.0609225431  0.0565084723  1.0000000000 -0.1976104084 -0.1523996521  1.0000000000
-12.0265130395  -4.4440617213   1.4967524558 -12.0190549988  -4.3349988787   4.1702727113 0.0222113544 0.0616381679 1.0000000000 0.1324939449 0.1665221178 1.0000000000
-13.2547328946  -5.4785365514   2.0759723614 -12.0704185992  -5.3953284878   3.7582805561 -0.1013643734 -0.0958995851  1.0000000000  0.1307446056  0.0328867757  1.0000000000
-13.7498029751  -5.1995944054   3.4291749863 -13.3142960167  -3.3005991095   1.3356595975 -0.0681092869  0.0510749546  1.0000000000 -0.2114316426  0.1182003250  1.0000000000
-12.1310660812  -4.3217723410   4.1190828633 -11.4588693426  -4.4923575639   2.8850300331 0.0978088421 0.1643232689 1.0000000000 0.1255188206 0.1114207439 1.0000000000
-12.2200886850  -5.5358614032   0.0801956829 -12.2340548483  -4.9372278888   3.2184846734 -0.0664470502 -0.2603709497  1.0000000000  0.0957231457  0.0486987339  1.0000000000
-13.8444574273  -3.5513221737   3.1967091658 -13.5222508267  -3.3095529327   1.0395025978 -0.1359229156  0.1898532172  1.0000000000 -0.2548023232  0.1003933770  1.0000000000
-13.5384675340  -6.0722028980   3.3209834977 -10.3420115897  -6.1999308905   1.6660524556 -0.0051176063 -0.0299413110  1.0000000000  0.2978299390 -0.1750398933  1.0000000000
-11.5037632834  -5.6442787561   0.0871656944 -12.8097308860  -4.9033138667   1.3189206861  0.0751680488 -0.2014881139  1.0000000000 -0.0628793696 -0.0413863292  1.0000000000
-13.5608806989  -5.5862157790   1.2299134540 -10.3828264124  -3.9579921402   2.1237220862 -0.1541918855 -0.1317721698  1.0000000000  0.2269684495  0.1149106846  1.0000000000
-14.6992225092  -3.8654133514   3.5983059463 -11.4902333063  -4.6135245264   1.9637437592 -0.1652885698  0.1574835285  1.0000000000  0.1069347009  0.0428305881  1.0000000000
-12.9582201944  -6.3850806324   3.4788542641 -12.4871918637  -4.0574012244   0.8172845630  0.0056832578 -0.0753468789  1.0000000000 -0.0982685647  0.0285762083  1.0000000000
-11.2787250159  -4.5822460726   1.4462405452 -11.1627249145  -4.3016424343   3.6315170665  0.1105567306 -0.0091446424  1.0000000000  0.1531718208  0.1390073616  1.0000000000
-14.2664204367  -3.3099072622   2.4810074109 -12.1837091541  -5.3154456829   0.5262802667 -0.2007654245  0.2339171519  1.0000000000 -0.0565979985 -0.2007467300  1.0000000000
-11.7416166567  -4.2583357050   2.8284985308 -12.9028774300  -3.6181530667   3.4636360997  0.0821607953  0.0918528628  1.0000000000 -0.0115303385  0.1925862865  1.0000000000
-13.2226962671  -3.5326003755   2.8348422005 -11.3971989818  -6.5202204368   2.6454729499 -0.0592971617  0.1827176038  1.0000000000  0.1927168084 -0.0706445526  1.0000000000
-13.3206585797  -5.4875229425   0.5326162422 -12.2395867396  -6.3165937679   3.5044567780 -0.1588423877 -0.1590830968  1.0000000000  0.1144291716 -0.0809232825  1.0000000000
-12.7315620303  -4.1049486566   0.9087034264 -14.5759233792  -6.3018448938   2.2241557167 -0.0998752376  0.0786847651  1.0000000000 -0.1561268238 -0.1470640304  1.0000000000
-11.0293086732  -4.7295073465   4.1243007375 -13.7215415328  -3.3883077531   3.4052574110  0.1930110181  0.1322404137  1.0000000000 -0.1235502325  0.2228110434  1.0000000000
-10.1951412069  -5.0020627727   1.7126148009 -11.6283763152  -6.9915712965   3.3241391407  0.3511333964 -0.0033056831  1.0000000000  0.2137487696 -0.1302608655  1.0000000000
-10.9263285424  -3.8680176713   2.2992512052 -14.3285644439  -4.8310875569   1.5427321960  0.1609088211  0.1699313157  1.0000000000 -0.2237973891 -0.0735465759  1.0000000000
-13.3250867676  -3.6764286845   1.9170941027 -12.4054948035  -4.6549674396   2.8234158985 -0.1642564693  0.1338780244  1.0000000000  0.0166534439  0.1084232250  1.0000000000
-13.5300271216  -3.1098901428   1.6770937019 -13.3874212787  -4.1199003822   2.5817224653 -0.2029474200  0.2207430105  1.0000000000 -0.0775963648  0.0982300848  1.0000000000
-14.3751159965  -4.9691489930   2.1605352386 -14.5045909190  -5.7670715804   1.6054120250 -0.1507358764 -0.0011095918  1.0000000000 -0.1976501347 -0.1750730266  1.0000000000
-13.0932932866  -5.8821388604   3.3399878244 -12.4000846011  -6.5261303960   3.2292538232  0.0155257678 -0.0284457198  1.0000000000  0.0901255305 -0.1130753254  1.0000000000
-12.9329470207  -5.1727817402   3.0829334866 -11.1141981322  -6.8038273125   2.2310205740  0.0319454953  0.0302275177  1.0000000000  0.2114889149 -0.1650270208  1.0000000000
-11.9166733241  -5.0071912048   2.6453630786 -13.6391272565  -6.3348616835   2.1177901431  0.0905379556  0.0102137147  1.0000000000 -0.0769779080 -0.1495789587  1.0000000000
-13.3293070873  -4.2353563930   1.0010085745 -10.9808083079  -6.4220490815   1.6744495104 -0.1869130086  0.0034694231  1.0000000000  0.1659846443 -0.2193288964  1.0000000000
-13.1692293028  -3.7394582884   3.0489134602 -12.5266392488  -5.1551561869   3.0149927931 -0.0713554852  0.1488396537  1.0000000000  0.0293742934  0.0104046433  1.0000000000
-11.1019099906  -5.9084014667   3.5257849405 -12.9520783757  -4.9336801812   0.6261532367  0.2694812951 -0.0426982801  1.0000000000 -0.1442321336 -0.0921812754  1.0000000000
-12.2000204713  -7.2871695495   3.2911660274 -10.7495236697  -4.6214698487   2.6926303861  0.1524484057 -0.1677579054  1.0000000000  0.1989766718  0.0851941933  1.0000000000
-12.3300968181  -5.6385157488   0.9904969259 -12.6326893471  -4.0565396783   4.7224407071  0.0223302779 -0.1764425047  1.0000000000  0.0831189039  0.2061240785  1.0000000000
