432.8000000000
0
50
5.1625032097 4.9779863317 2.1576334230 6.0289790453 4.1069160764 4.8878144369  0.0881825511  0.2267495935  1.0000000000  0.0972730236 -0.2280406729  1.0000000000
5.3322715839 5.9279466035 2.4415677646 4.9669678242 5.4935631667 3.9576886518  0.0708186564  0.0708827973  1.0000000000 -0.0715087793 -0.0373566380  1.0000000000
4.0603796287 6.9502204024 3.0805776427 7.6182003595 7.0912708953 3.8161239167 -0.1457532610  0.0613207201  1.0000000000  0.1230453140 -0.1958169589  1.0000000000
7.6616987806 6.0435320094 3.5582367605 5.3021811483 5.4688984236 4.4810361068  0.1730431655 -0.1788448758  1.0000000000 -0.0348923009 -0.1525636626  1.0000000000
5.5746346061 6.8837414815 2.1332048642 7.5314847905 5.9673617580 2.7344156078  0.0237670171  0.0896519898  1.0000000000  0.2916426832 -0.0928105170  1.0000000000
5.9206070379 4.8788272391 2.0657999892 6.2373098281 3.2715375837 2.1686270319 0.1787017852 0.1706529028 1.0000000000 0.2974391883 0.1683246659 1.0000000000
6.3974543680 6.0982990123 3.3111615488 3.4674104016 4.8624702761 3.6311090269  0.1224755387 -0.0932354389  1.0000000000 -0.1918128673  0.1235865158  1.0000000000
6.5015028641 5.5505442562 2.8677424520 7.0653640786 6.1310344296 3.0412972350  0.1616185926  0.0159535628  1.0000000000  0.1758695812 -0.0743890947  1.0000000000
6.1356667144 4.7114345395 0.8702917688 5.0540957643 5.7872244963 4.4653121098  0.2739077205  0.2248317183  1.0000000000 -0.0907328601 -0.1309433911  1.0000000000
7.8699373041 6.4238066946 3.2552843748 3.9807717117 5.1074833233 2.6689489507  0.2285273255 -0.1629463613  1.0000000000 -0.0462295097  0.1813692021  1.0000000000
4.3137337524 5.8289701931 5.0961454337 6.6518364538 4.1508221969 3.8360467884 -0.2350008563 -0.1271929386  1.0000000000  0.2093004958 -0.1381447276  1.0000000000
3.2318196962 4.3932710424 2.9077082136 7.8310378087 6.6546284219 3.4815760940 -0.1904009924  0.2749921706  1.0000000000  0.1825809864 -0.1351835634  1.0000000000
5.0380467984 7.3322148967 2.4910151845 6.6812408895 6.3877238494 3.2423178328 -0.0315231946  0.0862921026  1.0000000000  0.1381976608 -0.1146305614  1.0000000000
5.5122668460 5.4696768840 1.8759039975 4.4178960478 6.7671625364 5.1174396109  0.1008484786  0.1591440560  1.0000000000 -0.1822125609 -0.1221024203  1.0000000000
3.6318528362 7.0498383165 1.8871992927 4.4815876112 7.6149473093 4.4010328199 -0.1368695876  0.2181824597  1.0000000000 -0.1891595909 -0.0826075318  1.0000000000
4.2586448904 4.4765245073 3.6925703961 5.0863911255 4.2113615144 2.6008766969 -0.1108803090  0.0571627249  1.0000000000  0.0519767497  0.1837766128  1.0000000000
4.5029301085 3.5250667695 2.5386946698 5.4439748933 4.2261292991 2.7704532254 0.0739626355 0.2915244191 1.0000000000 0.1091913331 0.1090611178 1.0000000000
4.3856180461 4.4068046291 3.7787695320 6.3601281430 5.6796491922 3.6867636369 -0.0985610992  0.0600694904  1.0000000000  0.0980343533 -0.1378137277  1.0000000000
4.4005135599 4.4527761790 2.5375553441 6.4977837987 7.1503164824 2.7904939258 -0.0021607981  0.2118301579  1.0000000000  0.0918527365 -0.0465743694  1.0000000000
6.7373755012 7.3398044268 3.3732926352 7.6194045828 4.0538211073 4.5127511932  0.1143959937 -0.0859746618  1.0000000000  0.2881239397 -0.2809252344  1.0000000000
6.1719534236 4.5400326600 4.7070650381 5.2411103725 5.8261059370 4.1156290149  0.0614283587 -0.2128258819  1.0000000000 -0.0894373345 -0.0968036259  1.0000000000
4.6212190890 4.5506245276 4.7809837452 6.9432264832 5.6557790310 2.2174331373 -0.1576701918 -0.0937574445  1.0000000000  0.2012156894  0.0037027993  1.0000000000
5.1851691542 4.8575893163 2.9810522561 7.4983990734 6.1006384783 3.7113922509  0.0517066262  0.0981467837  1.0000000000  0.1928112073 -0.1630999724  1.0000000000
6.3630883366 4.8328032430 3.6767462409 4.8757669063 7.3643234256 4.4288372435  0.1165699890 -0.0684515545  1.0000000000 -0.1320454651 -0.1098988260  1.0000000000
5.6585900780 5.9130002831 4.6680021226 5.4001325890 4.4512420786 4.6840387897 -0.0772613210 -0.2106729333  1.0000000000 -0.0073203542 -0.1118778078  1.0000000000
5.6846076208 3.9670745565 3.9687573421 6.3812813061 5.4016566874 1.0921792775  0.0772364885 -0.0484075311  1.0000000000  0.1934504716  0.1774480259  1.0000000000
4.3305764560 7.4910630699 1.5445837148 6.4266890285 4.3409915687 2.7666362529 -0.0370907222  0.1870901979  1.0000000000  0.2088884683 -0.0048458328  1.0000000000
4.5808978555 4.3362277307 2.4350264688 6.1730876136 6.5079733151 2.7030307463 0.0377562392 0.1933627151 1.0000000000 0.0850541137 0.0046509719 1.0000000000
3.2993072082 6.5607944728 3.0399628002 4.4916215212 5.3950577583 3.7132541165 -0.2199874756  0.1874789143  1.0000000000 -0.1111516010  0.0424402694  1.0000000000
4.3071024164 5.3399672371 1.7455540313 7.3989022173 7.1309081288 3.8156268483  0.0002281941  0.2292188908  1.0000000000  0.1475669307 -0.1643643681  1.0000000000
4.9839549382 5.7131099987 5.4221974586 3.6487147396 7.6888390079 2.7589112450 -0.1519934051 -0.2067762993  1.0000000000 -0.1770372343  0.1052093556  1.0000000000
6.7750029840 6.4549471153 1.1399585510 6.3638488252 5.0716626979 5.2678513973  0.2098037446  0.0940117377  1.0000000000  0.0434329377 -0.3039042269  1.0000000000
5.4132580824 4.6224466034 4.9868815544 5.9122902723 5.3946458829 0.8986796981 -0.0336906126 -0.2336858357  1.0000000000  0.1924360289  0.2290506452  1.0000000000
5.7796088257 4.6898129661 2.9639605831 3.6013107542 5.0362619744 2.5744368331  0.1000201414  0.0767389312  1.0000000000 -0.0898973897  0.2238604761  1.0000000000
4.8485702532 6.5015026472 3.9631823059 5.0420183212 4.5239753139 4.9501667847 -0.0740626174 -0.0815954350  1.0000000000 -0.1029439553 -0.1452251502  1.0000000000
5.3440647649 6.9513018768 2.7608688462 4.8057366827 7.9588581914 3.2470008283 -0.0348996334  0.0031874539  1.0000000000 -0.1063282626  0.0032268785  1.0000000000
6.9141641386 3.5350297656 3.4884827923 6.4651239767 3.2424483177 2.7593445977  0.2941769032 -0.0606539518  1.0000000000  0.3224540542  0.0459133722  1.0000000000
3.9588765103 6.1039388843 3.1509329766 4.8745196807 7.9077239994 3.9575763033 -0.1392474943  0.1049328157  1.0000000000 -0.1195229517 -0.0808427150  1.0000000000
6.1716682164 6.5847808562 2.0666102674 5.0799569727 5.2848679082 1.5382797229 0.1404787023 0.0269863431 1.0000000000 0.1212665307 0.1986107309 1.0000000000
4.0785943261 7.2528510053 3.6242830633 4.3463207986 4.0639535439 3.8786620847 -0.1156511402  0.0569685235  1.0000000000 -0.0885944352  0.0463290880  1.0000000000
6.8741832982 4.7315720447 3.0471680389 5.4874667150 7.0396798173 3.4038055135  0.2717623939 -0.0230049017  1.0000000000 -0.0387459283 -0.0442924908  1.0000000000
6.1834209751 3.5888639546 3.6247636212 5.5150893798 7.6505483597 3.0966572715  0.2194998064 -0.0276627758  1.0000000000 -0.0196938775 -0.0564654859  1.0000000000
3.4308128510 7.4828049477 1.8721999185 4.1628398070 4.0707575169 2.5582642533 -0.1000956124  0.1937305771  1.0000000000  0.0002908022  0.2212624068  1.0000000000
3.3808554514 5.2026837577 3.6216608508 4.6780957761 8.3700113642 4.4156286328 -0.2522691344  0.1429341570  1.0000000000 -0.1776969592 -0.0990373332  1.0000000000
6.7457943602 6.6165812481 4.6687652070 5.4355603019 7.3310186705 5.2393895090  0.0134758307 -0.2140722580  1.0000000000 -0.1495532402 -0.2128762637  1.0000000000
5.7143553507 4.0748085199 4.1781531394 4.7886012849 8.3414216300 4.7492847538  0.0480305477 -0.0844195029  1.0000000000 -0.1925783117 -0.1351758773  1.0000000000
5.8875995343 5.5686617528 4.7078690356 7.3308597627 4.2601340264 4.3066294415 -0.0043386786 -0.1440222548  1.0000000000  0.2630999626 -0.2940727757  1.0000000000
7.6693156979 5.8178963179 4.0676121702 7.1937976429 6.2448811970 3.7223085573  0.2183531852 -0.2305923852  1.0000000000  0.1318762885 -0.1853477259  1.0000000000
5.3736297039 4.3027805566 4.0433118923 6.2698223364 4.2936525945 3.5467101924  0.0421016673 -0.0458279352  1.0000000000  0.1517641848 -0.0631567007  1.0000000000
7.0407201283 4.6208052934 4.6808538828 6.0425166253 6.1295764311 1.5338162592  0.1611590145 -0.2980815567  1.0000000000  0.1596261355  0.1325532768  1.0000000000
