506.3000000000
0
50
-0.7689397025  9.3704058323  4.2545651138 -1.3718160783  8.3992450379  4.8776250310 -0.0708875765  0.0604398051  1.0000000000 -0.1306371321 -0.0044221833  1.0000000000
-1.6493979380 10.8437530263  3.3027325575 -1.9341745701 10.6535176473  3.3319558924 -0.0229872756  0.2283255846  1.0000000000 -0.0888338848  0.2147981422  1.0000000000
 0.0478195725  8.9575864961  4.7943860623 -1.3606286271  8.7514558023  1.6410428128 -0.0521323772  0.0473943236  1.0000000000  0.1597716227 -0.0705446431  1.0000000000
-0.6026225606  7.8238582822  1.5455195483 -3.1639710733  7.9564505920  3.4302496465  0.1946549257 -0.1974857622  1.0000000000 -0.2207437813 -0.1954643803  1.0000000000
-1.4384176482  8.7284007499  2.8414215492 -0.1018247627  8.4489109091  2.2130115079  0.0023471847 -0.0175299434  1.0000000000  0.1298022480 -0.0625630827  1.0000000000
-0.6453338124  6.8953706015  3.2617067246 -1.3477354656 10.4928909164  1.0302576091 -0.0608030946 -0.2463592062  1.0000000000  0.2662058017  0.1326928187  1.0000000000
-1.0997321793 11.4128370774  1.7018905593 -0.4897666089  7.9579375630  2.2824273250  0.2348007440  0.2746519667  1.0000000000  0.1196439999 -0.0777138835  1.0000000000
-0.2028122308  7.1483026209  4.2201821371 -1.4439712266  8.9296895974  1.8996070548 -0.0708810787 -0.0985825940  1.0000000000  0.1093048056 -0.0746089696  1.0000000000
 1.4997754562  9.8949834229  3.5055795372 -1.3797674455  6.5195841752  4.9717605680  0.1248052657  0.1319170367  1.0000000000 -0.2046824736 -0.1864035614  1.0000000000
 0.0942824181  8.0909443387  4.2743107200 -0.3831515467 11.0364638198  2.6316243551 -0.0558465364 -0.0488229016  1.0000000000  0.1821583253  0.2116062107  1.0000000000
-1.1381334645 10.1898292922  1.8797109982 -0.2821528642  9.7424702747  3.8533418259  0.1986182952  0.1173702317  1.0000000000 -0.0236938916  0.0974505629  1.0000000000
-0.5053508376 10.3048550259  3.8378836617 -0.7593488861  8.8492649029  2.3651088169 -0.0105582430  0.1785061826  1.0000000000  0.1030808386 -0.0518932256  1.0000000000
-1.3485770247  8.9275046137  1.1911674416 -1.5183709047  9.2278450479  4.1434033036  0.2233349232 -0.0991389167  1.0000000000 -0.1340966402  0.0743046232  1.0000000000
-2.9360152721  9.4355944347  3.9923152313 -3.6041832253  8.9895471029  3.4238825330 -0.2579411224  0.0723153848  1.0000000000 -0.2475761667 -0.0470716213  1.0000000000
-2.7077324466  8.8952288683  2.1108849446 -1.2084010587 10.0677718889  3.4710493011 -0.0659716742 -0.0950998518  1.0000000000 -0.0249453960  0.1398241336  1.0000000000
-2.5641615192 11.0421812693  4.1023483423  1.4528750854  9.3941663792  3.0655991048 -0.1689508169  0.2770518206  1.0000000000  0.1619197279  0.0708629129  1.0000000000
-0.7214419167  8.3679761264  1.9657186925 -0.2968537658  9.3413776178  5.2752876147  0.1401626007 -0.1172695564  1.0000000000 -0.1307219209  0.0675884015  1.0000000000
-0.3740552987 10.4770799994  3.6343960810 -2.1152122176  8.6068049464  4.1076808658  0.0361757966  0.1733519956  1.0000000000 -0.1654314147 -0.0519215919  1.0000000000
 0.1059253277  9.4000853009  2.9240829674 -1.0528215955  9.1417202519  4.9383637735  0.1300785452  0.0830575006  1.0000000000 -0.1476139546  0.0326436832  1.0000000000
-0.0204239666  9.3317341158  3.9785877972 -2.6362344103  7.6184555956  2.9829145920 -0.0160350467  0.0861245465  1.0000000000 -0.1197913652 -0.2389148142  1.0000000000
-1.1628709074  7.8640928207  4.1382703931  0.8396908477  7.8477112133  2.2045795558 -0.1129768186 -0.1187871963  1.0000000000  0.2224690175 -0.1035464327  1.0000000000
-0.9343915035  9.3108401845  4.6724337194 -0.0308496061  9.5429098078  1.6863793442 -0.1368893810  0.0651887196  1.0000000000  0.2170416888 -0.0178670540  1.0000000000
 0.1024430386  7.7504961404  1.9891777878 -2.4709681186  9.6325773515  3.2543877843  0.2357553597 -0.1297353735  1.0000000000 -0.0713301723  0.0607166351  1.0000000000
-0.7887254723  8.4906562146  1.2102888306 -2.1005600728 11.3934305609  2.4533485595  0.2180782614 -0.1523647838  1.0000000000  0.0259370102  0.3229939458  1.0000000000
-2.5708602336 10.2780905167  3.6104872750 -1.2385359381  6.9069728295  3.6053255172 -0.1478216861  0.1844849665  1.0000000000 -0.0505859863 -0.2209317186  1.0000000000
 0.6319472498  9.3624370433  3.9088807858 -1.3408572751  9.5462467235  1.3299392810 0.0577815193 0.0796280091 1.0000000000 0.2262070516 0.0052158212 1.0000000000
-2.5290167717  8.3216919548  1.9306819047 -2.5710744813  9.6650201689  4.1983021440 -0.0198743912 -0.1817280643  1.0000000000 -0.1993273381  0.0836121283  1.0000000000
-2.5405712536  8.4299079514  3.1920596712 -1.4764484308  9.5439628658  1.1160277763 -0.1512871519 -0.1123954418  1.0000000000  0.2383280623 -0.0177262832  1.0000000000
-2.1070621884 10.1091651360  4.3838604777 -2.4148771918 10.3169853349  4.2345956814 -0.1543018670  0.1374395034  1.0000000000 -0.2189175001  0.2255984622  1.0000000000
 1.2446303333 10.7367774189  3.0884511651 -1.4281567327 10.2294909848  0.9795371671 0.1540684644 0.2157086846 1.0000000000 0.2954340205 0.1193057598 1.0000000000
-1.2019827511  9.3969120045  2.5487509384 -0.3647014254  9.1191237901  5.5701711633  0.1245401884  0.0169383609  1.0000000000 -0.1936202374  0.0782958444  1.0000000000
-0.3780795485  9.6739875374  4.6076145773 -0.8349229168  7.7626015987  0.6845467543 -0.0511741625  0.1036994207  1.0000000000  0.2954836848 -0.2691493414  1.0000000000
-2.0610710091  8.2674594978  3.3016649930 -0.0675282945  8.5880270046  2.3625085655 -0.1511282128 -0.1020344871  1.0000000000  0.1392241122 -0.0299606439  1.0000000000
-0.7799421851 10.0845273812  3.0490758261 -1.2156296126  7.1156648301  3.1531133088  0.0574322079  0.1444684136  1.0000000000 -0.0462037445 -0.2292827000  1.0000000000
-0.3796050144 10.1615327449  4.2174535778 -1.5356054967 10.2657995078  5.1497596346 -0.0245861107  0.1446583228  1.0000000000 -0.2300883305  0.2249230434  1.0000000000
-0.9234867737  8.1315073926  2.5432647758 -2.9260551658  8.2096579030  2.5881363627  0.0475012499 -0.1036350532  1.0000000000 -0.1047376556 -0.1968196756  1.0000000000
-2.6458625270 10.9735618862  4.3117764846 -1.9219921034  7.9049808389  4.1031902381 -0.2121464890  0.2916306783  1.0000000000 -0.1870059040 -0.1015520471  1.0000000000
-1.0761077373  9.4262106620  3.4657295868  0.5323699508  7.7873793525  2.4687397194  0.0171418607  0.0674452720  1.0000000000  0.1374925319 -0.1177648432  1.0000000000
-0.4488411740  9.6669599913  3.2060015592 -1.9317088477  8.5142276936  1.7554675023  0.0470746484  0.0872860270  1.0000000000  0.0924943621 -0.1578126043  1.0000000000
-0.5162077558 10.6769231974  3.7569046667  0.3221101208  8.6040583335  4.5373716991 -0.0179949747  0.2127179938  1.0000000000 -0.0124979368 -0.0096816968  1.0000000000
-2.3889334748  7.7532814807  1.1555707179  0.0836440110  7.5620567180  1.9027342904  0.1351274706 -0.3376234837  1.0000000000  0.1445100636 -0.2361601641  1.0000000000
 1.1457220214  8.0013385444  2.8195231626 -3.2035300088 10.6052242747  3.6984328945  0.1307823826 -0.0757937180  1.0000000000 -0.2470231235  0.2113280585  1.0000000000
-1.5992866334  8.8237415211  1.5274469520  0.1979454810  7.6737069177  1.5505219748  0.1778641279 -0.0703191384  1.0000000000  0.1988687710 -0.1518478657  1.0000000000
-0.7600958945  9.9114886925  2.7454993983 -1.3650938144 11.0638579293  1.1513994322 0.0805958289 0.0784200578 1.0000000000 0.2709548285 0.2342618819 1.0000000000
 0.2876603513  8.7351294112  2.2340773488 -2.4109162602  8.9660714702  2.5967725542  0.1858477074 -0.0521807444  1.0000000000 -0.0517181435 -0.0772008489  1.0000000000
-1.0398234645  8.6866988064  3.4112906771 -2.0543072909  7.7186312001  1.9371041260  0.0067526242 -0.0299593133  1.0000000000  0.0716666115 -0.2515848879  1.0000000000
-1.7613118660  7.8065920743  0.5672065931  0.5897193825  6.9576911867  2.9669595370  0.2417891562 -0.2886879501  1.0000000000  0.1546826637 -0.1651402679  1.0000000000
-3.6898496590  8.2385210533  3.3356979531 -0.6918622049  9.8637495219  5.1059436611 -0.2885281936 -0.1605505033  1.0000000000 -0.1696166713  0.1462008617  1.0000000000
 0.4814406887  8.0584137821  2.1998344975 -0.9788688742  8.4481571211  1.8918559692  0.1964149730 -0.0728742071  1.0000000000  0.1203477378 -0.0831558328  1.0000000000
-2.2306632090 10.7742440028  4.1579439198 -2.2196176765  7.8281155293  1.7196194649 -0.1324268784  0.2564382327  1.0000000000  0.0881310827 -0.2707685241  1.0000000000
