201.9000000000
0
50
-2.9545123166 -0.8978950465  3.3060831342 -2.6691336824 -0.7996446590  3.4412201971 0.2541748115 0.0413196648 1.0000000000 0.3096492425 0.0375675581 1.0000000000
-3.6604683482 -1.4551541192  3.6291352551 -2.7110144007  1.0105823561  4.4899875164 0.1498970808 0.0035297429 1.0000000000 0.2116007807 0.2656296487 1.0000000000
-6.0841163653 -1.3350303015  4.3357794968 -3.0564500754 -2.3895432249  6.1408105532 -0.2214085344  0.0742723801  1.0000000000  0.1112399825 -0.1919353445  1.0000000000
-5.7278830460 -3.5445817799  4.1108545011 -4.6646603600 -2.5245897931  3.5492889594 -0.2219793479 -0.2913022553  1.0000000000 -0.0698717027 -0.1566474785  1.0000000000
-3.1840352178 -1.2041825176  3.4022089708 -3.5191763984 -0.5773039708  4.9478721792 0.2205405650 0.0315710355 1.0000000000 0.1398660665 0.0527527472 1.0000000000
-5.1699170758 -0.3923255832  5.4830090073 -2.9964408805  0.4351592930  4.6814935673 -0.0602918555  0.0515414577  1.0000000000  0.1748165789  0.1440834063  1.0000000000
-5.1862237596  0.5865957267  4.7673702869 -5.0001189242 -1.6702103414  3.9332108532 -0.0552022305  0.2160468503  1.0000000000 -0.0362881504  0.0143777292  1.0000000000
-2.9315689581 -0.3871340890  3.4329573805 -6.1852704816 -1.9773419729  4.4328059352  0.2393390412  0.1192481059  1.0000000000 -0.2839603601 -0.0239855377  1.0000000000
-5.8257413818 -1.0559721079  7.1778481678 -5.2373489829 -1.4530136183  3.4787192846 -0.1498540721 -0.0469540773  1.0000000000 -0.1475199344  0.0295913737  1.0000000000
-3.1071475647 -0.4519526659  4.7428030505 -4.3209289876 -2.7710583763  4.6213706583  0.2000425761  0.0620361865  1.0000000000 -0.0090299640 -0.2380323385  1.0000000000
-5.9748832267 -0.8630747872  3.2857290809 -6.0678280995 -2.6999281495  4.8922620231 -0.2300965125  0.1070374645  1.0000000000 -0.2979797625 -0.1809719523  1.0000000000
-2.5914220086 -0.3907413579  3.6397567670 -4.6600152614  0.1604099506  5.2403213967  0.3312582450  0.0950594309  1.0000000000 -0.0479206764  0.1616085029  1.0000000000
-5.7805875503  0.8222646281  6.6670757658 -3.6485874738 -1.9596829158  6.6458775025 -0.1084825907  0.1968692812  1.0000000000 -0.0207385779 -0.1392056147  1.0000000000
-5.5233762488 -2.4061694278  7.0615464656 -3.4085924656 -1.8368149761  6.9704327511 -0.1463676533 -0.1295846822  1.0000000000  0.0433277207 -0.0980969090  1.0000000000
-5.4322675783 -0.7749048197  4.1824303149 -5.1783050384  0.3137047360  3.2568161711 -0.1477094543  0.1054151595  1.0000000000 -0.0427136568  0.2826127736  1.0000000000
-6.0684868950  0.5249631410  5.1581986134 -4.6717891913 -1.8810572572  6.1365996426 -0.1580166904  0.2114617436  1.0000000000 -0.0368731838 -0.0754392798  1.0000000000
-6.0706325406 -1.2525479730  6.2358359886 -2.5020950011 -2.4119817416  6.0592370458 -0.2068008273  0.0135842314  1.0000000000  0.1915820713 -0.1944834243  1.0000000000
-2.7355867087 -3.1360682030  4.0033283987 -6.3148038122 -0.2245788734  4.4935088125  0.1935102304 -0.3076537010  1.0000000000 -0.2092924712  0.2109582504  1.0000000000
-5.2984343644 -0.1820134994  6.7383935748 -4.3374234847 -0.2400469675  7.0018117847 -0.0750711452  0.0743419407  1.0000000000  0.0047929169  0.0803019066  1.0000000000
-5.8974927235  0.2552601524  5.5595148023 -5.9258844768  0.7529685536  6.5704292668 -0.1420056855  0.1852915019  1.0000000000 -0.1212425699  0.1878153358  1.0000000000
-5.8977202724 -1.5229879016  4.5632093595 -4.4424969702 -2.4296760093  5.1104833557 -0.1919706247 -0.0160469113  1.0000000000 -0.0535884729 -0.1490515182  1.0000000000
-2.7833449155  0.8989548400  5.7138178229 -6.1599126515 -0.7747466927  6.5051837879  0.2233937314  0.2188235806  1.0000000000 -0.2153313038  0.0590130150  1.0000000000
-6.3221934927 -0.2331711811  5.8474584993 -2.6100723774 -2.4489546431  5.2342585432 -0.2311441556  0.1783958513  1.0000000000  0.1773051627 -0.1653800053  1.0000000000
-3.6221067199 -2.9479859092  5.7009863880 -4.8826484906 -3.0191780340  6.8261965362  0.0571942293 -0.2449775877  1.0000000000 -0.1051496026 -0.2274648547  1.0000000000
-5.9398829978 -1.0755616625  4.3654487373 -5.8836455159 -1.4069534836  5.0285946481 -0.2131398791  0.0512520803  1.0000000000 -0.2404329916  0.0280346499  1.0000000000
-4.0420739658  0.1375866775  5.0467469912 -2.7983675543 -1.8905178975  5.7662940514  0.0534273229  0.1519125357  1.0000000000  0.1662358454 -0.0969647775  1.0000000000
-3.2275633163 -3.2691968052  3.6892399178 -4.8708879045  0.2846136313  6.9945825556  0.1827104972 -0.3152744052  1.0000000000 -0.0586850010  0.1234625129  1.0000000000
-5.8869599122 -1.9176541105  3.4816108355 -5.7866910037  0.1111768647  3.1463107844 -0.2486702998 -0.0145724871  1.0000000000 -0.1521742581  0.3041394906  1.0000000000
-5.0526129096 -0.9217161922  6.7888297132 -5.0665673549 -1.9957799746  5.2676773474 -0.0572163503  0.0287939489  1.0000000000 -0.1073638667 -0.1093878820  1.0000000000
-2.6967265936 -0.4125706703  5.6429057045 -4.1251555883 -2.8892245934  6.7944474411  0.2026725891  0.0203525754  1.0000000000  0.0027046344 -0.2173839027  1.0000000000
-5.1958869065 -0.8333088933  6.9520176566 -4.1991259542 -2.3259241836  5.5519506364 -0.0640941412  0.0196028913  1.0000000000 -0.0044595881 -0.1428733291  1.0000000000
-4.3040957171 -2.1875829244  4.7902100218 -5.1958924623 -2.5128656920  3.8465706711  0.0121403026 -0.1157860493  1.0000000000 -0.1526876114 -0.1346421475  1.0000000000
-3.2618192444 -1.9261333470  4.9634994934 -3.3800053764 -1.7416544330  5.5076304231  0.1196033344 -0.0796292421  1.0000000000  0.0676070336 -0.0766390736  1.0000000000
-5.0540901169 -2.2784025211  6.8228005425 -4.4031192964 -0.8169543860  3.4746219558 -0.1106439451 -0.1030496274  1.0000000000  0.0578866548  0.1135615954  1.0000000000
-5.6630572452 -2.0443126748  4.9751875872 -5.5520081533 -2.8037805087  4.7112307679 -0.1368712794 -0.1226116464  1.0000000000 -0.1609993519 -0.1828138842  1.0000000000
-3.1846919432 -2.4367840337  6.1035090350 -2.6855183551 -0.0354198315  6.5353047478  0.1162486596 -0.1887903465  1.0000000000  0.1842502867  0.0500491778  1.0000000000
-5.3309286091 -3.3625037497  5.2713710689 -4.1443668758 -2.4927149277  6.9048141483 -0.1868203531 -0.2877753659  1.0000000000 -0.0586282597 -0.2083529968  1.0000000000
-3.6673192072 -1.1472001295  3.6152103744 -5.7790385329 -2.6493566506  7.1234562551  0.1285015686  0.0283769800  1.0000000000 -0.1778612342 -0.1886977593  1.0000000000
-5.7285821787  0.4696908323  5.2504426580 -2.4243719670 -2.4579231850  6.3313029771 -0.1336645224  0.2134154066  1.0000000000  0.1638529574 -0.2017411420  1.0000000000
-5.4063450796 -1.7311682549  4.6478546799 -4.8495128129 -0.4361950913  4.9028975044 -0.1232273354 -0.0379704002  1.0000000000 -0.0433586168  0.0700946480  1.0000000000
-4.1678375412 -1.4310814386  5.6121975033 -5.6300826978 -2.1473493000  4.6425746660  0.0524568098 -0.0694300323  1.0000000000 -0.2166695264 -0.1446014682  1.0000000000
-5.9198238931 -0.6878956954  3.9435529119 -5.3693130264 -1.0254037808  4.5979329612 -0.2197843496  0.1092576165  1.0000000000 -0.0916150751  0.0687649100  1.0000000000
-3.1602743349  0.1647230471  5.8771378351 -2.7099845865 -0.4862935769  4.7499497725 0.1546213715 0.1020341614 1.0000000000 0.2011349587 0.0810798382 1.0000000000
-2.5683419625 -2.2140335804  5.1193972268 -2.7951683094  0.9817853925  5.3840519745  0.1925659719 -0.1721483599  1.0000000000  0.1778610439  0.2003845774  1.0000000000
-4.5946026259 -2.1097720393  5.6329595689 -5.9413247752 -0.3496245193  6.3580587785 -0.0513875106 -0.1309962376  1.0000000000 -0.1889550968  0.1314878566  1.0000000000
-4.3042097362 -2.0986827226  4.0584449112 -2.9509499388 -0.3820728370  5.6518890261  0.0215498251 -0.0750392766  1.0000000000  0.1812022986  0.0357090494  1.0000000000
-4.0366164691  0.2755187884  6.2711237617 -5.4797687667 -3.1555233737  3.6502980089  0.0424056476  0.1344084389  1.0000000000 -0.2245056404 -0.2241366089  1.0000000000
-2.9871428804  0.4679544860  3.7545617644 -4.2154642471 -1.9611576118  3.5488583984  0.2775994710  0.2274967336  1.0000000000  0.0193200360 -0.1275560181  1.0000000000
-3.4812101018  0.7238674978  6.7530082639 -3.5236713591 -0.5837883580  6.5313029057 0.1118309353 0.1301461243 1.0000000000 0.0882001779 0.0511317773 1.0000000000
-2.2055470981 -2.1658207761  6.4479835454 -4.1129566346  0.2463644595  3.6312123702  0.1748546870 -0.1560491821  1.0000000000  0.1245767556  0.2462237702  1.0000000000
