184.8000000000
0
50
 6.8487238663 14.5294463479 -6.7745001802  6.1795130677 14.3064662792 -8.5248838204  0.1457550880 -0.1810675601  1.0000000000 -0.1042945662 -0.2214065793  1.0000000000
 6.7305334745 11.4539540489 -6.8836449252  9.6136475934 13.4665977484 -8.6746426889  0.3218707022 -0.1336882199  1.0000000000  0.0124287802  0.2069029345  1.0000000000
 9.1229662620 12.4114468464 -9.5141705373  5.9678662255 14.6381745082 -8.9965655657 -0.0655152476  0.2276703158  1.0000000000 -0.0861012300 -0.2183526168  1.0000000000
 9.5547435492 14.1849457193 -8.8757711564  5.8031815540 13.2092445142 -9.3661970136  0.0131199023  0.1389852564  1.0000000000 -0.1514209715 -0.2458963042  1.0000000000
  8.0341236054  12.0959679929 -10.9368834546   6.6964063560  14.7692086472  -9.9257923323 -0.2634231038  0.2064343845  1.0000000000 -0.1720289831 -0.1408749702  1.0000000000
 5.1801768755 12.5403991085 -9.6741741583  8.5285725647 14.9384543848 -9.8782872198 -0.2209561618 -0.3136461676  1.0000000000 -0.1436088441  0.0668956254  1.0000000000
 8.1484507127 12.3182567215 -9.2423280585  6.7969102501 12.4051842977 -9.2523338578 -0.0710527692  0.0727718397  1.0000000000 -0.0933185793 -0.0920866909  1.0000000000
 8.8048270166 14.2827099175 -9.7380566152  6.9301130905 12.3255618664 -9.5416973428 -0.1187510993  0.1032891342  1.0000000000 -0.1476672203 -0.0259448565  1.0000000000
 6.4924215293 13.4413088243 -9.7888634621  8.3697975241 14.9331536847 -9.5842813370 -0.1945830960 -0.1443291292  1.0000000000 -0.1191567084  0.0188435800  1.0000000000
  7.8778823858  11.8197487899 -10.8881733215   7.1868302846  11.9410285208  -9.6558233081 -0.2946288276  0.1604184661  1.0000000000 -0.1244380836  0.0170290067  1.0000000000
 7.6573280769 11.9827792957 -9.6814514748  8.1529441753 12.0109528421 -7.0665685330 -0.1302707259  0.0649830572  1.0000000000  0.2953084621  0.0511907762  1.0000000000
 9.0943976577 12.5556568764 -8.5248966675  7.0348047404 14.6602348998 -6.0212413469  0.0840039571  0.1508548332  1.0000000000  0.2033529836 -0.2099230615  1.0000000000
 8.8751704054 11.4311761379 -8.1790459197  5.6130625157 13.6048097046 -9.3114040512  0.1498131760  0.2468622423  1.0000000000 -0.1916886538 -0.3039587152  1.0000000000
  7.7324969088  13.9642316441  -8.6515174848   7.1643617599  14.8146078717 -10.0483299850 -0.0152867219 -0.0151228063  1.0000000000 -0.1742928528 -0.0477869305  1.0000000000
 7.4105086202 11.1940739108 -7.5283135813  7.3838407236 11.5038352969 -9.4773066786  0.2225907427 -0.0162028854  1.0000000000 -0.0455223771  0.0546495061  1.0000000000
 8.9230861766 11.8970996985 -7.1658936929  6.1284493749 14.0723426943 -7.9103987338  0.2740595623  0.1647057822  1.0000000000  0.0211109972 -0.2007505325  1.0000000000
 7.4878212310 13.5116232345 -9.0570960264  6.5014497062 12.2302590823 -8.8521315594 -0.0829236100 -0.0203684333  1.0000000000 -0.0475082604 -0.1434475391  1.0000000000
 6.9183704804 12.1812710384 -9.6653457445  9.3161978319 14.5797429428 -9.7348888859 -0.1660774308 -0.0550073101  1.0000000000 -0.0792397810  0.1443055974  1.0000000000
  7.5268141000  11.4813555037  -7.9910121414   6.6320087936  13.8684877402 -10.0030834702  0.1406561026  0.0192277962  1.0000000000 -0.2256737463 -0.0850402077  1.0000000000
 7.1828871356 13.6852841869 -8.2243592767  6.6640272917 13.2718626070 -9.9254420357 -0.0148029625 -0.0980371989  1.0000000000 -0.2322344150 -0.0676711841  1.0000000000
 8.9135138873 13.7230855301 -7.3127129183  7.3651010569 14.0281249055 -6.7973003833  0.1778149935  0.0692050903  1.0000000000  0.1488053173 -0.1521167623  1.0000000000
 8.1708056805 12.0587545099 -9.7174033516  9.4498637156 13.0494589393 -8.6648764105 -0.0982674638  0.1587759074  1.0000000000  0.0534108755  0.1985848958  1.0000000000
 6.2527626688 15.8541953290 -9.6290077163  9.4979268278 11.4156329468 -7.7676099383 -0.2012112447 -0.1653694636  1.0000000000  0.1931316410  0.2779985460  1.0000000000
 5.9090713172 13.7269046888 -8.4554535245  7.7750517315 11.8518083906 -8.0675063217 -0.0412255258 -0.2052016212  1.0000000000  0.1010421389  0.0484538158  1.0000000000
 6.5525432859 12.3223317906 -6.3842023992  7.9376532522 14.4071763927 -9.1552611351  0.3027240124 -0.2204377999  1.0000000000 -0.0443873444 -0.0005660595  1.0000000000
  7.6963392857  14.6525883375  -6.3876332891   9.2999608937  13.9308124132 -10.2340556512  0.1868690988 -0.1237156414  1.0000000000 -0.1134287335  0.2165892642  1.0000000000
 6.9946301268 13.6908663469 -6.5426405952  9.3716128694 14.3404021720 -7.4759184363  0.2144880622 -0.1340806371  1.0000000000  0.1524188823  0.0686447334  1.0000000000
 8.8437704768 12.7900082553 -7.4192325088  9.6185387456 12.7526607135 -7.8435911802 0.2135054857 0.0723351649 1.0000000000 0.1986689376 0.2169752663 1.0000000000
 7.5667509039 12.8414293138 -7.1876135429  8.2391287486 14.4694984134 -8.9643631370  0.1731089362 -0.0715175504  1.0000000000 -0.0754863272  0.0449809954  1.0000000000
 8.8630241801 12.9441026256 -8.9477506387  8.4983744077 12.7785861752 -6.7917037430 0.0613725885 0.1702026407 1.0000000000 0.2886893098 0.0266774360 1.0000000000
 7.6623115165 14.6834637969 -9.4735964878  6.5377891222 14.8438388622 -9.4816679739 -0.0946203453 -0.0194955271  1.0000000000 -0.1376296940 -0.0914656422  1.0000000000
 9.0714814886 14.7810067786 -9.5878629945  9.3261437625 14.0523211788 -6.8101442845 -0.1165039221  0.0839132743  1.0000000000  0.2359640322  0.0527135880  1.0000000000
 6.9365170092 14.0947205831 -7.5007107583  8.6433900512 13.0979159663 -8.5767149561  0.0838363948 -0.1440881825  1.0000000000  0.0506227543  0.0898297567  1.0000000000
 6.6550578355 12.7248510009 -6.5675641434  8.9972994206 11.5886199627 -9.2970344784  0.2181471669 -0.1857856056  1.0000000000  0.0422548626  0.2362472957  1.0000000000
 7.3931947437 13.7160318638 -9.3546229045  9.1350347520 10.8928430174 -7.9941840088 -0.1144433279 -0.0329299811  1.0000000000  0.2262284116  0.2342011504  1.0000000000
 7.8513417985 11.4679130714 -9.9052952442  7.3983340116 12.4148608940 -8.8893632724 -0.1127667971  0.1085035121  1.0000000000 -0.0558641119 -0.0184713640  1.0000000000
 7.0775265084 13.1731138941 -9.6469911056  7.5164697099 13.8848071889 -6.8146922336 -0.1517810994 -0.0296604342  1.0000000000  0.1888484730 -0.0938443957  1.0000000000
  9.0993446665  13.7309586118 -10.7655153255   7.6601381423  12.4507247217  -7.6747259230 -0.1776290136  0.2001167439  1.0000000000  0.1173455888 -0.0284977012  1.0000000000
 9.7076856985 14.1445808925 -7.3779839989 10.2119520652 13.7523149401 -7.8611934008 0.1317527631 0.1403430695 1.0000000000 0.1186986043 0.2179503664 1.0000000000
 7.4005402633 12.6496286412 -9.7207098408  7.8431924927 13.6829270391 -9.9941768727 -0.1134882486 -0.0164608085  1.0000000000 -0.1657956374  0.0371305089  1.0000000000
 8.5384554194 12.4722696605 -7.3673059459  9.3138629627 13.5971806699 -9.5326673382  0.2175911691  0.0317967482  1.0000000000 -0.0316439696  0.2028103577  1.0000000000
  6.8516260872  11.7983131679  -7.4786794259   8.8401204497  12.4139055893 -10.9823811739  0.1820009848 -0.0807069183  1.0000000000 -0.2407158656  0.2440828346  1.0000000000
 8.3503721894 11.6316711275 -7.1077054178  9.0380864885 11.8513399206 -9.5500396097  0.2846530170  0.0677294928  1.0000000000 -0.0335658790  0.2307174541  1.0000000000
 9.2957100344 14.9464236219 -9.9057367336  8.4316272163 14.6540207277 -9.8640786081 -0.1223976663  0.1142767769  1.0000000000 -0.1211818317  0.0895334426  1.0000000000
 9.8224515976 13.2097963110 -8.2797564704  8.0988251204 14.8394731055 -9.2678916479  0.0973240764  0.1863490747  1.0000000000 -0.0574335536 -0.0164882605  1.0000000000
 9.1877859303 10.7393233589 -7.6784652345  8.9130179081 14.4651848360 -7.3459738600 0.3183542954 0.2859514692 1.0000000000 0.1661292622 0.0201799465 1.0000000000
  7.8451225854  12.4080849969 -10.4217030288   5.0263666969  12.2652584944  -9.8430422667 -0.2412467180  0.1048106198  1.0000000000 -0.2707769092 -0.3470305096  1.0000000000
 6.4042415906 11.7426022872 -7.6849171881  7.1688415379 11.3836098005 -8.1849928547  0.1674017287 -0.1850611835  1.0000000000  0.0923367310 -0.0177205302  1.0000000000
 7.4182046038 13.0898339946 -8.6439639851  6.7458994113 14.2771719867 -9.7278277256 -0.0291067648 -0.0057098930  1.0000000000 -0.1763646858 -0.0949051990  1.0000000000
  9.2867101967  14.3004103998 -10.6239466467   9.0087656215  12.9213114939  -8.6478103665 -0.1627567337  0.2138590990  1.0000000000  0.0656128887  0.1165097431  1.0000000000
