655.5000000000
0
50
 3.6505143334 -5.0650609912  5.9652835101  4.3752669552 -7.0198064888 10.4047936690  0.3000222933 -0.3073118241  1.0000000000 -0.1786749899  0.1465015850  1.0000000000
 1.8033375881 -5.8334240910  8.2012539380  1.5838564498 -6.6700951712  8.7621713685 -0.1684786681 -0.3158723825  1.0000000000 -0.2858918941 -0.2465327057  1.0000000000
 5.7479002260 -7.9423222312  8.2055351116  5.0807240010 -7.5560677478  6.0669990917  0.0961944469  0.1171423990  1.0000000000  0.2731952140 -0.1483797313  1.0000000000
 3.4396829964 -6.7374941850  7.3014735725  5.1089737177 -7.9308949670  7.9905340388  0.0278339880 -0.1613304850  1.0000000000  0.0976433070  0.0357429862  1.0000000000
 5.0637829186 -5.5063976898  8.4200139686  4.9900186334 -7.7027688828 10.1627689898  0.1108414693  0.1263699197  1.0000000000 -0.1403982068  0.2346277690  1.0000000000
 4.9724785912 -6.4406421576 10.4776065547  2.7150961613 -6.6706818371  9.3152234873 -0.1127704333  0.2590198859  1.0000000000 -0.1846025584 -0.0487833115  1.0000000000
 3.0251929722 -7.0584572596  9.2394566318  4.0079580903 -7.7592665860  9.4027923429 -0.1368215812 -0.0436155178  1.0000000000 -0.1417996440  0.0575748574  1.0000000000
 5.1690356065 -7.0244418679  6.6319170080  2.3124861478 -6.6604083535  8.3596673052  0.2401909769 -0.0330197695  1.0000000000 -0.1775257105 -0.1912575750  1.0000000000
 3.9287287902 -6.2699418000  8.8686592279  5.1497422987 -7.8083077113  6.0800891330 -0.0627222476  0.0167311228  1.0000000000  0.1874223792 -0.0878223675  1.0000000000
 4.4704061097 -6.6231467068  7.6723544627  2.7435471116 -5.6806020377  7.0633168179  0.0983394208 -0.0239255665  1.0000000000  0.0608117465 -0.3084130783  1.0000000000
 3.7526521654 -6.3828962311  7.6597370753  5.6209413028 -6.7685413149  7.0299706252  0.0642029518 -0.1077049112  1.0000000000  0.2313409808 -0.0060764483  1.0000000000
 5.3672400387 -7.7070094133  9.6402470645  5.6909849454 -7.5728450144  6.6545499780 -0.0934788426  0.2122328333  1.0000000000  0.2242682062 -0.0213634523  1.0000000000
 3.1938747548 -9.1266627683  7.2709620085  4.2534817835 -8.6253468740  7.5847207150 -0.0532572727 -0.1570651787  1.0000000000  0.0170937405 -0.0422462523  1.0000000000
 3.0866332766 -6.0815056852 10.1632415507  3.5828613870 -7.2692242566  8.5469778106 -0.2813134069  0.0470290453  1.0000000000 -0.0566620877 -0.0758065063  1.0000000000
 5.8702218166 -6.5287046548  8.3530505406  5.9474351746 -5.1792270735  8.8038847136 0.1255027005 0.1640502997 1.0000000000 0.1664843526 0.2814639889 1.0000000000
 2.7533399553 -8.4221403154  8.6581448323  5.3253837623 -5.9957825783  8.7723005971 -0.1461677181 -0.1168733216  1.0000000000  0.0994621519  0.1416761187  1.0000000000
 3.9525712726 -5.9999233837  8.1482619444  2.3315086263 -8.0303466296  8.7908640738  0.0467954386  0.0154412262  1.0000000000 -0.2714877502 -0.1552749018  1.0000000000
 2.3564210750 -7.8123072019  8.4350526760  3.1892573694 -8.8039831898  6.8476062184 -0.2049883407 -0.1804498227  1.0000000000 -0.0048084025 -0.2041870184  1.0000000000
 1.9709620728 -7.3526649375  8.6529416305  4.4094054585 -6.8722285819  8.6817284451 -0.2720424003 -0.1982298194  1.0000000000  0.0206256778  0.0196614692  1.0000000000
 2.5972173415 -8.4666741886  7.5635066753  2.5125399618 -7.5941481375  8.2436607294 -0.0647867905 -0.2237954456  1.0000000000 -0.1700304948 -0.1446101617  1.0000000000
 4.9831868078 -6.2910505021  9.4919181757  2.3402112897 -7.0851506878  8.1505062404 -0.0059353347  0.1922581265  1.0000000000 -0.1644497495 -0.2077422438  1.0000000000
 3.6645520738 -5.1310188587  7.7040454148  6.3743598874 -6.8135792567  8.2314465055  0.0900699207 -0.1609618346  1.0000000000  0.1859641944  0.2028192144  1.0000000000
 5.3298323557 -6.8901431126  6.5877274498  5.1695273044 -7.3297367684  6.1626713004  0.2441739781 -0.0491139009  1.0000000000  0.2410927914 -0.0850330474  1.0000000000
 3.6688070150 -6.2123776285 10.1972892406  3.3928601885 -5.8734361604  6.9385289938 -0.2079528511  0.1157320230  1.0000000000  0.1409381638 -0.1950358741  1.0000000000
 6.1622862893 -7.3340070736  8.4530158174  5.2509033464 -8.3115285338  6.5452292432  0.1048953916  0.1261327134  1.0000000000  0.1714527898 -0.0375989367  1.0000000000
 4.9206083049 -5.3349402388  8.3564526578  3.6919298072 -7.0276275465  6.1114920056  0.1434573275  0.0956441134  1.0000000000  0.1895757586 -0.2462035108  1.0000000000
 2.2737665683 -8.6637186746  7.9960470976  3.3159905837 -7.2910184402 10.0248279751 -0.1746918919 -0.1912649853  1.0000000000 -0.2780376239  0.0898085335  1.0000000000
 2.8958984670 -6.2838634148  7.8153166316  5.7257148099 -5.6172540250  8.7164416401 -0.0398465699 -0.1852147889  1.0000000000  0.1851819093  0.2142940729  1.0000000000
 2.4385869801 -6.1930532727  7.3993335653  3.4658999904 -6.3872662912  7.4748417852 -0.0462114377 -0.2825982515  1.0000000000  0.0339233501 -0.1690753457  1.0000000000
 5.8045637531 -8.9849731988  9.0511874659  6.1770396170 -7.5129232938  7.9336467428 -0.0239903360  0.1600255146  1.0000000000  0.1867972128  0.1453541175  1.0000000000
 5.5277110269 -7.3733996058  9.3181546268  3.8925498945 -6.3293378570  8.2373189307 -0.0157277318  0.1924226119  1.0000000000 -0.0133712710 -0.0135045790  1.0000000000
 3.0387253501 -5.6067407899  7.6229949486  3.3605940346 -6.4357519554  9.7829993254  0.0012083043 -0.1921270827  1.0000000000 -0.1682247665  0.0539153468  1.0000000000
 4.4722965315 -6.1875133905  9.8826591110  2.1443024342 -8.1901881572  7.9182703392 -0.1017426195  0.1593444165  1.0000000000 -0.1308342096 -0.2261611673  1.0000000000
 2.5290560461 -7.1032613182  8.5829101942  4.4142235308 -8.4236401268  8.4146897032 -0.1466141926 -0.1764869605  1.0000000000 -0.0615402577  0.0052404248  1.0000000000
 3.6654403963 -6.9181867850  9.1001590264  2.7243649220 -8.9121820991  8.6863055785 -0.1273185543  0.0011426800  1.0000000000 -0.1944732673 -0.1076339653  1.0000000000
 6.4627334925 -6.9586871110  7.7096649337  2.3748150632 -5.8003288984  7.9353454983  0.2232753602  0.1726062494  1.0000000000 -0.0833597664 -0.2776199621  1.0000000000
 3.5482282339 -7.4451440523  7.2853873774  2.6800087933 -6.1010097170  9.4229424836  0.0451950062 -0.1486056766  1.0000000000 -0.2278551405 -0.0567791532  1.0000000000
 5.3849670568 -5.5435227934  7.5103419384  4.5805819926 -6.7325204705  6.3269152891  0.2390394028  0.0734241488  1.0000000000  0.2357033568 -0.1457204935  1.0000000000
 3.9269938912 -8.1317128700  9.5149890563  4.7505604422 -8.2082951730  7.3719301591 -0.1520447862  0.0789633712  1.0000000000  0.0900300777 -0.0590476576  1.0000000000
 4.0872621495 -6.3341262290 10.2244923703  4.3120988751 -7.0908664482  8.8582647814 -0.1925668258  0.2059587276  1.0000000000 -0.0431764098  0.0308529784  1.0000000000
 2.7361945340 -7.5812669618  8.3758944748  3.1456891341 -7.1882635068  8.3391040286 -0.0948999902 -0.1518985653  1.0000000000 -0.0914692073 -0.1134168059  1.0000000000
 5.6742978508 -8.1697037982  9.0189401459  6.4757636390 -5.9017154640  8.4619868624 -0.0329494158  0.1607446601  1.0000000000  0.1985033288  0.2617825994  1.0000000000
 3.2590348354 -7.0017839239  7.5325263302  5.2858524142 -6.2376609217  8.2152721882 -0.0370041348 -0.1518981305  1.0000000000  0.1330236546  0.1170780992  1.0000000000
 3.2167596678 -6.4959523948  8.5455715243  3.8073584675 -6.5498467535  6.7720543880 -0.0470467342 -0.1046230498  1.0000000000  0.1446194418 -0.1509465474  1.0000000000
 3.5626786026 -5.3884440050  8.2051912225  4.1250786812 -6.3303485402 10.5031280692  0.0196245765 -0.0909372310  1.0000000000 -0.1882818870  0.2410637103  1.0000000000
 3.5027470897 -7.6971394198  8.3299480881  5.7140078422 -7.9961896064  8.4834611253 -0.0488904186 -0.0737598053  1.0000000000  0.0427301768  0.1609899701  1.0000000000
 4.0588132671 -5.5477173863  8.8857073066  5.4269757383 -7.3420455988  9.5196844809 -0.0430256010  0.0573054519  1.0000000000 -0.0552910667  0.1976416144  1.0000000000
 4.0313288269 -6.8129708438  7.6206175692  4.7926005159 -8.9032021074  9.1072425437  0.0518252099 -0.0748937933  1.0000000000 -0.0948122694  0.0672531645  1.0000000000
 6.1588159610 -7.3331118339  8.9940819047  5.0519889635 -8.5324283200  6.7035000207  0.0443711306  0.2189326796  1.0000000000  0.1437261038 -0.0612860084  1.0000000000
 3.3980468043 -8.2481539308  8.8516309978  5.5477174025 -5.3676573069  7.2370228792 -0.1041065053 -0.0624365533  1.0000000000  0.3275085686  0.0562823958  1.0000000000
