664.2000000000
0
50
 2.6002077131 -6.5651580828 10.3647816038  1.9901562602 -5.4372527524 10.8129281754  0.1117284058 -0.0085429179  1.0000000000  0.0302360204 -0.0592135632  1.0000000000
 3.7641345973 -6.4145140060  9.2466567646  1.4509612080 -7.2378195383  8.4295822263  0.0910714712  0.1538329672  1.0000000000  0.1258940873 -0.2177565134  1.0000000000
 2.1525788037 -5.6177372870  8.1615563164  1.1686047815 -7.3560758307  9.3894356990 -0.0711393847 -0.0899022166  1.0000000000  0.1508283202 -0.2063913362  1.0000000000
 3.6908632303 -5.2516673599  8.9413259656  2.1014901454 -4.2343724933 10.3231766269 -0.1237942648  0.1621818003  1.0000000000 -0.1365915773 -0.0183105231  1.0000000000
 1.5191456352 -5.1759010045  9.2207521424  3.3985933595 -3.2836903932 11.3064146622 -0.1006150388 -0.1564105381  1.0000000000 -0.1930114502  0.1330251527  1.0000000000
 2.0544618283 -6.1635291869  9.1954436056  1.2810183812 -8.1274271851  8.4743393908  0.0055365703 -0.1224684697  1.0000000000  0.2347048448 -0.2630125289  1.0000000000
 1.8294175156 -6.5704605816 10.0494212015  2.2766936092 -7.4960490289  8.8253245610  0.0934615536 -0.1233407565  1.0000000000  0.1853998371 -0.0806156046  1.0000000000
 1.9413173697 -4.2541106431 10.7908035475  3.4327305392 -5.2053736563  8.4079569445 -0.1181749738 -0.0299943178  1.0000000000 -0.1159267969  0.1223818550  1.0000000000
 3.8587476270 -3.3317277223 11.2604596591  3.1678669946 -5.9668860913  9.1185440116 -0.1374947964  0.2037199630  1.0000000000 -0.0004995200  0.0492977878  1.0000000000
 0.7485371002 -7.0936138489  9.7353513928  4.2640735908 -5.6043080514 10.9317378106  0.1296960048 -0.2753305764  1.0000000000  0.0486689348  0.2264124620  1.0000000000
 1.5841653001 -7.2847310274 11.1725153285  1.8767244854 -8.0844127502  9.4340758744  0.1988412134 -0.1262234373  1.0000000000  0.2676021914 -0.1071661720  1.0000000000
 3.4731622423 -5.2456645047  8.4608818095  3.6586021035 -5.7536769887 11.4703964642 -0.1147207406  0.1111997214  1.0000000000  0.0438024380  0.1470726935  1.0000000000
 2.7332391096 -3.8694399754 10.0208590447  3.4147977618 -6.2622005476 11.5776398922 -0.1854401172  0.0699934419  1.0000000000  0.1193908191  0.1093278609  1.0000000000
 3.4387460454 -6.8816336233  8.7035303604  4.2266209731 -5.2686947328  8.5374189799  0.1392836547  0.1418861546  1.0000000000 -0.0853095439  0.2348932938  1.0000000000
 1.5756450829 -5.0670723188 10.2113065904  4.3172320077 -4.7920428782  9.4421322677 -0.0947851079 -0.1486133628  1.0000000000 -0.1223137398  0.2320276004  1.0000000000
 2.9142321522 -5.2249719665 11.7900214260  3.9078431192 -6.1118969070 11.8488596154 0.0102796025 0.0636535720 1.0000000000 0.1434944595 0.1744695851 1.0000000000
 4.3033943950 -4.9492049510 11.5215452213  3.8223536235 -5.1269812204  8.5101301339 -0.0085328306  0.2282130590  1.0000000000 -0.1340187923  0.1720977588  1.0000000000
 2.2584480860 -6.9583603754 11.4935610297  1.3389159801 -5.9952141360 11.3153051636  0.1347082932 -0.0598085524  1.0000000000  0.0615966412 -0.1166742378  1.0000000000
 1.6138658106 -4.8994976397 10.0019614566  2.2121250267 -4.7831672701  8.7563516146 -0.0995615800 -0.0803015749  1.0000000000 -0.1696731079 -0.0175941734  1.0000000000
 0.6731479952 -5.7408845461 10.1631479980  1.9377014125 -5.0141476206 11.4783073161 -0.0346290620 -0.2341237816  1.0000000000 -0.0342102666 -0.0171820336  1.0000000000
 1.9375410005 -4.5319098167  8.2818712491  1.4926856531 -7.3341699675 11.1901733851 -0.2084104253 -0.1218791535  1.0000000000  0.2535993108 -0.0992106707  1.0000000000
 1.0360221548 -7.6813351666 10.1879385213  1.2591029218 -6.3344632099 11.7678517005  0.2281550221 -0.2298921804  1.0000000000  0.1278338605 -0.1635508435  1.0000000000
 4.4360719453 -4.5248920872  8.6086739451  3.9060934757 -5.6073036213  8.3646631995 -0.2249693291  0.2957168874  1.0000000000 -0.0590531356  0.1939190428  1.0000000000
 2.0606107876 -6.2917962466 10.9094141029  2.7558218877 -3.6453866469 11.3568227816  0.0887617839 -0.0595100268  1.0000000000 -0.1626560121  0.0553259856  1.0000000000
 1.5961782998 -4.9660962752  8.0766864067  1.1937317152 -6.0672898587 10.2578627861 -0.2601113043 -0.1198585516  1.0000000000  0.0297620712 -0.1795103876  1.0000000000
 1.8664666031 -6.8429741304 12.3098587059  0.8296681500 -5.0664242709  7.7114329502  0.1601939940 -0.0212753290  1.0000000000 -0.2438656113 -0.2934442961  1.0000000000
 2.1497885856 -4.0288308702 11.4993194732  1.9297303517 -4.9352489221 11.4304009647 -0.1036297414  0.0450071822  1.0000000000 -0.0374804189 -0.0572252215  1.0000000000
 2.7868082863 -5.0440801976 10.4407115829  2.8922257173 -4.0850536923 10.8126061120  0.0068948921  0.0266760820  1.0000000000 -0.1111246046  0.0686555081  1.0000000000
 2.1374822768 -6.4112231652  8.7730189475  1.4585081036 -4.3772283084 10.9317938525  0.0674500146 -0.0663338763  1.0000000000 -0.1414958882 -0.0769138728  1.0000000000
 1.9814170283 -5.1437715903 11.6471698379  4.7599356931 -6.3979321973  8.7899905726  0.0047126577 -0.0224992591  1.0000000000  0.0872057726  0.2993079322  1.0000000000
 4.5669831729 -7.1158875725 11.3004178131  0.4672803309 -4.1264359287  9.4686158185  0.2140434325  0.2304509728  1.0000000000 -0.2390293196 -0.2243379012  1.0000000000
 0.5392954958 -5.8952528112 10.4993259670  4.1981741251 -6.7448052327 12.0264375458  0.0632356464 -0.2278542783  1.0000000000  0.1846817428  0.1712750890  1.0000000000
 2.9137328889 -6.0853104464  9.0926153159  1.7500942773 -4.5113163170 10.0103516290  0.0627010539  0.0380140462  1.0000000000 -0.0974438853 -0.0717538206  1.0000000000
 2.4664156420 -5.5544804714 11.1199136396  2.2111048460 -7.2887171393  9.7071323971  0.0282183009 -0.0080215473  1.0000000000  0.1607741171 -0.0489916721  1.0000000000
 1.6356308270 -4.8866362785  9.8000978306  1.7368051170 -4.3114383565 11.5645460680 -0.1159805668 -0.0976184516  1.0000000000 -0.0845520565 -0.0921700242  1.0000000000
 0.5062400087 -4.8669696775  9.9565534057  2.6871509050 -4.7213275510 10.0769224174 -0.0965254641 -0.2204479113  1.0000000000 -0.1064395878  0.0457803969  1.0000000000
 1.3632260074 -4.9375082534 10.0240285945  0.9921085339 -5.2624441011  8.0210150256 -0.1088984052 -0.1310962617  1.0000000000 -0.1775791678 -0.2738546316  1.0000000000
 2.2144051293 -7.3364776090  8.4728966326  4.0585699837 -3.9424808396  9.9067920439  0.1661629643 -0.1156308836  1.0000000000 -0.1880491657  0.2361803281  1.0000000000
 3.2900720892 -5.8200473014 11.1101431484  1.0248128013 -8.0798255847  9.4803756056  0.0340113805  0.1142613279  1.0000000000  0.2912179161 -0.2261245516  1.0000000000
 2.9208662475 -5.3175173958  8.2156173726  2.9144174216 -6.5162268065  9.6214341653 -0.1364125152  0.0150353269  1.0000000000  0.0919436339  0.0305815194  1.0000000000
 1.2544886091 -6.5620960217 10.4437003236  3.2291674729 -4.3636963203 11.0274791141  0.0920560416 -0.1728409523  1.0000000000 -0.0572951848  0.0959582054  1.0000000000
 2.1047066919 -6.3185873363  8.3354566546  2.4137782687 -6.2906329067  9.5143582133  0.0181475686 -0.0835600049  1.0000000000  0.0790116112 -0.0273893863  1.0000000000
 2.5628144206 -7.3059351608 10.6438792602  0.8731654897 -7.5829908865  9.4486009756  0.1970908330 -0.0277287235  1.0000000000  0.2122573866 -0.2632725552  1.0000000000
 3.5621004205 -5.9583233616  9.7539601752  4.2615262070 -5.2578544970 12.2188040615 0.0096334372 0.1035571478 1.0000000000 0.0555295292 0.1999519127 1.0000000000
 0.4838618305 -4.1485112798 11.2526954656  2.4212668623 -6.8875617868  9.2567273269 -0.1340616071 -0.1397901499  1.0000000000  0.1231350370 -0.0755561628  1.0000000000
 4.4437820872 -6.4547637224 12.1758686487  3.7481308762 -5.9253951518 10.6065381255 0.1729188251 0.2047284175 1.0000000000 0.0447701657 0.1410985708 1.0000000000
 4.0300589507 -6.8632340245 12.0078084234  1.4599816989 -5.6520773068  9.1852489626  0.1955165805  0.1674900140  1.0000000000 -0.0488205301 -0.1431499852  1.0000000000
 3.4645386347 -6.4740722524 12.1557541365  0.7015035310 -7.0118929002 11.5668477469  0.1881089373  0.1236610819  1.0000000000  0.1951779935 -0.2070371978  1.0000000000
 2.1895533964 -5.9739154348 10.8173796114  2.4088974119 -6.4446011604  9.1069910094  0.0930925961 -0.0318306703  1.0000000000  0.0612087787  0.0189991865  1.0000000000
 2.0099843335 -6.1021099076 11.4145526478  2.6258953701 -3.5683669154 11.3935988205  0.0768189756 -0.0549111172  1.0000000000 -0.1346591981  0.0256158780  1.0000000000
