423.9000000000
0
50
-2.2872933754  3.6787439790 15.6495221924 -1.3224619096  2.1993639344 17.5128400199  0.0616063368  0.0284115600  1.0000000000  0.1564271330 -0.0883980948  1.0000000000
-4.0624382006  2.1679896357 15.1075145185 -1.1520096457  4.8617306895 16.8488093835  0.2707400699 -0.2501030502  1.0000000000 -0.0873090497  0.0924994428  1.0000000000
-0.8066896979  6.4889565495 16.7556061919 -1.5608491524  2.3897773444 15.6209983385 -0.2696662533  0.2105377135  1.0000000000  0.2677939257  0.0378720203  1.0000000000
-1.0966525769  5.0454325872 15.0880852898 -3.3969324745  4.3064547506 15.1869317283 -0.0202977785  0.2492120166  1.0000000000 -0.0559370975 -0.0696491726  1.0000000000
-3.5644527476  1.8254706609 16.3491804896 -4.5046205167  3.4146065737 15.8531657990  0.1859866630 -0.2571495044  1.0000000000  0.0162133181 -0.2685862332  1.0000000000
-3.6662078245  5.7342848844 15.8054853775 -2.0180061829  4.4562025852 17.5636301256 -0.2636088471  0.0321753559  1.0000000000 -0.0887662931 -0.0333345277  1.0000000000
-2.0814894823  3.9734425150 17.0314336717 -3.3915694605  4.8048612852 17.4243828467 -0.0275868280 -0.0200941683  1.0000000000 -0.1106581141 -0.1599489482  1.0000000000
-3.1353026033  4.7446713782 18.9748114722 -1.0396572544  3.5977716487 17.2152791613 -0.1992939457 -0.1757089322  1.0000000000  0.0661042146  0.0301230951  1.0000000000
 0.1379183643  4.4719858656 16.0786573426 -4.4651726330  5.0733061341 16.8991802384  0.0347732473  0.1671924679  1.0000000000 -0.2414266374 -0.2152157825  1.0000000000
-2.4203502516  5.4966352757 17.3961815113 -2.3674250864  5.3365430992 16.7838415948 -0.1543767295  0.0078984220  1.0000000000 -0.1714676439 -0.0112344616  1.0000000000
-2.5582600370  3.9661681909 14.2637824872 -3.7888250101  5.8732596761 15.4899233100  0.1327525341  0.1130525818  1.0000000000 -0.2978758795 -0.0195958915  1.0000000000
-3.3918414142  3.8536765513 16.7430080568 -0.4116983542  3.9642832031 16.6963278750 -0.0049748898 -0.1783644005  1.0000000000  0.0467773192  0.1329448538  1.0000000000
-2.8630546574  3.8289842691 14.2945856821 -3.5453461268  5.3781269965 15.2950913661  0.1225937468  0.0792801371  1.0000000000 -0.2069494757  0.0577576922  1.0000000000
-2.4302205868  5.1142015834 17.5403176536 -2.5803424798  5.2156776417 15.4845448875 -0.1149693878 -0.0437910425  1.0000000000 -0.1376449667  0.1241336577  1.0000000000
-2.8178869141  3.0871263767 15.8271617070 -1.5425021076  5.7580526589 15.2140351785  0.1371341221 -0.0965829397  1.0000000000 -0.1623725564  0.2289427946  1.0000000000
-2.9642487743  1.6427851549 16.9833557097 -4.2013118694  3.6475279369 16.1106752409  0.2100164509 -0.2414189956  1.0000000000  0.0009347763 -0.2338773774  1.0000000000
-2.7263053416  3.6058702650 14.9452812643 -2.2944818245  4.2927267232 16.7552004951  0.1189872904  0.0439808719  1.0000000000 -0.0736489948 -0.0623307616  1.0000000000
-3.6005410984  5.7124273998 15.8671233232 -1.0657724539  3.8702633696 16.9645554305 -0.2620566538 -0.0273018540  1.0000000000  0.0188968978 -0.0015679617  1.0000000000
-1.0149443653  1.9987185222 17.6461033128 -2.7327345646  3.8255005876 14.6772068580  0.1530936722 -0.0934669840  1.0000000000  0.1132211045  0.0336538191  1.0000000000
-0.6951226832  3.0555080426 14.2641493091 -3.2304807834  2.3569180942 14.7337193093  0.2980696997  0.2887558649  1.0000000000  0.2870142382 -0.1042877912  1.0000000000
-1.0605536864  3.1633161923 14.1239517197 -4.6179371327  5.0461845549 16.7687385222  0.2674941651  0.2543824993  1.0000000000 -0.2648334139 -0.2695247422  1.0000000000
-2.3115391192  3.2834623604 17.1090837366 -2.1676559118  6.3488652086 15.2620507658  0.1075840492 -0.0840987913  1.0000000000 -0.2635288453  0.1893260074  1.0000000000
-2.8710233538  3.2909964353 17.7555843722 -0.8830463555  6.1573377078 16.4073681821  0.0208635285 -0.2153605704  1.0000000000 -0.1437126500  0.1972861705  1.0000000000
-1.6479951562  5.0677249276 14.7450448115 -4.7207658248  5.1010689068 17.0077837977 -0.0160659997  0.2127821041  1.0000000000 -0.2773420157 -0.2483511092  1.0000000000
-0.9574328059  2.1524123735 16.9721392736 -1.5826073896  4.6036377539 17.4036064817  0.1737170970  0.0225013789  1.0000000000 -0.0732598843  0.0152053017  1.0000000000
-1.0735249790  5.3829728653 16.5307689145 -3.3598268369  3.7909183735 17.9535836793 -0.0988340141  0.1726894076  1.0000000000 -0.0771343122 -0.2076832416  1.0000000000
-0.9830147149  3.8376036254 16.2553911317 -4.1013179465  3.2139025062 16.7076059286  0.0593418797  0.1022079262  1.0000000000  0.0457746511 -0.2778206541  1.0000000000
-1.8791116292  4.0209678947 15.0999729923 -1.4102858962  3.8070905941 17.3469366256  0.0656428354  0.1081570742  1.0000000000  0.0326727360 -0.0270757371  1.0000000000
-0.3878703104  4.5901321388 17.0292372190 -3.9681316605  3.2789508395 16.8238934559 -0.0497410018  0.0849369524  1.0000000000 -0.0025604786 -0.2191093110  1.0000000000
-0.9485367237  3.1082032136 14.4003192876 -2.0942477973  4.6597795127 15.2221045971  0.2626107245  0.2197752300  1.0000000000 -0.0338184468  0.1418937685  1.0000000000
-2.2384647766  4.9409836564 17.0560480352 -2.5334615925  4.2768759410 18.5628599134 -0.1076241871  0.0202253462  1.0000000000 -0.1093451978 -0.1859414477  1.0000000000
-1.3282335529  2.9547188406 14.1388644965 -1.6897040572  1.7214741006 17.6401272838  0.2946379696  0.1867009798  1.0000000000  0.1848114093 -0.1859172516  1.0000000000
-2.2716889992  3.3604105120 15.6409097591 -1.7941183493  5.0249398080 18.4193923308  0.1156345968 -0.0072737616  1.0000000000 -0.1134945950 -0.0817127814  1.0000000000
-2.2201196735  2.1882490160 16.2185378424 -0.0433325410  2.6106832849 16.7607513948  0.2023206306 -0.1042032825  1.0000000000  0.2062050614  0.0725195334  1.0000000000
-3.2580901538  2.0302907269 16.7684888535 -2.8169812179  3.5640988672 16.0824741655  0.1793263408 -0.2596430488  1.0000000000  0.0768459510 -0.0850639125  1.0000000000
-3.3218677346  4.9033582706 18.7726012630 -2.5165392757  5.9690104634 14.1570188694 -0.1891508791 -0.2225427951  1.0000000000 -0.1976955024  0.2933208688  1.0000000000
-4.1786635594  5.2907649377 16.8072281686 -4.4435613365  4.5247353263 16.7428258993 -0.2196239568 -0.1888153170  1.0000000000 -0.1902663244 -0.2247651635  1.0000000000
-2.8099280215  3.3115787017 15.1703318772 -1.8416014018  5.5492164492 18.0058426648  0.1282030302  0.0037984241  1.0000000000 -0.1289045942 -0.0261194625  1.0000000000
-2.1380954801  5.3403433901 13.8271122874 -0.2930167717  6.3909110716 17.0977378091 -0.0378218398  0.3196467764  1.0000000000 -0.1214394819  0.1387135571  1.0000000000
-1.9244862119  5.4049120522 18.1039104417 -0.7829550719  4.7141689881 16.3028920773 -0.1766538392 -0.0511513255  1.0000000000  0.0067129024  0.1427910140  1.0000000000
-2.3579644017  4.3745429002 15.3430117991 -2.1946244314  4.6758244564 15.4158235672  0.0415106631  0.0714315819  1.0000000000 -0.0228523614  0.1336456610  1.0000000000
-0.6598996928  4.4336406315 15.0442440885 -2.6437385624  2.9378183173 16.7283870973  0.0822687772  0.2681909597  1.0000000000  0.0887415822 -0.1588060956  1.0000000000
-2.1810231953  5.1966962358 17.3772971392 -2.6960239555  3.3683324713 16.1196266607 -0.1297641647 -0.0004539126  1.0000000000  0.0640748261 -0.0622198141  1.0000000000
-2.4323869212  3.4817685012 16.1791404826 -1.6445743458  3.5368191289 17.4380928482  0.0872769788 -0.0317127985  1.0000000000  0.0518001728 -0.0643781536  1.0000000000
-1.3078555829  1.8371437937 17.2897102420 -2.0635817893  2.0978706566 18.2948241437  0.2507007195 -0.0571450948  1.0000000000  0.1497708357 -0.1560652704  1.0000000000
-3.0131384560  4.0034878326 16.2448721769 -1.1904774186  5.6688800429 17.2318234449 -0.0121622827 -0.1028228208  1.0000000000 -0.1100813262  0.1061359016  1.0000000000
-4.0667571003  5.0163874897 16.4886508472 -0.6921246301  4.9443576960 16.8222455360 -0.2547561508 -0.1426668896  1.0000000000 -0.0396770549  0.1321979229  1.0000000000
-1.7343226137  2.8622696289 15.9345533635 -0.9033935336  5.8496198202 16.1510802972  0.1519369770 -0.0156742227  1.0000000000 -0.1096579500  0.2561717047  1.0000000000
-2.8932794518  3.5287625218 15.7204245310 -1.3624535257  1.8070327747 17.5457201187  0.0535560674 -0.0636016871  1.0000000000  0.1547535820 -0.0954414018  1.0000000000
-3.6537200539  4.2557112041 17.2738745948 -3.7803145359  4.0364490012 17.3175922998 -0.0996547221 -0.1827224451  1.0000000000 -0.0674275644 -0.2073150931  1.0000000000
