597.0000000000
0
50
  1.6281754304 -12.0352589014 -13.6162544716   0.2868089525 -10.6558134497 -14.7372912052  0.1490656596 -0.0431928843  1.0000000000 -0.1237689901 -0.0769089966  1.0000000000
  0.7648643392 -11.4251092111 -16.0883111047  -1.8647996244 -11.0868099889 -12.5616315390 -0.1211725428 -0.0913273648  1.0000000000 -0.1580418017  0.2885285757  1.0000000000
  0.5123314781  -9.8275158242 -15.5358997536  -1.7691938365 -11.7611953201 -13.5957807579 -0.2110011679 -0.2007796835  1.0000000000 -0.1407789730  0.2454890653  1.0000000000
  0.9809300884 -12.6889290627 -12.1497658227   1.2219945142 -10.5360738005 -12.9681694489  0.2421958519  0.0934796496  1.0000000000  0.0407818649 -0.1345307477  1.0000000000
  2.6550840512 -11.3448759483 -13.3079042273   0.7517226952 -10.2412399480 -13.2915935319  0.2287708399 -0.1422168425  1.0000000000 -0.0197716392 -0.1326471368  1.0000000000
  0.4552509288 -13.5571245580 -12.9556044569  -0.2778220956 -10.5466821441 -14.2126428880  0.1547969273  0.1968790576  1.0000000000 -0.1434672042  0.0083216920  1.0000000000
  0.7808696716 -11.4712087302 -14.3031872853   0.5863887372 -12.0125263346 -14.9632934427 -0.0013831958 -0.0315543750  1.0000000000 -0.0448525287 -0.0141070015  1.0000000000
  1.2979905835  -9.3155512461 -12.7229893579   0.1454220831 -10.3054633877 -12.4951940803  0.0065797645 -0.2891292169  1.0000000000 -0.0446951704  0.0386894213  1.0000000000
 -1.5428749388 -11.1501845676 -13.1635434684   1.2873428726  -9.5872358843 -13.2183682315 -0.1949645036  0.2086124274  1.0000000000  0.0054952192 -0.2921815554  1.0000000000
  0.7325984709 -12.5653304463 -14.2177603507   0.7454152039 -13.4894441020 -12.9661475992 0.0103215485 0.0163407166 1.0000000000 0.1612948777 0.1714331167 1.0000000000
  0.9989471585 -11.0599539546 -11.8582320231  -0.8636658529 -13.0220999308 -15.2346703034  0.1660068645 -0.0127694658  1.0000000000 -0.0579025905  0.1777656320  1.0000000000
  0.5974911544 -10.8944385239 -12.1975176076   0.1445015218 -10.4774430362 -14.9789391287  0.0959689396 -0.0009842084  1.0000000000 -0.1343664214 -0.0927901895  1.0000000000
  0.6630972053 -11.6247457217 -15.9999256758   1.3040322869 -11.5022152766 -13.3394860441 -0.0803898970 -0.0989108884  1.0000000000  0.1073274548 -0.0614335554  1.0000000000
  0.6913140559 -12.8558318466 -14.8487659847  -0.2174273082 -11.5260737585 -11.9213048776 0.0335525197 0.0193293380 1.0000000000 0.0972021640 0.1473648850 1.0000000000
 -0.1924592662 -11.2095964468 -14.5276475680   0.0018479799  -9.0321040250 -14.0193833281 -0.1730645558  0.0532817831  1.0000000000 -0.2510511532 -0.1856245749  1.0000000000
  0.9281441967  -9.9270961929 -12.4701274732   1.4969033575 -11.3731817422 -15.2397614894  0.0530386414 -0.1576833008  1.0000000000  0.0112414503 -0.1087698375  1.0000000000
  1.8523161321 -10.8436193600 -11.6196483687  -1.0195602722 -12.4933681123 -14.5192229586  0.3313812513 -0.1347257090  1.0000000000 -0.0526313289  0.1698982711  1.0000000000
  0.1024778968 -13.3583809125 -14.2288686420   1.9851484608 -10.8901220675 -11.5328534328  0.0075502969  0.1459120565  1.0000000000  0.3027585352 -0.1568433018  1.0000000000
  1.7661002445 -11.5277100079 -14.6137372212   0.4274051448 -10.2455955596 -13.5578127480  0.0474188716 -0.0782022172  1.0000000000 -0.0925465320 -0.1014304670  1.0000000000
  0.7835501235 -14.2058488836 -13.6856839876   0.2632215575  -8.6107977235 -14.0929264354  0.1833899299  0.1814558193  1.0000000000 -0.2387508837 -0.2512408846  1.0000000000
  0.9231144024  -9.3915253288 -13.6586578860  -0.3833739732 -13.1971812674 -13.9693061854 -0.0931024849 -0.2600240373  1.0000000000  0.0433284848  0.1715885796  1.0000000000
 -0.2193618717 -12.6274441080 -11.4349552869   0.2187109352 -11.4801208124 -11.8327679820 0.2085715419 0.2961391162 1.0000000000 0.1512540259 0.1032487048 1.0000000000
  0.4572693208 -11.3397594492 -13.1400613614   1.6184921071 -13.4452578780 -14.2066520553 0.0134499820 0.0013301896 1.0000000000 0.1512219637 0.0428082851 1.0000000000
  0.2459478175 -11.1941044971 -16.1585575347  -0.0077506703 -11.5559769836 -13.8174593185 -0.1833884937 -0.0897857350  1.0000000000 -0.0407082293  0.0471852780  1.0000000000
  0.3111901663 -11.9127859872 -15.2581562762  -0.0087471716 -12.0505588117 -14.5996287840 -0.0726984067 -0.0043322670  1.0000000000 -0.0649041027  0.0170092281  1.0000000000
 -0.2541991460 -12.8501627029 -14.3173068448  -0.3424223700 -10.4116498781 -12.6659012587 -0.0037940795  0.1298831779  1.0000000000 -0.0673114931  0.0258640934  1.0000000000
 -0.4287423514 -12.0317917494 -14.1197132305  -1.7160238110 -11.2938002342 -14.1599355183 -0.0329311307  0.1341852654  1.0000000000 -0.2190928981  0.1960855744  1.0000000000
  1.2794826846  -9.9626880095 -12.8061004369   0.8443531160 -10.2742511246 -15.5055396324  0.0192073790 -0.1960882332  1.0000000000 -0.1496870778 -0.1790090067  1.0000000000
  1.8535634743 -10.3156247498 -14.4127250838  -0.5486835234 -10.9698408403 -14.9719392690  0.0097637292 -0.1985799143  1.0000000000 -0.1685085974  0.0180056246  1.0000000000
  1.5888426097 -12.4666925745 -15.2931907694   0.7582670597  -9.3403267586 -14.2740363947  0.0381460233 -0.0795211375  1.0000000000 -0.1431215020 -0.2408254527  1.0000000000
 -1.5898298408 -11.7807672452 -14.9038388663  -0.8126000967 -11.7681066515 -11.8501667216 -0.2033034342  0.1514136665  1.0000000000  0.0814884463  0.2508902950  1.0000000000
 -0.0760995837 -11.0540516995 -14.0611015675  -1.4173859186 -12.6380937066 -15.0222048993 -0.0475119062 -0.0024424064  1.0000000000 -0.1536922912  0.2312124690  1.0000000000
  1.5722464119 -10.8340718598 -15.7110548872  -0.4091581159 -11.7920159960 -13.3086673898 -0.0678722435 -0.1982234725  1.0000000000 -0.0068105605  0.1478313070  1.0000000000
  1.1344691614 -10.9770957562 -14.2662029095   0.3662927558 -12.3054184495 -10.8023976498 -0.0098164254 -0.1283506153  1.0000000000  0.3452366932  0.2509673044  1.0000000000
 -1.2904216582 -11.2334041771 -12.4796055179   1.4029718498 -10.9031465901 -14.9113000619 -0.1123356654  0.2473440448  1.0000000000  0.0072398687 -0.1885752174  1.0000000000
 -0.6947385810 -12.7170923401 -15.1425549302  -1.1774305447 -12.8224129202 -15.2550763253 -0.1108810751  0.0774271903  1.0000000000 -0.1388714007  0.1802453814  1.0000000000
  1.3409680049 -11.4044611173 -13.3803046011   1.9781359613 -11.4692060173 -14.6615151617  0.0885606332 -0.1022450906  1.0000000000  0.0785462909 -0.1559499824  1.0000000000
  2.7222302779 -11.4849399514 -15.0936101586   0.2849066211 -10.4153708525 -13.0650192098  0.0909425322 -0.1965068117  1.0000000000 -0.0381083387 -0.0536050132  1.0000000000
 -0.1775926734 -13.3965778618 -13.1701357897   1.7255821137  -9.3762637726 -12.8864994815  0.0820125804  0.2763293792  1.0000000000  0.0488977314 -0.2940897387  1.0000000000
  1.0362008887  -9.3527774929 -12.9749794614  -0.1651001609 -12.2270765249 -12.8558661722 -0.0388172313 -0.2181481949  1.0000000000  0.0660503149  0.1129470100  1.0000000000
  0.0261379019 -12.5059677235 -14.6733776976  -0.5884000374 -10.2603106556 -12.6460409052 -0.0195343555  0.0572732243  1.0000000000 -0.1250465358  0.0586319199  1.0000000000
  2.0707659820  -9.9439013352 -12.9403020971   0.9998700718 -13.7963302164 -13.7761322400  0.0863062274 -0.2595481886  1.0000000000  0.1411274137  0.1154476734  1.0000000000
  1.0270021027 -12.5805437343 -12.6590184360  -1.3750745710 -11.1696783503 -12.7209261117  0.1514704991  0.0681574272  1.0000000000 -0.1293457289  0.2102913087  1.0000000000
 -0.0227589201 -11.1255548295 -14.5079880806  -0.5216631133 -10.6202717543 -13.4203835436 -0.0956832100 -0.0196588709  1.0000000000 -0.1514030385  0.0509070593  1.0000000000
  0.1172795553 -12.3144912270 -14.8177931850   0.7984037142  -9.0123543391 -14.1642793022 -0.0687074975  0.0512960862  1.0000000000 -0.1999906079 -0.2819061865  1.0000000000
  0.8992988964 -13.7959578986 -13.5557471635  -0.8812027447 -11.6677439783 -12.5974728125  0.1343583499  0.1575607091  1.0000000000 -0.0490196322  0.1860223751  1.0000000000
  1.7518508146 -10.3860386132 -14.4058234061  -1.5662255318 -11.4452175590 -12.8812441008  0.0238343645 -0.1923973476  1.0000000000 -0.1019535578  0.2319611544  1.0000000000
  1.5746598561 -11.0193934992 -11.5308645421   1.5408222872 -13.1375388418 -14.3650350684  0.3033504356 -0.0632042786  1.0000000000  0.1187543616  0.0340663097  1.0000000000
  0.7536553356  -9.2933411294 -13.7770605076   1.7963605173 -11.6218159480 -13.0031231627 -0.1693205477 -0.2436021220  1.0000000000  0.1386609238 -0.0473719913  1.0000000000
  1.5771371221 -10.9884832884 -14.8588992035   0.4312494135 -10.1468423141 -12.6036731830 -0.0351962971 -0.1859187581  1.0000000000  0.0214281134 -0.0536021595  1.0000000000
