496.6000000000
0
50
 6.7154981213 -6.2639310348  7.3923705810  6.2814753800 -5.8496013432  7.9450755473 0.0522032142 0.1353085102 1.0000000000 0.0580859901 0.1099761659 1.0000000000
 4.7031641349 -7.8260532658  8.5160296379  5.8882043884 -8.4593739668  7.0394712728 -0.0407599503 -0.1938147781  1.0000000000  0.0625793501 -0.1927839173  1.0000000000
 4.3685322880 -7.0987445988  5.1342577300  7.6122703754 -8.4092623695  6.9885670526 -0.3048401872 -0.0634831837  1.0000000000  0.2541731587 -0.1037848574  1.0000000000
 5.4084149768 -6.1065203092  6.5620920403  4.4591323874 -7.6248802487  7.6599394839 -0.0908766238  0.0923844366  1.0000000000 -0.1070260485 -0.1324593763  1.0000000000
 5.1321633380 -5.1339953360  6.0161819197  7.3935581361 -6.0659740414  5.1109342515 -0.1517405578  0.2088356040  1.0000000000  0.0944919975  0.3174747871  1.0000000000
 5.4663651643 -5.7759969955  7.9765880401  4.4011571012 -6.5300916162  6.5514293443 -0.0759478721  0.0609887848  1.0000000000 -0.2245004409 -0.0164851830  1.0000000000
 4.7727554760 -7.8897757273  5.1535510048  5.8567887048 -6.1397465067  6.1500299641 -0.1704644141 -0.0824686576  1.0000000000 -0.0294418043  0.1163768746  1.0000000000
 8.0825549979 -6.8287996603  4.9383381952  4.7361155598 -8.3410877704  5.1620009154  0.2521133388  0.2710635499  1.0000000000 -0.1609967194 -0.1747885934  1.0000000000
 8.0785455861 -7.3239007489  5.1101224194  4.4637644638 -7.1016831905  5.6996574098  0.2418692215  0.1898368037  1.0000000000 -0.2222389828 -0.0283375184  1.0000000000
 8.4872107522 -6.0617566296  6.8522515438  7.1546653381 -8.9227765696  8.2778023420  0.3013240412  0.2009510999  1.0000000000  0.2127826471 -0.1887459917  1.0000000000
 7.3869878097 -5.9508136033  5.5101547134  4.6949347757 -6.5204966963  6.8863780864  0.1421353492  0.2595351272  1.0000000000 -0.1452861323  0.0302764880  1.0000000000
 6.0430668131 -6.6104461398  7.4157394844  5.6765939976 -4.5894262776  7.2781108056  0.0162369101  0.0419885926  1.0000000000 -0.0819901590  0.2245189375  1.0000000000
 4.1958100249 -8.9342355261  6.0212898367  5.2237261917 -9.3840512014  5.6519323065 -0.1950439247 -0.2611371599  1.0000000000 -0.0315287955 -0.3262379356  1.0000000000
 4.3140455749 -8.8298537169  6.1486695863  6.4407532784 -8.5819938609  5.8497647423 -0.1119761905 -0.2436599216  1.0000000000  0.1025510075 -0.1009776537  1.0000000000
 6.9975915180 -6.6485905613  5.4597002653  6.7975031128 -8.1545813310  6.0285840611  0.0662234113  0.1648402287  1.0000000000  0.1098052766 -0.0317913375  1.0000000000
 7.1128310015 -7.3021404801  5.6793903408  4.3784696425 -7.1824896503  8.0839115345  0.1444320005  0.1113256582  1.0000000000 -0.1053931235 -0.0935362710  1.0000000000
 7.3800633579 -5.3017948244  8.4215810439  7.3629208058 -6.6263701726  6.8180408777 0.1184892211 0.1644266643 1.0000000000 0.1594258989 0.1254580740 1.0000000000
 7.4999675349 -5.5888581445  7.5699695457  7.5401729720 -5.2867729341  8.1838519811 0.1259321552 0.1771410526 1.0000000000 0.1715745208 0.1651377643 1.0000000000
 6.7884438251 -8.9420501894  7.0238376682  4.2501154272 -7.4483823895  6.9125811297  0.2102178187 -0.2157944148  1.0000000000 -0.1719668215 -0.1257080205  1.0000000000
 7.6509079036 -8.3006786181  6.2023738528  5.4189213315 -6.0752816344  7.6380201035  0.2879015093 -0.0101049406  1.0000000000 -0.0710119307  0.0592971096  1.0000000000
 8.2143015847 -6.7081943139  7.0228061386  5.3098995597 -6.9168276910  5.3887776273  0.2757284407  0.1281947281  1.0000000000 -0.1544353218  0.0538769732  1.0000000000
 4.8150531130 -6.5894850456  6.0953706587  6.8829548569 -9.6147117010  6.6683634346 -0.1956253973  0.0084717877  1.0000000000  0.2383300063 -0.3126789977  1.0000000000
 7.2795130490 -5.7333300202  8.5217036377  7.0528868095 -6.2993437508  7.7541413348 0.1218904392 0.1268324872 1.0000000000 0.1439131627 0.1167144784 1.0000000000
 6.7612218521 -9.1407930886  8.0155593777  4.9027323087 -6.6817212546  6.0068331876  0.1947040991 -0.1923450786  1.0000000000 -0.1914436560  0.0506715671  1.0000000000
 6.7239813881 -6.4093909873  6.6969763056  5.0292145722 -6.8260395678  6.3205331892  0.0703598733  0.1501341686  1.0000000000 -0.1486301737 -0.0105630214  1.0000000000
 3.3056763449 -7.8404626046  7.9700233989  5.7834826569 -7.8885593538  8.2971541516 -0.2286432514 -0.2240299228  1.0000000000  0.0760333548 -0.1279224387  1.0000000000
 4.6518548224 -5.6183368622  8.2404059237  5.5326465881 -6.3241737911  4.9112254438 -0.1085992990  0.0307711067  1.0000000000 -0.1867945228  0.1737458238  1.0000000000
 4.7739902998 -6.4100364706  4.3096353875  6.5920759323 -6.9822757792  8.2682875696 -0.3012497828  0.1330034534  1.0000000000  0.1098707493 -0.0697167418  1.0000000000
 6.1887052070 -9.0369025569  7.9142125656  5.1626448589 -7.3770390041  6.6532871972  0.1450854375 -0.2283950231  1.0000000000 -0.0983312011 -0.0732412024  1.0000000000
 4.8245363080 -5.0843819640  6.3806681252  6.0897172061 -8.3199755294  6.1589575066 -0.2152967484  0.1986443361  1.0000000000  0.0486110384 -0.1168196669  1.0000000000
 5.6648102161 -8.8394768915  7.2806571184  7.5057744832 -6.4301121799  6.5667098058  0.0463887351 -0.2175143922  1.0000000000  0.1524576889  0.1510282350  1.0000000000
 6.2210249758 -6.6007282679  4.7072842351  5.5232042037 -5.6391390157  4.9386786725 -0.0816729025  0.1970611658  1.0000000000 -0.1745324605  0.2623816815  1.0000000000
 8.1556701057 -6.1704841917  6.4511611901  5.9354249457 -6.2241025903  6.1969942507  0.2471294371  0.1896715864  1.0000000000 -0.0754224373  0.1001588041  1.0000000000
 5.4708796366 -8.2716330523  5.7289017947  7.1473983569 -6.0422979380  8.3312839664 -0.0321941693 -0.1321720191  1.0000000000  0.1167393904  0.1057929205  1.0000000000
 6.4661398481 -8.3089700840  6.1766495992  7.8521841825 -7.8465299791  6.3977444975  0.1143741960 -0.0999630606  1.0000000000  0.2421145420  0.0210361237  1.0000000000
 4.7292882207 -4.3568362211  7.0115264428  7.1156502789 -7.9317959016  6.9638282706 -0.2088932964  0.1734085197  1.0000000000  0.1927022433 -0.0482512646  1.0000000000
 6.5424886650 -7.9032162505  5.9107005657  6.3825454398 -6.5463816107  6.9895506636  0.0751805894 -0.0295233621  1.0000000000  0.0052463930  0.0641592916  1.0000000000
 5.2114117937 -8.2886769631  8.2443244333  4.9266191204 -6.6487377226  7.1109585588  0.0398772455 -0.1751651858  1.0000000000 -0.1346822938  0.0046211634  1.0000000000
 6.4988003589 -7.4383611744  4.9464962711  5.1356059122 -6.9131002062  6.2610893586  0.0293378220  0.0864584008  1.0000000000 -0.1609242108  0.0263607957  1.0000000000
 6.7812460271 -6.9249246508  5.5266035592  5.1434396330 -4.5116692331  7.1652822844  0.0925621488  0.1101818297  1.0000000000 -0.1941724971  0.1919357170  1.0000000000
 4.8301882379 -5.1833060439  7.1933659721  5.4797473310 -7.7663167268  8.3955952378 -0.1732554798  0.1371268777  1.0000000000  0.0152699352 -0.1797551549  1.0000000000
 7.4936179155 -7.9345660303  7.9833572814  7.2162911459 -6.1190640974  5.5726404633  0.2187512015 -0.0708827523  1.0000000000  0.0354011317  0.2599511306  1.0000000000
 6.7648625619 -6.3444013395  8.0205463169  4.5791987924 -7.8186701794  6.1084532517  0.1180092084  0.0711635644  1.0000000000 -0.1411219184 -0.1376841308  1.0000000000
 6.7612067296 -8.1971951348  7.5891755371  5.7898663040 -6.9427420852  4.8553792410  0.1869487893 -0.1427374759  1.0000000000 -0.0984721736  0.1072772106  1.0000000000
 4.8749623317 -5.6190827182  5.2755529512  4.2214682560 -5.3093685881  7.6025919936 -0.2087324405  0.2461047056  1.0000000000 -0.2286289636  0.0728002524  1.0000000000
 7.2727784181 -8.3177274924  5.4638416631  7.6295825889 -9.0993295058  6.3077162030  0.2129931522 -0.0169314444  1.0000000000  0.3063094586 -0.1353512509  1.0000000000
 5.9529825905 -5.3832761470  6.8458331612  4.6068593302 -7.9825294725  7.6156981257 -0.0698467296  0.1863911365  1.0000000000 -0.1063811521 -0.1905722660  1.0000000000
 8.3723781686 -6.4948796556  5.9093575945  4.3130729394 -7.0742101335  8.5986191904  0.2491457186  0.2286418829  1.0000000000 -0.1226097646 -0.1315120675  1.0000000000
 6.5295783290 -6.7726671242  5.2076403698  4.9927225308 -5.0058781304  7.7675941598 -0.0117274115  0.1802543507  1.0000000000 -0.1171451142  0.1339767794  1.0000000000
 3.7619880147 -8.3121105218  5.9624975783  7.5403778011 -5.9608523171  5.6686974853 -0.2409884357 -0.2274151991  1.0000000000  0.1111571576  0.2689735682  1.0000000000
