670.5000000000
0
50
-7.6321083633 -0.5280160424 16.1989246526 -7.1608180701 -2.6627342446 17.1741129425  0.0489021421  0.1781591506  1.0000000000  0.1520582763 -0.0145419756  1.0000000000
-7.3257991328 -1.3858445067 14.9521043413 -7.5836158110 -3.7430036737 15.8441201220  0.0978759548  0.0837082380  1.0000000000  0.2179029826 -0.1485968715  1.0000000000
-8.1327840916 -0.7033833099 16.6968063531 -8.5677552111 -3.3103617096 13.7884012330  0.0670915377  0.1318123511  1.0000000000 -0.0143450553 -0.2383130000  1.0000000000
-9.5303064088 -0.1123420186 14.4663384531 -7.2442820041 -0.0623547016 14.0743376702 -0.2253742723  0.1774149132  1.0000000000 -0.0025875722  0.2812224332  1.0000000000
-6.7689004911 -3.5597318796 14.1409318523 -8.3746733320 -0.0788212513 15.8308891827  0.2686381584 -0.1686372495  1.0000000000 -0.0987909052  0.1764912259  1.0000000000
-9.0778095071 -0.7501050502 15.1580211937 -7.2931875563 -1.6509946124 14.0433333267 -0.0997518199  0.0860277722  1.0000000000  0.0999465840  0.0851961509  1.0000000000
-9.2252023520 -3.2839884574 13.5393511769 -8.5392031129 -0.9131407305 16.3340825295 -0.0751291954 -0.2413479902  1.0000000000 -0.0135320317  0.0710473339  1.0000000000
-9.3437496627 -0.9101439889 15.6610169000 -8.2043622226 -0.4523538702 14.0178893083 -0.1097016562  0.0806393273  1.0000000000 -0.1000266617  0.1705163708  1.0000000000
-10.2630966291  -1.9349532136  15.6671032162  -9.9701260946  -0.9972571776  15.8204594177 -0.1626711129 -0.0824249777  1.0000000000 -0.1571618128  0.0261349051  1.0000000000
-8.4598247270 -0.8019430504 14.2014036068 -9.1683586812 -1.6380221033 13.8627334047 -0.0934104066  0.1517647161  1.0000000000 -0.1370937740 -0.0213819350  1.0000000000
-7.6949913322 -3.9634793956 15.9517974084 -8.9889789734 -2.5502601417 16.5124245824  0.2185989476 -0.1906594492  1.0000000000  0.0211323608 -0.0743370040  1.0000000000
-8.1835903148 -2.0584109851 15.2342249199 -9.8322754185 -2.0553145186 16.1955088692  0.0348386480 -0.0003489253  1.0000000000 -0.1054794208 -0.0914544396  1.0000000000
-7.4770220165 -4.0497942125 14.6353120128 -7.9532971150 -2.6642850474 15.3425468340  0.2261673436 -0.2717562161  1.0000000000  0.0710377619 -0.0868831693  1.0000000000
-7.5558223496 -3.8049767010 16.9118076722 -8.1393263681 -0.0681430968 16.9541955958  0.2065580426 -0.1447002108  1.0000000000  0.0523435032  0.1432749472  1.0000000000
-9.2913144093 -2.3639586454 13.1151108977 -7.5772410921 -1.8653845131 14.8347290438 -0.1755338104 -0.1108152928  1.0000000000  0.1157191273  0.0339725395  1.0000000000
-8.0876195849 -3.1474088342 15.6939936882 -7.1637287552 -3.9431555678 15.5127152540  0.1027300128 -0.1324255195  1.0000000000  0.2696812511 -0.1845764550  1.0000000000
-7.8698733147 -1.2425229734 13.0961049522 -7.4897636213 -1.9705012695 15.5602472259 -0.0497297253  0.0825171576  1.0000000000  0.1104559982  0.0507320656  1.0000000000
 -7.0875527335  -0.7497252199  16.6062601767 -10.0255265838  -1.4939001507  15.3590731977  0.1241783902  0.1532377718  1.0000000000 -0.1369085663 -0.0652704002  1.0000000000
-9.4832289471 -2.1608145083 14.1948363128 -9.7202441994 -2.0764791993 13.9799802846 -0.0993322305 -0.1259732398  1.0000000000 -0.1527254980 -0.0890773573  1.0000000000
-9.1129742419 -1.9558897673 16.1838288450 -5.7752853818 -1.3994741560 13.7002710856 -0.0270139491 -0.0551841903  1.0000000000  0.3371059066  0.1968870728  1.0000000000
-9.7925991375 -1.4337233790 15.4125298173 -8.3732672300  0.2811785229 14.4421644357 -0.1565543703 -0.0112996944  1.0000000000 -0.1099513877  0.2436539265  1.0000000000
-5.9627045760 -0.5669648781 15.0067008666 -8.6509629315 -1.3147459511 16.1496233371  0.2687993464  0.2635520906  1.0000000000 -0.0329119014  0.0808259752  1.0000000000
-9.1278950817 -1.7939453924 14.9477591173 -7.8693705919 -3.5673480287 14.4571111652 -0.1031171097 -0.0286751201  1.0000000000  0.1586929829 -0.2186827004  1.0000000000
-9.9446010843 -1.1399116457 14.1997018407 -8.5931241904 -0.2517342937 15.3543731381 -0.2387436889 -0.0224406329  1.0000000000 -0.0799541796  0.1210570456  1.0000000000
-7.5529812109 -1.3883021433 16.2686420047 -7.5903254454 -1.1176942056 13.7699040695 0.1089696958 0.1008062657 1.0000000000 0.0074289817 0.1771821655 1.0000000000
-6.3698401651 -2.8949852726 13.9838073266 -6.0284167102 -1.2887257288 14.5921819442  0.3143050242 -0.0793051706  1.0000000000  0.2635472199  0.1902484248  1.0000000000
-7.1873778254 -3.4984696824 15.5304692966 -8.8750557669 -3.6266710563 14.7578208127  0.2319974890 -0.1340449226  1.0000000000 -0.0143848484 -0.2602955173  1.0000000000
-6.9971011470 -2.0981641334 16.9585596626 -9.0314045693  0.1524116833 13.4322331095  0.2023980282 -0.0108823999  1.0000000000 -0.2420198072  0.2263253350  1.0000000000
-8.7917924295 -2.5206931916 16.6522311071 -8.4888330002  0.0844183264 16.6183652679  0.0582979853 -0.1091558935  1.0000000000 -0.0536958656  0.1675627666  1.0000000000
-9.3557830550 -0.4717838496 13.6089134865 -7.2184710856 -0.6515649034 17.0728050126 -0.2418176165  0.1154342205  1.0000000000  0.0951436759  0.1231280939  1.0000000000
-8.6936440087  0.5202853639 14.6359693586 -6.7680879299 -3.3596665207 15.2502085561 -0.1488956827  0.2065178932  1.0000000000  0.2650293742 -0.0849469250  1.0000000000
-8.7801611195 -0.2396101893 14.2674176074 -9.4607139185 -2.3368394049 13.9706060461 -0.1786741387  0.1589753110  1.0000000000 -0.1610602415 -0.1275211603  1.0000000000
-8.1056146522 -3.3913382735 16.5179823884 -8.2061265638 -2.4766491546 16.1749358097  0.1420491699 -0.1716961130  1.0000000000  0.1133956374 -0.0826843032  1.0000000000
-7.3227380718 -3.1782849881 16.6904193157 -7.2450066933 -3.4231962464 14.8852612421  0.2205627194 -0.0883059729  1.0000000000  0.2171575687 -0.1351381288  1.0000000000
-8.3250726559 -1.9438498404 16.1063972035 -8.8853045797 -1.8978965782 16.1865725453  0.0367252552 -0.0600266574  1.0000000000 -0.0229829505 -0.0512647384  1.0000000000
-7.9686791772 -0.1763864810 15.3250851528 -7.9615021196 -2.5877767904 16.2305164110 -0.0103272203  0.1976003277  1.0000000000  0.1184240934 -0.1215891420  1.0000000000
-8.0817825757 -0.8949319226 16.0699572691 -8.3475182886 -3.7616436488 17.0472256709  0.0036370021  0.1180817240  1.0000000000  0.1677035968 -0.2270599662  1.0000000000
-5.8314647336 -1.0991679298 14.2627711739 -9.2366937472 -0.8101848989 16.6126457835  0.2477355195  0.2109301014  1.0000000000 -0.0056379627  0.0599089213  1.0000000000
-8.1602762025 -1.9331496222 15.5226051172 -6.7758672795 -0.8249895099 15.5644125961  0.0260038548 -0.0724184632  1.0000000000  0.1463289667  0.1539485006  1.0000000000
-8.9060930073 -0.9477608688 14.5205643950 -7.2159470346 -2.3338457074 13.2754820401 -0.1137066326  0.0358942246  1.0000000000  0.1223306156 -0.0432706264  1.0000000000
-8.5835536014 -3.6010750695 14.8773029412 -6.6263367466 -1.1274491148 17.0296546872  0.0330665779 -0.2490963647  1.0000000000  0.1678113776  0.1801890628  1.0000000000
-7.6609597182 -1.6951366629 15.6590140208 -7.0837469747 -2.0110621850 13.8887052797 0.1075811843 0.0747364957 1.0000000000 0.1844053505 0.0301366031 1.0000000000
-7.9988083790 -0.9189124978 16.8486108568 -9.2484347607 -0.5542009281 16.2782783863  0.0511948635  0.1138803018  1.0000000000 -0.0856464756  0.0631111379  1.0000000000
-7.3989925198 -2.8561285774 13.9998207843 -7.6068996175 -0.4013394260 16.1415714834  0.1630599230 -0.1073748247  1.0000000000  0.0401905500  0.1322606097  1.0000000000
-9.5321939348 -2.0259223402 14.8999084850 -8.1038098520 -2.5745278056 16.3445288504 -0.1189444016 -0.1214053370  1.0000000000  0.0889046579 -0.0797624018  1.0000000000
-6.9439289688 -1.0225378673 15.2073665878 -7.3399018244 -1.2244010237 13.4204426283 0.1106860011 0.1608371753 1.0000000000 0.0813232604 0.1409971257 1.0000000000
-9.3275076862 -2.0313596619 12.7329923277 -7.7602828674 -2.0525437314 15.9012475921 -0.2205591530 -0.1228782138  1.0000000000  0.1265581962  0.0154392116  1.0000000000
-8.5026518037 -1.9486097819 14.5549434705 -9.3307624118 -2.0414438968 12.7059829016 -0.0439321949  0.0065562966  1.0000000000 -0.2479278782 -0.1676259474  1.0000000000
-8.1212745191 -1.7382430446 14.0232222437 -9.5619994742 -2.2665492558 16.7292445940  0.0067508496 -0.0129124848  1.0000000000 -0.0567751134 -0.0773196204  1.0000000000
 -7.1841650810  -0.8071337657  15.5560966753 -10.0622294262  -0.5260762780  15.7894745437  0.1114440082  0.1394404720  1.0000000000 -0.1997694379  0.0250812507  1.0000000000
